0 0
0 1009
0 1022
0 1084
0 1155
0 1172
0 1188
0 1332
0 1403
0 1414
0 1455
0 1456
0 1488
0 1666
0 182
0 1
0 2052
0 2066
0 2079
0 2080
0 2299
0 2325
0 2498
0 2662
0 2737
0 2914
0 305
0 320
0 32
0 330
0 36
0 39
0 427
0 592
0 686
0 6
0 723
0 748
0 840
0 851
0 871
0 917
0 926
0 929
0 946
0 961
1009 132
1009 526
1009 536
1009 1010
1009 1445
1022 132
1084 686
1084 867
1155 168
1155 252
1155 253
1155 347
1155 374
1155 427
1155 445
1155 526
1155 577
1155 909
1155 1156
1155 1191
1155 1411
1155 1577
1155 1974
1172 748
1172 916
1172 1172
1172 1173
1172 1493
1188 39
1188 109
1188 222
1188 223
1188 550
1188 603
1188 604
1188 872
1188 887
1188 2055
1332 132
1332 243
1332 733
1403 98
1403 176
1403 369
1403 443
1403 746
1403 1403
1403 1529
1403 2138
1403 3009
1414 132
1414 174
1414 269
1414 1533
1414 1861
1414 1905
1414 2765
1414 2797
1455 1456
1488 604
1488 643
1666 99
1666 264
1666 291
1666 337
1666 430
1666 592
1666 693
1666 704
1666 756
1666 934
1666 936
1666 947
1666 992
1666 1157
1666 1256
1666 1666
1666 2118
1 102
1 1416
1 1776
1 1
1 2071
1 2170
1 2240
1 267
1 2680
1 305
1 306
1 362
1 427
1 526
1 603
1 686
1 83
1 884
2066 2067
2080 195
2080 318
2080 929
2080 1318
2299 948
2299 1201
2299 1654
2299 2299
2325 754
2498 345
2498 1806
2498 2498
2498 2681
2737 2557
2914 2915
305 6
305 99
305 211
305 294
305 1243
305 1370
305 1458
305 1572
305 1612
305 1655
305 1698
305 2202
305 2251
305 2500
305 306
305 362
305 427
305 491
305 526
305 583
305 686
305 717
305 718
305 775
305 792
305 816
305 821
305 888
305 917
305 954
305 972
32 31
32 1223
330 38
330 98
330 99
330 150
330 294
330 329
330 1081
330 1251
330 1518
330 1765
330 1979
330 2097
330 3032
330 330
330 337
330 696
330 851
330 936
36 103
36 116
36 1183
36 1249
36 178
36 333
36 369
36 37
36 41
36 420
36 523
36 542
36 579
36 630
36 64
36 732
36 851
36 88
36 894
36 906
36 964
39 38
39 1226
39 1259
39 162
39 1636
39 177
39 2054
39 2182
39 222
39 334
39 41
39 445
39 456
39 511
39 524
39 574
39 588
39 604
39 725
39 72
39 781
39 795
39 88
39 917
427 98
427 132
427 200
427 296
427 377
427 426
427 1033
427 1079
427 1558
427 1648
427 1848
427 1977
427 2170
427 526
427 616
427 887
427 888
427 967
592 132
592 465
592 1497
592 821
592 937
686 821
6 1943
6 211
6 776
6 7
6 816
6 929
723 255
723 341
723 435
723 439
723 455
723 521
723 1553
723 1637
748 56
748 776
840 102
840 1493
840 841
840 842
851 38
851 150
851 169
851 633
851 1012
851 1251
851 2121
851 3059
851 3080
851 921
851 990
871 132
871 244
871 484
871 1033
871 1547
871 2095
871 2128
871 2611
871 2902
871 2911
871 2925
871 3015
871 3110
871 872
917 99
917 132
917 1418
926 99
929 99
929 155
929 206
929 211
929 620
929 676
929 892
929 1062
929 1566
946 98
946 119
946 150
946 240
946 294
946 1081
946 1251
946 1270
946 1444
946 1491
946 1764
946 2089
946 2926
946 947
946 954
961 1781
961 961
132 1358
132 795
132 591
132 109
132 705
132 75
132 34
132 56
132 89
132 93
132 131
132 1139
132 1250
132 1262
132 132
132 1350
132 1391
132 1408
132 1448
132 1454
132 1497
132 160
132 1672
132 1678
132 1679
132 1752
132 1762
132 1949
132 2044
132 2060
132 2106
132 2146
132 2225
132 222
132 2326
132 2378
132 2427
132 2510
132 2664
132 2896
132 291
132 293
132 313
132 372
132 532
132 541
132 544
132 616
132 701
132 821
132 842
132 859
132 892
132 921
132 987
132 990
526 196
526 222
526 309
526 372
526 456
526 491
526 1445
526 1489
526 2088
526 2378
526 2477
526 2484
526 2591
526 2596
526 2734
526 2887
526 557
526 889
526 937
526 967
536 630
536 1424
536 151
536 433
536 41
536 579
536 88
536 334
536 56
536 112
536 152
536 210
536 1397
536 1426
536 1774
536 2167
536 2387
536 2621
536 536
536 645
536 812
536 829
1010 1223
1010 1418
1010 1503
1010 2368
1010 1529
1010 486
1010 1010
1010 2434
1010 2665
1010 2984
1445 714
1445 990
1445 1445
1445 1907
867 633
867 175
867 389
867 848
867 2308
867 3057
168 143
168 1432
168 168
168 2311
168 266
168 374
252 126
252 167
252 98
252 1177
252 1179
252 1411
252 1702
252 252
252 253
252 987
253 108
253 1089
253 1190
253 347
253 374
253 577
253 890
347 987
347 108
347 1089
347 1190
347 1411
347 1702
347 1940
347 2637
347 347
347 374
347 441
347 458
347 577
374 195
374 1178
374 987
374 577
374 921
374 1089
374 1179
374 1300
374 1452
374 2375
374 2587
374 375
445 277
445 1331
445 445
577 1119
577 613
577 987
577 108
577 441
577 377
577 1089
577 1177
577 1190
577 1411
577 1702
577 1953
577 577
577 913
909 14
909 195
909 222
909 303
909 435
909 472
1156 1156
1156 2534
1191 222
1191 56
1191 594
1191 617
1191 848
1191 1623
1411 1190
1577 56
1577 491
1577 616
1577 1601
1577 1602
1577 2779
1974 795
1974 892
1974 377
1974 1995
1974 844
1974 2351
916 888
916 228
916 1575
1173 776
1493 102
1493 500
1493 1575
109 1025
109 13
109 68
109 69
109 1043
109 1061
109 1192
109 1438
109 1498
109 1595
109 177
109 206
109 251
109 2527
109 2890
109 2891
109 293
109 402
109 428
109 450
109 805
109 972
109 975
222 816
222 888
222 795
222 75
222 56
222 98
222 143
222 213
222 1124
222 1503
222 2068
222 222
222 2275
222 248
222 2735
222 3078
222 313
222 339
222 465
222 594
222 616
222 626
222 849
222 967
223 603
223 795
223 89
223 1384
223 1759
550 56
550 671
550 152
550 1254
550 1365
550 1759
550 1969
550 2371
550 550
550 695
550 706
550 786
603 69
603 90
603 269
603 588
603 1171
603 1185
603 1384
603 1600
603 1737
603 1994
603 2148
603 2842
603 3014
603 630
603 795
603 906
604 123
604 368
604 103
604 41
604 88
604 51
604 129
604 259
604 349
604 350
604 1006
604 1034
604 1138
604 1195
604 641
604 645
604 788
604 959
872 89
887 2170
887 5
887 8
887 1492
887 816
887 197
887 240
887 1244
887 1348
887 1358
887 1423
887 2088
887 2190
887 2494
887 888
2055 795
2055 89
243 126
243 928
243 198
243 609
243 555
243 1171
243 1145
243 244
243 278
243 875
243 1376
243 1393
243 135
243 1020
243 1068
243 1315
243 1362
243 1370
243 1467
243 1718
243 1753
243 1810
243 1857
243 1921
243 2188
243 2546
243 2641
243 2774
243 2812
243 2850
243 291
243 2933
243 3029
243 348
243 367
243 383
243 470
243 659
243 677
243 681
243 767
243 796
243 835
243 904
243 918
733 121
733 246
733 545
733 882
733 1174
733 790
733 1062
733 1566
733 1773
733 2139
733 2882
733 3021
733 3090
733 734
98 888
98 126
98 353
98 476
98 414
98 809
98 99
98 1033
98 1145
98 1402
98 1607
98 1686
98 1714
98 1837
98 2070
98 2286
98 2338
98 2343
98 2373
98 244
98 2457
98 2622
98 2693
98 278
98 2945
98 3047
98 3072
98 3112
98 342
98 491
98 633
98 779
98 875
98 889
98 987
98 98
176 1383
176 823
176 300
176 524
176 177
176 1561
176 251
176 124
176 1444
176 773
176 1806
176 71
176 1095
176 1178
176 1201
176 1229
176 1628
176 176
176 2368
176 2419
176 2835
176 487
176 814
369 630
369 1016
369 1018
369 1688
369 1753
369 1841
369 1962
369 2830
369 412
369 685
443 727
443 275
443 42
443 703
443 232
443 1335
443 1662
443 2551
443 2574
443 443
443 444
443 483
443 891
443 978
746 1151
746 747
746 880
1529 424
1529 451
1529 564
1529 1529
1529 2078
2138 21
2138 2368
2138 2789
174 2071
174 816
174 888
174 1099
174 1135
174 1168
174 121
174 140
174 154
174 155
174 1739
174 1936
174 2023
174 23
174 246
174 311
174 353
174 409
174 47
174 545
174 771
174 879
174 971
174 139
174 608
174 86
174 48
174 125
174 157
174 160
174 164
174 1036
174 1067
174 1068
174 1076
174 1125
174 1143
174 1148
174 1152
174 1163
174 1167
174 1251
174 1285
174 1365
174 1485
174 1517
174 1525
174 1546
174 1550
174 1626
174 174
174 175
174 177
174 1781
174 180
174 1861
174 1909
174 191
174 2049
174 2069
174 2161
174 2187
174 2260
174 2263
174 2279
174 2307
174 234
174 2369
174 2481
174 2544
174 2727
174 2989
174 3084
174 316
174 344
174 387
174 394
174 472
174 481
174 484
174 510
174 543
174 617
174 665
174 742
174 773
174 782
174 863
174 892
174 906
269 523
269 89
269 1384
269 188
269 268
269 1925
269 2609
269 615
269 633
1533 2242
1533 645
1533 1534
1533 2597
1861 181
1861 328
1861 210
1905 1290
1905 1276
1905 963
1905 576
1905 1005
643 107
643 1127
643 2557
643 644
643 960
99 126
99 307
99 1012
99 2326
264 14
264 150
264 118
264 139
264 165
264 167
264 169
264 240
264 247
264 1256
264 265
264 303
264 337
264 398
264 472
264 608
264 756
264 804
264 807
264 933
264 936
264 947
291 1759
291 2136
291 2433
291 2792
291 291
291 533
337 992
337 947
337 265
337 933
337 1256
337 1157
337 672
430 170
430 821
430 1497
430 589
693 1986
693 692
704 14
704 1039
704 155
704 277
704 434
704 167
704 1239
704 1270
704 1353
704 1401
704 1583
704 2002
704 2007
704 3105
704 704
704 891
756 150
756 936
934 181
934 523
934 947
934 933
934 936
934 1157
936 523
936 992
936 947
936 265
936 933
936 169
936 1256
947 992
947 118
947 169
947 672
947 744
947 1157
947 1256
947 1457
947 947
992 78
1157 265
1157 933
1157 744
1157 1256
1157 696
2118 47
2118 77
2118 520
102 101
102 143
102 1655
1416 888
1416 1370
2071 816
2071 2334
2071 2728
2170 888
2240 267
2240 797
267 56
267 266
267 1091
267 2575
267 2726
267 343
267 616
306 93
306 1099
306 1441
306 1825
306 1963
362 35
362 1005
362 1277
362 1439
362 2315
362 362
362 363
362 461
362 675
362 795
362 888
362 960
83 8
83 1075
83 1088
83 1178
83 1348
83 1368
83 1492
83 1608
83 2213
83 2632
83 2679
83 816
83 83
884 530
884 589
884 1526
2067 1209
195 816
195 888
195 14
195 121
195 1342
195 155
195 164
195 1702
195 1978
195 2399
195 2604
195 303
195 3089
195 431
195 621
195 694
195 771
195 790
195 823
195 864
195 951
195 963
318 1371
318 953
318 33
318 1504
318 1834
318 208
318 230
318 1033
318 1062
318 1450
318 1548
318 1588
318 1616
318 1737
318 1760
318 1850
318 1948
318 2217
318 2293
318 2823
318 2917
318 3043
318 318
318 319
318 411
318 436
318 472
318 488
318 724
318 736
318 790
318 858
1318 1810
1318 2178
1318 1041
1318 1614
1318 2335
948 123
948 255
948 397
1201 456
1201 101
1201 988
1201 1611
1201 1654
1201 2207
1201 2527
1654 101
754 755
754 51
754 788
754 1035
754 1153
754 2836
754 3116
754 754
345 198
345 874
345 441
345 2263
345 2133
345 710
1806 178
1806 70
1806 389
1806 990
1806 2840
2557 2997
211 56
211 2961
211 682
211 792
294 583
294 295
294 990
294 89
294 158
294 1339
294 372
294 738
294 880
1243 583
1243 972
1243 681
1243 973
1370 1088
1370 1368
1370 1370
1458 1459
1458 3123
1698 1247
1698 819
1698 1698
1698 2110
2202 14
2202 334
2202 1528
2251 121
2251 58
2251 210
2251 1277
2500 56
2500 2305
2500 2500
491 126
491 967
491 113
583 1088
583 1103
583 140
583 150
583 240
583 1418
583 1762
583 77
583 357
583 91
583 97
583 118
583 404
583 532
583 1000
583 1470
583 1518
583 1925
583 2296
583 2399
583 2444
583 2525
583 2540
583 2747
583 2826
583 3028
583 583
583 633
583 745
583 954
583 972
717 716
718 343
775 33
775 2044
792 55
816 5
816 8
816 14
816 196
816 197
816 459
816 776
816 804
816 2012
821 129
888 8
888 1119
888 14
888 33
888 123
888 141
888 804
888 807
888 1270
888 1378
888 2294
888 2630
888 888
888 942
888 990
954 2525
954 973
972 78
972 680
972 681
972 973
31 171
31 3048
1223 486
1223 1223
1223 1535
1223 2297
38 1174
38 524
38 574
150 1088
150 1103
150 14
150 91
150 118
150 1251
150 158
150 1991
150 2001
150 2089
150 240
150 265
150 2746
150 313
150 459
150 933
150 967
1081 990
1081 118
1251 240
1251 524
1251 129
1251 2089
1251 1481
1251 696
1518 630
1518 1762
1518 2480
1765 1764
1765 2255
2097 990
2097 696
2097 2097
3032 990
696 1012
696 1545
696 695
696 1947
696 1965
696 696
696 885
103 41
103 104
103 1171
103 129
103 1466
103 163
103 1681
103 1770
103 2107
103 641
103 703
103 978
116 755
116 117
116 1462
116 1603
116 2885
116 492
116 652
116 729
116 788
1183 380
1183 877
1183 898
1183 2920
1249 43
1249 333
1249 967
1249 1195
178 144
178 173
178 1338
178 1752
178 179
178 1835
178 186
178 2475
178 506
178 725
178 894
333 43
333 88
333 208
333 1511
333 333
333 334
333 642
37 106
37 121
37 155
37 170
37 23
37 246
37 2572
37 409
37 1143
37 1504
37 1537
37 159
37 164
37 1661
37 1744
37 1830
37 214
37 2252
37 2593
37 2706
37 3051
37 439
37 459
37 764
37 862
37 892
41 795
41 1677
41 2077
41 125
41 129
41 138
41 1396
41 1418
41 144
41 1561
41 173
41 1929
41 213
41 326
41 360
41 376
41 414
41 41
41 42
41 456
41 51
41 523
41 524
41 52
41 539
41 549
41 552
41 565
41 571
41 574
41 618
41 627
41 703
41 725
41 788
41 833
41 967
420 419
420 2847
420 420
420 640
523 56
523 64
523 332
523 457
523 522
523 1062
523 1446
523 1561
523 1780
523 2315
523 523
523 788
523 906
523 967
579 123
579 51
579 436
579 517
579 524
579 1100
579 1867
579 2083
579 580
579 600
579 833
630 9
630 52
630 69
630 113
630 114
630 172
630 242
630 250
630 353
630 364
630 370
630 373
630 404
630 417
630 437
630 499
630 1011
630 1055
630 1104
630 1158
630 1326
630 1418
630 1461
630 1487
630 1523
630 1622
630 1640
630 1648
630 1709
630 1712
630 1770
630 1811
630 1952
630 1976
630 2134
630 2208
630 2228
630 2280
630 2308
630 2364
630 2379
630 2387
630 2391
630 2396
630 2438
630 2439
630 2465
630 2492
630 2516
630 2545
630 2646
630 2691
630 3026
630 3053
630 3068
630 3109
630 630
630 631
630 659
630 663
630 675
630 719
630 724
630 831
630 837
630 856
630 868
630 869
630 896
630 897
630 966
630 996
64 51
64 129
64 162
64 213
64 2302
64 3093
64 457
64 65
64 967
732 557
732 570
732 1941
732 2031
732 2310
732 2408
88 2077
88 60
88 87
88 1016
88 1027
88 1060
88 1195
88 1232
88 1254
88 1306
88 138
88 1535
88 1594
88 163
88 1731
88 1754
88 1803
88 1927
88 1969
88 2040
88 212
88 2371
88 2476
88 321
88 334
88 360
88 376
88 390
88 448
88 518
88 88
88 990
894 81
906 795
906 43
906 56
906 129
906 191
906 393
906 616
906 813
906 1195
906 1950
906 2030
906 2120
906 2161
906 2334
906 906
964 2
964 755
964 242
964 574
964 618
964 652
964 788
964 855
964 1327
964 1462
964 1514
964 1642
964 2529
964 2983
964 965
1259 795
1259 426
1259 456
1259 624
1259 634
1259 642
1259 652
1259 698
1259 1835
1259 1836
1259 1964
1259 2815
162 43
162 60
162 65
162 87
162 104
162 130
162 1195
162 1594
162 162
162 163
162 2040
162 2218
162 256
162 321
162 360
162 376
162 448
162 518
162 532
162 565
162 690
162 861
162 967
1636 66
177 1095
177 191
177 500
177 501
2054 144
2054 2054
2182 275
2182 525
2182 642
2182 2181
334 43
334 129
334 163
334 1422
334 1870
334 360
334 361
334 600
334 633
334 702
334 962
334 994
456 75
456 574
456 125
456 173
456 1835
456 2352
456 500
456 506
456 690
456 901
456 908
511 574
511 2179
511 2352
511 512
511 599
511 627
524 1135
524 823
524 1216
524 424
524 428
524 446
524 460
524 1323
524 2002
524 2551
524 525
524 540
524 726
524 912
524 940
574 2274
574 823
574 283
574 428
574 525
574 1321
574 1401
574 1567
574 2518
574 2843
574 2894
574 574
574 726
588 589
725 154
725 2274
725 823
725 1401
725 726
725 940
72 978
781 275
781 782
781 891
781 978
795 196
795 11
795 93
795 392
795 393
795 460
795 1068
795 1835
795 1860
795 825
795 877
795 911
795 967
200 5
200 8
200 1079
200 2190
200 2494
200 2864
200 599
296 56
296 1829
296 296
377 823
377 129
377 143
377 1573
377 599
377 1096
377 1132
377 1645
377 2179
377 2195
377 2486
377 2863
377 2924
377 2928
377 3094
377 378
377 532
426 1348
1033 254
1033 575
1033 423
1033 481
1033 594
1033 903
1033 1297
1033 2039
1033 2385
1033 2446
1033 2541
1033 2877
1033 2945
1079 616
1079 1618
1558 1490
1648 2286
1648 2152
1648 2184
1648 2185
1648 3074
1848 123
1848 34
1977 1280
616 56
616 1594
616 1829
616 2284
616 2675
616 616
616 617
616 848
967 878
967 1104
967 1561
967 360
967 552
967 65
967 236
967 332
967 672
967 1195
967 1761
967 1855
967 2107
967 2610
465 633
465 2427
465 465
1497 955
1497 1896
937 8
937 633
937 2155
937 2427
937 937
776 7
776 229
776 1590
776 1809
776 1836
776 2159
776 776
776 777
776 879
255 121
255 1137
255 1487
255 254
255 1270
255 66
255 1443
255 1450
255 1564
255 2455
255 255
255 783
341 303
341 1702
341 340
341 3033
435 106
435 1099
435 1653
435 246
435 302
435 353
435 434
435 47
435 519
435 587
435 679
435 771
435 953
435 95
435 303
435 1504
435 257
435 164
435 1239
435 1429
435 1760
435 2127
435 2131
435 2263
435 2455
435 2666
435 2908
435 435
435 464
435 790
435 915
439 1471
439 1553
439 2201
439 2931
439 439
439 546
439 779
455 155
455 371
455 587
455 303
455 1553
455 1478
455 1986
455 3005
455 455
521 1677
521 2567
521 277
521 302
521 620
521 1316
521 1637
521 521
521 950
1553 95
1553 459
1553 167
1553 555
1553 404
1553 774
1553 1553
1637 1210
1637 1276
1637 673
1637 295
1637 615
1637 301
1637 370
1637 422
56 126
56 1151
56 612
56 447
56 46
56 1026
56 1036
56 1057
56 113
56 1184
56 1196
56 1280
56 1434
56 1594
56 1672
56 1762
56 1829
56 191
56 206
56 2177
56 2440
56 2949
56 343
56 506
56 555
56 57
56 617
56 790
841 1575
842 1575
169 1055
169 170
169 2420
169 544
169 1991
169 169
169 2872
169 712
633 1762
633 632
633 1460
633 1626
633 2044
633 2820
1012 1012
1012 1947
1012 2037
1012 2293
1012 2985
2121 290
921 664
921 675
921 921
990 1088
990 1103
990 1744
990 892
990 414
990 1444
990 444
990 532
990 559
990 626
990 814
990 989
990 1391
990 2366
244 436
484 50
484 144
484 1561
484 627
484 43
484 1006
484 1195
484 1282
484 2211
484 2225
484 2244
484 2594
484 493
484 642
484 731
484 959
2095 790
2095 65
2095 1100
2095 3063
2128 933
2611 423
1418 40
1418 45
1418 128
1418 129
1418 1123
1418 1755
155 14
155 1066
155 1151
155 1276
155 35
155 85
155 120
155 139
155 149
155 1043
155 1149
155 1231
155 1434
155 155
155 156
155 1609
155 1660
155 1786
155 2292
155 246
155 247
155 275
155 304
155 3097
155 328
155 371
155 398
155 399
155 404
155 405
155 432
155 436
155 472
155 529
155 555
155 589
155 638
155 645
155 682
155 694
155 812
155 820
155 905
155 932
155 980
206 1978
206 206
620 181
620 1231
620 1554
620 249
620 275
620 405
620 35
620 124
620 575
620 613
620 1139
620 1439
620 1689
620 626
620 855
676 307
676 2565
676 905
892 1151
892 181
892 308
892 404
892 414
892 436
892 532
892 642
892 779
892 1018
892 1198
892 1876
892 1903
1062 2952
1062 1062
1062 1378
1062 1623
1062 1746
1062 2411
1062 2676
1062 2893
1566 645
1566 652
1566 716
119 118
119 1750
240 34
240 118
240 1469
240 1576
240 2057
240 241
240 2627
240 910
1270 1231
1270 141
1270 275
1270 35
1270 398
1270 589
1270 745
1270 905
1270 2805
1444 68
1444 813
1444 1444
1444 1574
1491 1490
1491 129
1491 2837
1764 141
2089 118
2089 1334
1781 849
101 1591
101 101
101 339
101 849
143 1075
143 1383
143 2324
143 759
2334 2334
2728 2729
797 9
797 396
797 534
797 730
797 1240
797 1596
797 1929
797 1997
797 2166
797 3092
797 797
266 2311
266 266
266 2910
1091 1091
2575 332
2575 3125
2726 544
343 126
343 160
343 1434
343 289
343 342
343 383
343 701
343 848
343 919
93 1762
93 1603
93 770
93 94
1099 14
1099 95
1099 230
1099 472
1099 520
1099 555
1099 587
1099 942
1099 1594
1099 2093
1441 249
1825 596
1963 1962
35 106
35 121
35 170
35 246
35 353
35 614
35 1504
35 1583
35 1593
35 1958
35 280
35 300
35 35
35 459
35 650
1005 154
1005 2087
1005 303
1005 241
1005 363
1005 980
1005 1552
1005 1808
1005 2151
1277 1333
1277 1276
1277 645
1277 1465
1277 2854
1439 181
1439 2230
2315 2081
363 187
363 1004
363 1039
363 432
363 953
363 328
363 1593
363 2131
363 363
461 667
461 1586
461 460
461 1007
461 1329
461 1643
461 461
675 187
675 1004
675 434
675 270
675 722
675 2206
675 1450
675 675
196 8
196 1088
196 1103
196 1244
196 1368
196 196
196 197
196 2679
196 622
309 2596
309 126
309 591
309 575
309 55
309 115
309 256
309 310
309 344
309 695
372 1040
372 2168
372 512
2088 8
2596 8
557 8
557 554
557 1261
557 557
889 719
889 833
889 672
69 68
69 1498
69 1901
69 2502
69 2535
69 379
90 89
90 2941
1171 89
1171 774
1171 1719
1171 2395
1384 89
1384 1879
1384 2836
1600 541
1600 1291
1600 682
1600 694
1600 1334
1600 487
1737 160
1737 89
1737 1288
1737 2101
1994 1366
1994 1254
1994 1993
2148 1097
2842 708
8 4
8 1075
8 1088
8 1103
8 1244
8 1290
8 1333
8 1358
8 1423
8 1433
8 1492
8 1608
8 2190
8 2213
8 2632
8 822
8 845
8 8
1075 197
1075 460
1075 667
1075 1329
1075 2012
1088 1103
1088 1209
1088 2100
1178 336
1178 1177
1368 86
1368 1368
1368 1485
1492 5
1492 197
1492 546
1492 845
530 1366
530 236
530 897
530 654
530 772
530 1527
530 2428
530 531
589 1055
589 246
589 281
589 1504
589 257
589 1053
589 763
589 589
1526 1366
1526 1527
2 1159
2 1328
2 1871
2 2258
2 3
2 416
2 573
2 755
2 878
1159 1158
1159 1503
1328 819
1328 2772
2258 1122
2258 1503
2258 2271
2258 2653
416 28
416 212
416 1166
416 1382
416 2422
755 256
755 1160
755 2793
878 186
878 877
878 1503
1158 28
1158 29
1158 1165
1158 1382
1158 1615
1158 1874
1158 1910
1503 50
1503 1104
1503 1910
819 818
819 1045
819 1129
819 1557
819 1838
819 920
819 922
1122 141
1122 849
1122 1122
1122 2110
2271 2653
2653 486
2653 2297
2653 2653
2653 2801
28 1104
28 1490
28 29
212 213
212 51
212 163
212 60
212 65
212 130
212 212
212 2422
212 354
212 364
212 448
212 962
1166 1160
1166 1166
1382 29
1382 1394
1382 1954
1382 2119
256 257
256 788
256 861
256 157
256 60
256 2228
256 87
256 1014
256 1105
256 1539
256 1734
256 2218
256 2529
256 256
256 364
256 448
256 503
256 517
1160 1161
1160 1164
1160 2793
2793 2809
186 1711
186 185
186 1853
186 2246
186 258
186 355
877 2246
877 258
877 355
242 931
242 2228
242 729
242 242
618 1327
618 618
652 645
652 1565
652 1619
652 1752
652 653
788 1340
788 129
788 1561
788 360
788 51
788 52
788 339
788 569
788 645
788 1049
788 1153
788 1195
788 1309
788 1752
788 2039
788 3023
788 788
855 1143
855 1762
855 158
855 207
855 1298
855 1314
855 1864
855 855
1327 418
1462 1463
1642 172
1642 2539
1642 1611
1642 1942
1642 2256
2529 2497
2983 472
965 1291
965 694
4 5
5 1119
5 5
5 822
5 845
1119 398
1119 529
1119 740
822 822
845 181
845 845
1103 62
1290 14
1290 1812
1333 138
1333 994
1358 1357
1358 2020
1358 2162
1423 2012
1433 1433
1433 1846
1433 1890
1433 2521
2190 23
2190 3027
398 1210
398 1739
398 450
398 882
398 963
398 160
398 437
398 783
398 682
398 397
398 398
398 400
398 621
529 277
529 1043
529 528
529 1042
529 529
529 554
529 976
740 741
740 500
740 354
546 213
546 667
546 460
546 1329
546 1815
546 2254
599 126
599 599
14 1004
14 1017
14 1039
14 1055
14 1056
14 105
14 1066
14 106
14 1128
14 1135
14 1140
14 1144
14 1151
14 1168
14 1210
14 1218
14 121
14 1242
14 1271
14 1276
14 1342
14 1349
14 1371
14 1392
14 140
14 1424
14 1431
14 1464
14 151
14 154
14 1582
14 15
14 161
14 1631
14 1653
14 1677
14 170
14 1725
14 1739
14 1775
14 1908
14 1911
14 1936
14 1978
14 1987
14 2023
14 2027
14 2087
14 2114
14 2132
14 217
14 2221
14 2253
14 2274
14 2276
14 2332
14 2349
14 2359
14 2398
14 23
14 2403
14 2420
14 246
14 2554
14 2567
14 2572
14 2586
14 2703
14 2750
14 2770
14 277
14 279
14 281
14 2870
14 3017
14 302
14 3085
14 311
14 335
14 353
14 371
14 401
14 409
14 410
14 432
14 434
14 450
14 47
14 519
14 545
14 563
14 587
14 593
14 614
14 638
14 648
14 655
14 669
14 673
14 679
14 691
14 714
14 727
14 747
14 771
14 804
14 823
14 850
14 879
14 882
14 900
14 949
14 951
14 953
14 95
14 963
14 971
14 998
459 1055
459 154
459 1908
459 2132
459 47
459 304
459 1019
459 1120
459 1308
459 1687
459 1699
459 2237
459 2331
459 2566
459 2927
459 513
459 553
459 941
804 353
804 409
804 410
804 175
804 247
804 280
804 431
804 555
804 744
804 803
804 951
2012 798
181 1017
181 1039
181 1056
181 1168
181 1349
181 154
181 15
181 1911
181 2114
181 279
181 335
181 409
181 410
181 545
181 563
181 593
181 655
181 714
181 953
181 146
181 180
181 1036
181 1046
181 1073
181 1085
181 1101
181 1118
181 1125
181 1154
181 1216
181 1255
181 1293
181 1340
181 1374
181 1377
181 1388
181 1467
181 1512
181 1550
181 1660
181 1682
181 1700
181 1703
181 1717
181 1738
181 1763
181 1767
181 1774
181 1804
181 181
181 1920
181 1923
181 1928
181 1944
181 202
181 2115
181 2206
181 2215
181 2245
181 2322
181 2330
181 2343
181 2512
181 2520
181 2592
181 2631
181 2678
181 2682
181 2698
181 270
181 2742
181 2753
181 276
181 2814
181 3001
181 3086
181 3088
181 324
181 411
181 431
181 433
181 510
181 527
181 639
181 750
181 896
181 904
181 941
181 968
181 970
181 993
2961 1978
2961 2961
682 1233
682 414
682 153
682 160
682 247
682 1325
682 1633
682 1872
682 2372
682 2564
229 187
229 121
229 1336
229 1375
229 1684
229 2330
229 52
229 228
229 999
229 1077
229 1397
229 229
1590 1638
1836 165
1836 1835
2159 912
777 141
777 890
879 141
879 152
879 165
879 230
879 506
879 812
879 837
879 874
879 1301
879 2445
460 3041
460 2104
460 1569
460 1217
460 1279
460 1330
460 1982
460 1993
460 668
667 53
667 2104
667 1217
667 1279
667 1330
667 1569
667 1982
667 668
1329 2104
1329 1569
1329 1279
1329 1330
1329 1982
1329 668
1209 1210
1209 2489
62 63
1812 591
1812 2098
138 114
138 129
138 61
138 1404
138 172
138 236
138 600
138 641
138 703
138 994
994 1375
994 703
994 406
994 2476
994 999
994 232
994 233
994 635
994 886
994 908
994 1335
994 1538
994 1649
994 1663
994 2309
994 2310
994 2574
994 994
994 995
1357 160
1357 423
2020 303
2020 1219
2162 302
2162 771
2162 790
1846 1755
1846 1846
1846 1847
1890 1113
1890 2423
2521 1755
622 400
622 622
23 22
23 1213
23 1231
23 141
23 1554
23 2154
23 2294
23 23
23 249
23 275
23 2952
23 303
23 328
23 405
23 421
23 454
23 462
23 509
23 543
23 572
23 612
23 623
23 719
23 837
23 874
23 923
23 96
554 553
554 1043
554 554
554 778
1261 236
1261 233
1261 224
1261 241
1261 982
1261 1261
1261 1363
1261 1875
33 246
33 409
33 655
33 679
33 998
33 123
33 1003
33 1085
33 1137
33 114
33 1216
33 1289
33 1293
33 1336
33 1337
33 1340
33 1341
33 1375
33 1388
33 146
33 1479
33 1480
33 1504
33 1517
33 1544
33 1647
33 1660
33 1684
33 180
33 1834
33 1887
33 1898
33 1923
33 1999
33 202
33 2115
33 2215
33 2259
33 231
33 2330
33 2342
33 2453
33 2608
33 270
33 2769
33 2790
33 2867
33 34
33 368
33 385
33 411
33 433
33 440
33 447
33 476
33 48
33 53
33 58
33 601
33 750
33 752
33 968
123 1056
123 106
123 121
123 15
123 1631
123 1911
123 2332
123 279
123 335
123 410
123 545
123 648
123 655
123 771
123 963
123 998
123 48
123 86
123 122
123 1085
123 1125
123 1154
123 1216
123 123
123 1313
123 1336
123 1337
123 1340
123 1341
123 1375
123 1468
123 146
123 1479
123 1487
123 1647
123 1660
123 1738
123 175
123 1774
123 180
123 1920
123 1928
123 1999
123 2281
123 2317
123 2410
123 2474
123 2668
123 2767
123 276
123 2775
123 2790
123 2832
123 299
123 324
123 385
123 411
123 431
123 433
123 489
123 494
123 527
123 548
123 750
123 801
123 896
123 968
123 993
141 1056
141 121
141 1276
141 154
141 1631
141 971
141 1085
141 1115
141 1299
141 142
141 1468
141 1495
141 1525
141 1559
141 1564
141 1587
141 1667
141 1668
141 1720
141 1751
141 1826
141 1859
141 1988
141 2002
141 2227
141 2237
141 2455
141 2472
141 2513
141 2539
141 2658
141 270
141 2709
141 286
141 2923
141 2976
141 2991
141 3034
141 3038
141 3127
141 474
141 507
141 538
141 548
141 581
141 657
141 670
141 773
141 893
141 895
141 942
141 958
141 991
807 121
807 154
807 15
807 301
807 806
807 1485
1378 348
2294 121
2294 24
2294 2658
2630 2328
2630 2579
2630 2880
942 307
2155 442
2155 1749
2427 1762
2427 811
2427 158
9 10
9 11
9 126
9 2739
9 504
9 81
11 187
126 67
126 113
126 126
126 127
126 136
126 1607
126 1662
126 1710
126 1794
126 2117
126 2350
126 2636
126 270
126 2822
126 2833
126 289
126 290
126 2940
126 440
126 504
126 549
126 568
126 709
126 791
126 796
126 809
126 817
126 836
2739 559
504 500
504 1085
504 738
81 1082
81 1571
81 2001
81 2816
81 338
81 471
81 499
81 730
81 736
81 82
187 121
187 1039
187 1523
187 1677
187 187
187 2400
67 66
113 928
113 1939
113 58
113 254
113 112
113 1098
113 113
113 1147
113 1376
113 1434
113 1597
113 1881
113 2062
113 2645
113 2775
113 390
113 437
113 701
113 846
113 854
127 1481
127 2764
127 373
136 135
136 2117
136 2164
136 259
1607 289
1607 290
1662 839
1662 3033
1794 106
1794 151
1794 2023
1794 865
1794 1794
1794 1800
1794 1986
2117 2301
2350 270
270 1349
270 432
270 648
270 139
270 328
270 454
270 509
270 1137
270 2115
270 57
270 58
270 59
270 167
270 230
270 237
270 1090
270 1117
270 1212
270 1234
270 1304
270 1372
270 1390
270 1402
270 1437
270 1568
270 1578
270 1586
270 1611
270 1749
270 1854
270 1948
270 1964
270 1968
270 2051
270 2058
270 2196
270 2226
270 2249
270 2267
270 2318
270 2340
270 2356
270 2402
270 2421
270 2553
270 2584
270 2585
270 2642
270 2650
270 2667
270 2674
270 2684
270 2699
270 271
270 2725
270 2760
270 2892
270 289
270 2909
270 2919
270 2939
270 2981
270 300
270 3079
270 3090
270 3096
270 3124
270 316
270 326
270 428
270 436
270 477
270 498
270 558
270 562
270 581
270 590
270 597
270 711
270 765
270 774
270 784
270 800
270 805
270 824
270 829
270 838
270 866
270 986
270 996
289 683
289 2013
289 74
289 135
289 1635
289 1783
289 2096
289 2301
289 2421
289 2451
289 2487
289 289
289 290
289 3081
289 342
289 606
289 919
289 952
290 437
290 1145
290 1468
290 135
290 1640
290 1948
290 2096
290 3101
290 607
2940 2195
440 52
440 79
440 436
549 60
549 418
809 277
809 77
809 378
809 2381
809 2866
809 809
809 810
817 392
817 66
836 131
559 560
559 559
500 593
500 1594
500 1095
500 1410
500 501
500 503
500 698
1085 52
1085 1482
738 1829
738 2069
738 382
738 2165
738 2938
738 3010
738 739
738 880
52 1017
52 279
52 53
52 750
52 1154
52 1453
52 1616
52 2149
52 2307
52 2932
52 553
52 598
52 645
114 421
114 454
114 59
114 114
114 115
114 1870
114 2076
114 352
114 578
114 897
172 198
172 1366
172 2330
172 173
172 1309
172 1404
172 1802
172 654
172 772
250 575
250 251
250 507
353 167
353 303
353 399
353 472
364 364
370 371
370 303
370 645
370 1138
370 980
370 301
370 2616
370 464
370 520
373 1143
373 431
373 373
404 277
404 3098
404 404
417 418
437 874
437 58
437 160
437 1672
437 276
437 1058
437 1059
437 2545
437 438
437 700
437 820
437 950
1055 719
1104 1738
1326 50
1461 1579
1487 34
1523 249
1523 2293
1523 533
1523 2792
1640 2384
1640 1640
1640 1814
1640 2722
1709 1828
1770 2125
1811 198
1811 1366
1811 1811
1811 1921
1811 2031
1811 2043
1952 50
1952 907
1952 1123
1952 1952
1952 2543
1976 1139
1976 1208
2228 60
2379 2379
2387 1483
2391 2391
2438 1018
2465 812
2545 1058
2545 1040
2545 2014
659 2652
719 154
719 170
719 1908
719 371
719 47
719 727
719 771
719 95
719 164
719 555
719 1180
719 1229
719 1345
719 1504
719 1823
719 1942
719 719
719 744
719 833
724 423
831 1995
831 1286
837 1137
837 837
837 838
837 996
868 1571
868 1030
868 1097
868 1407
868 1570
868 1724
868 868
868 869
869 1724
869 2018
897 198
897 854
897 578
897 897
396 730
396 395
396 2166
534 1606
534 535
730 730
730 731
1596 1090
1929 1195
1997 1998
2166 1606
1082 249
1571 825
1571 1030
1571 1097
1571 1139
1571 1570
1571 1673
1571 2569
1571 2906
2001 1018
2001 1891
338 22
338 1621
471 470
471 1576
736 230
736 436
736 720
736 735
736 843
121 46
121 85
121 96
121 120
121 1058
121 1065
121 1213
121 1231
121 1250
121 1393
121 152
121 1823
121 214
121 2221
121 247
121 249
121 275
121 303
121 315
121 328
121 405
121 472
121 543
121 608
121 623
121 722
121 745
121 783
121 812
1039 228
1039 247
1039 287
1039 328
1039 432
1039 608
1039 720
1039 1077
1039 1151
1039 1292
1039 1992
1677 51
1677 165
1677 301
1677 406
1677 1677
1677 2270
392 34
392 254
392 391
392 1186
392 1208
392 1314
392 1627
392 1935
392 2094
392 2766
392 3054
392 392
392 749
393 191
393 423
393 1603
393 89
393 234
393 1543
393 1550
393 2161
393 2293
393 2871
393 393
393 394
393 665
1068 423
1068 2634
1835 727
1835 512
1835 907
1860 79
825 1673
825 1139
825 1030
825 1097
825 885
825 1570
825 2353
825 2807
825 2808
825 826
12 1025
12 13
12 2406
12 449
12 591
12 683
1025 832
1025 910
1025 1025
13 1383
13 1683
13 1807
13 2082
13 928
2406 449
2406 457
591 310
591 553
591 566
591 1356
591 1567
591 1969
591 2371
591 640
832 428
832 129
832 293
832 1595
832 402
910 593
910 421
910 192
910 813
910 1229
910 2532
910 2895
910 910
1383 251
1383 2058
1383 2324
1683 251
1683 1807
1807 251
2082 472
2082 1379
2082 1887
2082 2082
2082 2777
928 34
928 251
928 790
928 927
928 1064
928 1141
928 1425
928 1429
928 1483
928 1627
928 1877
928 2174
928 2313
928 2418
928 2445
928 2448
928 2689
928 2715
928 2855
928 2907
928 2934
928 2962
928 928
457 213
457 51
457 65
457 2302
457 492
310 310
553 833
553 153
553 722
553 436
553 2036
553 2740
553 699
553 716
553 728
566 1353
566 567
1969 332
1969 1265
2371 1265
640 608
640 572
640 144
640 160
640 224
640 225
640 1237
640 1531
640 2059
68 1093
68 124
68 192
68 68
68 773
1043 277
1043 157
1043 1901
1043 453
1043 1042
1043 2682
1043 2806
1438 569
1438 805
1438 1438
1438 1822
1438 2021
1498 402
1498 1262
1498 1889
1498 2197
1498 2214
1498 2798
251 50
251 833
251 183
251 251
251 784
251 813
293 379
293 71
293 402
402 450
402 2275
402 403
428 40
428 429
428 626
450 2511
450 450
805 2349
805 2021
805 805
975 277
975 1639
975 976
2324 108
2324 458
2324 759
2324 1947
2324 2324
472 1056
472 1168
472 1349
472 140
472 170
472 246
472 281
472 401
472 409
472 410
472 771
472 998
472 2790
472 839
472 164
472 51
472 175
472 319
472 423
472 431
472 1030
472 1434
472 1450
472 1506
472 1516
472 1708
472 2206
472 2224
472 2384
472 2517
472 2698
472 2742
472 472
472 473
472 475
472 605
472 624
472 744
472 919
1379 40
1887 1086
1887 1123
2777 2776
2777 2777
34 1017
34 106
34 140
34 279
34 410
34 47
34 593
34 771
34 998
34 1479
34 1154
34 1638
34 2242
34 230
34 254
34 257
34 2668
34 385
34 54
34 750
34 839
790 246
790 302
790 519
790 823
790 307
790 156
790 208
790 259
790 313
790 332
790 464
790 789
790 2390
790 3030
790 950
1064 1063
1425 1425
1429 2565
1429 2603
1483 1925
1483 3002
2174 451
2445 275
2448 254
1017 139
1056 303
1056 328
1056 506
1056 950
105 106
1066 167
1066 955
1066 1066
1066 1199
1066 1353
1066 2786
106 1077
106 149
106 1735
106 230
106 327
106 436
106 783
106 893
1135 1302
1144 950
1144 2583
1151 129
1151 349
1151 411
1151 432
1151 694
1151 1151
1151 1424
1151 2034
1151 2175
1218 1219
1242 1241
1271 912
1276 79
1276 139
1276 160
1276 228
1276 328
1276 432
1276 1625
1276 1673
1276 2564
1342 1342
1371 1372
140 139
140 165
140 167
1424 432
1464 167
151 152
151 812
154 139
154 153
154 165
154 210
154 303
154 307
154 626
154 691
154 833
1582 110
1582 688
1582 1581
1582 1856
15 139
15 307
15 608
161 160
161 205
161 678
161 783
1653 139
1653 371
170 46
170 96
170 1018
170 303
170 332
1725 328
1775 230
1775 328
1908 303
1908 2723
1936 165
1936 303
1936 307
1936 1867
1978 1978
2023 295
2023 307
2023 509
2023 584
2023 2303
2027 2028
2027 2029
2027 2030
2027 2041
2087 1041
2114 167
217 216
2221 157
2253 368
2253 2131
2253 2694
2274 626
2276 153
2276 295
2403 167
246 46
246 152
246 160
246 165
246 167
246 247
246 328
246 812
2567 1162
2572 167
2572 1029
2703 673
2750 2751
277 54
277 275
277 276
277 1102
277 1310
277 2062
277 2273
277 2522
277 2692
277 498
277 572
277 626
279 96
279 279
281 506
302 301
302 303
302 371
302 464
302 823
311 167
311 230
311 999
311 411
311 436
311 555
371 303
371 1313
371 1886
371 3119
371 371
371 401
371 742
371 857
401 303
409 160
409 307
409 436
409 506
410 167
410 716
432 431
432 2176
432 2604
432 432
432 820
434 2282
47 46
47 139
47 1477
47 153
47 165
47 167
47 205
47 2252
47 303
47 307
47 575
47 722
47 833
519 328
519 1465
519 3121
519 520
519 857
545 158
545 950
587 167
587 304
587 555
587 838
593 2532
638 209
648 160
648 175
648 506
648 1106
648 1909
648 2241
648 744
648 945
648 963
655 55
673 303
679 303
679 464
714 713
714 714
727 507
771 139
771 165
771 167
771 303
771 307
771 464
823 95
823 303
823 626
823 1095
823 2291
823 2723
823 3049
882 230
882 882
882 883
900 2639
900 901
949 950
951 165
951 167
953 225
953 303
95 999
95 1092
95 153
95 1729
95 2643
95 303
95 576
95 699
95 833
95 96
963 160
963 165
963 167
963 247
963 307
963 699
963 722
963 2748
971 46
971 167
971 758
971 950
998 165
998 303
998 464
998 1412
998 1948
139 86
139 125
139 1034
139 1250
139 1468
139 1540
139 1592
139 175
139 344
139 447
139 548
139 649
139 839
228 1196
228 1197
228 228
247 763
247 160
247 2000
247 2126
247 247
247 2549
247 431
247 496
247 694
247 744
287 1250
287 487
287 288
287 915
328 19
328 86
328 175
328 327
328 1239
328 1630
328 2105
328 2216
328 2483
328 2623
328 2642
328 346
328 520
328 544
608 175
720 711
720 1252
720 721
1077 231
1077 1076
1077 1763
1077 2597
1992 1568
1992 2651
303 86
303 164
303 280
303 301
303 1471
303 1504
303 1519
303 1583
303 1630
303 2131
303 2163
303 2840
303 2929
303 3016
303 304
303 313
303 464
303 601
303 684
303 742
303 839
303 955
506 833
506 59
506 999
506 1186
506 1305
506 1634
506 2224
950 2103
950 2897
167 280
167 166
167 1036
167 1294
167 1715
167 179
167 1881
167 1909
167 2533
167 3040
167 576
167 744
955 207
955 2837
1199 745
1199 1200
1199 2485
1353 584
1353 1352
1353 1984
2786 1412
149 1583
149 149
149 2224
1735 2723
230 1289
230 231
230 2342
230 160
230 1030
230 1824
230 1934
230 2156
230 2160
230 2200
230 230
230 2314
230 2413
230 2513
230 2817
230 2834
230 436
230 639
230 798
230 858
327 1050
327 2383
327 2495
327 327
327 980
436 249
436 1289
436 1375
436 1388
436 231
436 2342
436 411
436 58
436 764
436 598
436 160
436 488
436 1054
436 1528
436 1559
436 1774
436 1996
436 2091
436 2206
436 2257
436 2570
436 2635
436 2742
436 436
436 527
436 639
436 713
436 767
436 798
436 802
436 858
436 993
783 414
783 1426
783 431
783 496
783 744
783 1125
783 1454
783 1656
783 1766
783 798
893 623
893 833
893 85
893 1412
893 1437
555 763
555 356
555 1405
555 2084
555 555
555 556
555 699
1594 1086
1594 1664
2093 2093
1302 51
1302 642
1302 690
129 48
129 43
129 49
129 1013
129 1015
129 1107
129 1138
129 1153
129 1195
129 1229
129 1282
129 129
129 130
129 1589
129 1754
129 188
129 1938
129 1951
129 2048
129 2062
129 2068
129 2104
129 2476
129 260
129 261
129 360
129 361
129 376
129 414
129 505
129 517
129 552
129 565
129 642
129 646
129 702
349 451
349 349
349 350
349 959
411 722
694 1233
694 543
694 153
694 160
694 1291
694 1325
694 1386
694 2799
2034 71
2034 891
2034 1028
2175 2176
1219 1393
1219 1760
1219 1395
46 1143
46 1661
46 764
46 1053
46 2111
46 2953
46 46
46 763
46 859
85 86
85 85
96 86
96 1230
96 2113
96 2778
96 96
120 120
120 2316
120 2642
120 507
1058 1426
1058 1059
1058 1884
1058 2568
1065 86
1065 385
1213 86
1213 157
1213 429
1213 762
1213 1213
1231 1230
1231 1231
1250 2625
1393 1184
1393 1393
152 86
152 1125
152 152
152 431
152 812
152 829
1823 86
1823 1823
1823 1824
214 601
214 1118
214 214
214 215
214 2363
214 2783
214 2996
214 3065
214 958
214 993
249 231
249 248
249 1170
249 1216
249 1293
249 1389
249 1471
249 1479
249 1480
249 1559
249 1760
249 1864
249 1906
249 1949
249 1957
249 2257
249 2330
249 2348
249 2354
249 249
249 2499
249 2510
249 2617
249 2620
249 2803
249 2963
249 2971
249 298
249 3060
249 3067
249 376
249 489
249 548
249 707
275 86
275 157
275 274
275 1042
275 1044
275 1730
275 2295
275 2347
275 2495
275 275
275 2781
275 285
275 308
275 3114
275 688
275 886
275 976
315 314
315 1610
315 315
315 397
405 86
405 160
405 1143
405 1645
405 405
543 86
543 125
543 160
543 397
543 543
623 86
623 623
722 58
722 225
722 1305
722 1876
722 722
722 830
745 86
745 91
745 744
745 2468
812 2342
812 210
812 829
1241 1060
1241 2538
79 2145
79 245
79 295
79 406
79 80
79 981
160 923
160 54
160 571
160 859
160 1125
160 1189
160 160
160 175
160 1799
160 210
160 2542
160 2556
160 319
160 802
160 820
160 838
1673 91
1673 1030
1673 1097
1673 1139
1673 1406
1673 1570
2564 2955
165 164
165 2372
165 744
91 92
91 97
118 118
118 1543
158 159
158 1762
158 811
158 1679
158 1334
313 1380
313 2036
313 2841
313 313
313 584
313 935
153 1517
153 1291
153 1409
153 1486
153 1616
153 1756
153 1793
153 189
153 1922
153 2013
153 2986
153 356
153 610
153 820
210 454
210 612
210 1336
210 702
210 1049
210 304
210 838
307 164
307 1125
307 1154
307 1335
307 2394
307 307
626 1216
626 1288
626 1381
626 2264
626 2462
626 2937
626 2968
833 705
833 462
833 763
833 1942
833 2397
833 834
1149 1149
1434 537
1434 891
1609 1810
1786 1675
1786 1902
1786 2056
304 645
304 1606
399 86
399 2550
399 2788
399 2995
399 399
399 400
399 639
645 1137
645 539
645 702
645 646
645 838
820 295
820 431
820 400
820 803
820 1054
820 1324
820 1528
820 1940
820 820
905 905
932 86
932 1504
932 2723
932 2248
932 932
980 227
980 453
980 1385
980 1387
980 1644
980 1980
980 2495
980 2811
980 2987
980 2988
110 111
688 689
688 1629
688 688
1581 914
1581 422
1581 1629
1856 1014
1856 1856
1856 1883
1856 2825
205 204
205 205
205 2753
205 2819
678 677
678 2127
678 678
51 50
51 1195
51 1207
51 128
51 163
51 2013
51 2104
51 2365
51 260
51 552
51 565
51 600
51 609
51 702
51 861
301 544
301 1116
301 2578
301 2993
301 464
406 236
406 646
1018 78
1018 444
1018 532
1018 814
1018 1254
1018 1265
1018 2449
1018 2451
1018 2452
1018 2458
1018 2461
1018 2718
332 1517
332 213
332 331
332 1030
332 1967
332 2409
332 2629
332 890
2723 54
1867 1866
164 699
431 598
431 1097
431 431
431 801
621 368
295 1143
295 2600
295 295
295 578
509 213
509 1689
509 2948
509 830
2029 2030
2029 2041
2030 862
2030 2041
2041 2311
2041 2837
1041 383
1041 1040
1041 2355
216 1520
216 216
216 2713
157 54
157 100
157 1532
157 1876
157 237
368 42
368 49
368 163
368 1484
368 2279
368 959
2131 1477
22 1473
22 2672
22 86
1554 1554
2952 2411
2952 2952
421 20
421 1417
421 421
421 925
454 257
454 646
454 713
454 751
454 858
462 705
462 1078
462 1466
462 1842
462 2129
462 2130
462 462
462 463
462 627
462 706
572 86
572 571
572 572
612 86
612 1650
612 1685
612 1760
612 2273
612 2321
612 2704
612 915
874 397
874 1200
923 1824
1162 1163
1029 1023
54 1106
54 2000
54 55
54 945
276 750
276 1154
276 527
276 801
1102 86
1102 1102
1310 1532
1310 1310
2062 2063
2062 2193
2062 3131
2692 86
498 470
464 1583
464 2512
464 915
464 2163
999 236
1313 2286
1313 2184
716 750
716 2889
2282 2282
1477 548
1477 1381
1477 2394
2252 1751
2252 2782
575 1287
575 1866
575 773
838 751
209 208
209 2358
175 2898
1106 758
1106 944
1106 2412
1106 2488
1909 2412
2241 803
2241 1505
945 1583
945 55
945 944
945 1513
945 1878
945 2124
945 2412
945 2736
55 1521
55 1749
55 1772
55 2317
55 2414
55 2435
55 2565
55 931
1583 241
891 1396
891 236
713 202
713 2229
507 159
507 1870
507 352
507 272
507 1430
507 1611
507 1747
507 1942
507 2256
507 2426
507 2539
507 507
507 508
280 2570
1301 254
1301 670
1301 1759
1301 2433
901 75
901 1925
901 907
225 224
225 419
225 982
1092 1092
576 576
699 1143
699 2243
699 2781
699 814
758 757
758 944
1412 104
1412 221
1412 1413
1412 1865
1412 2189
1948 1137
1948 1426
1948 423
48 1216
48 1336
48 49
48 538
86 2192
86 2570
86 2851
86 613
86 689
1154 1336
1216 562
1336 385
1336 1118
1336 1230
1336 1337
1336 2608
1375 3062
1468 2539
146 145
1647 442
1738 1615
1738 2802
180 702
180 768
180 770
180 859
2410 2411
2474 562
385 386
494 1121
494 2249
494 2888
494 495
548 547
750 602
750 1020
750 1053
801 1020
125 124
125 1436
125 1550
125 1626
125 191
125 2293
125 360
125 394
125 617
125 665
125 690
125 741
1034 1615
1034 179
1034 487
1034 982
1034 1035
1034 2050
1034 2859
1540 2003
1540 2026
1540 2368
1592 66
447 339
447 446
447 2450
447 634
447 656
649 191
649 617
649 1626
649 1285
1073 481
1073 1072
1118 1117
1550 1550
1550 1626
1700 1268
1700 865
1700 1701
1763 1076
1763 1882
1944 442
202 1003
202 201
202 1035
202 1083
202 1238
202 1828
202 1981
202 258
202 2789
202 585
202 782
202 943
2245 40
2322 2322
2512 2513
2512 1624
2520 2810
2742 2741
2814 3030
1335 236
1335 233
16 16
16 325
325 1681
325 360
325 517
325 860
325 861
1681 376
1681 1207
1681 1306
1681 1535
1681 448
1681 1404
1681 1681
360 213
360 43
360 1015
360 1309
360 2293
360 360
360 361
360 517
360 600
360 702
360 786
360 962
517 600
517 1207
517 1232
517 962
860 516
860 861
860 2531
860 860
861 163
861 2218
17 1215
17 18
17 2077
17 50
1215 1214
1215 1215
2077 2076
50 1112
50 1248
50 1280
50 133
50 1676
50 1839
50 1900
50 2537
50 282
50 3003
50 3102
50 424
50 442
50 50
50 671
2076 198
2076 2076
1112 1248
1112 2857
1248 1713
1248 1723
1248 2392
1280 1280
1280 1281
133 1224
133 134
133 203
133 2416
133 2827
1676 1899
1839 1840
1839 2416
1900 1899
282 1938
282 2075
282 424
282 451
424 134
424 1536
424 1613
424 1690
424 2047
424 2588
424 3013
424 424
424 425
424 564
442 441
442 1146
442 1646
442 1733
442 2265
442 2288
442 2581
442 2711
442 2745
442 2860
442 2865
442 2868
442 2872
442 2968
442 3126
442 442
19 198
19 19
19 20
19 3041
198 1309
198 1366
198 1921
198 198
198 1990
198 199
198 2043
198 233
198 236
198 2695
198 3132
198 346
198 412
198 578
198 634
198 658
198 662
20 1233
1309 87
1309 492
1309 789
1309 1078
1309 1309
1309 1833
1366 30
1366 1367
1366 1369
1366 1691
199 231
199 774
233 232
233 1545
233 635
233 886
236 42
236 232
236 1254
236 1344
236 1360
236 1649
236 2372
236 2551
236 635
236 641
236 854
236 908
412 231
412 786
634 115
634 1344
634 634
634 635
658 1086
658 2157
658 2994
658 662
662 1086
662 2157
662 2994
662 662
1233 470
1233 979
2105 423
2105 308
2483 2482
2642 273
2642 2263
470 1520
470 2862
979 978
925 43
925 569
925 924
21 21
21 705
21 75
705 1123
705 1124
705 1466
705 1842
705 2759
705 705
705 706
75 1257
75 522
75 76
75 811
1123 1124
1123 706
1123 1123
706 695
706 1078
1257 76
1257 2490
1257 2791
522 1016
522 1108
1621 408
1621 2656
2192 2191
2192 3111
613 613
689 183
689 1629
689 689
762 763
1230 1230
1299 1298
142 743
1988 1672
2539 2818
286 193
286 1556
286 2835
538 537
657 2697
670 231
670 423
670 148
773 191
773 1573
773 813
1076 1076
1076 1882
1143 702
1143 1532
1143 1721
1143 2243
1143 2781
1546 695
1546 721
1546 1545
1626 191
1626 617
1626 1731
191 192
2069 2471
2279 234
234 235
234 2796
2369 2370
2481 1394
316 978
316 690
316 1617
316 1959
316 2419
316 317
316 827
387 388
387 799
394 394
481 480
481 495
665 664
782 1202
782 586
24 25
231 1331
231 1771
231 1800
1864 1864
1949 78
1949 532
2510 2386
2617 2617
376 1549
376 2178
707 564
274 2142
1044 2370
2495 1644
2495 1768
2495 2415
2495 2661
2781 487
285 1385
285 914
285 765
285 2205
285 525
308 1385
308 914
886 1989
976 1211
601 602
684 1490
159 1334
159 159
159 2491
1744 1744
1830 356
1830 828
1645 2278
257 2038
257 2523
257 2524
257 257
257 2707
751 1098
1078 1078
2129 2130
2130 2130
2130 2595
463 463
627 1454
627 628
213 1561
213 65
213 1195
213 1855
213 2247
213 2272
1689 1689
830 830
397 1324
397 1805
397 397
571 1346
571 1878
915 989
915 1364
915 2008
915 2848
915 915
1180 1265
1229 1762
1229 813
1229 2085
1229 2086
1345 227
1345 1345
1137 59
1137 2468
1137 2998
1137 3043
25 2701
26 27
1490 2429
29 1615
29 1910
29 2802
1615 1615
1615 1736
1615 2119
1874 1874
1874 2119
1910 1736
1910 3082
2429 1394
1394 1395
1394 2261
30 1235
30 1939
30 30
1691 1691
171 2376
2376 2376
486 485
486 1225
486 1723
486 2392
1535 1536
2297 2392
1003 1202
1684 2637
1898 1897
2453 2454
53 3045
58 59
752 752
1202 44
1202 569
1202 619
1202 978
1202 1006
1202 1035
1202 1083
1202 1206
1202 1440
1482 560
59 1426
59 423
115 1050
352 351
352 1863
352 352
562 124
562 561
562 2086
562 2150
702 163
702 361
702 423
702 641
702 1138
702 1232
768 859
768 770
768 1454
770 859
770 1454
1086 57
1086 1023
1086 1086
1086 1087
1086 1138
1086 1450
1035 2794
1035 586
1083 586
1083 2404
1238 1435
1238 847
1238 1236
1238 2319
1238 2320
1238 2614
1238 2744
1828 1828
1981 2225
258 259
258 1435
258 2970
585 2068
585 2229
585 2266
585 586
943 1187
943 1813
943 2956
943 3064
1771 144
1771 2246
1771 2721
57 488
57 57
237 1967
237 237
237 2558
1117 1222
1117 2205
1304 1304
1437 1903
1586 1643
1854 1854
2318 2318
2356 2671
2402 2565
2667 1373
2667 2135
2667 1620
2699 1579
2725 1598
2760 2760
477 2922
590 1674
597 596
711 712
774 1020
866 865
208 423
208 65
208 1100
1450 1451
1588 423
1616 1381
1850 2663
1850 2732
2217 423
2217 148
2293 423
319 423
488 487
254 89
254 317
254 903
163 43
163 1254
163 193
163 737
163 962
1484 1346
1484 1449
1484 1937
1484 2590
959 1195
959 3066
656 789
656 2795
656 656
1020 1021
1020 1499
1053 1049
1053 1052
89 1762
89 1247
89 2017
89 2743
89 989
1139 479
1139 1030
1139 1097
1139 1139
1139 1570
1139 2009
1139 2200
1139 2463
1139 2467
1139 2720
1139 3128
1262 844
1262 1995
1391 690
1391 1391
1391 1896
1391 2444
1408 647
1408 1409
1448 1447
1454 2329
1678 1679
1752 642
1752 1752
1752 2137
1752 2849
1752 3058
1762 2540
2106 1930
2106 2106
2664 2139
541 1334
541 1852
701 2582
1030 1097
1030 1570
1030 1745
798 1982
2057 2057
2627 203
317 1278
903 902
903 1777
903 2186
903 2223
903 2555
2038 2039
2707 2039
2707 2858
391 1093
391 87
1186 87
1186 1343
1186 1924
1186 1941
1208 1385
1208 1208
1314 1314
2000 1758
1019 1019
1120 2710
124 124
124 1436
124 1573
124 1574
124 813
104 552
104 641
2107 2108
641 361
641 600
641 2476
641 1080
641 1322
641 1404
641 2211
641 2796
641 778
703 482
703 1663
703 703
978 1669
978 2528
978 2633
1603 66
492 1225
492 492
492 753
729 321
729 1133
729 843
380 179
380 1221
380 381
898 899
43 128
43 1604
43 1652
43 361
43 44
43 505
43 516
43 600
43 715
1195 128
1195 1604
1195 715
1195 261
1195 1927
1195 2283
144 2594
144 2624
144 3018
173 173
1338 148
179 1435
179 2794
2475 2475
1016 786
1016 1015
1688 1688
1841 685
1962 1962
1561 1562
414 415
539 540
552 261
552 551
552 1153
419 224
580 1748
600 1232
600 1307
65 1652
570 569
1941 451
1941 418
2031 564
60 1138
60 1858
60 2599
60 518
60 61
87 1711
87 1973
87 203
87 2800
87 451
87 789
1027 1028
1060 1109
1060 2903
1232 361
1232 1589
1254 1253
1254 1422
1254 2638
1254 2918
1306 1307
1803 3083
1927 1927
2040 2040
321 321
390 389
448 988
813 1696
813 813
813 814
2120 2120
1532 1532
1721 1721
2243 914
2243 3052
1334 977
1334 1334
2491 1536
356 357
356 1295
356 1410
356 2696
356 2950
356 582
828 827
2363 2362
2201 779
2201 2730
779 189
779 2618
779 780
1198 865
1876 610
1876 1875
1876 1876
1323 378
1323 2352
540 1187
283 2437
283 283
283 284
624 625
690 473
690 475
690 907
66 1500
66 478
501 2194
2068 2256
2735 2735
594 1623
594 595
849 849
1422 495
1422 1265
361 1138
361 1589
361 505
962 962
2352 907
908 907
908 908
908 995
2179 2179
2179 2180
512 766
259 259
259 2768
1006 1893
1138 1556
40 1755
40 40
45 45
128 128
1107 956
1107 1107
1107 1108
1282 71
1282 1283
188 1569
260 1663
260 1995
260 260
260 261
260 3122
2594 1813
786 785
1549 1023
1207 931
2365 2839
609 1793
609 2466
609 610
609 647
112 112
112 2384
418 384
418 1510
1346 189
1346 1347
628 2367
482 483
1663 441
1663 1663
569 1463
1049 2628
834 1247
834 2193
834 997
672 1000
672 1457
232 232
1344 635
1344 2312
2372 1569
635 2312
1604 2219
1652 2147
2219 2219
737 1197
2211 731
2244 2336
493 2844
493 3046
619 586
1206 2229
1440 2229
1440 586
1052 2649
1026 1023
1057 1057
1196 1197
1829 1829
2440 2284
1381 1381
1291 1203
1291 1205
1291 1894
189 1449
189 190
189 1937
610 1203
77 357
77 78
2127 1275
2127 2979
1287 1286
537 533
537 1822
1713 1108
1713 847
1713 1840
2392 490
134 2800
134 451
134 312
134 564
203 1973
203 1707
203 203
203 2320
203 2761
203 451
2416 451
1840 1840
1840 2417
183 1385
183 184
183 914
451 1690
451 2010
451 2290
451 2503
451 2647
1536 1225
1536 1536
1536 1894
1536 2434
1536 2824
1613 135
1613 2749
1690 1707
1690 359
1690 1690
1690 1706
1690 2459
2588 135
2588 2164
2588 2787
564 503
564 2290
564 2503
564 2647
564 2700
564 3007
564 564
441 108
441 1296
441 1862
441 441
441 458
1995 876
1995 1995
423 422
423 1023
423 1376
423 2573
423 2625
423 651
423 766
423 870
1506 1505
1516 1515
2384 2384
473 1361
473 1633
473 2708
473 661
2836 2050
728 2019
728 2074
944 2412
944 944
2412 2401
100 100
1189 2015
1758 1757
1758 1868
695 1545
695 2389
695 2730
695 2921
695 2951
695 2959
695 2960
695 2964
695 2975
695 695
1023 1556
1023 1024
1601 1602
1602 1602
2779 1177
2779 2561
192 192
2284 2285
2305 2306
342 342
383 382
1634 358
1759 148
789 789
487 452
487 1831
487 1832
487 487
487 977
1996 1319
1996 1320
2635 2635
438 1728
438 2173
438 438
422 1750
1556 1556
1539 2441
1734 2641
1734 1734
503 2194
1500 1500
478 1716
478 478
1093 1093
1093 1094
1573 1574
1574 1574
2535 2690
1889 1591
1889 3000
2197 2197
2214 865
2214 1894
2214 2085
2214 2214
70 71
71 1268
71 1591
71 1873
389 2133
1268 1269
1591 1591
1873 1873
1628 708
2419 1618
2835 1802
814 814
1028 1555
1669 2607
73 1142
73 1150
73 74
1142 74
1142 1150
1150 74
135 2164
135 2787
2301 2787
2301 2301
2301 2385
2301 2773
2490 2287
2490 2490
1925 1008
1925 1925
78 2250
78 2289
1000 2006
2525 973
2289 2856
2381 2382
1265 1037
680 681
680 973
973 3069
1097 1406
1097 1570
1570 1606
1891 1892
735 2663
735 735
843 844
336 458
336 1177
336 336
1177 1177
1177 1179
84 84
1629 2702
1629 2973
1711 1711
1973 358
1973 359
1924 2434
1924 2824
1833 2193
1833 2158
358 2916
358 358
358 359
2320 1237
2290 2078
2290 2762
1109 1110
989 844
989 1364
1247 818
1247 1247
1247 2110
1247 2374
1247 3036
818 3036
1879 1930
2101 2101
2101 3044
268 1008
268 2508
615 615
880 739
880 880
880 881
1364 1364
1364 2171
1406 1407
1406 1724
1406 2861
2693 2693
2945 2946
1297 3120
2385 2385
2877 2876
1460 1460
2207 2207
759 561
759 759
1575 2884
2108 2719
1080 2355
1080 2478
1322 2116
1322 2478
221 220
1865 1865
865 865
1050 977
1050 1051
1050 1385
1050 2339
496 497
107 108
107 644
108 108
108 458
644 2306
458 458
1127 1126
1089 1089
1089 1190
1190 1190
890 1851
1296 453
1296 2615
1296 2648
453 1385
453 226
453 452
453 1831
453 1832
1822 1818
1822 1819
2063 3031
1385 1386
1385 1387
1385 2339
1225 1225
1225 2183
753 753
1619 1373
1619 1620
1133 1880
1133 2357
1457 1457
273 272
273 1966
272 272
272 2954
1747 1746
2426 2702
2426 3008
1884 1885
1884 2015
1884 2568
1884 2873
2568 3103
2086 1614
2150 2151
2150 2479
1696 1545
1696 1695
1696 1696
1696 2683
1696 2754
2764 2764
2764 2879
2164 2164
2164 2831
1810 1810
2546 2547
2641 2641
2641 3106
956 2333
956 957
956 969
956 974
1132 1132
2486 2486
2486 3019
2928 3019
479 479
479 502
2009 1272
2467 1407
1447 1447
2329 982
2329 2859
1930 1930
2386 1852
2433 148
2433 2098
533 2462
2168 2169
312 312
137 1373
137 137
137 2135
1373 1620
1373 2135
1373 2828
1373 2829
2135 2135
1802 1801
654 654
1538 1538
995 1895
982 1351
982 983
982 1203
982 1816
982 2845
982 2859
982 982
2050 2845
148 147
148 148
148 2471
148 2930
2311 721
2246 2229
224 1351
224 983
1237 1435
1237 847
1237 1236
1237 1237
1237 2319
1237 2614
1237 2744
1531 1530
1531 2059
2098 1551
1203 1203
1203 1204
1203 1205
1894 1895
2950 3087
1386 227
1552 1551
2151 3091
1675 1674
1675 2965
1606 535
1606 1605
227 226
1980 1768
1980 2415
2987 2987
2987 2988
1967 1967
207 207
2015 2061
1435 1221
1452 1452
712 1252
2634 2634
1545 1545
1545 2389
1545 2975
235 3099
1617 1618
827 1618
708 1892
708 2605
708 708
1618 1624
452 1831
452 1832
452 2300
452 3108
2194 2194
1221 1220
2230 2230
1701 2323
184 1227
914 1784
1227 1228
1784 1785
1784 2447
2229 2710
194 1697
194 194
710 710
2157 2158
847 847
1236 1236
2744 2744
2266 2380
1815 1815
218 1111
218 219
220 1193
1351 1363
226 2022
2022 2022
2389 1695
2389 2975
238 1917
238 239
1021 2899
382 2355
382 2942
2652 1286
2223 2673
2223 2875
2555 514
2497 2496
2858 938
876 876
262 263
1008 1007
1007 1007
1643 1993
1643 1643
2671 2869
2671 3035
1579 997
1579 1579
1579 1580
1579 2598
1579 2780
1598 1599
596 815
1768 1768
1768 1769
2415 2415
1316 1317
2437 284
2437 2437
288 2755
292 1912
292 292
1912 1912
2165 2165
881 1680
297 297
1605 1605
2730 1965
2663 2732
322 323
323 2220
323 323
2480 1551
408 407
408 2685
408 560
2656 2655
2656 3117
2459 2530
2854 3061
2081 1985
365 366
2590 2589
1220 1220
384 384
1510 1509
407 560
560 1740
560 1926
560 2958
413 413
2434 2434
2824 2899
2824 2825
2152 2153
1275 1275
2979 3071
1319 1320
1319 1827
1319 2109
1320 1827
1320 2109
2014 1692
2014 2014
2014 2016
466 467
468 1931
468 469
661 660
660 3115
660 660
1893 1893
2336 2337
485 490
2183 2183
514 515
1818 1819
2019 2074
611 611
2367 2886
629 2606
629 629
1724 2262
1724 2861
636 637
2478 2116
2478 2478
666 666
674 2821
674 674
687 687
697 1496
697 697
1496 1524
1496 2464
2485 2485
757 2033
757 2090
757 2657
757 2980
757 3037
760 761
761 873
769 2771
769 769
787 787
793 2268
793 794
808 808
1045 1045
852 1472
852 2576
852 852
852 853
1472 1472
2328 2327
2579 2579
1785 1785
1063 1063
1063 2493
930 930
938 939
2401 2401
2333 2333
984 985
985 3050
1580 2552
1001 1002
1001 2999
1551 1560
1551 2212
1551 2341
1551 2852
1037 1038
1031 1032
1032 3055
1047 1048
1069 1070
1069 1071
1069 1074
1074 1074
1113 1113
2423 2424
1114 1114
1130 1130
1131 1131
1134 1134
1136 1136
1272 1273
1272 1274
2534 2534
1169 1169
1169 1476
1175 1176
2561 2560
1181 1182
1181 3076
1182 1778
1778 1779
1778 2705
1194 1194
1245 1246
2287 2287
1258 1258
1260 1260
1263 1264
1266 1267
1267 3100
1273 1273
1273 1274
1273 2602
1274 1274
2602 2601
1284 1284
1303 1303
1303 1960
1960 1960
1311 1311
1311 1312
1354 1355
1359 1359
1398 1398
1398 1399
1398 1400
1399 2519
1400 2519
2519 2519
1415 1415
1419 1419
1420 1420
1420 1421
1420 2654
1421 1421
2654 2654
1427 1428
1442 1442
1474 1475
1474 2198
1474 2688
2589 2589
1494 1494
1501 1502
1507 1508
1522 1522
1541 1542
1542 2407
1563 1563
1584 1585
1632 1632
1641 1641
1651 1651
1657 1657
1657 1658
1657 1659
1665 1665
1670 1671
1692 1693
1692 1694
1693 2016
2323 2323
1704 1705
1722 1722
1726 1727
1732 1732
1741 1741
1742 1743
1868 1869
1782 1782
1787 1788
1789 1790
1789 1792
1789 2752
1791 1791
1795 1796
1797 1798
1798 1798
1798 1961
1817 1817
1820 1821
1843 1843
1843 3039
3039 3039
1844 1845
1849 1849
1888 1888
1904 1904
1904 2199
1913 1914
1913 2393
1915 1915
1916 1916
1918 1919
1932 1933
1932 3004
1933 2436
1933 2733
1945 1946
1955 1956
1970 1971
1970 2640
2640 2640
1972 1972
1975 1975
1983 1983
1985 1985
2004 2005
2011 2011
2024 2025
2032 2032
2035 2035
2042 2042
2045 2045
2046 2046
2053 2053
2064 2065
2072 2073
2092 2092
2092 2344
2344 3118
2099 2099
2102 2102
2112 2112
2122 2123
2123 2123
2140 2141
2143 2144
2172 2172
2203 2204
2209 2210
2222 2222
2231 2232
2233 2234
2234 2234
2235 2235
2235 2236
2236 2236
2238 2239
2269 2269
2277 2277
2298 2298
2304 2304
2345 2346
2346 2501
2360 2360
2360 2361
2361 2361
2377 2377
2388 2388
2405 2405
2425 2425
2425 2548
2430 2431
2432 2432
2442 2443
2456 2456
2460 2460
2469 2470
2473 2473
2504 2505
2505 2505
2506 2507
2506 2853
2509 2509
2514 2515
2515 3042
2526 2526
2536 2536
2559 2559
2562 2563
2571 2571
2577 2577
2580 2580
2612 2613
2619 2619
2626 2626
2644 2644
2659 2660
2669 2670
2677 2677
2686 2687
2687 2687
2687 3073
2712 2712
2714 2714
2716 2717
2724 2724
2731 2731
2738 2738
2756 2757
2756 2758
2763 2763
2784 2785
2804 2804
2813 2813
2838 2838
2846 2846
2874 2874
2878 2878
2881 2881
2883 2883
2900 2901
2904 2905
2912 2913
2935 2936
2943 2944
2947 2947
2957 2957
2966 2967
2966 2972
2969 2969
2974 2974
2977 2978
2982 2982
2990 2990
2992 2992
3006 3006
3011 3012
3020 3020
3022 3022
3024 3024
3025 3025
3056 3056
3070 3070
3075 3075
3077 3077
3095 3095
3104 3104
3107 3107
3113 3113
3129 3130
