1	1 
2	10 
3	23 
4	26 
5	4 
6	10 
7	5 
8	16 
9	7 
10	2 
11	10 
12	16 
13	4 
14	24 
15	7 
16	4 
17	28 
18	9 
19	10 
20	23 
21	21 
22	21 
23	14 
24	6 
25	23 
26	9 
27	17 
28	2 
29	2 
30	20 
31	25 
32	18 
33	19 
34	5 
35	23 
36	9 
37	12 
38	27 
39	27 
40	23 
41	4 
42	22 
43	4 
44	7 
45	4 
46	4 
47	3 
48	3 
49	5 
50	15 
51	20 
52	9 
53	20 
54	3 
55	17 
56	21 
57	14 
58	26 
59	11 
60	3 
61	25 
62	19 
63	27 
64	26 
65	3 
66	9 
67	11 
68	13 
69	14 
70	19 
71	22 
72	19 
73	1 
74	28 
75	14 
76	27 
77	21 
78	23 
79	23 
80	17 
81	15 
82	3 
83	27 
84	9 
85	28 
86	9 
87	3 
88	4 
89	3 
90	9 
91	5 
92	22 
93	16 
94	14 
95	26 
96	9 
97	22 
98	9 
99	21 
100	8 
101	28 
102	13 
103	2 
104	4 
105	20 
106	5 
107	14 
108	25 
109	26 
110	11 
111	27 
112	4 
113	11 
114	5 
115	7 
116	5 
117	7 
118	9 
119	5 
120	7 
121	25 
122	8 
123	23 
124	2 
125	4 
126	24 
127	22 
128	6 
129	10 
130	13 
131	2 
132	5 
133	3 
134	5 
135	7 
136	10 
137	23 
138	18 
139	11 
140	17 
141	12 
142	23 
143	10 
144	17 
145	23 
146	9 
147	25 
148	10 
149	23 
150	27 
151	24 
152	3 
153	20 
154	13 
155	6 
156	8 
157	16 
158	14 
159	10 
160	21 
161	13 
162	5 
163	24 
164	8 
165	7 
166	21 
167	11 
168	3 
169	27 
170	14 
171	19 
172	19 
173	16 
174	2 
175	20 
176	13 
177	23 
178	28 
179	3 
180	7 
181	28 
182	14 
183	14 
184	1 
185	28 
186	11 
187	3 
188	18 
189	23 
190	8 
191	11 
192	17 
193	10 
194	27 
195	20 
196	25 
197	14 
198	22 
199	10 
200	20 
201	25 
202	16 
203	2 
204	9 
205	26 
206	21 
207	28 
208	10 
209	1 
210	19 
211	20 
212	2 
213	16 
214	20 
215	9 
216	4 
217	16 
218	5 
219	1 
220	16 
221	14 
222	19 
223	9 
224	19 
225	20 
226	9 
227	7 
228	8 
229	8 
230	24 
231	1 
232	7 
233	20 
234	20 
235	4 
236	10 
237	6 
238	1 
239	21 
240	28 
241	22 
242	28 
243	2 
244	20 
245	19 
246	18 
247	11 
248	12 
249	1 
250	8 
251	14 
252	7 
253	15 
254	12 
255	9 
256	21 
257	10 
258	8 
259	7 
260	14 
261	24 
262	26 
263	6 
264	23 
265	9 
266	19 
267	23 
268	26 
269	5 
270	8 
271	16 
272	4 
273	19 
274	26 
275	5 
276	12 
277	26 
278	22 
279	24 
280	11 
281	3 
282	9 
283	5 
284	5 
285	14 
286	22 
287	11 
288	16 
289	11 
290	17 
291	11 
292	19 
293	14 
294	9 
295	21 
296	5 
297	22 
298	19 
299	16 
300	7 
301	21 
302	3 
303	24 
304	9 
305	23 
306	23 
307	8 
308	16 
309	19 
310	3 
311	14 
312	4 
313	11 
314	27 
315	5 
316	9 
317	25 
318	4 
319	6 
320	6 
321	14 
322	21 
323	11 
324	18 
325	4 
326	28 
327	18 
328	23 
329	1 
330	26 
331	22 
332	17 
333	5 
334	13 
335	21 
336	12 
337	26 
338	20 
339	4 
340	7 
341	16 
342	22 
343	24 
344	10 
345	23 
346	24 
347	5 
348	21 
349	21 
350	21 
351	19 
352	14 
353	21 
354	11 
355	5 
356	27 
357	28 
358	8 
359	21 
360	28 
361	4 
362	11 
363	2 
364	11 
365	16 
366	6 
367	24 
368	17 
369	25 
370	2 
371	25 
372	4 
373	10 
374	5 
375	24 
376	27 
377	26 
378	26 
379	4 
380	4 
381	8 
382	8 
383	24 
384	19 
385	14 
386	27 
387	14 
388	28 
389	10 
390	16 
391	21 
392	4 
393	1 
394	11 
395	7 
396	10 
397	12 
398	26 
399	28 
400	20 
401	20 
402	18 
403	25 
404	11 
405	25 
406	12 
407	2 
408	4 
409	24 
410	10 
411	27 
412	22 
413	2 
414	23 
415	20 
416	25 
417	10 
418	9 
419	21 
420	16 
421	9 
422	15 
423	25 
424	3 
425	12 
426	5 
427	27 
428	5 
429	7 
430	4 
431	6 
432	7 
433	5 
434	21 
435	2 
436	13 
437	27 
438	3 
439	21 
440	21 
441	19 
442	13 
443	10 
444	20 
445	11 
446	21 
447	4 
448	23 
449	2 
450	16 
451	20 
452	7 
453	3 
454	18 
455	24 
456	2 
457	1 
458	9 
459	20 
460	19 
461	16 
462	15 
463	20 
464	4 
465	13 
466	23 
467	5 
468	4 
469	13 
470	4 
471	22 
472	18 
473	22 
474	4 
475	7 
476	19 
477	6 
478	23 
479	11 
480	11 
481	2 
482	25 
483	7 
484	11 
485	23 
486	15 
487	23 
488	12 
489	16 
490	22 
491	9 
492	19 
493	23 
494	18 
495	27 
496	15 
497	13 
498	2 
499	4 
500	16 
501	11 
502	1 
503	17 
504	5 
505	5 
506	26 
507	5 
508	14 
509	4 
510	3 
511	10 
512	9 
513	27 
514	4 
515	15 
516	22 
517	27 
518	19 
519	10 
520	5 
521	4 
522	1 
523	25 
524	14 
525	2 
526	6 
527	13 
528	18 
529	2 
530	9 
531	15 
532	14 
533	24 
534	1 
535	11 
536	11 
537	14 
538	19 
539	24 
540	21 
541	1 
542	21 
543	11 
544	11 
545	2 
546	14 
547	5 
548	11 
549	9 
550	3 
551	3 
552	8 
553	6 
554	10 
555	28 
556	4 
557	28 
558	4 
559	3 
560	22 
561	20 
562	21 
563	9 
564	14 
565	3 
566	12 
567	2 
568	9 
569	13 
570	26 
571	24 
572	7 
573	20 
574	15 
575	6 
576	8 
577	6 
578	12 
579	18 
580	14 
581	19 
582	1 
583	2 
584	17 
585	24 
586	12 
587	18 
588	11 
589	27 
590	2 
591	10 
592	14 
593	9 
594	4 
595	11 
596	21 
597	22 
598	13 
599	7 
600	3 
601	21 
602	8 
603	21 
604	16 
605	11 
606	21 
607	14 
608	12 
609	16 
610	10 
611	26 
612	7 
613	28 
614	16 
615	10 
616	9 
617	10 
618	4 
619	10 
620	14 
621	15 
622	5 
623	9 
624	20 
625	25 
626	8 
627	12 
628	3 
629	2 
630	5 
631	9 
632	8 
633	14 
634	16 
635	8 
636	2 
637	3 
638	22 
639	15 
640	16 
641	9 
642	13 
643	17 
644	4 
645	23 
646	21 
647	2 
648	25 
649	22 
650	25 
651	22 
652	27 
653	20 
654	28 
655	4 
656	2 
657	9 
658	6 
659	17 
660	25 
661	2 
662	21 
663	3 
664	18 
665	5 
666	25 
667	24 
668	21 
669	17 
670	10 
671	14 
672	2 
673	10 
674	27 
675	16 
676	15 
677	12 
678	26 
679	4 
680	26 
681	14 
682	15 
683	22 
684	19 
685	7 
686	20 
687	6 
688	23 
689	4 
690	20 
691	16 
692	26 
693	12 
694	20 
695	24 
696	25 
697	12 
698	22 
699	19 
700	3 
701	15 
702	6 
703	14 
704	26 
705	22 
706	24 
707	8 
708	15 
709	10 
710	16 
711	18 
712	2 
713	20 
714	26 
715	8 
716	28 
717	20 
718	18 
719	9 
720	20 
721	22 
722	27 
723	21 
724	10 
725	9 
726	20 
727	21 
728	9 
729	21 
730	22 
731	2 
732	15 
733	20 
734	23 
735	24 
736	17 
737	21 
738	9 
739	23 
740	5 
741	21 
742	10 
743	19 
744	17 
745	19 
746	9 
747	7 
748	10 
749	16 
750	26 
751	19 
752	22 
753	6 
754	25 
755	9 
756	1 
757	11 
758	2 
759	12 
760	3 
761	17 
762	21 
763	9 
764	22 
765	20 
766	22 
767	5 
768	22 
769	28 
770	27 
771	2 
772	8 
773	9 
774	9 
775	13 
776	3 
777	1 
778	17 
779	24 
780	21 
781	5 
782	2 
783	28 
784	20 
785	20 
786	8 
787	15 
788	24 
789	17 
790	4 
791	2 
792	6 
793	5 
794	2 
795	16 
796	11 
797	2 
798	14 
799	7 
800	9 
801	24 
802	28 
803	9 
804	26 
805	11 
806	3 
807	18 
808	12 
809	7 
810	3 
811	14 
812	6 
813	14 
814	16 
815	24 
816	7 
817	20 
818	5 
819	21 
820	17 
821	4 
822	21 
823	10 
824	20 
825	2 
826	27 
827	1 
828	4 
829	22 
830	4 
831	18 
832	16 
833	15 
834	23 
835	17 
836	19 
837	15 
838	24 
839	2 
840	13 
841	10 
842	9 
843	22 
844	25 
845	7 
846	16 
847	6 
848	21 
849	26 
850	20 
851	24 
852	5 
853	8 
854	25 
855	20 
856	6 
857	9 
858	3 
859	2 
860	19 
861	4 
862	14 
863	22 
864	12 
865	13 
866	22 
867	9 
868	25 
869	24 
870	16 
871	3 
872	5 
873	3 
874	16 
875	8 
876	17 
877	25 
878	10 
879	10 
880	4 
881	17 
882	22 
883	5 
884	23 
885	28 
886	5 
887	20 
888	27 
889	5 
890	5 
891	24 
892	9 
893	10 
894	4 
895	3 
896	24 
897	24 
898	18 
899	23 
900	9 
901	25 
902	3 
903	26 
904	22 
905	4 
906	9 
907	9 
908	19 
909	22 
910	23 
911	21 
912	3 
913	22 
914	20 
915	7 
916	19 
917	21 
918	26 
919	11 
920	10 
921	21 
922	13 
923	2 
924	23 
925	28 
926	5 
927	22 
928	8 
929	28 
930	19 
931	17 
932	21 
933	28 
934	12 
935	9 
936	2 
937	3 
938	5 
939	10 
940	27 
941	19 
942	28 
943	10 
944	1 
945	8 
946	20 
947	28 
948	8 
949	25 
950	16 
951	24 
952	23 
953	25 
954	27 
955	7 
956	25 
957	20 
958	12 
959	20 
960	14 
961	26 
962	14 
963	15 
964	12 
965	23 
966	19 
967	15 
968	23 
969	23 
970	13 
971	24 
972	5 
973	2 
974	27 
975	17 
976	17 
977	21 
978	12 
979	24 
980	3 
981	10 
982	9 
983	20 
984	25 
985	25 
986	10 
987	26 
988	26 
989	1 
990	11 
991	20 
992	20 
993	5 
994	22 
995	19 
996	22 
997	19 
998	11 
999	9 
1000	18 
