1	12 
2	4 
3	8 
4	6 
5	7 
6	5 
7	8 
8	20 
9	13 
10	18 
11	2 
12	24 
13	6 
14	15 
15	25 
16	8 
17	1 
18	30 
19	4 
20	16 
21	15 
22	24 
23	20 
24	8 
25	14 
26	31 
27	18 
28	29 
29	26 
30	11 
31	30 
32	14 
33	25 
34	21 
35	10 
36	26 
37	23 
38	12 
39	14 
40	8 
41	29 
42	9 
43	2 
44	13 
45	23 
46	5 
47	22 
48	14 
49	29 
50	23 
51	23 
52	21 
53	24 
54	18 
55	14 
56	3 
57	25 
58	14 
59	8 
60	20 
61	10 
62	28 
63	12 
64	28 
65	27 
66	18 
67	20 
68	3 
69	6 
70	22 
71	4 
72	5 
73	30 
74	7 
75	8 
76	13 
77	19 
78	24 
79	30 
80	26 
81	11 
82	10 
83	17 
84	10 
85	2 
86	14 
87	5 
88	5 
89	18 
90	1 
91	8 
92	17 
93	1 
94	17 
95	21 
96	14 
97	1 
98	15 
99	14 
100	10 
101	28 
102	25 
103	29 
104	2 
105	11 
106	5 
107	14 
108	9 
109	3 
110	20 
111	13 
112	28 
113	22 
114	17 
115	14 
116	24 
117	19 
118	2 
119	5 
120	26 
121	13 
122	27 
123	20 
124	26 
125	14 
126	5 
127	19 
128	13 
129	5 
130	1 
131	26 
132	9 
133	2 
134	21 
135	1 
136	2 
137	24 
138	6 
139	12 
140	25 
141	10 
142	29 
143	29 
144	17 
145	4 
146	16 
147	22 
148	24 
149	18 
150	13 
151	25 
152	17 
153	11 
154	25 
155	1 
156	21 
157	19 
158	2 
159	25 
160	10 
161	13 
162	7 
163	19 
164	1 
165	26 
166	2 
167	17 
168	11 
169	17 
170	16 
171	14 
172	15 
173	13 
174	14 
175	8 
176	8 
177	20 
178	23 
179	14 
180	17 
181	31 
182	6 
183	22 
184	13 
185	2 
186	29 
187	15 
188	1 
189	30 
190	7 
191	16 
192	8 
193	25 
194	1 
195	1 
196	4 
197	17 
198	12 
199	6 
200	21 
201	7 
202	19 
203	20 
204	7 
205	12 
206	31 
207	1 
208	28 
209	14 
210	13 
211	18 
212	4 
213	8 
214	2 
215	13 
216	28 
217	26 
218	22 
219	20 
220	18 
221	22 
222	2 
223	2 
224	16 
225	23 
226	26 
227	29 
228	10 
229	2 
230	21 
231	5 
232	21 
233	26 
234	26 
235	10 
236	4 
237	15 
238	7 
239	26 
240	28 
241	29 
242	8 
243	19 
244	4 
245	16 
246	3 
247	27 
248	25 
249	19 
250	28 
251	8 
252	26 
253	28 
254	24 
255	7 
256	18 
257	24 
258	8 
259	5 
260	18 
261	31 
262	28 
263	21 
264	31 
265	13 
266	13 
267	2 
268	3 
269	24 
270	24 
271	7 
272	14 
273	12 
274	6 
275	23 
276	13 
277	6 
278	22 
279	12 
280	29 
281	24 
282	15 
283	10 
284	14 
285	17 
286	20 
287	10 
288	2 
289	28 
290	21 
291	8 
292	5 
293	3 
294	24 
295	31 
296	5 
297	8 
298	10 
299	2 
300	7 
301	26 
302	29 
303	27 
304	10 
305	6 
306	22 
307	8 
308	17 
309	8 
310	18 
311	8 
312	9 
313	25 
314	23 
315	18 
316	10 
317	1 
318	13 
319	11 
320	3 
321	21 
322	2 
323	11 
324	30 
325	10 
326	23 
327	27 
328	17 
329	5 
330	19 
331	12 
332	27 
333	2 
334	31 
335	10 
336	20 
337	12 
338	26 
339	22 
340	1 
341	7 
342	27 
343	25 
344	24 
345	8 
346	18 
347	17 
348	26 
349	26 
350	28 
351	8 
352	19 
353	15 
354	25 
355	17 
356	22 
357	9 
358	14 
359	25 
360	25 
361	4 
362	15 
363	8 
364	17 
365	15 
366	29 
367	16 
368	31 
369	8 
370	24 
371	3 
372	2 
373	19 
374	24 
375	11 
376	2 
377	7 
378	27 
379	31 
380	17 
381	31 
382	10 
383	29 
384	18 
385	14 
386	29 
387	28 
388	11 
389	4 
390	18 
391	15 
392	30 
393	24 
394	25 
395	16 
396	29 
397	19 
398	7 
399	24 
400	19 
401	22 
402	9 
403	18 
404	27 
405	24 
406	10 
407	5 
408	7 
409	10 
410	13 
411	12 
412	29 
413	15 
414	17 
415	5 
416	9 
417	5 
418	14 
419	12 
420	13 
421	6 
422	1 
423	16 
424	14 
425	6 
426	21 
427	15 
428	8 
429	17 
430	11 
431	11 
432	3 
433	19 
434	21 
435	29 
436	22 
437	10 
438	3 
439	6 
440	21 
441	29 
442	3 
443	20 
444	16 
445	21 
446	10 
447	8 
448	23 
449	10 
450	3 
451	20 
452	13 
453	7 
454	25 
455	31 
456	21 
457	18 
458	29 
459	17 
460	5 
461	20 
462	21 
463	14 
464	26 
465	16 
466	18 
467	12 
468	19 
469	18 
470	25 
471	10 
472	5 
473	7 
474	4 
475	13 
476	14 
477	19 
478	5 
479	3 
480	9 
481	7 
482	8 
483	13 
484	6 
485	14 
486	21 
487	9 
488	10 
489	30 
490	9 
491	5 
492	15 
493	20 
494	26 
495	8 
496	27 
497	14 
498	30 
499	26 
500	14 
501	21 
502	8 
503	3 
504	15 
505	31 
506	7 
507	2 
508	19 
509	27 
510	2 
511	14 
512	19 
513	30 
514	24 
515	16 
516	21 
517	26 
518	18 
519	27 
520	18 
521	5 
522	26 
523	24 
524	7 
525	12 
526	28 
527	20 
528	16 
529	10 
530	21 
531	27 
532	30 
533	29 
534	28 
535	8 
536	30 
537	14 
538	16 
539	18 
540	11 
541	11 
542	5 
543	4 
544	6 
545	16 
546	15 
547	12 
548	11 
549	21 
550	11 
551	19 
552	15 
553	10 
554	22 
555	22 
556	25 
557	9 
558	14 
559	31 
560	18 
561	13 
562	20 
563	26 
564	7 
565	8 
566	12 
567	23 
568	23 
569	2 
570	14 
571	2 
572	15 
573	18 
574	12 
575	8 
576	18 
577	15 
578	4 
579	5 
580	18 
581	14 
582	5 
583	18 
584	25 
585	31 
586	1 
587	31 
588	8 
589	31 
590	25 
591	20 
592	14 
593	20 
594	26 
595	25 
596	30 
597	30 
598	21 
599	15 
600	30 
601	5 
602	8 
603	26 
604	7 
605	10 
606	19 
607	7 
608	31 
609	6 
610	10 
611	4 
612	2 
613	19 
614	17 
615	17 
616	18 
617	17 
618	10 
619	18 
620	30 
621	7 
622	7 
623	8 
624	26 
625	16 
626	9 
627	7 
628	24 
629	19 
630	21 
631	4 
632	9 
633	14 
634	22 
635	26 
636	13 
637	26 
638	14 
639	17 
640	12 
641	23 
642	15 
643	16 
644	15 
645	3 
646	17 
647	26 
648	30 
649	18 
650	9 
651	16 
652	4 
653	17 
654	25 
655	21 
656	7 
657	9 
658	13 
659	13 
660	22 
661	11 
662	31 
663	5 
664	27 
665	1 
666	11 
667	8 
668	20 
669	23 
670	6 
671	26 
672	25 
673	21 
674	16 
675	20 
676	24 
677	8 
678	9 
679	15 
680	10 
681	26 
682	9 
683	12 
684	19 
685	19 
686	4 
687	19 
688	27 
689	29 
690	5 
691	23 
692	15 
693	19 
694	27 
695	12 
696	19 
697	23 
698	15 
699	24 
700	17 
701	25 
702	28 
703	15 
704	30 
705	31 
706	5 
707	24 
708	2 
709	9 
710	3 
711	5 
712	29 
713	20 
714	28 
715	24 
716	26 
717	10 
718	30 
719	6 
720	19 
721	12 
722	6 
723	10 
724	11 
725	5 
726	14 
727	24 
728	7 
729	11 
730	19 
731	30 
732	19 
733	22 
734	12 
735	24 
736	4 
737	15 
738	5 
739	2 
740	29 
741	10 
742	5 
743	20 
744	10 
745	15 
746	3 
747	4 
748	2 
749	4 
750	5 
751	10 
752	31 
753	21 
754	2 
755	28 
756	17 
757	22 
758	23 
759	18 
760	6 
761	26 
762	3 
763	23 
764	27 
765	28 
766	7 
767	18 
768	14 
769	29 
770	21 
771	2 
772	31 
773	3 
774	26 
775	27 
776	21 
777	9 
778	14 
779	25 
780	19 
781	14 
782	13 
783	20 
784	14 
785	26 
786	21 
787	30 
788	24 
789	29 
790	27 
791	26 
792	26 
793	18 
794	27 
795	21 
796	10 
797	31 
798	29 
799	26 
800	5 
801	14 
802	15 
803	25 
804	17 
805	25 
806	17 
807	13 
808	6 
809	15 
810	8 
811	15 
812	8 
813	25 
814	5 
815	11 
816	27 
817	22 
818	26 
819	3 
820	11 
821	23 
822	7 
823	24 
824	3 
825	16 
826	5 
827	18 
828	21 
829	25 
830	5 
831	28 
832	27 
833	29 
834	23 
835	19 
836	19 
837	27 
838	7 
839	11 
840	5 
841	7 
842	15 
843	2 
844	17 
845	27 
846	13 
847	26 
848	8 
849	29 
850	14 
851	31 
852	3 
853	8 
854	10 
855	31 
856	7 
857	5 
858	31 
859	7 
860	3 
861	20 
862	4 
863	10 
864	5 
865	5 
866	21 
867	10 
868	12 
869	20 
870	6 
871	21 
872	18 
873	14 
874	30 
875	1 
876	31 
877	28 
878	13 
879	10 
880	13 
881	16 
882	1 
883	22 
884	9 
885	3 
886	3 
887	5 
888	9 
889	27 
890	15 
891	13 
892	8 
893	5 
894	17 
895	26 
896	14 
897	27 
898	31 
899	7 
900	24 
901	22 
902	27 
903	20 
904	26 
905	11 
906	26 
907	3 
908	21 
909	12 
910	13 
911	5 
912	2 
913	27 
914	21 
915	25 
916	23 
917	24 
918	19 
919	14 
920	31 
921	25 
922	27 
923	24 
924	5 
925	17 
926	10 
927	8 
928	25 
929	24 
930	10 
931	27 
932	31 
933	31 
934	31 
935	13 
936	24 
937	14 
938	7 
939	8 
940	13 
941	28 
942	18 
943	26 
944	23 
945	12 
946	27 
947	9 
948	3 
949	19 
950	15 
951	17 
952	4 
953	23 
954	5 
955	23 
956	28 
957	7 
958	15 
959	3 
960	13 
961	14 
962	14 
963	24 
964	12 
965	6 
966	21 
967	20 
968	8 
969	14 
970	8 
971	1 
972	15 
973	16 
974	9 
975	31 
976	6 
977	29 
978	13 
979	26 
980	2 
981	14 
982	6 
983	8 
984	15 
985	2 
986	19 
987	8 
988	8 
989	13 
990	21 
991	30 
992	21 
993	30 
994	15 
995	2 
996	26 
997	13 
998	8 
999	20 
1000	18 
