1	1 
2	1 
3	10 
4	15 
5	7 
6	6 
7	8 
8	17 
9	26 
10	11 
11	25 
12	28 
13	30 
14	19 
15	13 
16	20 
17	24 
18	28 
19	18 
20	1 
21	1 
22	4 
23	21 
24	17 
25	9 
26	12 
27	15 
28	6 
29	28 
30	21 
31	9 
32	15 
33	28 
34	19 
35	25 
36	29 
37	4 
38	28 
39	1 
40	23 
41	17 
42	4 
43	12 
44	17 
45	13 
46	16 
47	13 
48	27 
49	24 
50	2 
51	2 
52	8 
53	27 
54	9 
55	13 
56	29 
57	3 
58	2 
59	27 
60	13 
61	9 
62	4 
63	27 
64	20 
65	23 
66	21 
67	3 
68	28 
69	7 
70	5 
71	1 
72	6 
73	14 
74	25 
75	29 
76	13 
77	27 
78	24 
79	15 
80	6 
81	10 
82	30 
83	12 
84	9 
85	9 
86	22 
87	5 
88	28 
89	18 
90	4 
91	21 
92	2 
93	13 
94	23 
95	24 
96	8 
97	6 
98	1 
99	16 
100	28 
101	30 
102	4 
103	21 
104	25 
105	3 
106	5 
107	23 
108	28 
109	28 
110	29 
111	13 
112	19 
113	12 
114	9 
115	2 
116	21 
117	6 
118	28 
119	12 
120	9 
121	26 
122	16 
123	25 
124	19 
125	24 
126	16 
127	18 
128	2 
129	30 
130	2 
131	20 
132	17 
133	12 
134	20 
135	9 
136	14 
137	26 
138	14 
139	16 
140	23 
141	5 
142	12 
143	27 
144	6 
145	27 
146	29 
147	5 
148	15 
149	16 
150	21 
151	20 
152	26 
153	4 
154	24 
155	13 
156	8 
157	4 
158	22 
159	18 
160	11 
161	17 
162	19 
163	30 
164	15 
165	28 
166	16 
167	12 
168	14 
169	13 
170	24 
171	21 
172	8 
173	3 
174	9 
175	22 
176	24 
177	14 
178	22 
179	12 
180	8 
181	23 
182	8 
183	23 
184	29 
185	29 
186	27 
187	1 
188	7 
189	12 
190	29 
191	25 
192	6 
193	23 
194	3 
195	23 
196	2 
197	4 
198	22 
199	26 
200	29 
201	5 
202	9 
203	6 
204	19 
205	9 
206	13 
207	12 
208	10 
209	29 
210	20 
211	21 
212	19 
213	2 
214	29 
215	9 
216	20 
217	29 
218	20 
219	5 
220	6 
221	11 
222	27 
223	2 
224	28 
225	12 
226	18 
227	27 
228	19 
229	20 
230	23 
231	14 
232	2 
233	2 
234	1 
235	18 
236	13 
237	3 
238	4 
239	6 
240	7 
241	23 
242	25 
243	2 
244	29 
245	29 
246	24 
247	16 
248	17 
249	23 
250	3 
251	22 
252	5 
253	24 
254	4 
255	13 
256	15 
257	13 
258	28 
259	7 
260	19 
261	22 
262	29 
263	11 
264	18 
265	22 
266	22 
267	19 
268	11 
269	6 
270	13 
271	18 
272	9 
273	25 
274	13 
275	25 
276	2 
277	28 
278	7 
279	23 
280	12 
281	9 
282	2 
283	1 
284	29 
285	29 
286	23 
287	26 
288	29 
289	22 
290	6 
291	27 
292	27 
293	9 
294	30 
295	6 
296	27 
297	20 
298	5 
299	7 
300	16 
301	13 
302	6 
303	29 
304	9 
305	22 
306	17 
307	1 
308	2 
309	14 
310	16 
311	17 
312	19 
313	15 
314	4 
315	29 
316	29 
317	3 
318	15 
319	15 
320	24 
321	17 
322	1 
323	14 
324	15 
325	15 
326	7 
327	6 
328	19 
329	21 
330	10 
331	9 
332	25 
333	3 
334	19 
335	6 
336	1 
337	23 
338	22 
339	2 
340	19 
341	10 
342	27 
343	24 
344	18 
345	28 
346	6 
347	7 
348	3 
349	6 
350	24 
351	18 
352	23 
353	11 
354	30 
355	7 
356	27 
357	29 
358	29 
359	30 
360	30 
361	13 
362	2 
363	23 
364	17 
365	7 
366	30 
367	13 
368	14 
369	25 
370	27 
371	1 
372	17 
373	27 
374	8 
375	6 
376	14 
377	13 
378	7 
379	28 
380	2 
381	18 
382	27 
383	29 
384	2 
385	12 
386	7 
387	28 
388	29 
389	25 
390	7 
391	27 
392	26 
393	12 
394	20 
395	28 
396	25 
397	17 
398	2 
399	4 
400	17 
401	28 
402	27 
403	29 
404	23 
405	16 
406	29 
407	2 
408	7 
409	6 
410	29 
411	3 
412	2 
413	14 
414	23 
415	25 
416	26 
417	17 
418	5 
419	14 
420	17 
421	13 
422	16 
423	26 
424	3 
425	7 
426	28 
427	1 
428	1 
429	26 
430	15 
431	22 
432	1 
433	11 
434	24 
435	13 
436	19 
437	7 
438	17 
439	22 
440	19 
441	4 
442	2 
443	26 
444	6 
445	12 
446	30 
447	9 
448	8 
449	3 
450	6 
451	7 
452	6 
453	26 
454	12 
455	15 
456	25 
457	6 
458	27 
459	22 
460	15 
461	17 
462	16 
463	21 
464	17 
465	3 
466	15 
467	15 
468	18 
469	19 
470	27 
471	20 
472	4 
473	9 
474	9 
475	9 
476	21 
477	1 
478	6 
479	22 
480	18 
481	13 
482	28 
483	26 
484	12 
485	16 
486	16 
487	8 
488	17 
489	8 
490	29 
491	19 
492	30 
493	29 
494	24 
495	7 
496	25 
497	5 
498	1 
499	10 
500	29 
501	23 
502	9 
503	2 
504	5 
505	19 
506	12 
507	22 
508	6 
509	25 
510	19 
511	9 
512	25 
513	10 
514	23 
515	28 
516	13 
517	28 
518	28 
519	10 
520	1 
521	26 
522	28 
523	25 
524	9 
525	2 
526	28 
527	3 
528	28 
529	8 
530	25 
531	12 
532	29 
533	9 
534	16 
535	11 
536	30 
537	6 
538	30 
539	4 
540	26 
541	18 
542	20 
543	1 
544	5 
545	12 
546	6 
547	25 
548	11 
549	7 
550	25 
551	20 
552	8 
553	23 
554	23 
555	9 
556	15 
557	14 
558	14 
559	2 
560	22 
561	1 
562	4 
563	14 
564	12 
565	20 
566	17 
567	13 
568	23 
569	7 
570	20 
571	22 
572	8 
573	19 
574	30 
575	19 
576	15 
577	1 
578	4 
579	23 
580	25 
581	5 
582	18 
583	11 
584	20 
585	1 
586	20 
587	6 
588	19 
589	2 
590	23 
591	7 
592	24 
593	9 
594	26 
595	19 
596	16 
597	23 
598	3 
599	20 
600	9 
601	3 
602	17 
603	16 
604	25 
605	24 
606	28 
607	28 
608	9 
609	6 
610	19 
611	1 
612	13 
613	23 
614	11 
615	4 
616	21 
617	16 
618	2 
619	18 
620	12 
621	18 
622	8 
623	3 
624	20 
625	28 
626	22 
627	10 
628	12 
629	6 
630	18 
631	16 
632	17 
633	1 
634	9 
635	17 
636	12 
637	29 
638	27 
639	29 
640	11 
641	15 
642	25 
643	25 
644	20 
645	2 
646	18 
647	12 
648	16 
649	8 
650	22 
651	28 
652	23 
653	16 
654	8 
655	16 
656	5 
657	30 
658	6 
659	18 
660	9 
661	9 
662	4 
663	6 
664	26 
665	20 
666	9 
667	9 
668	6 
669	12 
670	20 
671	10 
672	3 
673	16 
674	19 
675	14 
676	25 
677	1 
678	4 
679	7 
680	22 
681	18 
682	17 
683	23 
684	3 
685	4 
686	10 
687	16 
688	4 
689	15 
690	10 
691	22 
692	5 
693	20 
694	5 
695	13 
696	27 
697	13 
698	23 
699	29 
700	25 
701	21 
702	11 
703	15 
704	27 
705	1 
706	17 
707	26 
708	26 
709	30 
710	11 
711	23 
712	14 
713	21 
714	1 
715	25 
716	22 
717	10 
718	22 
719	16 
720	20 
721	23 
722	9 
723	30 
724	11 
725	15 
726	24 
727	3 
728	30 
729	25 
730	10 
731	18 
732	2 
733	30 
734	11 
735	16 
736	19 
737	23 
738	6 
739	28 
740	29 
741	14 
742	25 
743	25 
744	26 
745	2 
746	12 
747	13 
748	9 
749	16 
750	15 
751	7 
752	8 
753	8 
754	22 
755	23 
756	28 
757	8 
758	21 
759	17 
760	22 
761	25 
762	16 
763	18 
764	9 
765	29 
766	2 
767	18 
768	8 
769	28 
770	27 
771	11 
772	2 
773	18 
774	12 
775	26 
776	22 
777	28 
778	2 
779	28 
780	20 
781	9 
782	18 
783	13 
784	27 
785	4 
786	17 
787	28 
788	19 
789	18 
790	10 
791	10 
792	26 
793	30 
794	17 
795	29 
796	15 
797	2 
798	10 
799	13 
800	28 
801	4 
802	2 
803	25 
804	13 
805	22 
806	23 
807	4 
808	21 
809	28 
810	14 
811	21 
812	12 
813	10 
814	6 
815	2 
816	16 
817	10 
818	7 
819	20 
820	9 
821	25 
822	28 
823	27 
824	18 
825	23 
826	26 
827	14 
828	4 
829	19 
830	25 
831	13 
832	14 
833	7 
834	18 
835	18 
836	19 
837	4 
838	6 
839	28 
840	17 
841	21 
842	21 
843	30 
844	3 
845	9 
846	17 
847	13 
848	16 
849	25 
850	8 
851	26 
852	25 
853	7 
854	9 
855	13 
856	12 
857	16 
858	24 
859	3 
860	20 
861	13 
862	4 
863	18 
864	23 
865	8 
866	12 
867	17 
868	22 
869	5 
870	20 
871	22 
872	26 
873	25 
874	27 
875	22 
876	11 
877	27 
878	4 
879	21 
880	11 
881	22 
882	27 
883	13 
884	4 
885	24 
886	6 
887	7 
888	5 
889	4 
890	4 
891	29 
892	17 
893	22 
894	23 
895	6 
896	24 
897	13 
898	19 
899	27 
900	6 
901	22 
902	16 
903	13 
904	22 
905	29 
906	17 
907	12 
908	17 
909	17 
910	28 
911	9 
912	27 
913	23 
914	18 
915	5 
916	27 
917	7 
918	5 
919	11 
920	4 
921	23 
922	10 
923	9 
924	23 
925	28 
926	12 
927	22 
928	25 
929	8 
930	29 
931	25 
932	11 
933	29 
934	8 
935	9 
936	7 
937	1 
938	19 
939	1 
940	9 
941	1 
942	3 
943	22 
944	7 
945	28 
946	26 
947	29 
948	11 
949	17 
950	26 
951	23 
952	19 
953	23 
954	16 
955	1 
956	9 
957	20 
958	13 
959	20 
960	12 
961	1 
962	22 
963	4 
964	25 
965	23 
966	22 
967	2 
968	6 
969	28 
970	29 
971	17 
972	20 
973	13 
974	6 
975	1 
976	12 
977	7 
978	13 
979	12 
980	22 
981	28 
982	17 
983	29 
984	17 
985	6 
986	16 
987	29 
988	4 
989	13 
990	6 
991	2 
992	22 
993	12 
994	17 
995	13 
996	2 
997	23 
998	6 
999	9 
1000	28 
