1	2 
2	26 
3	1 
4	17 
5	30 
6	23 
7	33 
8	10 
9	2 
10	30 
11	32 
12	4 
13	5 
14	19 
15	10 
16	29 
17	29 
18	23 
19	12 
20	29 
21	27 
22	15 
23	11 
24	3 
25	7 
26	14 
27	4 
28	9 
29	11 
30	24 
31	30 
32	32 
33	11 
34	5 
35	27 
36	31 
37	4 
38	28 
39	8 
40	1 
41	7 
42	4 
43	34 
44	28 
45	18 
46	6 
47	13 
48	29 
49	27 
50	21 
51	23 
52	10 
53	7 
54	18 
55	14 
56	20 
57	12 
58	31 
59	20 
60	8 
61	21 
62	28 
63	2 
64	12 
65	27 
66	32 
67	29 
68	3 
69	19 
70	19 
71	32 
72	4 
73	21 
74	27 
75	32 
76	3 
77	5 
78	13 
79	15 
80	2 
81	2 
82	10 
83	15 
84	26 
85	3 
86	15 
87	33 
88	34 
89	27 
90	6 
91	29 
92	21 
93	31 
94	8 
95	12 
96	5 
97	32 
98	16 
99	6 
100	17 
101	6 
102	8 
103	19 
104	9 
105	12 
106	27 
107	8 
108	3 
109	28 
110	25 
111	10 
112	15 
113	1 
114	7 
115	25 
116	13 
117	7 
118	23 
119	15 
120	6 
121	9 
122	12 
123	12 
124	16 
125	3 
126	28 
127	23 
128	21 
129	2 
130	3 
131	30 
132	21 
133	18 
134	17 
135	31 
136	29 
137	1 
138	6 
139	32 
140	19 
141	3 
142	30 
143	30 
144	2 
145	15 
146	29 
147	4 
148	17 
149	22 
150	33 
151	29 
152	2 
153	14 
154	23 
155	14 
156	23 
157	32 
158	9 
159	10 
160	5 
161	6 
162	5 
163	18 
164	13 
165	3 
166	11 
167	8 
168	12 
169	9 
170	33 
171	24 
172	7 
173	23 
174	29 
175	23 
176	3 
177	6 
178	34 
179	19 
180	8 
181	28 
182	5 
183	23 
184	6 
185	30 
186	28 
187	27 
188	18 
189	32 
190	26 
191	33 
192	2 
193	34 
194	12 
195	28 
196	9 
197	29 
198	6 
199	34 
200	19 
201	18 
202	26 
203	33 
204	24 
205	4 
206	24 
207	33 
208	5 
209	18 
210	2 
211	7 
212	29 
213	7 
214	6 
215	33 
216	18 
217	31 
218	5 
219	22 
220	24 
221	25 
222	24 
223	2 
224	5 
225	26 
226	2 
227	20 
228	17 
229	29 
230	8 
231	26 
232	32 
233	33 
234	31 
235	9 
236	11 
237	30 
238	13 
239	11 
240	24 
241	22 
242	12 
243	12 
244	34 
245	6 
246	25 
247	22 
248	3 
249	20 
250	31 
251	8 
252	22 
253	11 
254	27 
255	21 
256	9 
257	12 
258	22 
259	18 
260	29 
261	25 
262	13 
263	4 
264	19 
265	22 
266	11 
267	1 
268	24 
269	26 
270	24 
271	29 
272	14 
273	4 
274	20 
275	16 
276	1 
277	29 
278	4 
279	29 
280	28 
281	19 
282	9 
283	25 
284	25 
285	21 
286	3 
287	19 
288	24 
289	24 
290	24 
291	8 
292	5 
293	4 
294	25 
295	29 
296	12 
297	19 
298	31 
299	20 
300	22 
301	17 
302	31 
303	17 
304	33 
305	4 
306	24 
307	14 
308	22 
309	9 
310	27 
311	5 
312	20 
313	31 
314	27 
315	29 
316	12 
317	15 
318	33 
319	10 
320	24 
321	28 
322	2 
323	14 
324	12 
325	29 
326	13 
327	21 
328	15 
329	13 
330	6 
331	29 
332	22 
333	13 
334	6 
335	17 
336	22 
337	19 
338	15 
339	20 
340	4 
341	3 
342	34 
343	27 
344	29 
345	8 
346	18 
347	6 
348	6 
349	2 
350	10 
351	15 
352	24 
353	4 
354	18 
355	5 
356	23 
357	13 
358	5 
359	4 
360	5 
361	13 
362	29 
363	19 
364	26 
365	23 
366	10 
367	22 
368	9 
369	7 
370	34 
371	16 
372	23 
373	8 
374	4 
375	13 
376	12 
377	4 
378	23 
379	24 
380	17 
381	11 
382	18 
383	21 
384	4 
385	5 
386	28 
387	27 
388	16 
389	23 
390	28 
391	5 
392	33 
393	1 
394	19 
395	21 
396	23 
397	3 
398	24 
399	20 
400	9 
401	30 
402	4 
403	20 
404	19 
405	1 
406	27 
407	21 
408	15 
409	15 
410	31 
411	13 
412	7 
413	34 
414	6 
415	15 
416	25 
417	26 
418	31 
419	10 
420	4 
421	30 
422	17 
423	34 
424	32 
425	15 
426	33 
427	34 
428	10 
429	31 
430	8 
431	25 
432	4 
433	1 
434	33 
435	4 
436	31 
437	22 
438	17 
439	26 
440	11 
441	19 
442	13 
443	1 
444	31 
445	16 
446	29 
447	33 
448	25 
449	10 
450	3 
451	25 
452	24 
453	22 
454	33 
455	5 
456	20 
457	23 
458	4 
459	29 
460	25 
461	17 
462	26 
463	8 
464	23 
465	20 
466	28 
467	29 
468	4 
469	24 
470	4 
471	31 
472	23 
473	13 
474	2 
475	27 
476	6 
477	9 
478	9 
479	10 
480	11 
481	1 
482	24 
483	3 
484	17 
485	6 
486	21 
487	32 
488	20 
489	16 
490	26 
491	19 
492	8 
493	1 
494	10 
495	34 
496	15 
497	31 
498	30 
499	25 
500	14 
501	16 
502	29 
503	11 
504	27 
505	30 
506	34 
507	17 
508	23 
509	34 
510	5 
511	7 
512	9 
513	30 
514	24 
515	4 
516	3 
517	5 
518	14 
519	6 
520	6 
521	30 
522	21 
523	24 
524	33 
525	33 
526	12 
527	19 
528	25 
529	31 
530	1 
531	10 
532	5 
533	19 
534	14 
535	8 
536	22 
537	28 
538	13 
539	9 
540	32 
541	10 
542	7 
543	9 
544	12 
545	7 
546	16 
547	29 
548	26 
549	1 
550	12 
551	8 
552	6 
553	34 
554	17 
555	14 
556	21 
557	13 
558	7 
559	22 
560	13 
561	18 
562	14 
563	6 
564	18 
565	29 
566	28 
567	27 
568	6 
569	34 
570	33 
571	20 
572	5 
573	8 
574	5 
575	8 
576	10 
577	12 
578	9 
579	2 
580	8 
581	24 
582	24 
583	6 
584	16 
585	14 
586	18 
587	32 
588	26 
589	32 
590	12 
591	18 
592	9 
593	3 
594	4 
595	8 
596	25 
597	14 
598	23 
599	7 
600	2 
601	8 
602	1 
603	33 
604	21 
605	13 
606	23 
607	24 
608	6 
609	6 
610	16 
611	30 
612	19 
613	15 
614	6 
615	31 
616	11 
617	25 
618	16 
619	31 
620	30 
621	5 
622	23 
623	13 
624	19 
625	11 
626	6 
627	8 
628	15 
629	4 
630	30 
631	33 
632	11 
633	1 
634	19 
635	30 
636	21 
637	23 
638	25 
639	16 
640	29 
641	5 
642	15 
643	12 
644	6 
645	4 
646	4 
647	29 
648	10 
649	11 
650	7 
651	30 
652	11 
653	34 
654	2 
655	20 
656	20 
657	2 
658	11 
659	2 
660	12 
661	12 
662	2 
663	10 
664	15 
665	15 
666	26 
667	14 
668	33 
669	1 
670	6 
671	18 
672	21 
673	2 
674	9 
675	29 
676	24 
677	28 
678	11 
679	32 
680	32 
681	1 
682	17 
683	17 
684	1 
685	28 
686	28 
687	15 
688	15 
689	10 
690	6 
691	4 
692	27 
693	26 
694	5 
695	4 
696	2 
697	29 
698	23 
699	9 
700	13 
701	6 
702	32 
703	14 
704	20 
705	14 
706	4 
707	13 
708	3 
709	2 
710	19 
711	28 
712	30 
713	5 
714	18 
715	10 
716	9 
717	1 
718	16 
719	11 
720	23 
721	6 
722	2 
723	15 
724	14 
725	8 
726	4 
727	1 
728	2 
729	31 
730	1 
731	2 
732	11 
733	24 
734	9 
735	20 
736	8 
737	33 
738	25 
739	9 
740	14 
741	26 
742	1 
743	23 
744	24 
745	14 
746	26 
747	26 
748	23 
749	4 
750	10 
751	34 
752	12 
753	9 
754	5 
755	31 
756	30 
757	2 
758	29 
759	17 
760	23 
761	11 
762	17 
763	4 
764	22 
765	2 
766	7 
767	13 
768	29 
769	32 
770	9 
771	8 
772	26 
773	18 
774	29 
775	12 
776	15 
777	14 
778	34 
779	16 
780	2 
781	23 
782	3 
783	10 
784	28 
785	13 
786	32 
787	16 
788	6 
789	15 
790	4 
791	10 
792	34 
793	17 
794	25 
795	21 
796	14 
797	32 
798	8 
799	11 
800	19 
801	24 
802	23 
803	6 
804	6 
805	31 
806	1 
807	6 
808	17 
809	25 
810	34 
811	13 
812	22 
813	3 
814	12 
815	34 
816	24 
817	4 
818	27 
819	27 
820	2 
821	3 
822	4 
823	1 
824	4 
825	22 
826	17 
827	18 
828	33 
829	23 
830	14 
831	34 
832	1 
833	22 
834	19 
835	17 
836	8 
837	3 
838	28 
839	20 
840	9 
841	9 
842	8 
843	31 
844	6 
845	4 
846	17 
847	10 
848	14 
849	3 
850	16 
851	31 
852	31 
853	5 
854	12 
855	20 
856	27 
857	26 
858	29 
859	23 
860	6 
861	2 
862	28 
863	9 
864	4 
865	2 
866	12 
867	17 
868	9 
869	20 
870	12 
871	2 
872	16 
873	18 
874	31 
875	31 
876	33 
877	23 
878	21 
879	22 
880	11 
881	3 
882	32 
883	8 
884	5 
885	2 
886	12 
887	3 
888	32 
889	31 
890	26 
891	7 
892	8 
893	29 
894	16 
895	19 
896	8 
897	14 
898	32 
899	5 
900	20 
901	13 
902	28 
903	18 
904	23 
905	1 
906	31 
907	4 
908	21 
909	19 
910	31 
911	20 
912	16 
913	20 
914	24 
915	6 
916	24 
917	4 
918	16 
919	23 
920	5 
921	24 
922	26 
923	7 
924	3 
925	20 
926	7 
927	10 
928	10 
929	32 
930	12 
931	28 
932	13 
933	26 
934	12 
935	33 
936	15 
937	20 
938	20 
939	8 
940	15 
941	17 
942	9 
943	7 
944	4 
945	12 
946	5 
947	31 
948	32 
949	5 
950	26 
951	3 
952	9 
953	30 
954	26 
955	4 
956	12 
957	5 
958	27 
959	22 
960	11 
961	27 
962	10 
963	23 
964	34 
965	4 
966	31 
967	9 
968	12 
969	34 
970	19 
971	22 
972	28 
973	18 
974	5 
975	12 
976	28 
977	33 
978	31 
979	14 
980	29 
981	34 
982	9 
983	8 
984	29 
985	3 
986	29 
987	3 
988	24 
989	2 
990	12 
991	6 
992	19 
993	24 
994	3 
995	2 
996	8 
997	9 
998	4 
999	24 
1000	12 
