1	11 
2	10 
3	13 
4	4 
5	13 
6	9 
7	18 
8	11 
9	16 
10	24 
11	8 
12	32 
13	19 
14	29 
15	5 
16	22 
17	3 
18	31 
19	15 
20	7 
21	9 
22	5 
23	9 
24	3 
25	18 
26	15 
27	30 
28	28 
29	17 
30	31 
31	31 
32	28 
33	9 
34	28 
35	24 
36	8 
37	9 
38	22 
39	21 
40	6 
41	10 
42	18 
43	32 
44	16 
45	9 
46	4 
47	7 
48	2 
49	5 
50	5 
51	19 
52	27 
53	13 
54	14 
55	23 
56	2 
57	4 
58	16 
59	25 
60	2 
61	17 
62	27 
63	8 
64	5 
65	17 
66	18 
67	13 
68	31 
69	25 
70	1 
71	22 
72	22 
73	27 
74	3 
75	3 
76	4 
77	31 
78	21 
79	12 
80	11 
81	24 
82	31 
83	15 
84	20 
85	28 
86	1 
87	4 
88	9 
89	7 
90	16 
91	11 
92	9 
93	28 
94	22 
95	28 
96	23 
97	14 
98	2 
99	11 
100	1 
101	31 
102	31 
103	19 
104	5 
105	6 
106	11 
107	6 
108	12 
109	1 
110	26 
111	5 
112	3 
113	16 
114	24 
115	17 
116	11 
117	14 
118	21 
119	6 
120	3 
121	26 
122	21 
123	27 
124	1 
125	1 
126	12 
127	25 
128	15 
129	13 
130	2 
131	28 
132	30 
133	2 
134	7 
135	22 
136	2 
137	6 
138	13 
139	8 
140	23 
141	9 
142	12 
143	15 
144	30 
145	5 
146	17 
147	9 
148	28 
149	31 
150	1 
151	2 
152	17 
153	6 
154	23 
155	5 
156	21 
157	27 
158	27 
159	13 
160	15 
161	24 
162	9 
163	30 
164	7 
165	29 
166	12 
167	1 
168	15 
169	2 
170	21 
171	25 
172	15 
173	23 
174	23 
175	19 
176	9 
177	22 
178	16 
179	8 
180	9 
181	17 
182	21 
183	15 
184	3 
185	3 
186	3 
187	2 
188	31 
189	19 
190	30 
191	9 
192	11 
193	32 
194	32 
195	15 
196	6 
197	22 
198	23 
199	17 
200	18 
201	12 
202	16 
203	15 
204	20 
205	19 
206	32 
207	24 
208	27 
209	15 
210	30 
211	18 
212	21 
213	24 
214	32 
215	8 
216	28 
217	10 
218	14 
219	27 
220	14 
221	16 
222	3 
223	13 
224	13 
225	1 
226	1 
227	11 
228	28 
229	21 
230	13 
231	27 
232	9 
233	31 
234	25 
235	21 
236	4 
237	18 
238	21 
239	31 
240	28 
241	31 
242	3 
243	28 
244	23 
245	28 
246	18 
247	14 
248	8 
249	2 
250	15 
251	15 
252	13 
253	21 
254	14 
255	6 
256	1 
257	26 
258	24 
259	18 
260	9 
261	25 
262	25 
263	4 
264	11 
265	6 
266	9 
267	13 
268	23 
269	7 
270	31 
271	5 
272	14 
273	9 
274	31 
275	32 
276	31 
277	22 
278	4 
279	20 
280	30 
281	4 
282	4 
283	19 
284	20 
285	22 
286	26 
287	13 
288	16 
289	24 
290	18 
291	16 
292	15 
293	1 
294	13 
295	9 
296	18 
297	21 
298	25 
299	31 
300	24 
301	27 
302	5 
303	10 
304	22 
305	29 
306	32 
307	18 
308	23 
309	1 
310	17 
311	16 
312	2 
313	5 
314	32 
315	4 
316	10 
317	11 
318	31 
319	11 
320	12 
321	25 
322	16 
323	26 
324	20 
325	32 
326	18 
327	30 
328	18 
329	26 
330	13 
331	32 
332	26 
333	11 
334	29 
335	25 
336	27 
337	19 
338	10 
339	4 
340	29 
341	7 
342	22 
343	8 
344	14 
345	9 
346	21 
347	19 
348	5 
349	21 
350	3 
351	15 
352	26 
353	6 
354	9 
355	11 
356	23 
357	2 
358	4 
359	27 
360	25 
361	3 
362	30 
363	28 
364	31 
365	22 
366	16 
367	25 
368	1 
369	11 
370	31 
371	23 
372	24 
373	26 
374	17 
375	26 
376	32 
377	4 
378	27 
379	13 
380	10 
381	2 
382	21 
383	28 
384	5 
385	4 
386	24 
387	5 
388	2 
389	14 
390	27 
391	29 
392	28 
393	9 
394	31 
395	23 
396	11 
397	8 
398	24 
399	2 
400	32 
401	11 
402	32 
403	3 
404	21 
405	1 
406	31 
407	6 
408	9 
409	5 
410	6 
411	11 
412	21 
413	6 
414	5 
415	18 
416	15 
417	23 
418	29 
419	11 
420	22 
421	15 
422	30 
423	21 
424	6 
425	29 
426	10 
427	13 
428	5 
429	17 
430	32 
431	12 
432	14 
433	31 
434	31 
435	18 
436	1 
437	22 
438	3 
439	8 
440	19 
441	1 
442	11 
443	4 
444	7 
445	29 
446	15 
447	16 
448	25 
449	15 
450	14 
451	6 
452	31 
453	5 
454	5 
455	31 
456	31 
457	17 
458	22 
459	22 
460	32 
461	20 
462	21 
463	29 
464	26 
465	3 
466	21 
467	15 
468	2 
469	14 
470	25 
471	10 
472	16 
473	10 
474	30 
475	19 
476	1 
477	15 
478	8 
479	30 
480	30 
481	15 
482	5 
483	25 
484	23 
485	28 
486	30 
487	28 
488	10 
489	31 
490	29 
491	29 
492	16 
493	10 
494	5 
495	22 
496	18 
497	25 
498	8 
499	15 
500	6 
501	6 
502	18 
503	20 
504	1 
505	24 
506	17 
507	18 
508	9 
509	30 
510	21 
511	31 
512	21 
513	9 
514	7 
515	2 
516	12 
517	4 
518	20 
519	6 
520	6 
521	24 
522	27 
523	28 
524	15 
525	27 
526	25 
527	28 
528	20 
529	5 
530	3 
531	1 
532	18 
533	23 
534	18 
535	8 
536	9 
537	27 
538	21 
539	22 
540	6 
541	15 
542	3 
543	3 
544	12 
545	15 
546	2 
547	21 
548	3 
549	19 
550	24 
551	20 
552	5 
553	18 
554	28 
555	2 
556	11 
557	18 
558	30 
559	19 
560	20 
561	25 
562	8 
563	31 
564	31 
565	6 
566	5 
567	19 
568	11 
569	27 
570	13 
571	1 
572	5 
573	15 
574	27 
575	13 
576	10 
577	13 
578	23 
579	11 
580	5 
581	5 
582	18 
583	19 
584	9 
585	11 
586	18 
587	11 
588	28 
589	17 
590	4 
591	15 
592	21 
593	27 
594	10 
595	12 
596	30 
597	24 
598	2 
599	1 
600	22 
601	15 
602	32 
603	25 
604	28 
605	31 
606	31 
607	7 
608	27 
609	30 
610	21 
611	6 
612	31 
613	20 
614	8 
615	9 
616	2 
617	14 
618	3 
619	3 
620	6 
621	16 
622	3 
623	9 
624	26 
625	29 
626	27 
627	11 
628	8 
629	10 
630	2 
631	11 
632	30 
633	30 
634	23 
635	10 
636	13 
637	10 
638	2 
639	1 
640	13 
641	19 
642	6 
643	9 
644	16 
645	18 
646	31 
647	25 
648	17 
649	19 
650	4 
651	10 
652	13 
653	24 
654	17 
655	8 
656	20 
657	19 
658	12 
659	28 
660	23 
661	21 
662	16 
663	11 
664	3 
665	7 
666	22 
667	4 
668	22 
669	1 
670	31 
671	25 
672	20 
673	3 
674	24 
675	5 
676	10 
677	1 
678	16 
679	12 
680	3 
681	17 
682	16 
683	20 
684	11 
685	13 
686	7 
687	31 
688	15 
689	8 
690	29 
691	29 
692	25 
693	15 
694	25 
695	14 
696	4 
697	31 
698	23 
699	26 
700	8 
701	4 
702	5 
703	20 
704	12 
705	29 
706	8 
707	25 
708	5 
709	2 
710	18 
711	3 
712	5 
713	4 
714	21 
715	24 
716	8 
717	24 
718	22 
719	3 
720	13 
721	6 
722	28 
723	30 
724	20 
725	12 
726	15 
727	25 
728	8 
729	3 
730	11 
731	14 
732	15 
733	15 
734	16 
735	27 
736	27 
737	22 
738	28 
739	29 
740	12 
741	16 
742	5 
743	22 
744	28 
745	25 
746	3 
747	24 
748	25 
749	6 
750	25 
751	22 
752	20 
753	2 
754	2 
755	1 
756	5 
757	1 
758	11 
759	7 
760	3 
761	11 
762	22 
763	19 
764	18 
765	28 
766	26 
767	21 
768	13 
769	20 
770	1 
771	32 
772	29 
773	23 
774	27 
775	11 
776	26 
777	15 
778	4 
779	28 
780	4 
781	22 
782	23 
783	2 
784	16 
785	32 
786	21 
787	5 
788	17 
789	3 
790	5 
791	10 
792	28 
793	25 
794	30 
795	21 
796	5 
797	25 
798	3 
799	15 
800	22 
801	15 
802	21 
803	2 
804	7 
805	19 
806	19 
807	8 
808	9 
809	12 
810	12 
811	26 
812	16 
813	13 
814	8 
815	6 
816	11 
817	15 
818	11 
819	11 
820	26 
821	20 
822	15 
823	5 
824	25 
825	15 
826	31 
827	25 
828	17 
829	25 
830	23 
831	7 
832	32 
833	2 
834	16 
835	23 
836	27 
837	14 
838	31 
839	3 
840	1 
841	32 
842	22 
843	6 
844	16 
845	26 
846	32 
847	7 
848	13 
849	26 
850	5 
851	5 
852	25 
853	6 
854	2 
855	5 
856	18 
857	5 
858	5 
859	32 
860	3 
861	27 
862	21 
863	9 
864	31 
865	28 
866	1 
867	23 
868	23 
869	20 
870	1 
871	13 
872	2 
873	2 
874	27 
875	22 
876	16 
877	29 
878	18 
879	30 
880	31 
881	4 
882	26 
883	14 
884	29 
885	13 
886	15 
887	11 
888	7 
889	21 
890	8 
891	21 
892	17 
893	13 
894	7 
895	10 
896	12 
897	21 
898	18 
899	27 
900	11 
901	28 
902	32 
903	1 
904	1 
905	31 
906	31 
907	22 
908	12 
909	22 
910	9 
911	26 
912	21 
913	5 
914	32 
915	11 
916	27 
917	21 
918	27 
919	12 
920	21 
921	12 
922	27 
923	22 
924	23 
925	9 
926	1 
927	22 
928	13 
929	9 
930	21 
931	11 
932	26 
933	18 
934	17 
935	11 
936	3 
937	3 
938	29 
939	2 
940	2 
941	7 
942	15 
943	17 
944	7 
945	14 
946	5 
947	2 
948	14 
949	1 
950	18 
951	4 
952	11 
953	19 
954	10 
955	5 
956	16 
957	13 
958	3 
959	11 
960	5 
961	21 
962	24 
963	25 
964	22 
965	26 
966	3 
967	21 
968	8 
969	27 
970	9 
971	25 
972	21 
973	8 
974	31 
975	5 
976	13 
977	4 
978	16 
979	11 
980	22 
981	11 
982	22 
983	1 
984	11 
985	11 
986	6 
987	21 
988	4 
989	28 
990	18 
991	6 
992	8 
993	9 
994	3 
995	25 
996	5 
997	21 
998	31 
999	28 
1000	16 
