1	21 
2	15 
3	15 
4	12 
5	12 
6	23 
7	23 
8	3 
9	18 
10	26 
11	18 
12	15 
13	21 
14	7 
15	13 
16	4 
17	1 
18	20 
19	13 
20	19 
21	28 
22	3 
23	18 
24	11 
25	22 
26	17 
27	19 
28	4 
29	25 
30	10 
31	10 
32	20 
33	14 
34	14 
35	24 
36	17 
37	24 
38	10 
39	15 
40	23 
41	20 
42	8 
43	10 
44	8 
45	21 
46	10 
47	6 
48	17 
49	3 
50	17 
51	22 
52	8 
53	13 
54	1 
55	9 
56	5 
57	5 
58	11 
59	9 
60	16 
61	1 
62	28 
63	12 
64	25 
65	18 
66	7 
67	24 
68	6 
69	1 
70	6 
71	20 
72	26 
73	20 
74	26 
75	26 
76	18 
77	23 
78	3 
79	23 
80	4 
81	3 
82	5 
83	18 
84	10 
85	7 
86	23 
87	26 
88	9 
89	11 
90	16 
91	8 
92	12 
93	16 
94	10 
95	1 
96	3 
97	18 
98	5 
99	24 
100	1 
101	15 
102	14 
103	11 
104	7 
105	17 
106	11 
107	18 
108	13 
109	28 
110	13 
111	10 
112	3 
113	17 
114	18 
115	9 
116	19 
117	25 
118	14 
119	22 
120	5 
121	17 
122	16 
123	12 
124	17 
125	5 
126	24 
127	28 
128	3 
129	22 
130	22 
131	26 
132	16 
133	1 
134	1 
135	24 
136	10 
137	18 
138	24 
139	18 
140	14 
141	17 
142	24 
143	4 
144	13 
145	10 
146	24 
147	19 
148	3 
149	4 
150	15 
151	22 
152	15 
153	10 
154	14 
155	9 
156	17 
157	24 
158	19 
159	13 
160	15 
161	12 
162	14 
163	27 
164	10 
165	8 
166	24 
167	1 
168	22 
169	25 
170	25 
171	18 
172	17 
173	9 
174	11 
175	11 
176	19 
177	9 
178	15 
179	9 
180	8 
181	9 
182	6 
183	26 
184	10 
185	18 
186	1 
187	1 
188	22 
189	24 
190	20 
191	6 
192	10 
193	15 
194	1 
195	19 
196	23 
197	4 
198	21 
199	28 
200	5 
201	27 
202	21 
203	9 
204	22 
205	6 
206	21 
207	12 
208	9 
209	20 
210	24 
211	18 
212	17 
213	13 
214	17 
215	28 
216	13 
217	20 
218	1 
219	28 
220	3 
221	28 
222	14 
223	1 
224	14 
225	17 
226	9 
227	3 
228	19 
229	22 
230	1 
231	25 
232	25 
233	11 
234	23 
235	26 
236	24 
237	7 
238	20 
239	7 
240	11 
241	13 
242	2 
243	13 
244	25 
245	27 
246	7 
247	20 
248	2 
249	12 
250	24 
251	14 
252	9 
253	13 
254	24 
255	12 
256	3 
257	22 
258	12 
259	20 
260	28 
261	1 
262	24 
263	13 
264	27 
265	13 
266	24 
267	1 
268	7 
269	14 
270	18 
271	20 
272	10 
273	18 
274	3 
275	18 
276	14 
277	6 
278	25 
279	26 
280	23 
281	12 
282	1 
283	12 
284	2 
285	20 
286	16 
287	11 
288	10 
289	1 
290	9 
291	23 
292	28 
293	1 
294	2 
295	12 
296	5 
297	17 
298	4 
299	17 
300	20 
301	24 
302	5 
303	11 
304	11 
305	24 
306	26 
307	2 
308	12 
309	17 
310	16 
311	19 
312	8 
313	20 
314	17 
315	10 
316	2 
317	26 
318	28 
319	10 
320	19 
321	3 
322	12 
323	13 
324	11 
325	26 
326	9 
327	5 
328	10 
329	16 
330	8 
331	19 
332	18 
333	12 
334	12 
335	13 
336	28 
337	12 
338	8 
339	23 
340	26 
341	13 
342	23 
343	21 
344	18 
345	4 
346	11 
347	3 
348	21 
349	18 
350	26 
351	28 
352	8 
353	24 
354	24 
355	2 
356	26 
357	1 
358	23 
359	18 
360	11 
361	17 
362	6 
363	7 
364	26 
365	13 
366	5 
367	15 
368	23 
369	8 
370	12 
371	18 
372	24 
373	4 
374	10 
375	5 
376	10 
377	10 
378	14 
379	6 
380	11 
381	22 
382	21 
383	9 
384	20 
385	3 
386	28 
387	26 
388	1 
389	12 
390	24 
391	23 
392	17 
393	27 
394	14 
395	12 
396	21 
397	22 
398	5 
399	10 
400	12 
401	11 
402	26 
403	16 
404	10 
405	5 
406	16 
407	7 
408	11 
409	25 
410	2 
411	1 
412	14 
413	14 
414	13 
415	1 
416	5 
417	9 
418	6 
419	26 
420	14 
421	21 
422	26 
423	23 
424	8 
425	21 
426	7 
427	11 
428	9 
429	4 
430	17 
431	13 
432	8 
433	7 
434	23 
435	17 
436	23 
437	24 
438	22 
439	24 
440	23 
441	27 
442	7 
443	23 
444	20 
445	3 
446	9 
447	16 
448	17 
449	23 
450	21 
451	10 
452	2 
453	22 
454	15 
455	28 
456	2 
457	20 
458	2 
459	18 
460	12 
461	26 
462	8 
463	12 
464	3 
465	13 
466	15 
467	13 
468	19 
469	10 
470	8 
471	12 
472	24 
473	28 
474	22 
475	6 
476	3 
477	13 
478	21 
479	28 
480	13 
481	23 
482	2 
483	8 
484	12 
485	5 
486	28 
487	7 
488	24 
489	3 
490	11 
491	17 
492	15 
493	2 
494	11 
495	20 
496	9 
497	16 
498	9 
499	27 
500	11 
501	4 
502	9 
503	17 
504	8 
505	28 
506	23 
507	20 
508	7 
509	13 
510	3 
511	5 
512	17 
513	28 
514	4 
515	26 
516	5 
517	26 
518	28 
519	14 
520	2 
521	10 
522	3 
523	1 
524	24 
525	19 
526	20 
527	24 
528	12 
529	21 
530	18 
531	15 
532	7 
533	1 
534	18 
535	4 
536	17 
537	14 
538	24 
539	10 
540	4 
541	17 
542	9 
543	4 
544	1 
545	9 
546	17 
547	14 
548	11 
549	21 
550	15 
551	24 
552	16 
553	25 
554	5 
555	11 
556	17 
557	1 
558	27 
559	18 
560	1 
561	19 
562	17 
563	11 
564	23 
565	2 
566	19 
567	10 
568	18 
569	28 
570	15 
571	28 
572	2 
573	12 
574	24 
575	26 
576	27 
577	6 
578	2 
579	8 
580	8 
581	2 
582	14 
583	3 
584	3 
585	4 
586	9 
587	26 
588	1 
589	23 
590	24 
591	5 
592	24 
593	8 
594	2 
595	17 
596	5 
597	4 
598	7 
599	8 
600	5 
601	18 
602	25 
603	2 
604	3 
605	1 
606	19 
607	16 
608	4 
609	13 
610	16 
611	17 
612	13 
613	28 
614	27 
615	13 
616	11 
617	17 
618	14 
619	8 
620	12 
621	11 
622	6 
623	18 
624	12 
625	25 
626	14 
627	1 
628	18 
629	15 
630	18 
631	14 
632	8 
633	12 
634	18 
635	28 
636	24 
637	8 
638	25 
639	7 
640	22 
641	9 
642	1 
643	6 
644	17 
645	20 
646	9 
647	8 
648	7 
649	6 
650	9 
651	26 
652	3 
653	21 
654	21 
655	12 
656	11 
657	16 
658	24 
659	2 
660	15 
661	24 
662	10 
663	8 
664	13 
665	2 
666	23 
667	18 
668	12 
669	13 
670	27 
671	6 
672	18 
673	26 
674	14 
675	14 
676	18 
677	5 
678	5 
679	8 
680	23 
681	3 
682	19 
683	28 
684	23 
685	5 
686	5 
687	2 
688	13 
689	14 
690	12 
691	16 
692	25 
693	2 
694	14 
695	9 
696	22 
697	2 
698	24 
699	2 
700	26 
701	1 
702	10 
703	17 
704	24 
705	9 
706	16 
707	19 
708	4 
709	23 
710	13 
711	8 
712	1 
713	9 
714	16 
715	11 
716	15 
717	21 
718	11 
719	12 
720	1 
721	11 
722	4 
723	1 
724	26 
725	23 
726	8 
727	17 
728	1 
729	21 
730	15 
731	23 
732	20 
733	13 
734	13 
735	16 
736	10 
737	15 
738	8 
739	20 
740	8 
741	25 
742	14 
743	27 
744	15 
745	24 
746	21 
747	9 
748	26 
749	20 
750	21 
751	2 
752	21 
753	2 
754	21 
755	21 
756	28 
757	24 
758	25 
759	13 
760	1 
761	23 
762	17 
763	8 
764	21 
765	17 
766	10 
767	3 
768	13 
769	19 
770	1 
771	12 
772	22 
773	7 
774	3 
775	5 
776	13 
777	12 
778	20 
779	17 
780	24 
781	27 
782	12 
783	13 
784	18 
785	6 
786	11 
787	17 
788	24 
789	18 
790	8 
791	24 
792	26 
793	1 
794	27 
795	14 
796	24 
797	10 
798	13 
799	11 
800	23 
801	11 
802	26 
803	20 
804	8 
805	14 
806	27 
807	8 
808	24 
809	15 
810	3 
811	1 
812	7 
813	22 
814	26 
815	24 
816	19 
817	4 
818	4 
819	8 
820	4 
821	17 
822	3 
823	12 
824	3 
825	18 
826	26 
827	13 
828	23 
829	12 
830	27 
831	15 
832	14 
833	17 
834	16 
835	13 
836	12 
837	4 
838	20 
839	17 
840	28 
841	9 
842	26 
843	8 
844	22 
845	21 
846	1 
847	1 
848	12 
849	12 
850	11 
851	12 
852	24 
853	5 
854	11 
855	19 
856	8 
857	15 
858	24 
859	15 
860	5 
861	1 
862	16 
863	28 
864	15 
865	27 
866	25 
867	5 
868	7 
869	27 
870	6 
871	1 
872	25 
873	6 
874	22 
875	10 
876	11 
877	28 
878	2 
879	28 
880	15 
881	3 
882	20 
883	17 
884	26 
885	14 
886	19 
887	18 
888	28 
889	28 
890	1 
891	18 
892	8 
893	11 
894	21 
895	26 
896	8 
897	9 
898	24 
899	18 
900	3 
901	15 
902	16 
903	22 
904	7 
905	11 
906	18 
907	11 
908	21 
909	11 
910	22 
911	13 
912	10 
913	15 
914	2 
915	13 
916	2 
917	7 
918	22 
919	15 
920	9 
921	26 
922	26 
923	18 
924	27 
925	12 
926	23 
927	26 
928	16 
929	22 
930	6 
931	4 
932	18 
933	25 
934	13 
935	1 
936	18 
937	26 
938	13 
939	1 
940	23 
941	20 
942	26 
943	27 
944	28 
945	7 
946	6 
947	8 
948	8 
949	20 
950	14 
951	13 
952	1 
953	22 
954	19 
955	17 
956	27 
957	21 
958	4 
959	12 
960	20 
961	11 
962	6 
963	4 
964	9 
965	23 
966	27 
967	21 
968	3 
969	8 
970	14 
971	13 
972	12 
973	15 
974	13 
975	25 
976	6 
977	26 
978	14 
979	10 
980	4 
981	17 
982	15 
983	3 
984	12 
985	15 
986	4 
987	28 
988	10 
989	26 
990	24 
991	4 
992	24 
993	14 
994	24 
995	26 
996	28 
997	9 
998	2 
999	25 
1000	18 
