1	12 
2	9 
3	17 
4	14 
5	21 
6	8 
7	6 
8	16 
9	23 
10	25 
11	16 
12	26 
13	27 
14	21 
15	3 
16	9 
17	19 
18	23 
19	8 
20	8 
21	7 
22	17 
23	16 
24	21 
25	21 
26	26 
27	24 
28	15 
29	3 
30	10 
31	13 
32	27 
33	22 
34	17 
35	6 
36	28 
37	17 
38	15 
39	17 
40	22 
41	17 
42	25 
43	25 
44	7 
45	3 
46	17 
47	3 
48	17 
49	3 
50	6 
51	10 
52	4 
53	1 
54	26 
55	26 
56	16 
57	10 
58	25 
59	7 
60	11 
61	11 
62	26 
63	5 
64	2 
65	28 
66	16 
67	27 
68	9 
69	27 
70	13 
71	3 
72	25 
73	17 
74	26 
75	7 
76	21 
77	17 
78	25 
79	13 
80	2 
81	4 
82	10 
83	25 
84	12 
85	17 
86	1 
87	15 
88	11 
89	18 
90	17 
91	25 
92	21 
93	5 
94	22 
95	27 
96	24 
97	4 
98	12 
99	14 
100	20 
101	26 
102	18 
103	22 
104	11 
105	24 
106	3 
107	1 
108	28 
109	12 
110	24 
111	15 
112	20 
113	14 
114	1 
115	10 
116	6 
117	21 
118	20 
119	26 
120	28 
121	21 
122	21 
123	28 
124	6 
125	15 
126	10 
127	14 
128	24 
129	21 
130	25 
131	10 
132	9 
133	21 
134	2 
135	19 
136	24 
137	28 
138	15 
139	24 
140	18 
141	11 
142	10 
143	9 
144	22 
145	25 
146	9 
147	15 
148	25 
149	27 
150	28 
151	27 
152	26 
153	5 
154	7 
155	5 
156	3 
157	16 
158	3 
159	9 
160	20 
161	5 
162	6 
163	5 
164	27 
165	20 
166	3 
167	6 
168	8 
169	7 
170	19 
171	22 
172	26 
173	22 
174	14 
175	28 
176	13 
177	19 
178	9 
179	11 
180	6 
181	15 
182	13 
183	27 
184	6 
185	23 
186	14 
187	24 
188	13 
189	13 
190	21 
191	21 
192	18 
193	22 
194	26 
195	16 
196	1 
197	18 
198	26 
199	19 
200	6 
201	9 
202	16 
203	28 
204	25 
205	10 
206	19 
207	3 
208	2 
209	20 
210	6 
211	7 
212	3 
213	17 
214	14 
215	13 
216	24 
217	19 
218	12 
219	25 
220	2 
221	22 
222	2 
223	9 
224	16 
225	18 
226	28 
227	21 
228	25 
229	4 
230	3 
231	27 
232	22 
233	7 
234	3 
235	4 
236	17 
237	27 
238	18 
239	20 
240	6 
241	2 
242	6 
243	24 
244	27 
245	13 
246	21 
247	24 
248	15 
249	25 
250	11 
251	18 
252	21 
253	12 
254	1 
255	6 
256	18 
257	12 
258	6 
259	21 
260	11 
261	3 
262	3 
263	26 
264	28 
265	3 
266	14 
267	13 
268	19 
269	27 
270	24 
271	26 
272	20 
273	11 
274	10 
275	17 
276	13 
277	13 
278	13 
279	25 
280	14 
281	2 
282	3 
283	28 
284	14 
285	21 
286	23 
287	19 
288	21 
289	20 
290	27 
291	12 
292	22 
293	18 
294	24 
295	1 
296	19 
297	20 
298	17 
299	16 
300	10 
301	25 
302	14 
303	20 
304	28 
305	17 
306	4 
307	15 
308	20 
309	28 
310	10 
311	27 
312	18 
313	3 
314	9 
315	18 
316	9 
317	20 
318	21 
319	11 
320	11 
321	3 
322	6 
323	17 
324	16 
325	12 
326	2 
327	11 
328	1 
329	28 
330	27 
331	16 
332	16 
333	24 
334	22 
335	18 
336	26 
337	15 
338	5 
339	10 
340	10 
341	4 
342	7 
343	6 
344	21 
345	26 
346	2 
347	27 
348	24 
349	2 
350	22 
351	5 
352	23 
353	15 
354	28 
355	16 
356	9 
357	10 
358	27 
359	17 
360	18 
361	12 
362	26 
363	20 
364	20 
365	25 
366	20 
367	16 
368	22 
369	12 
370	11 
371	17 
372	25 
373	8 
374	8 
375	16 
376	7 
377	20 
378	2 
379	23 
380	28 
381	16 
382	18 
383	27 
384	2 
385	8 
386	26 
387	27 
388	1 
389	9 
390	23 
391	21 
392	24 
393	24 
394	17 
395	17 
396	24 
397	13 
398	25 
399	12 
400	20 
401	3 
402	9 
403	16 
404	23 
405	23 
406	21 
407	3 
408	6 
409	20 
410	2 
411	18 
412	28 
413	18 
414	11 
415	2 
416	28 
417	20 
418	5 
419	9 
420	11 
421	21 
422	22 
423	8 
424	24 
425	15 
426	15 
427	24 
428	16 
429	25 
430	7 
431	6 
432	26 
433	8 
434	24 
435	19 
436	14 
437	17 
438	7 
439	19 
440	13 
441	10 
442	4 
443	5 
444	3 
445	25 
446	12 
447	1 
448	12 
449	6 
450	13 
451	18 
452	7 
453	16 
454	10 
455	26 
456	10 
457	24 
458	5 
459	4 
460	19 
461	23 
462	21 
463	10 
464	10 
465	6 
466	11 
467	18 
468	10 
469	21 
470	16 
471	23 
472	18 
473	19 
474	2 
475	24 
476	7 
477	10 
478	15 
479	22 
480	20 
481	26 
482	25 
483	12 
484	7 
485	26 
486	3 
487	9 
488	23 
489	22 
490	25 
491	5 
492	13 
493	26 
494	21 
495	10 
496	7 
497	7 
498	9 
499	16 
500	27 
501	27 
502	27 
503	26 
504	21 
505	1 
506	17 
507	21 
508	7 
509	7 
510	11 
511	4 
512	14 
513	27 
514	8 
515	12 
516	2 
517	5 
518	13 
519	3 
520	9 
521	17 
522	16 
523	24 
524	16 
525	2 
526	20 
527	22 
528	9 
529	6 
530	13 
531	22 
532	3 
533	11 
534	4 
535	3 
536	28 
537	2 
538	11 
539	2 
540	12 
541	15 
542	1 
543	15 
544	23 
545	5 
546	10 
547	6 
548	11 
549	9 
550	3 
551	22 
552	17 
553	11 
554	20 
555	22 
556	9 
557	12 
558	18 
559	3 
560	3 
561	22 
562	27 
563	6 
564	2 
565	27 
566	18 
567	19 
568	16 
569	10 
570	13 
571	20 
572	24 
573	22 
574	5 
575	17 
576	10 
577	23 
578	27 
579	19 
580	26 
581	16 
582	3 
583	14 
584	25 
585	27 
586	15 
587	2 
588	21 
589	28 
590	23 
591	11 
592	20 
593	12 
594	13 
595	27 
596	26 
597	3 
598	27 
599	17 
600	11 
601	21 
602	9 
603	24 
604	15 
605	16 
606	8 
607	22 
608	16 
609	7 
610	28 
611	17 
612	12 
613	27 
614	12 
615	25 
616	8 
617	21 
618	2 
619	20 
620	12 
621	13 
622	21 
623	23 
624	12 
625	10 
626	15 
627	7 
628	2 
629	20 
630	26 
631	22 
632	15 
633	27 
634	2 
635	7 
636	28 
637	28 
638	25 
639	25 
640	2 
641	12 
642	22 
643	9 
644	28 
645	16 
646	27 
647	22 
648	28 
649	21 
650	8 
651	27 
652	9 
653	5 
654	20 
655	25 
656	11 
657	15 
658	10 
659	9 
660	16 
661	11 
662	7 
663	4 
664	16 
665	21 
666	25 
667	19 
668	11 
669	6 
670	21 
671	6 
672	15 
673	12 
674	4 
675	17 
676	7 
677	4 
678	27 
679	17 
680	8 
681	25 
682	12 
683	10 
684	20 
685	8 
686	12 
687	14 
688	16 
689	6 
690	24 
691	17 
692	2 
693	27 
694	8 
695	14 
696	20 
697	20 
698	24 
699	9 
700	8 
701	21 
702	2 
703	3 
704	3 
705	19 
706	4 
707	9 
708	8 
709	13 
710	10 
711	7 
712	15 
713	24 
714	10 
715	27 
716	21 
717	10 
718	21 
719	10 
720	20 
721	27 
722	16 
723	28 
724	15 
725	22 
726	27 
727	5 
728	23 
729	28 
730	13 
731	1 
732	9 
733	15 
734	28 
735	3 
736	15 
737	14 
738	15 
739	8 
740	8 
741	21 
742	26 
743	17 
744	23 
745	6 
746	28 
747	10 
748	18 
749	11 
750	25 
751	20 
752	12 
753	20 
754	21 
755	21 
756	1 
757	17 
758	14 
759	17 
760	25 
761	23 
762	26 
763	3 
764	27 
765	24 
766	20 
767	18 
768	1 
769	1 
770	26 
771	24 
772	8 
773	26 
774	5 
775	10 
776	22 
777	28 
778	22 
779	20 
780	23 
781	14 
782	18 
783	3 
784	28 
785	4 
786	10 
787	17 
788	1 
789	5 
790	22 
791	22 
792	9 
793	20 
794	1 
795	5 
796	6 
797	23 
798	1 
799	14 
800	25 
801	6 
802	6 
803	22 
804	27 
805	24 
806	17 
807	22 
808	25 
809	17 
810	25 
811	27 
812	15 
813	17 
814	7 
815	3 
816	23 
817	2 
818	10 
819	21 
820	15 
821	10 
822	4 
823	10 
824	10 
825	7 
826	23 
827	1 
828	20 
829	20 
830	6 
831	22 
832	24 
833	25 
834	28 
835	28 
836	23 
837	12 
838	20 
839	18 
840	22 
841	26 
842	28 
843	4 
844	21 
845	2 
846	22 
847	1 
848	24 
849	19 
850	13 
851	25 
852	24 
853	19 
854	5 
855	22 
856	2 
857	4 
858	24 
859	16 
860	7 
861	6 
862	10 
863	13 
864	21 
865	22 
866	3 
867	18 
868	20 
869	16 
870	12 
871	24 
872	22 
873	21 
874	22 
875	9 
876	6 
877	11 
878	4 
879	2 
880	15 
881	16 
882	12 
883	11 
884	25 
885	24 
886	14 
887	22 
888	14 
889	7 
890	6 
891	16 
892	6 
893	14 
894	3 
895	7 
896	3 
897	20 
898	18 
899	20 
900	12 
901	4 
902	8 
903	22 
904	12 
905	3 
906	17 
907	6 
908	25 
909	9 
910	16 
911	24 
912	9 
913	22 
914	22 
915	23 
916	2 
917	3 
918	3 
919	10 
920	16 
921	22 
922	20 
923	20 
924	24 
925	3 
926	17 
927	18 
928	10 
929	12 
930	22 
931	18 
932	16 
933	11 
934	21 
935	6 
936	5 
937	7 
938	15 
939	7 
940	16 
941	24 
942	13 
943	27 
944	17 
945	10 
946	14 
947	14 
948	6 
949	11 
950	12 
951	27 
952	15 
953	23 
954	16 
955	20 
956	21 
957	24 
958	23 
959	6 
960	7 
961	26 
962	17 
963	27 
964	7 
965	10 
966	2 
967	24 
968	22 
969	17 
970	22 
971	11 
972	26 
973	2 
974	3 
975	24 
976	22 
977	27 
978	21 
979	10 
980	9 
981	9 
982	16 
983	27 
984	20 
985	9 
986	17 
987	10 
988	16 
989	12 
990	26 
991	27 
992	12 
993	3 
994	25 
995	21 
996	3 
997	6 
998	16 
999	3 
1000	27 
