1	10 
2	16 
3	17 
4	6 
5	25 
6	16 
7	16 
8	17 
9	19 
10	5 
11	20 
12	10 
13	9 
14	4 
15	5 
16	8 
17	21 
18	18 
19	6 
20	4 
21	3 
22	8 
23	10 
24	21 
25	19 
26	8 
27	12 
28	6 
29	10 
30	5 
31	3 
32	5 
33	6 
34	6 
35	23 
36	6 
37	19 
38	20 
39	8 
40	16 
41	24 
42	11 
43	11 
44	13 
45	15 
46	8 
47	21 
48	10 
49	7 
50	22 
51	20 
52	17 
53	11 
54	16 
55	10 
56	6 
57	24 
58	24 
59	10 
60	22 
61	3 
62	25 
63	18 
64	7 
65	16 
66	17 
67	12 
68	25 
69	20 
70	21 
71	19 
72	8 
73	3 
74	21 
75	13 
76	14 
77	9 
78	19 
79	23 
80	3 
81	22 
82	16 
83	13 
84	23 
85	22 
86	1 
87	21 
88	10 
89	22 
90	16 
91	24 
92	5 
93	24 
94	12 
95	7 
96	21 
97	9 
98	16 
99	18 
100	21 
101	10 
102	10 
103	16 
104	15 
105	3 
106	18 
107	22 
108	22 
109	9 
110	4 
111	15 
112	18 
113	18 
114	14 
115	7 
116	19 
117	24 
118	7 
119	13 
120	21 
121	5 
122	12 
123	4 
124	10 
125	18 
126	5 
127	2 
128	18 
129	13 
130	20 
131	8 
132	14 
133	7 
134	9 
135	4 
136	23 
137	12 
138	15 
139	25 
140	8 
141	9 
142	8 
143	14 
144	12 
145	18 
146	6 
147	10 
148	20 
149	2 
150	20 
151	23 
152	21 
153	1 
154	20 
155	9 
156	8 
157	19 
158	15 
159	9 
160	6 
161	5 
162	2 
163	6 
164	1 
165	11 
166	13 
167	17 
168	21 
169	24 
170	9 
171	2 
172	5 
173	4 
174	23 
175	10 
176	1 
177	21 
178	2 
179	13 
180	9 
181	21 
182	18 
183	8 
184	23 
185	4 
186	24 
187	14 
188	15 
189	16 
190	16 
191	21 
192	21 
193	21 
194	11 
195	25 
196	14 
197	14 
198	20 
199	20 
200	18 
201	14 
202	24 
203	18 
204	17 
205	8 
206	19 
207	23 
208	11 
209	16 
210	22 
211	9 
212	5 
213	21 
214	13 
215	4 
216	14 
217	24 
218	4 
219	15 
220	20 
221	1 
222	3 
223	15 
224	13 
225	2 
226	19 
227	16 
228	25 
229	13 
230	2 
231	20 
232	24 
233	8 
234	20 
235	24 
236	5 
237	10 
238	22 
239	22 
240	4 
241	24 
242	6 
243	13 
244	19 
245	22 
246	1 
247	15 
248	15 
249	13 
250	24 
251	5 
252	10 
253	8 
254	9 
255	16 
256	8 
257	18 
258	2 
259	19 
260	14 
261	10 
262	13 
263	25 
264	7 
265	21 
266	20 
267	16 
268	5 
269	24 
270	17 
271	9 
272	6 
273	1 
274	14 
275	22 
276	20 
277	9 
278	20 
279	3 
280	14 
281	6 
282	20 
283	18 
284	5 
285	25 
286	9 
287	12 
288	17 
289	15 
290	17 
291	22 
292	1 
293	18 
294	7 
295	4 
296	1 
297	11 
298	16 
299	14 
300	18 
301	3 
302	17 
303	10 
304	16 
305	21 
306	11 
307	9 
308	1 
309	6 
310	18 
311	15 
312	11 
313	7 
314	7 
315	11 
316	7 
317	9 
318	23 
319	13 
320	9 
321	7 
322	17 
323	10 
324	19 
325	25 
326	22 
327	20 
328	2 
329	3 
330	16 
331	25 
332	1 
333	9 
334	13 
335	2 
336	16 
337	18 
338	24 
339	19 
340	23 
341	11 
342	23 
343	23 
344	19 
345	21 
346	5 
347	25 
348	17 
349	18 
350	19 
351	23 
352	11 
353	14 
354	25 
355	13 
356	23 
357	3 
358	9 
359	11 
360	6 
361	3 
362	13 
363	13 
364	19 
365	17 
366	11 
367	16 
368	22 
369	11 
370	12 
371	3 
372	22 
373	20 
374	17 
375	16 
376	18 
377	5 
378	25 
379	20 
380	21 
381	15 
382	7 
383	22 
384	8 
385	8 
386	9 
387	4 
388	12 
389	11 
390	16 
391	23 
392	15 
393	21 
394	9 
395	17 
396	3 
397	7 
398	1 
399	11 
400	22 
401	7 
402	11 
403	2 
404	10 
405	2 
406	13 
407	7 
408	23 
409	8 
410	13 
411	19 
412	21 
413	18 
414	8 
415	10 
416	17 
417	16 
418	21 
419	22 
420	8 
421	14 
422	4 
423	3 
424	20 
425	8 
426	6 
427	13 
428	23 
429	9 
430	25 
431	18 
432	7 
433	9 
434	13 
435	1 
436	17 
437	3 
438	6 
439	7 
440	18 
441	3 
442	4 
443	22 
444	8 
445	16 
446	9 
447	19 
448	2 
449	21 
450	19 
451	24 
452	7 
453	22 
454	1 
455	2 
456	4 
457	19 
458	6 
459	5 
460	25 
461	9 
462	11 
463	24 
464	1 
465	8 
466	24 
467	13 
468	16 
469	4 
470	6 
471	18 
472	17 
473	18 
474	22 
475	17 
476	5 
477	20 
478	12 
479	23 
480	16 
481	17 
482	11 
483	7 
484	11 
485	24 
486	13 
487	13 
488	21 
489	7 
490	2 
491	4 
492	23 
493	8 
494	20 
495	4 
496	10 
497	19 
498	19 
499	19 
500	22 
501	23 
502	6 
503	5 
504	23 
505	17 
506	15 
507	17 
508	12 
509	25 
510	22 
511	25 
512	15 
513	24 
514	3 
515	6 
516	19 
517	24 
518	17 
519	15 
520	21 
521	9 
522	5 
523	3 
524	21 
525	16 
526	2 
527	6 
528	19 
529	24 
530	19 
531	6 
532	3 
533	16 
534	13 
535	20 
536	3 
537	2 
538	9 
539	3 
540	2 
541	4 
542	10 
543	19 
544	5 
545	21 
546	4 
547	1 
548	21 
549	23 
550	24 
551	24 
552	2 
553	7 
554	7 
555	14 
556	11 
557	4 
558	13 
559	23 
560	10 
561	6 
562	8 
563	22 
564	2 
565	24 
566	1 
567	9 
568	3 
569	13 
570	7 
571	11 
572	7 
573	7 
574	14 
575	16 
576	6 
577	5 
578	18 
579	12 
580	8 
581	15 
582	25 
583	7 
584	2 
585	12 
586	18 
587	12 
588	12 
589	3 
590	14 
591	20 
592	21 
593	7 
594	18 
595	13 
596	21 
597	16 
598	11 
599	1 
600	8 
601	9 
602	1 
603	18 
604	20 
605	21 
606	5 
607	6 
608	13 
609	12 
610	10 
611	11 
612	11 
613	15 
614	25 
615	5 
616	22 
617	5 
618	14 
619	18 
620	22 
621	11 
622	23 
623	5 
624	9 
625	13 
626	15 
627	2 
628	10 
629	18 
630	10 
631	3 
632	19 
633	18 
634	13 
635	24 
636	3 
637	20 
638	22 
639	21 
640	6 
641	24 
642	25 
643	1 
644	3 
645	15 
646	23 
647	25 
648	10 
649	2 
650	12 
651	18 
652	24 
653	6 
654	13 
655	2 
656	13 
657	24 
658	19 
659	14 
660	21 
661	18 
662	11 
663	13 
664	14 
665	2 
666	19 
667	3 
668	3 
669	5 
670	14 
671	13 
672	6 
673	9 
674	8 
675	8 
676	13 
677	21 
678	10 
679	6 
680	12 
681	19 
682	3 
683	13 
684	7 
685	15 
686	7 
687	9 
688	4 
689	21 
690	5 
691	10 
692	22 
693	21 
694	1 
695	12 
696	3 
697	9 
698	3 
699	17 
700	19 
701	22 
702	21 
703	8 
704	6 
705	21 
706	14 
707	8 
708	3 
709	19 
710	11 
711	9 
712	18 
713	16 
714	20 
715	24 
716	9 
717	14 
718	12 
719	19 
720	25 
721	12 
722	25 
723	2 
724	16 
725	20 
726	12 
727	13 
728	25 
729	14 
730	24 
731	12 
732	19 
733	25 
734	10 
735	2 
736	12 
737	21 
738	1 
739	2 
740	3 
741	24 
742	3 
743	14 
744	25 
745	15 
746	6 
747	7 
748	1 
749	22 
750	19 
751	7 
752	3 
753	9 
754	22 
755	19 
756	8 
757	20 
758	11 
759	17 
760	10 
761	20 
762	13 
763	8 
764	20 
765	6 
766	9 
767	22 
768	16 
769	20 
770	11 
771	18 
772	20 
773	21 
774	15 
775	7 
776	24 
777	9 
778	12 
779	19 
780	12 
781	3 
782	6 
783	24 
784	7 
785	7 
786	5 
787	18 
788	22 
789	1 
790	1 
791	10 
792	24 
793	6 
794	18 
795	6 
796	10 
797	7 
798	10 
799	5 
800	8 
801	6 
802	22 
803	7 
804	14 
805	15 
806	20 
807	25 
808	18 
809	13 
810	8 
811	24 
812	15 
813	6 
814	6 
815	23 
816	17 
817	9 
818	9 
819	17 
820	5 
821	25 
822	20 
823	13 
824	11 
825	20 
826	10 
827	23 
828	19 
829	10 
830	24 
831	5 
832	3 
833	8 
834	21 
835	22 
836	19 
837	23 
838	22 
839	23 
840	16 
841	21 
842	19 
843	4 
844	8 
845	14 
846	13 
847	5 
848	9 
849	21 
850	16 
851	5 
852	3 
853	24 
854	19 
855	6 
856	2 
857	10 
858	21 
859	23 
860	2 
861	19 
862	6 
863	4 
864	15 
865	18 
866	1 
867	24 
868	10 
869	9 
870	13 
871	8 
872	17 
873	16 
874	18 
875	16 
876	13 
877	25 
878	2 
879	20 
880	8 
881	25 
882	22 
883	10 
884	14 
885	25 
886	10 
887	5 
888	3 
889	17 
890	25 
891	15 
892	9 
893	19 
894	4 
895	25 
896	7 
897	22 
898	8 
899	20 
900	7 
901	4 
902	17 
903	15 
904	18 
905	8 
906	10 
907	6 
908	25 
909	10 
910	1 
911	9 
912	25 
913	8 
914	14 
915	1 
916	20 
917	7 
918	16 
919	4 
920	5 
921	23 
922	8 
923	13 
924	20 
925	4 
926	12 
927	6 
928	17 
929	11 
930	14 
931	23 
932	17 
933	20 
934	6 
935	6 
936	9 
937	3 
938	9 
939	10 
940	13 
941	23 
942	5 
943	20 
944	25 
945	7 
946	25 
947	16 
948	15 
949	14 
950	24 
951	20 
952	7 
953	10 
954	8 
955	21 
956	20 
957	8 
958	20 
959	13 
960	8 
961	20 
962	3 
963	22 
964	24 
965	9 
966	18 
967	8 
968	25 
969	11 
970	11 
971	5 
972	20 
973	3 
974	25 
975	8 
976	10 
977	3 
978	5 
979	22 
980	3 
981	19 
982	16 
983	9 
984	18 
985	18 
986	10 
987	10 
988	19 
989	6 
990	16 
991	10 
992	16 
993	21 
994	10 
995	13 
996	20 
997	21 
998	13 
999	21 
1000	21 
