1	15 
2	28 
3	26 
4	22 
5	10 
6	7 
7	21 
8	3 
9	7 
10	14 
11	24 
12	24 
13	7 
14	17 
15	26 
16	6 
17	4 
18	32 
19	1 
20	33 
21	22 
22	24 
23	22 
24	6 
25	5 
26	27 
27	5 
28	22 
29	32 
30	19 
31	5 
32	2 
33	23 
34	10 
35	28 
36	16 
37	30 
38	22 
39	2 
40	7 
41	16 
42	18 
43	19 
44	26 
45	32 
46	2 
47	10 
48	10 
49	30 
50	3 
51	7 
52	10 
53	11 
54	20 
55	25 
56	26 
57	14 
58	27 
59	28 
60	6 
61	4 
62	32 
63	20 
64	22 
65	2 
66	10 
67	26 
68	16 
69	27 
70	30 
71	10 
72	2 
73	33 
74	12 
75	14 
76	25 
77	12 
78	18 
79	4 
80	7 
81	27 
82	4 
83	23 
84	13 
85	31 
86	8 
87	33 
88	5 
89	25 
90	4 
91	30 
92	19 
93	30 
94	2 
95	18 
96	5 
97	3 
98	2 
99	28 
100	23 
101	25 
102	7 
103	9 
104	32 
105	18 
106	13 
107	22 
108	5 
109	17 
110	24 
111	23 
112	33 
113	9 
114	29 
115	21 
116	7 
117	7 
118	7 
119	32 
120	1 
121	10 
122	8 
123	15 
124	21 
125	1 
126	19 
127	33 
128	30 
129	14 
130	18 
131	26 
132	21 
133	2 
134	21 
135	13 
136	29 
137	8 
138	26 
139	5 
140	10 
141	25 
142	15 
143	4 
144	2 
145	14 
146	24 
147	27 
148	24 
149	4 
150	2 
151	4 
152	32 
153	18 
154	7 
155	5 
156	21 
157	22 
158	5 
159	8 
160	19 
161	17 
162	31 
163	24 
164	7 
165	13 
166	2 
167	4 
168	28 
169	1 
170	30 
171	3 
172	27 
173	23 
174	21 
175	13 
176	25 
177	15 
178	9 
179	20 
180	14 
181	4 
182	30 
183	2 
184	16 
185	22 
186	19 
187	4 
188	26 
189	25 
190	28 
191	10 
192	7 
193	18 
194	32 
195	32 
196	2 
197	19 
198	24 
199	18 
200	24 
201	26 
202	32 
203	15 
204	5 
205	33 
206	16 
207	19 
208	14 
209	24 
210	13 
211	6 
212	27 
213	16 
214	9 
215	1 
216	5 
217	20 
218	6 
219	27 
220	22 
221	11 
222	9 
223	17 
224	22 
225	32 
226	4 
227	11 
228	6 
229	11 
230	31 
231	12 
232	33 
233	29 
234	11 
235	6 
236	7 
237	7 
238	30 
239	18 
240	31 
241	9 
242	33 
243	5 
244	22 
245	1 
246	21 
247	8 
248	6 
249	28 
250	2 
251	2 
252	24 
253	31 
254	17 
255	29 
256	21 
257	25 
258	3 
259	2 
260	28 
261	7 
262	26 
263	29 
264	5 
265	10 
266	18 
267	1 
268	15 
269	22 
270	19 
271	16 
272	2 
273	23 
274	33 
275	4 
276	24 
277	9 
278	31 
279	4 
280	2 
281	24 
282	27 
283	31 
284	11 
285	13 
286	4 
287	7 
288	25 
289	21 
290	12 
291	18 
292	5 
293	6 
294	2 
295	12 
296	1 
297	24 
298	31 
299	2 
300	6 
301	30 
302	4 
303	20 
304	32 
305	22 
306	23 
307	8 
308	27 
309	23 
310	28 
311	25 
312	1 
313	14 
314	12 
315	21 
316	27 
317	24 
318	25 
319	32 
320	29 
321	26 
322	21 
323	21 
324	1 
325	30 
326	7 
327	24 
328	20 
329	24 
330	31 
331	18 
332	14 
333	19 
334	16 
335	8 
336	19 
337	22 
338	29 
339	19 
340	13 
341	26 
342	33 
343	14 
344	18 
345	8 
346	21 
347	22 
348	11 
349	31 
350	4 
351	18 
352	24 
353	27 
354	20 
355	7 
356	5 
357	19 
358	33 
359	9 
360	33 
361	28 
362	18 
363	10 
364	23 
365	21 
366	12 
367	19 
368	8 
369	32 
370	31 
371	29 
372	28 
373	26 
374	5 
375	20 
376	28 
377	4 
378	18 
379	33 
380	7 
381	19 
382	2 
383	31 
384	13 
385	29 
386	15 
387	9 
388	11 
389	1 
390	25 
391	24 
392	9 
393	15 
394	31 
395	7 
396	26 
397	18 
398	21 
399	18 
400	27 
401	4 
402	18 
403	19 
404	17 
405	4 
406	10 
407	2 
408	2 
409	19 
410	16 
411	12 
412	22 
413	33 
414	2 
415	20 
416	12 
417	11 
418	9 
419	10 
420	9 
421	27 
422	15 
423	12 
424	12 
425	22 
426	7 
427	7 
428	10 
429	22 
430	17 
431	11 
432	22 
433	12 
434	24 
435	26 
436	1 
437	22 
438	13 
439	27 
440	7 
441	8 
442	12 
443	31 
444	10 
445	22 
446	33 
447	18 
448	5 
449	14 
450	28 
451	18 
452	2 
453	6 
454	6 
455	14 
456	9 
457	9 
458	27 
459	6 
460	7 
461	12 
462	21 
463	16 
464	22 
465	24 
466	19 
467	6 
468	13 
469	3 
470	16 
471	6 
472	28 
473	18 
474	3 
475	7 
476	26 
477	7 
478	31 
479	22 
480	15 
481	14 
482	15 
483	6 
484	20 
485	9 
486	30 
487	13 
488	16 
489	9 
490	29 
491	4 
492	21 
493	8 
494	24 
495	4 
496	27 
497	27 
498	25 
499	33 
500	5 
501	10 
502	25 
503	9 
504	30 
505	13 
506	31 
507	21 
508	25 
509	1 
510	24 
511	14 
512	9 
513	19 
514	17 
515	19 
516	25 
517	7 
518	9 
519	7 
520	9 
521	3 
522	14 
523	23 
524	19 
525	10 
526	29 
527	7 
528	7 
529	17 
530	27 
531	2 
532	31 
533	21 
534	24 
535	23 
536	4 
537	9 
538	19 
539	24 
540	15 
541	29 
542	28 
543	10 
544	28 
545	1 
546	1 
547	22 
548	11 
549	17 
550	24 
551	18 
552	32 
553	31 
554	12 
555	7 
556	21 
557	26 
558	12 
559	17 
560	30 
561	23 
562	13 
563	17 
564	19 
565	19 
566	12 
567	24 
568	15 
569	14 
570	18 
571	10 
572	11 
573	13 
574	13 
575	22 
576	2 
577	4 
578	33 
579	11 
580	29 
581	33 
582	23 
583	31 
584	5 
585	33 
586	8 
587	20 
588	14 
589	18 
590	32 
591	9 
592	16 
593	14 
594	3 
595	8 
596	10 
597	32 
598	4 
599	21 
600	5 
601	1 
602	10 
603	26 
604	29 
605	12 
606	27 
607	17 
608	1 
609	2 
610	14 
611	31 
612	19 
613	26 
614	4 
615	28 
616	3 
617	5 
618	22 
619	33 
620	15 
621	27 
622	24 
623	2 
624	27 
625	26 
626	8 
627	4 
628	26 
629	21 
630	8 
631	27 
632	12 
633	12 
634	5 
635	20 
636	21 
637	4 
638	33 
639	18 
640	4 
641	3 
642	5 
643	19 
644	9 
645	3 
646	13 
647	12 
648	17 
649	23 
650	30 
651	22 
652	11 
653	19 
654	17 
655	29 
656	16 
657	18 
658	4 
659	4 
660	15 
661	30 
662	7 
663	27 
664	24 
665	8 
666	21 
667	23 
668	14 
669	2 
670	24 
671	26 
672	8 
673	4 
674	24 
675	20 
676	21 
677	26 
678	31 
679	8 
680	1 
681	15 
682	22 
683	16 
684	18 
685	31 
686	31 
687	22 
688	23 
689	16 
690	18 
691	1 
692	19 
693	24 
694	24 
695	5 
696	18 
697	4 
698	7 
699	5 
700	24 
701	1 
702	4 
703	15 
704	11 
705	2 
706	33 
707	23 
708	20 
709	30 
710	13 
711	5 
712	3 
713	33 
714	13 
715	5 
716	7 
717	20 
718	29 
719	23 
720	21 
721	15 
722	9 
723	17 
724	16 
725	33 
726	32 
727	11 
728	27 
729	19 
730	17 
731	19 
732	13 
733	1 
734	29 
735	7 
736	25 
737	6 
738	23 
739	13 
740	4 
741	21 
742	21 
743	31 
744	8 
745	11 
746	15 
747	30 
748	5 
749	19 
750	12 
751	2 
752	3 
753	1 
754	26 
755	24 
756	21 
757	2 
758	14 
759	13 
760	18 
761	23 
762	17 
763	3 
764	23 
765	10 
766	26 
767	16 
768	2 
769	30 
770	14 
771	21 
772	24 
773	24 
774	8 
775	7 
776	6 
777	7 
778	2 
779	5 
780	2 
781	28 
782	23 
783	19 
784	31 
785	28 
786	19 
787	20 
788	28 
789	18 
790	1 
791	22 
792	18 
793	14 
794	9 
795	20 
796	20 
797	23 
798	5 
799	2 
800	4 
801	6 
802	9 
803	28 
804	26 
805	29 
806	16 
807	21 
808	15 
809	21 
810	16 
811	23 
812	32 
813	30 
814	28 
815	3 
816	17 
817	14 
818	16 
819	7 
820	8 
821	18 
822	20 
823	24 
824	25 
825	23 
826	29 
827	21 
828	7 
829	26 
830	10 
831	24 
832	19 
833	7 
834	3 
835	18 
836	28 
837	18 
838	19 
839	10 
840	26 
841	7 
842	24 
843	22 
844	31 
845	5 
846	9 
847	5 
848	16 
849	8 
850	16 
851	4 
852	21 
853	3 
854	8 
855	32 
856	23 
857	2 
858	22 
859	21 
860	11 
861	31 
862	24 
863	23 
864	30 
865	10 
866	21 
867	6 
868	26 
869	31 
870	29 
871	16 
872	26 
873	3 
874	7 
875	8 
876	18 
877	5 
878	30 
879	5 
880	17 
881	32 
882	12 
883	21 
884	16 
885	22 
886	14 
887	24 
888	20 
889	25 
890	2 
891	30 
892	21 
893	6 
894	28 
895	10 
896	18 
897	17 
898	4 
899	11 
900	8 
901	21 
902	19 
903	26 
904	31 
905	7 
906	20 
907	5 
908	2 
909	4 
910	5 
911	31 
912	7 
913	1 
914	20 
915	24 
916	12 
917	1 
918	26 
919	21 
920	9 
921	16 
922	21 
923	31 
924	5 
925	27 
926	6 
927	10 
928	19 
929	3 
930	8 
931	11 
932	5 
933	7 
934	26 
935	5 
936	24 
937	10 
938	24 
939	13 
940	1 
941	7 
942	11 
943	20 
944	8 
945	26 
946	13 
947	24 
948	20 
949	26 
950	11 
951	7 
952	21 
953	8 
954	31 
955	31 
956	17 
957	29 
958	13 
959	8 
960	23 
961	19 
962	14 
963	24 
964	28 
965	6 
966	6 
967	21 
968	22 
969	33 
970	22 
971	26 
972	30 
973	10 
974	14 
975	3 
976	11 
977	25 
978	1 
979	14 
980	30 
981	21 
982	22 
983	30 
984	24 
985	11 
986	19 
987	12 
988	2 
989	33 
990	21 
991	32 
992	23 
993	19 
994	21 
995	5 
996	5 
997	31 
998	22 
999	13 
1000	5 
