1	232
1	254
1	686
1	880
2	643
2	882
2	945
2	977
3	581
3	908
3	938
3	973
4	58
4	460
4	877
4	975
5	122
5	727
5	773
5	982
6	515
6	686
6	701
6	942
7	561
7	670
7	705
7	732
8	527
8	667
8	741
8	956
9	519
9	636
9	974
9	985
10	844
10	858
10	989
10	991
11	76
11	690
11	948
11	992
12	105
12	258
12	595
12	993
13	737
13	760
13	808
13	986
14	506
14	923
14	974
14	978
15	525
15	733
15	809
15	923
16	225
16	553
16	603
16	635
17	210
17	264
17	924
17	937
18	689
18	769
18	925
18	956
19	340
19	777
19	842
19	904
20	135
20	528
20	808
20	953
21	864
21	908
21	982
21	987
22	83
22	844
22	986
22	989
23	58
23	786
23	821
23	992
24	174
24	909
24	953
24	980
25	331
25	431
25	711
25	805
26	802
26	804
26	865
26	931
27	363
27	859
27	923
27	987
28	63
28	595
28	878
28	977
29	576
29	771
29	917
29	992
30	299
30	797
30	840
30	935
31	818
31	838
31	867
31	991
32	764
32	900
32	981
32	985
33	644
33	832
33	993
33	997
34	909
34	985
34	991
34	997
35	182
35	483
35	596
35	791
36	803
36	809
36	934
36	956
37	735
37	959
37	968
37	997
38	500
38	532
38	599
38	968
39	530
39	659
39	910
39	958
40	326
40	960
40	972
40	978
41	294
41	723
41	741
41	907
42	85
42	339
42	437
42	999
43	562
43	605
43	844
43	922
44	203
44	585
44	702
44	884
45	309
45	420
45	841
45	976
46	782
46	938
46	954
46	974
47	128
47	977
47	981
47	998
48	366
48	717
48	814
48	928
49	585
49	910
49	966
49	969
50	113
50	494
50	890
50	918
51	86
51	848
51	993
51	998
52	224
52	301
52	815
52	870
53	638
53	658
53	992
53	997
54	583
54	854
54	926
54	1000
55	73
55	84
55	715
55	787
56	735
56	831
56	983
56	991
57	147
57	727
57	875
57	892
58	4
58	23
58	721
58	921
59	177
59	570
59	794
59	995
60	494
60	829
60	862
60	956
61	718
61	793
61	819
61	975
62	92
62	885
62	903
62	972
63	28
63	533
63	664
63	962
64	227
64	291
64	295
64	879
65	126
65	243
65	565
65	997
66	430
66	647
66	890
66	893
67	670
67	794
67	928
67	971
68	385
68	581
68	852
68	898
69	112
69	283
69	588
69	991
70	827
70	983
70	987
70	991
71	195
71	936
71	968
71	976
72	151
72	780
72	860
72	974
73	55
73	778
73	855
73	978
74	429
74	717
74	946
74	988
75	676
75	759
75	775
75	989
76	11
76	155
76	372
76	953
77	388
77	479
77	731
77	846
78	274
78	580
78	714
78	804
79	360
79	742
79	821
79	988
80	293
80	596
80	911
80	963
81	121
81	593
81	931
81	975
82	919
82	945
82	948
82	959
83	22
83	802
83	922
83	933
84	55
84	114
84	496
84	942
85	42
85	395
85	847
85	988
86	51
86	368
86	685
86	981
87	870
87	894
87	901
87	940
88	640
88	656
88	715
88	898
89	660
89	916
89	974
89	986
90	505
90	538
90	692
90	890
91	284
91	285
91	573
91	970
92	62
92	484
92	952
92	984
93	631
93	942
93	961
93	999
94	685
94	888
94	973
94	996
95	213
95	420
95	949
95	994
96	443
96	673
96	862
96	968
97	890
97	893
97	914
97	983
98	109
98	406
98	423
98	542
99	877
99	934
99	960
99	971
100	223
100	360
100	808
100	859
101	459
101	928
101	987
101	990
102	290
102	511
102	722
102	996
103	632
103	744
103	822
103	967
104	261
104	459
104	680
104	959
105	12
105	524
105	800
105	959
106	314
106	725
106	978
106	994
107	625
107	974
107	978
107	986
108	688
108	895
108	896
108	936
109	98
109	384
109	822
109	921
110	339
110	500
110	867
110	934
111	196
111	912
111	988
111	990
112	69
112	833
112	885
112	941
113	50
113	640
113	662
113	891
114	84
114	338
114	684
114	897
115	422
115	581
115	647
115	972
116	721
116	940
116	941
116	995
117	182
117	654
117	898
117	946
118	357
118	767
118	867
118	889
119	791
119	834
119	950
119	954
120	424
120	819
120	953
120	961
121	81
121	841
121	878
121	945
122	5
122	678
122	697
122	965
123	694
123	728
123	953
123	988
124	172
124	189
124	777
124	946
125	268
125	463
125	812
125	841
126	65
126	619
126	941
126	977
127	135
127	262
127	915
127	1000
128	47
128	279
128	436
128	694
129	221
129	474
129	888
129	941
130	325
130	605
130	884
130	968
131	934
131	944
131	960
131	981
132	696
132	836
132	923
132	988
133	858
133	920
133	949
133	982
134	268
134	352
134	370
134	791
135	20
135	127
135	707
135	925
136	572
136	678
136	983
136	991
137	176
137	631
137	784
137	834
138	179
138	393
138	693
138	797
139	261
139	474
139	715
139	970
140	163
140	738
140	923
140	968
141	723
141	950
141	954
141	958
142	608
142	696
142	909
142	965
143	396
143	810
143	823
143	970
144	333
144	869
144	917
144	987
145	311
145	692
145	733
145	754
146	263
146	342
146	875
146	897
147	57
147	650
147	826
147	966
148	712
148	977
148	981
148	997
149	266
149	284
149	453
149	639
150	466
150	970
150	973
150	979
151	72
151	781
151	966
151	973
152	288
152	656
152	986
152	995
153	634
153	800
153	810
153	843
154	682
154	775
154	795
154	966
155	76
155	564
155	767
155	902
156	485
156	636
156	833
156	922
157	269
157	594
157	759
157	920
158	822
158	835
158	927
158	986
159	381
159	721
159	959
159	978
160	424
160	738
160	838
160	946
161	642
161	704
161	782
161	991
162	273
162	907
162	925
162	989
163	140
163	512
163	603
163	995
164	471
164	679
164	691
164	933
165	570
165	772
165	834
165	967
166	763
166	820
166	933
166	991
167	521
167	878
167	896
167	986
168	423
168	436
168	688
168	978
169	622
169	752
169	940
169	956
170	917
170	931
170	980
170	981
171	437
171	479
171	733
171	895
172	124
172	360
172	797
172	973
173	294
173	395
173	976
173	994
174	24
174	777
174	957
174	988
175	646
175	762
175	867
175	910
176	137
176	355
176	588
176	979
177	59
177	268
177	616
177	994
178	355
178	410
178	415
178	999
179	138
179	513
179	861
179	876
180	806
180	924
180	984
180	985
181	192
181	836
181	989
181	994
182	35
182	117
182	837
182	900
183	958
183	965
183	974
183	993
184	722
184	806
184	837
184	968
185	444
185	887
185	919
185	933
186	571
186	729
186	865
186	995
187	832
187	905
187	984
187	985
188	672
188	745
188	753
188	976
189	124
189	525
189	755
189	876
190	699
190	719
190	850
190	988
191	407
191	625
191	868
191	923
192	181
192	822
192	863
192	888
193	246
193	892
193	966
193	996
194	466
194	545
194	820
194	871
195	71
195	812
195	821
195	968
196	111
196	634
196	896
196	949
197	482
197	747
197	902
197	994
198	265
198	879
198	905
198	983
199	282
199	879
199	932
199	997
200	318
200	739
200	861
200	921
201	502
201	828
201	871
201	989
202	231
202	717
202	819
202	911
203	44
203	590
203	654
203	726
204	324
204	497
204	911
204	993
205	352
205	856
205	983
205	991
206	800
206	861
206	927
206	959
207	244
207	300
207	715
207	955
208	535
208	631
208	938
208	943
209	858
209	943
209	961
209	977
210	17
210	354
210	865
210	993
211	276
211	297
211	629
211	643
212	567
212	638
212	768
212	987
213	95
213	656
213	697
213	978
214	765
214	790
214	802
214	977
215	791
215	980
215	982
215	984
216	253
216	361
216	377
216	990
217	392
217	507
217	632
217	892
218	717
218	884
218	908
218	965
219	837
219	867
219	885
219	972
220	411
220	721
220	895
220	985
221	129
221	375
221	785
221	956
222	237
222	620
222	837
222	959
223	100
223	772
223	983
223	998
224	52
224	916
224	958
224	975
225	16
225	879
225	901
225	993
226	608
226	632
226	664
226	961
227	64
227	932
227	972
227	1000
228	267
228	859
228	872
228	905
229	762
229	837
229	841
229	955
230	289
230	808
230	899
230	909
231	202
231	386
231	596
231	901
232	1
232	639
232	732
232	998
233	550
233	574
233	699
233	874
234	562
234	729
234	800
234	979
235	807
235	924
235	972
235	975
236	703
236	946
236	989
236	990
237	222
237	686
237	890
237	950
238	513
238	807
238	835
238	894
239	737
239	768
239	958
239	976
240	697
240	748
240	828
240	995
241	697
241	803
241	892
241	932
242	248
242	430
242	727
242	974
243	65
243	856
243	928
243	980
244	207
244	478
244	921
244	925
245	654
245	861
245	900
245	982
246	193
246	668
246	799
246	944
247	336
247	611
247	906
247	946
248	242
248	762
248	817
248	998
249	592
249	837
249	856
249	892
250	870
250	952
250	980
250	986
251	366
251	595
251	745
251	978
251	995
252	756
252	841
252	874
252	880
252	979
253	216
253	571
253	625
253	843
253	959
254	1
254	414
254	634
254	860
254	903
255	547
255	768
255	842
255	911
255	969
256	512
256	683
256	788
256	865
256	985
257	377
257	684
257	775
257	919
257	942
258	12
258	304
258	644
258	710
258	906
259	911
259	921
259	931
259	972
259	1000
260	667
260	770
260	892
260	954
260	974
261	104
261	139
261	597
261	752
261	993
262	127
262	411
262	552
262	952
262	986
263	146
263	271
263	746
263	749
263	865
264	17
264	497
264	615
264	678
264	907
265	198
265	292
265	624
265	869
265	997
266	149
266	629
266	720
266	846
266	912
267	228
267	568
267	860
267	957
267	997
268	125
268	134
268	177
268	659
268	970
269	157
269	644
269	804
269	852
269	965
270	374
270	580
270	728
270	993
270	997
271	263
271	842
271	893
271	967
271	979
272	464
272	714
272	767
272	817
272	994
273	162
273	862
273	885
273	891
273	961
274	78
274	277
274	417
274	891
274	951
275	302
275	891
275	933
275	950
275	983
276	211
276	357
276	673
276	918
276	982
277	274
277	849
277	926
277	967
277	982
278	501
278	585
278	948
278	989
278	992
279	128
279	548
279	912
279	945
279	994
280	315
280	765
280	799
280	900
280	979
281	549
281	781
281	872
281	915
281	969
282	199
282	746
282	803
282	986
282	995
283	69
283	480
283	739
283	814
283	895
284	91
284	149
284	388
284	740
284	970
285	91
285	547
285	840
285	953
285	989
286	369
286	627
286	883
286	911
286	954
287	348
287	632
287	785
287	927
287	976
288	152
288	310
288	579
288	773
288	926
289	230
289	368
289	751
289	963
289	988
290	102
290	677
290	941
290	970
290	984
291	64
291	308
291	767
291	796
291	979
292	265
292	463
292	981
292	987
292	997
293	80
293	652
293	809
293	836
293	916
294	41
294	173
294	527
294	844
294	884
295	64
295	688
295	747
295	920
295	934
296	502
296	838
296	841
296	851
296	863
297	211
297	327
297	496
297	555
297	995
298	591
298	639
298	729
298	883
298	899
299	30
299	485
299	932
299	938
299	949
300	207
300	840
300	873
300	966
300	998
301	52
301	813
301	977
301	980
301	983
302	275
302	673
302	958
302	974
302	990
303	426
303	922
303	970
303	992
303	996
304	258
304	542
304	859
304	888
304	976
305	397
305	822
305	866
305	981
305	998
306	492
306	558
306	789
306	869
306	988
307	714
307	770
307	815
307	828
307	838
308	291
308	807
308	858
308	881
308	971
309	45
309	720
309	779
309	848
309	1000
310	288
310	413
310	652
310	718
310	864
311	145
311	664
311	806
311	940
311	953
312	762
312	787
312	863
312	926
312	994
313	499
313	849
313	862
313	896
313	1000
314	106
314	438
314	772
314	929
314	967
315	280
315	843
315	924
315	979
315	981
316	426
316	583
316	686
316	849
316	863
317	497
317	649
317	695
317	702
317	772
318	200
318	810
318	902
318	939
318	990
319	802
319	884
319	918
319	961
319	983
320	425
320	842
320	902
320	926
320	946
321	754
321	761
321	824
321	925
321	979
322	496
322	531
322	541
322	837
322	935
323	823
323	867
323	873
323	940
323	995
324	204
324	513
324	882
324	955
324	961
325	130
325	582
325	691
325	864
325	955
326	40
326	815
326	905
326	934
326	987
327	297
327	446
327	804
327	831
327	975
328	448
328	556
328	841
328	898
328	940
329	461
329	863
329	866
329	893
329	907
330	616
330	701
330	843
330	919
330	932
331	25
331	817
331	911
331	971
331	994
332	365
332	549
332	574
332	601
332	781
333	144
333	490
333	898
333	952
333	987
334	748
334	882
334	967
334	969
334	1000
335	641
335	704
335	798
335	983
335	991
336	247
336	431
336	604
336	698
336	722
337	475
337	543
337	707
337	887
337	893
338	114
338	571
338	647
338	653
338	1000
339	42
339	110
339	767
339	873
339	995
340	19
340	434
340	520
340	552
340	833
341	487
341	933
341	950
341	989
341	991
342	146
342	743
342	781
342	917
342	943
343	442
343	657
343	707
343	790
343	999
344	537
344	576
344	805
344	848
344	912
345	455
345	721
345	876
345	972
345	995
346	509
346	936
346	964
346	977
346	997
347	603
347	894
347	914
347	988
347	993
348	287
348	726
348	863
348	945
348	947
349	399
349	437
349	446
349	456
349	818
350	457
350	812
350	868
350	896
350	951
351	513
351	828
351	856
351	893
351	930
352	134
352	205
352	682
352	994
352	1000
353	692
353	867
353	948
353	973
353	991
354	210
354	671
354	758
354	866
354	867
355	176
355	178
355	832
355	979
355	983
356	369
356	719
356	775
356	840
356	851
357	118
357	276
357	416
357	471
357	837
358	544
358	546
358	869
358	918
358	997
359	362
359	611
359	824
359	891
359	949
360	79
360	100
360	172
360	943
360	957
361	216
361	491
361	576
361	778
361	848
362	359
362	494
362	703
362	968
362	999
363	27
363	778
363	960
363	972
363	973
364	451
364	906
364	958
364	969
364	990
365	332
365	573
365	939
365	969
365	989
366	48
366	251
366	786
366	826
366	928
367	428
367	461
367	662
367	755
367	982
368	86
368	289
368	832
368	847
368	872
369	286
369	356
369	569
369	847
369	994
370	134
370	549
370	868
370	947
370	984
371	559
371	910
371	911
371	963
371	970
372	76
372	626
372	772
372	856
372	966
373	750
373	831
373	956
373	987
373	993
374	270
374	678
374	685
374	706
374	911
375	221
375	434
375	544
375	843
375	999
376	562
376	786
376	801
376	842
376	951
377	216
377	257
377	838
377	887
377	933
378	730
378	773
378	830
378	886
378	917
379	415
379	566
379	672
379	909
379	961
380	535
380	662
380	791
380	838
380	951
381	159
381	828
381	965
381	996
381	997
382	746
382	899
382	901
382	951
382	960
383	574
383	903
383	965
383	979
383	992
384	109
384	513
384	763
384	771
384	995
385	68
385	491
385	614
385	802
385	877
386	231
386	598
386	742
386	977
386	998
387	441
387	600
387	716
387	949
387	987
388	77
388	284
388	735
388	985
388	1000
389	889
389	896
389	937
389	948
389	992
390	779
390	826
390	827
390	956
390	999
391	645
391	824
391	874
391	985
391	997
392	217
392	650
392	733
392	878
392	910
393	138
393	515
393	855
393	866
393	979
394	514
394	725
394	960
394	965
394	970
395	85
395	173
395	919
395	973
395	991
396	143
396	534
396	575
396	867
396	950
397	305
397	815
397	818
397	880
397	962
398	764
398	956
398	958
398	986
398	997
399	349
399	564
399	918
399	967
399	973
400	784
400	858
400	908
400	930
400	993
401	528
401	671
401	740
401	853
401	961
402	572
402	845
402	876
402	992
402	995
403	519
403	697
403	760
403	867
403	895
403	962
404	680
404	822
404	870
404	939
404	943
404	988
405	457
405	884
405	890
405	905
405	941
405	980
406	98
406	493
406	840
406	852
406	855
406	875
407	191
407	484
407	493
407	500
407	514
407	785
408	420
408	650
408	711
408	873
408	888
408	916
409	460
409	753
409	893
409	951
409	987
409	992
410	178
410	725
410	783
410	789
410	799
410	901
411	220
411	262
411	552
411	584
411	948
411	992
412	640
412	904
412	943
412	970
412	975
412	994
413	310
413	726
413	877
413	915
413	922
413	945
414	254
414	422
414	828
414	910
414	931
414	997
415	178
415	379
415	597
415	637
415	947
415	968
416	357
416	662
416	723
416	817
416	871
416	946
417	274
417	621
417	663
417	673
417	838
417	898
418	534
418	778
418	797
418	894
418	910
418	939
419	599
419	931
419	947
419	980
419	984
419	999
420	45
420	95
420	408
420	441
420	494
420	934
421	620
421	675
421	747
421	816
421	983
421	990
422	115
422	414
422	760
422	794
422	956
422	997
423	98
423	168
423	644
423	990
423	993
423	996
424	120
424	160
424	476
424	602
424	660
424	928
425	320
425	524
425	845
425	913
425	917
425	963
426	303
426	316
426	823
426	970
426	974
426	999
427	547
427	580
427	651
427	935
427	973
427	998
428	367
428	485
428	567
428	847
428	957
428	981
429	74
429	433
429	512
429	589
429	906
429	975
430	66
430	242
430	510
430	769
430	906
430	949
431	25
431	336
431	532
431	652
431	766
431	885
432	857
432	912
432	972
432	978
432	980
432	996
433	429
433	465
433	590
433	600
433	825
433	833
434	340
434	375
434	575
434	675
434	949
434	961
435	584
435	600
435	772
435	981
435	985
435	998
436	128
436	168
436	487
436	775
436	872
436	971
437	42
437	171
437	349
437	660
437	768
437	977
438	314
438	604
438	608
438	708
438	932
438	993
439	557
439	679
439	769
439	795
439	831
439	999
440	670
440	685
440	696
440	846
440	935
440	961
441	387
441	420
441	779
441	888
441	934
441	982
442	343
442	655
442	743
442	937
442	944
442	970
443	96
443	550
443	637
443	675
443	968
443	980
444	185
444	708
444	844
444	852
444	940
444	962
445	615
445	634
445	721
445	787
445	803
445	836
446	327
446	349
446	679
446	885
446	899
446	952
447	574
447	676
447	691
447	803
447	913
447	956
448	328
448	575
448	693
448	732
448	840
448	982
449	912
449	915
449	938
449	943
449	960
449	966
450	511
450	636
450	710
450	820
450	879
450	970
451	364
451	797
451	840
451	895
451	907
451	993
452	686
452	749
452	791
452	812
452	839
452	941
453	149
453	743
453	826
453	936
453	952
453	989
454	603
454	839
454	843
454	964
454	977
454	996
455	345
455	878
455	897
455	978
455	986
455	995
456	349
456	902
456	911
456	963
456	989
456	990
457	350
457	405
457	769
457	902
457	942
457	962
458	488
458	570
458	653
458	735
458	760
458	999
459	101
459	104
459	487
459	953
459	983
459	991
460	4
460	409
460	524
460	555
460	813
460	957
461	329
461	367
461	709
461	903
461	915
461	988
462	602
462	858
462	900
462	920
462	974
462	998
463	125
463	292
463	784
463	882
463	935
463	945
464	272
464	555
464	579
464	842
464	870
464	927
465	433
465	475
465	498
465	599
465	650
465	697
466	150
466	194
466	759
466	878
466	895
466	912
467	694
467	881
467	907
467	947
467	951
467	1000
468	802
468	839
468	897
468	918
468	982
468	985
469	499
469	544
469	848
469	913
469	915
469	974
470	687
470	739
470	797
470	925
470	976
470	981
471	164
471	357
471	677
471	708
471	917
471	926
472	653
472	667
472	800
472	879
472	890
472	899
473	672
473	825
473	931
473	937
473	975
473	997
474	129
474	139
474	691
474	872
474	875
474	982
475	337
475	465
475	787
475	846
475	872
475	926
476	424
476	553
476	650
476	657
476	866
476	985
477	788
477	812
477	851
477	896
477	951
477	984
478	244
478	484
478	624
478	869
478	923
478	993
479	77
479	171
479	481
479	695
479	705
479	961
480	283
480	527
480	533
480	868
480	936
480	982
481	479
481	482
481	557
481	959
481	965
481	994
482	197
482	481
482	619
482	675
482	857
482	941
483	35
483	747
483	756
483	837
483	952
483	971
484	92
484	407
484	478
484	603
484	986
484	993
485	156
485	299
485	428
485	831
485	855
485	999
486	539
486	724
486	779
486	782
486	944
486	961
487	341
487	436
487	459
487	769
487	824
487	922
488	458
488	653
488	690
488	745
488	792
488	870
489	514
489	566
489	693
489	698
489	836
489	963
490	333
490	517
490	664
490	722
490	786
490	999
491	361
491	385
491	651
491	694
491	977
491	996
492	306
492	504
492	905
492	962
492	963
492	969
493	406
493	407
493	635
493	871
493	901
493	945
494	50
494	60
494	362
494	420
494	968
494	993
495	581
495	734
495	752
495	780
495	891
495	919
496	84
496	297
496	322
496	540
496	630
496	951
497	204
497	264
497	317
497	681
497	750
497	993
498	465
498	655
498	734
498	878
498	995
498	1000
499	313
499	469
499	863
499	874
499	974
499	997
500	38
500	110
500	407
500	827
500	862
500	983
501	278
501	613
501	834
501	883
501	900
501	970
502	201
502	296
502	546
502	742
502	784
502	993
503	889
503	912
503	931
503	935
503	979
503	994
504	492
504	531
504	700
504	918
504	964
504	975
505	90
505	743
505	748
505	790
505	963
505	990
506	14
506	725
506	842
506	887
506	900
506	978
507	217
507	580
507	906
507	920
507	935
507	938
508	526
508	550
508	587
508	807
508	855
508	972
509	346
509	609
509	734
509	737
509	925
509	1000
510	430
510	673
510	859
510	981
510	985
510	986
511	102
511	450
511	604
511	664
511	704
511	725
511	902
512	163
512	256
512	429
512	627
512	934
512	975
512	983
513	179
513	238
513	324
513	351
513	384
513	798
513	812
514	394
514	407
514	489
514	588
514	816
514	865
514	957
515	6
515	393
515	661
515	883
515	913
515	948
515	973
516	665
516	790
516	796
516	797
516	948
516	995
516	1000
517	490
517	620
517	624
517	822
517	860
517	966
517	970
518	848
518	873
518	942
518	950
518	951
518	964
518	977
519	9
519	403
519	566
519	717
519	749
519	895
519	975
520	340
520	550
520	898
520	908
520	922
520	945
520	964
521	167
521	594
521	680
521	682
521	759
521	822
521	939
522	749
522	862
522	890
522	896
522	927
522	961
522	972
523	761
523	919
523	943
523	959
523	985
523	986
523	999
524	105
524	425
524	460
524	720
524	736
524	942
524	987
525	15
525	189
525	874
525	930
525	932
525	987
525	997
526	508
526	693
526	734
526	766
526	791
526	815
526	986
527	8
527	294
527	480
527	534
527	781
527	840
527	956
528	20
528	401
528	656
528	792
528	821
528	825
528	865
529	633
529	760
529	860
529	892
529	948
529	984
529	992
530	39
530	556
530	700
530	709
530	742
530	913
530	928
531	322
531	504
531	542
531	800
531	847
531	954
531	994
532	38
532	431
532	891
532	893
532	952
532	958
532	984
533	63
533	480
533	723
533	902
533	936
533	988
533	997
534	396
534	418
534	527
534	697
534	718
534	910
534	979
535	208
535	380
535	642
535	841
535	875
535	901
535	915
536	538
536	594
536	728
536	846
536	871
536	983
536	991
537	344
537	548
537	638
537	750
537	923
537	955
537	993
538	90
538	536
538	736
538	769
538	850
538	937
538	957
539	486
539	756
539	761
539	827
539	896
539	963
539	999
540	496
540	562
540	598
540	677
540	861
540	931
540	942
541	322
541	545
541	902
541	940
541	948
541	985
541	992
542	98
542	304
542	531
542	724
542	776
542	827
542	947
543	337
543	732
543	802
543	939
543	975
543	990
543	994
544	358
544	375
544	469
544	568
544	875
544	984
544	997
545	194
545	541
545	700
545	716
545	860
545	948
545	992
546	358
546	502
546	795
546	901
546	904
546	927
546	987
547	255
547	285
547	427
547	761
547	969
547	978
547	990
548	279
548	537
548	761
548	794
548	808
548	827
548	938
549	281
549	332
549	370
549	556
549	600
549	620
549	853
550	233
550	443
550	508
550	520
550	586
550	709
550	785
551	581
551	786
551	882
551	938
551	952
551	988
551	999
552	262
552	340
552	411
552	636
552	736
552	958
552	992
553	16
553	476
553	594
553	640
553	648
553	856
553	910
554	592
554	669
554	675
554	760
554	771
554	916
554	1000
555	297
555	460
555	464
555	900
555	917
555	920
555	970
556	328
556	530
556	549
556	860
556	909
556	928
556	936
557	439
557	481
557	729
557	854
557	912
557	994
557	999
558	306
558	775
558	798
558	847
558	944
558	997
558	1000
559	371
559	836
559	837
559	865
559	883
559	954
559	974
560	859
560	876
560	921
560	949
560	957
560	976
560	978
561	7
561	633
561	707
561	732
561	820
561	955
561	975
562	43
562	234
562	376
562	540
562	746
562	971
562	973
563	669
563	895
563	916
563	962
563	975
563	980
563	996
564	155
564	399
564	612
564	672
564	980
564	984
564	989
565	65
565	587
565	629
565	740
565	771
565	897
565	992
566	379
566	489
566	519
566	824
566	859
566	921
566	982
567	212
567	428
567	588
567	899
567	935
567	979
567	993
568	267
568	544
568	706
568	854
568	861
568	942
568	972
569	369
569	654
569	774
569	803
569	932
569	949
569	984
570	59
570	165
570	458
570	872
570	917
570	960
570	988
571	186
571	253
571	338
571	659
571	852
571	940
571	949
572	136
572	402
572	880
572	925
572	936
572	992
572	1000
573	91
573	365
573	613
573	646
573	804
573	924
573	932
574	233
574	332
574	383
574	447
574	650
574	805
574	956
575	396
575	434
575	448
575	633
575	666
575	749
575	950
576	29
576	344
576	361
576	813
576	816
576	968
576	974
577	638
577	690
577	720
577	906
577	911
577	933
577	987
578	587
578	737
578	882
578	952
578	975
578	984
578	990
579	288
579	464
579	665
579	830
579	866
579	904
579	916
580	78
580	270
580	427
580	507
580	587
580	810
580	816
581	3
581	68
581	115
581	495
581	551
581	812
581	951
582	325
582	635
582	744
582	810
582	850
582	955
582	963
583	54
583	316
583	705
583	773
583	900
583	964
583	977
584	411
584	435
584	606
584	884
584	916
584	917
584	966
584	979
585	44
585	49
585	278
585	705
585	774
585	825
585	859
585	982
586	550
586	700
586	762
586	787
586	943
586	969
586	973
586	991
587	508
587	565
587	578
587	580
587	843
587	948
587	992
587	997
588	69
588	176
588	514
588	567
588	720
588	777
588	780
588	886
589	429
589	806
589	811
589	899
589	922
589	930
589	944
589	987
590	203
590	433
590	856
590	857
590	921
590	936
590	967
590	986
591	298
591	689
591	831
591	832
591	855
591	871
591	953
591	958
592	249
592	554
592	724
592	860
592	932
592	938
592	955
592	961
593	81
593	756
593	805
593	850
593	914
593	934
593	981
593	993
594	157
594	521
594	536
594	553
594	780
594	820
594	929
594	947
595	12
595	28
595	251
595	652
595	794
595	860
595	960
595	973
596	35
596	80
596	231
596	857
596	915
596	922
596	967
596	986
597	261
597	415
597	690
597	718
597	862
597	876
597	968
597	999
598	386
598	540
598	722
598	811
598	854
598	885
598	949
598	959
599	38
599	419
599	465
599	602
599	782
599	910
599	924
599	959
600	387
600	433
600	435
600	549
600	614
600	706
600	985
600	999
601	332
601	617
601	798
601	807
601	876
601	892
601	972
601	978
602	424
602	462
602	599
602	608
602	761
602	814
602	902
602	947
603	16
603	163
603	347
603	454
603	484
603	784
603	802
603	890
604	336
604	438
604	511
604	818
604	884
604	933
604	960
604	991
605	43
605	130
605	615
605	695
605	767
605	889
605	942
605	996
606	584
606	774
606	941
606	946
606	969
606	986
606	995
606	1000
607	615
607	872
607	921
607	925
607	956
607	985
607	992
607	994
608	142
608	226
608	438
608	602
608	710
608	889
608	916
608	951
609	509
609	766
609	768
609	836
609	918
609	923
609	938
609	997
610	756
610	874
610	891
610	904
610	935
610	943
610	988
610	997
611	247
611	359
611	681
611	808
611	832
611	986
611	995
611	1000
612	564
612	694
612	885
612	923
612	943
612	948
612	988
612	992
613	501
613	573
613	619
613	705
613	814
613	878
613	970
613	981
614	385
614	600
614	835
614	839
614	871
614	894
614	955
614	966
615	264
615	445
615	605
615	607
615	716
615	750
615	863
615	971
616	177
616	330
616	828
616	881
616	909
616	947
616	951
616	952
617	601
617	682
617	700
617	728
617	758
617	939
617	962
617	979
618	621
618	719
618	742
618	790
618	853
618	881
618	898
618	950
619	126
619	482
619	613
619	820
619	823
619	891
619	977
619	997
620	222
620	421
620	517
620	549
620	839
620	885
620	894
620	929
621	417
621	618
621	647
621	654
621	876
621	892
621	972
621	973
622	169
622	766
622	788
622	868
622	894
622	925
622	956
622	977
623	720
623	775
623	839
623	842
623	849
623	916
623	971
623	987
624	265
624	478
624	517
624	676
624	922
624	930
624	961
624	995
625	107
625	191
625	253
625	733
625	960
625	987
625	993
625	998
626	372
626	809
626	834
626	898
626	929
626	937
626	952
626	980
627	286
627	512
627	668
627	741
627	919
627	931
627	975
627	998
628	659
628	744
628	752
628	762
628	920
628	968
628	979
628	981
629	211
629	266
629	565
629	821
629	846
629	847
629	939
629	952
630	496
630	658
630	669
630	728
630	958
630	959
630	971
630	979
631	93
631	137
631	208
631	699
631	784
631	945
631	978
631	993
632	103
632	217
632	226
632	287
632	814
632	888
632	968
632	986
633	529
633	561
633	575
633	774
633	802
633	805
633	877
633	931
634	153
634	196
634	254
634	445
634	731
634	886
634	974
634	976
635	16
635	493
635	582
635	645
635	868
635	880
635	898
635	991
636	9
636	156
636	450
636	552
636	724
636	803
636	948
636	992
637	415
637	443
637	644
637	751
637	781
637	854
637	962
637	968
638	53
638	212
638	537
638	577
638	732
638	740
638	750
638	952
639	149
639	232
639	298
639	872
639	881
639	982
639	991
639	995
640	88
640	113
640	412
640	553
640	724
640	755
640	924
640	994
641	335
641	680
641	778
641	886
641	903
641	924
641	945
641	971
642	161
642	535
642	739
642	758
642	936
642	979
642	986
642	1000
643	2
643	211
643	846
643	926
643	927
643	972
643	975
643	982
644	33
644	258
644	269
644	423
644	637
644	804
644	903
644	993
645	391
645	635
645	758
645	841
645	935
645	968
645	983
645	991
646	175
646	573
646	717
646	737
646	873
646	920
646	924
646	933
647	66
647	115
647	338
647	621
647	776
647	892
647	962
647	978
648	553
648	782
648	806
648	917
648	924
648	929
648	930
648	981
649	317
649	739
649	749
649	783
649	801
649	846
649	943
649	951
649	984
650	147
650	392
650	408
650	465
650	476
650	574
650	848
650	937
650	989
651	427
651	491
651	704
651	711
651	920
651	940
651	969
651	996
651	1000
652	293
652	310
652	431
652	595
652	684
652	848
652	883
652	988
652	992
653	338
653	458
653	472
653	488
653	816
653	841
653	947
653	993
653	999
654	117
654	203
654	245
654	569
654	621
654	696
654	840
654	927
654	932
655	442
655	498
655	692
655	799
655	935
655	941
655	955
655	977
655	981
656	88
656	152
656	213
656	528
656	720
656	751
656	944
656	956
656	987
657	343
657	476
657	663
657	666
657	714
657	750
657	835
657	920
657	939
658	53
658	630
658	795
658	811
658	850
658	914
658	979
658	984
658	988
659	39
659	268
659	571
659	628
659	722
659	752
659	850
659	927
659	968
660	89
660	424
660	437
660	861
660	902
660	926
660	937
660	980
660	985
661	515
661	764
661	833
661	877
661	913
661	954
661	956
661	972
661	976
662	113
662	367
662	380
662	416
662	697
662	749
662	951
662	972
662	977
663	417
663	657
663	734
663	800
663	888
663	889
663	937
663	982
663	990
664	63
664	226
664	311
664	490
664	511
664	853
664	967
664	981
664	999
665	516
665	579
665	668
665	688
665	791
665	869
665	965
665	995
665	999
666	575
666	657
666	702
666	712
666	767
666	809
666	813
666	916
666	942
667	8
667	260
667	472
667	836
667	879
667	917
667	921
667	947
667	963
668	246
668	627
668	665
668	778
668	804
668	818
668	910
668	924
668	979
669	554
669	563
669	630
669	695
669	724
669	822
669	882
669	906
669	942
670	7
670	67
670	440
670	828
670	948
670	968
670	981
670	985
670	998
671	354
671	401
671	763
671	830
671	840
671	885
671	989
671	990
671	997
672	188
672	379
672	473
672	564
672	676
672	831
672	882
672	985
672	992
673	96
673	276
673	302
673	417
673	510
673	684
673	939
673	953
673	982
674	692
674	748
674	802
674	967
674	971
674	972
674	981
674	985
674	998
675	421
675	434
675	443
675	482
675	554
675	723
675	735
675	917
675	988
676	75
676	447
676	624
676	672
676	739
676	878
676	894
676	961
676	973
677	290
677	471
677	540
677	722
677	885
677	945
677	971
677	975
677	999
678	122
678	136
678	264
678	374
678	873
678	911
678	957
678	981
678	985
679	164
679	439
679	446
679	852
679	947
679	948
679	955
679	973
679	996
680	104
680	404
680	521
680	641
680	713
680	748
680	757
680	770
680	822
681	497
681	611
681	880
681	895
681	918
681	933
681	983
681	991
681	992
682	154
682	352
682	521
682	617
682	811
682	862
682	938
682	983
682	994
683	256
683	826
683	830
683	899
683	925
683	930
683	989
683	990
683	1000
684	114
684	257
684	652
684	673
684	916
684	919
684	979
684	980
684	988
685	86
685	94
685	374
685	440
685	760
685	845
685	913
685	921
685	986
686	1
686	6
686	237
686	316
686	452
686	922
686	926
686	981
686	988
687	470
687	743
687	809
687	845
687	896
687	928
687	967
687	982
687	993
688	108
688	168
688	295
688	665
688	696
688	806
688	903
688	921
688	998
689	18
689	591
689	768
689	793
689	863
689	899
689	930
689	940
689	973
689	996
690	11
690	488
690	577
690	597
690	834
690	912
690	934
690	944
690	970
690	987
691	164
691	325
691	447
691	474
691	842
691	878
691	887
691	907
691	923
691	956
692	90
692	145
692	353
692	655
692	674
692	707
692	894
692	950
692	970
692	998
693	138
693	448
693	489
693	526
693	744
693	819
693	905
693	906
693	911
693	975
694	123
694	128
694	467
694	491
694	612
694	850
694	860
694	934
694	967
694	992
695	317
695	479
695	605
695	669
695	808
695	916
695	936
695	945
695	979
695	988
696	132
696	142
696	440
696	654
696	688
696	883
696	918
696	935
696	941
696	979
697	122
697	213
697	240
697	241
697	403
697	465
697	534
697	662
697	888
697	971
698	336
698	489
698	749
698	800
698	880
698	909
698	912
698	943
698	985
698	994
699	190
699	233
699	631
699	753
699	807
699	909
699	929
699	980
699	984
699	992
700	504
700	530
700	545
700	586
700	617
700	704
700	868
700	872
700	962
700	987
701	6
701	330
701	737
701	804
701	910
701	922
701	958
701	960
701	990
701	997
702	44
702	317
702	666
702	741
702	779
702	903
702	937
702	942
702	957
702	970
703	236
703	362
703	838
703	874
703	890
703	905
703	921
703	951
703	957
703	963
704	161
704	335
704	511
704	651
704	700
704	904
704	920
704	924
704	964
704	998
705	7
705	479
705	583
705	585
705	613
705	715
705	815
705	826
705	864
705	952
706	374
706	568
706	600
706	828
706	874
706	897
706	900
706	914
706	952
706	997
707	135
707	337
707	343
707	561
707	692
707	729
707	823
707	929
707	933
707	971
708	438
708	444
708	471
708	853
708	871
708	906
708	927
708	953
708	958
708	993
709	461
709	530
709	550
709	872
709	882
709	902
709	962
709	988
709	995
709	996
710	258
710	450
710	608
710	747
710	810
710	832
710	937
710	940
710	942
710	953
711	25
711	408
711	651
711	776
711	830
711	876
711	964
711	972
711	978
711	996
712	148
712	666
712	717
712	741
712	904
712	932
712	950
712	964
712	986
712	988
713	680
713	874
713	880
713	929
713	938
713	950
713	952
713	954
713	980
713	984
714	78
714	272
714	307
714	657
714	792
714	793
714	796
714	814
714	904
714	932
715	55
715	88
715	139
715	207
715	705
715	820
715	823
715	869
715	911
715	973
716	387
716	545
716	615
716	751
716	770
716	899
716	913
716	934
716	944
716	967
716	995
717	48
717	74
717	202
717	218
717	519
717	646
717	712
717	877
717	941
717	960
717	998
718	61
718	310
718	534
718	597
718	781
718	896
718	955
718	962
718	972
718	977
718	988
719	190
719	356
719	618
719	736
719	752
719	777
719	800
719	867
719	901
719	909
719	914
720	266
720	309
720	524
720	577
720	588
720	623
720	656
720	759
720	902
720	983
720	987
721	58
721	116
721	159
721	220
721	345
721	445
721	796
721	834
721	878
721	952
721	971
722	102
722	184
722	336
722	490
722	598
722	659
722	677
722	856
722	885
722	987
722	988
723	41
723	141
723	416
723	533
723	675
723	818
723	919
723	935
723	962
723	985
723	992
724	486
724	542
724	592
724	636
724	640
724	669
724	765
724	795
724	825
724	831
724	855
725	106
725	394
725	410
725	506
725	511
725	763
725	818
725	827
725	914
725	974
725	1000
726	203
726	348
726	413
726	843
726	865
726	919
726	920
726	943
726	969
726	990
726	997
727	5
727	57
727	242
727	837
727	846
727	864
727	939
727	960
727	989
727	990
727	999
728	123
728	270
728	536
728	617
728	630
728	757
728	765
728	834
728	916
728	980
728	989
729	186
729	234
729	298
729	557
729	707
729	764
729	791
729	871
729	965
729	972
729	995
730	378
730	773
730	811
730	869
730	886
730	898
730	928
730	931
730	934
730	958
730	988
731	77
731	634
731	768
731	777
731	805
731	875
731	891
731	897
731	946
731	980
731	991
732	7
732	232
732	448
732	543
732	561
732	638
732	793
732	877
732	912
732	931
732	975
733	15
733	145
733	171
733	392
733	625
733	854
733	861
733	870
733	945
733	947
733	951
734	495
734	498
734	509
734	526
734	663
734	754
734	756
734	858
734	985
734	986
734	1000
735	37
735	56
735	388
735	458
735	675
735	825
735	880
735	884
735	919
735	983
735	984
736	524
736	538
736	552
736	719
736	798
736	801
736	823
736	850
736	897
736	957
736	995
737	13
737	239
737	509
737	578
737	646
737	701
737	865
737	889
737	909
737	922
737	971
738	140
738	160
738	763
738	834
738	887
738	942
738	947
738	948
738	955
738	973
738	996
739	200
739	283
739	470
739	642
739	649
739	676
739	829
739	947
739	985
739	990
739	998
740	284
740	401
740	565
740	638
740	757
740	777
740	835
740	854
740	903
740	927
740	996
741	8
741	41
741	627
741	702
741	712
741	743
741	908
741	915
741	936
741	980
741	995
742	79
742	386
742	502
742	530
742	618
742	945
742	957
742	962
742	964
742	977
742	996
743	342
743	442
743	453
743	505
743	687
743	741
743	857
743	910
743	915
743	968
743	983
744	103
744	582
744	628
744	693
744	761
744	762
744	901
744	905
744	926
744	973
744	1000
745	188
745	251
745	488
745	746
745	778
745	790
745	876
745	972
745	978
745	991
745	996
746	263
746	282
746	382
746	562
746	745
746	834
746	877
746	878
746	889
746	944
746	980
747	197
747	295
747	421
747	483
747	710
747	755
747	863
747	873
747	902
747	941
747	979
748	240
748	334
748	505
748	674
748	680
748	881
748	965
748	970
748	986
748	987
748	995
748	1000
749	263
749	452
749	519
749	522
749	575
749	649
749	662
749	698
749	919
749	951
749	953
749	970
750	373
750	497
750	537
750	615
750	638
750	657
750	812
750	869
750	881
750	948
750	954
750	993
751	289
751	637
751	656
751	716
751	849
751	862
751	924
751	925
751	932
751	950
751	987
751	994
752	169
752	261
752	495
752	628
752	659
752	719
752	859
752	895
752	936
752	966
752	968
752	970
753	188
753	409
753	699
753	849
753	887
753	899
753	924
753	941
753	944
753	981
753	987
753	998
754	145
754	321
754	734
754	777
754	786
754	787
754	856
754	913
754	952
754	984
754	988
754	995
755	189
755	367
755	640
755	747
755	837
755	893
755	900
755	915
755	928
755	944
755	964
755	967
756	252
756	483
756	539
756	593
756	610
756	734
756	828
756	844
756	874
756	916
756	976
756	997
757	680
757	728
757	740
757	767
757	861
757	903
757	916
757	949
757	971
757	976
757	977
757	996
758	354
758	617
758	642
758	645
758	764
758	789
758	905
758	907
758	942
758	965
758	995
758	999
759	75
759	157
759	466
759	521
759	720
759	782
759	891
759	910
759	924
759	931
759	939
759	942
760	13
760	403
760	422
760	458
760	529
760	554
760	685
760	761
760	769
760	913
760	954
760	974
761	321
761	523
761	539
761	547
761	548
761	602
761	744
761	760
761	855
761	884
761	892
761	996
762	175
762	229
762	248
762	312
762	586
762	628
762	744
762	786
762	920
762	969
762	973
762	974
763	166
763	384
763	671
763	725
763	738
763	822
763	846
763	911
763	978
763	986
763	995
763	1000
764	32
764	398
764	661
764	729
764	758
764	889
764	890
764	929
764	965
764	979
764	987
764	991
765	214
765	280
765	724
765	728
765	776
765	800
765	880
765	884
765	929
765	933
765	983
765	991
766	431
766	526
766	609
766	622
766	846
766	889
766	907
766	919
766	925
766	927
766	956
766	959
767	118
767	155
767	272
767	291
767	339
767	605
767	666
767	757
767	794
767	892
767	896
767	907
768	212
768	239
768	255
768	437
768	609
768	689
768	731
768	841
768	848
768	886
768	892
768	914
769	18
769	430
769	439
769	457
769	487
769	538
769	760
769	845
769	857
769	883
769	954
769	985
770	260
770	307
770	680
770	716
770	793
770	805
770	815
770	877
770	900
770	963
770	975
770	998
771	29
771	384
771	554
771	565
771	860
771	887
771	909
771	948
771	955
771	960
771	992
771	998
772	165
772	223
772	314
772	317
772	372
772	435
772	815
772	837
772	888
772	902
772	942
772	991
773	5
773	288
773	378
773	583
773	730
773	842
773	863
773	886
773	926
773	956
773	968
773	997
774	569
774	585
774	606
774	633
774	776
774	819
774	821
774	825
774	906
774	917
774	927
774	999
774	1000
775	75
775	154
775	257
775	356
775	436
775	558
775	623
775	827
775	877
775	917
775	943
775	978
775	994
776	542
776	647
776	711
776	765
776	774
776	798
776	858
776	906
776	966
776	972
776	978
776	983
776	994
777	19
777	124
777	174
777	588
777	719
777	731
777	740
777	754
777	871
777	875
777	886
777	908
777	1000
778	73
778	361
778	363
778	418
778	641
778	668
778	745
778	796
778	854
778	865
778	874
778	883
778	996
779	309
779	390
779	441
779	486
779	702
779	825
779	929
779	965
779	986
779	990
779	994
779	995
779	1000
780	72
780	495
780	588
780	594
780	806
780	881
780	887
780	918
780	930
780	946
780	947
780	976
780	984
781	151
781	281
781	332
781	342
781	527
781	637
781	718
781	789
781	804
781	818
781	962
781	970
781	997
782	46
782	161
782	486
782	599
782	648
782	759
782	798
782	804
782	840
782	855
782	865
782	924
782	970
783	410
783	649
783	801
783	813
783	820
783	847
783	862
783	874
783	891
783	896
783	908
783	986
783	990
784	137
784	400
784	463
784	502
784	603
784	631
784	790
784	836
784	840
784	851
784	892
784	937
784	993
785	221
785	287
785	407
785	550
785	799
785	813
785	833
785	936
785	967
785	975
785	976
785	981
785	982
786	23
786	366
786	376
786	490
786	551
786	754
786	762
786	792
786	821
786	866
786	932
786	948
786	976
787	55
787	312
787	445
787	475
787	586
787	754
787	793
787	855
787	886
787	894
787	903
787	929
787	944
788	256
788	477
788	622
788	801
788	829
788	862
788	875
788	890
788	938
788	941
788	981
788	985
788	998
789	306
789	410
789	758
789	781
789	842
789	878
789	880
789	922
789	933
789	986
789	995
789	998
789	1000
790	214
790	343
790	505
790	516
790	618
790	745
790	784
790	813
790	868
790	877
790	941
790	950
790	964
791	35
791	119
791	134
791	215
791	380
791	452
791	526
791	665
791	729
791	801
791	949
791	960
791	1000
792	488
792	528
792	714
792	786
792	865
792	876
792	903
792	932
792	949
792	950
792	960
792	962
792	967
793	61
793	689
793	714
793	732
793	770
793	787
793	817
793	891
793	931
793	952
793	962
793	975
793	994
794	59
794	67
794	422
794	548
794	595
794	767
794	843
794	845
794	860
794	898
794	957
794	971
794	1000
795	154
795	439
795	546
795	658
795	724
795	865
795	882
795	926
795	962
795	970
795	988
795	989
795	999
796	291
796	516
796	714
796	721
796	778
796	809
796	839
796	851
796	877
796	922
796	939
796	945
796	960
797	30
797	138
797	172
797	418
797	451
797	470
797	516
797	873
797	879
797	931
797	938
797	985
797	989
798	335
798	513
798	558
798	601
798	736
798	776
798	782
798	807
798	876
798	978
798	981
798	994
798	999
799	246
799	280
799	410
799	655
799	785
799	812
799	833
799	850
799	899
799	926
799	934
799	944
799	987
800	105
800	153
800	206
800	234
800	472
800	531
800	663
800	698
800	719
800	765
800	923
800	943
800	959
800	966
801	376
801	649
801	736
801	783
801	788
801	791
801	862
801	891
801	896
801	934
801	938
801	950
801	978
801	987
802	26
802	83
802	214
802	319
802	385
802	468
802	543
802	603
802	633
802	674
802	920
802	931
802	942
802	998
803	36
803	241
803	282
803	445
803	447
803	569
803	636
803	890
803	905
803	907
803	923
803	925
803	935
803	992
804	26
804	78
804	269
804	327
804	573
804	644
804	668
804	701
804	781
804	782
804	836
804	924
804	931
804	975
805	25
805	344
805	574
805	593
805	633
805	731
805	770
805	892
805	904
805	931
805	957
805	964
805	972
805	974
806	180
806	184
806	311
806	589
806	648
806	688
806	780
806	933
806	944
806	947
806	960
806	967
806	980
806	984
807	235
807	238
807	308
807	508
807	601
807	699
807	798
807	831
807	839
807	880
807	948
807	961
807	972
807	978
808	13
808	20
808	100
808	230
808	548
808	611
808	695
808	868
808	877
808	904
808	950
808	965
808	967
808	995
809	15
809	36
809	293
809	626
809	666
809	687
809	796
809	812
809	836
809	853
809	869
809	918
809	923
809	945
810	143
810	153
810	318
810	580
810	582
810	710
810	842
810	889
810	912
810	937
810	939
810	942
810	962
810	965
811	589
811	598
811	658
811	682
811	730
811	850
811	917
811	938
811	939
811	959
811	976
811	979
811	984
811	988
812	125
812	195
812	350
812	452
812	477
812	513
812	581
812	750
812	799
812	809
812	893
812	895
812	896
812	951
813	301
813	460
813	576
813	666
813	783
813	785
813	790
813	904
813	910
813	914
813	920
813	929
813	944
813	964
814	48
814	283
814	602
814	613
814	632
814	714
814	856
814	899
814	902
814	908
814	910
814	937
814	942
814	967
815	52
815	307
815	326
815	397
815	526
815	705
815	770
815	772
815	877
815	895
815	907
815	931
815	975
815	978
816	421
816	514
816	576
816	580
816	653
816	819
816	830
816	870
816	939
816	945
816	977
816	978
816	984
816	989
816	990
817	248
817	272
817	331
817	416
817	793
817	834
817	850
817	875
817	897
817	909
817	914
817	957
817	966
817	971
817	990
818	31
818	349
818	397
818	604
818	668
818	723
818	725
818	781
818	854
818	861
818	972
818	979
818	982
818	993
818	995
819	61
819	120
819	202
819	693
819	774
819	816
819	890
819	905
819	921
819	936
819	963
819	968
819	980
819	983
819	994
820	166
820	194
820	450
820	561
820	594
820	619
820	715
820	783
820	831
820	864
820	913
820	915
820	925
820	970
820	976
821	23
821	79
821	195
821	528
821	629
821	774
821	786
821	824
821	846
821	860
821	908
821	915
821	940
821	951
821	994
822	103
822	109
822	158
822	192
822	305
822	404
822	517
822	521
822	669
822	680
822	763
822	827
822	919
822	943
822	994
823	143
823	323
823	426
823	619
823	707
823	715
823	736
823	837
823	841
823	844
823	884
823	940
823	954
823	970
823	980
824	321
824	359
824	391
824	487
824	566
824	821
824	830
824	853
824	903
824	932
824	944
824	957
824	965
824	976
824	979
825	433
825	473
825	528
825	585
825	724
825	735
825	774
825	779
825	830
825	877
825	927
825	932
825	943
825	966
825	976
826	147
826	366
826	390
826	453
826	683
826	705
826	870
826	939
826	941
826	960
826	969
826	975
826	989
826	990
826	991
827	70
827	390
827	500
827	539
827	542
827	548
827	725
827	775
827	822
827	833
827	874
827	895
827	901
827	903
827	938
827	995
828	201
828	240
828	307
828	351
828	381
828	414
828	616
828	670
828	706
828	756
828	843
828	910
828	923
828	961
828	977
828	997
829	60
829	739
829	788
829	830
829	844
829	849
829	854
829	866
829	870
829	893
829	921
829	924
829	939
829	946
829	950
829	990
830	378
830	579
830	671
830	683
830	711
830	816
830	824
830	825
830	829
830	928
830	942
830	943
830	958
830	964
830	989
830	990
831	56
831	327
831	373
831	439
831	485
831	591
831	672
831	724
831	807
831	820
831	833
831	887
831	898
831	934
831	977
831	999
832	33
832	187
832	355
832	368
832	591
832	611
832	710
832	857
832	869
832	870
832	908
832	946
832	965
832	967
832	982
832	983
833	112
833	156
833	340
833	433
833	661
833	785
833	799
833	827
833	831
833	853
833	879
833	938
833	952
833	962
833	986
833	999
834	119
834	137
834	165
834	501
834	626
834	690
834	721
834	728
834	738
834	746
834	817
834	865
834	922
834	960
834	971
834	985
835	158
835	238
835	614
835	657
835	740
835	849
835	859
835	875
835	927
835	949
835	957
835	965
835	976
835	989
835	993
835	998
836	132
836	181
836	293
836	445
836	489
836	559
836	609
836	667
836	784
836	804
836	809
836	857
836	894
836	915
836	923
836	974
836	999
837	182
837	184
837	219
837	222
837	229
837	249
837	322
837	357
837	483
837	559
837	727
837	755
837	772
837	823
837	868
837	885
837	997
838	31
838	160
838	296
838	307
838	377
838	380
838	417
838	703
838	851
838	852
838	878
838	924
838	929
838	935
838	946
838	958
838	959
839	452
839	454
839	468
839	614
839	620
839	623
839	796
839	807
839	873
839	895
839	919
839	928
839	947
839	954
839	966
839	969
839	996
840	30
840	285
840	300
840	356
840	406
840	448
840	451
840	527
840	654
840	671
840	782
840	784
840	938
840	946
840	958
840	975
840	990
841	45
841	121
841	125
841	229
841	252
841	296
841	328
841	535
841	645
841	653
841	768
841	823
841	853
841	866
841	941
841	961
841	999
842	19
842	255
842	271
842	320
842	376
842	464
842	506
842	623
842	691
842	773
842	789
842	810
842	863
842	893
842	901
842	926
842	999
843	153
843	253
843	315
843	330
843	375
843	454
843	587
843	726
843	794
843	828
843	847
843	861
843	878
843	915
843	928
843	960
843	971
844	10
844	22
844	43
844	294
844	444
844	756
844	823
844	829
844	864
844	866
844	924
844	940
844	957
844	973
844	974
844	984
844	989
845	402
845	425
845	685
845	687
845	769
845	794
845	848
845	883
845	887
845	914
845	933
845	945
845	954
845	964
845	974
845	988
845	995
846	77
846	266
846	440
846	475
846	536
846	629
846	643
846	649
846	727
846	763
846	766
846	821
846	863
846	893
846	926
846	984
846	1000
847	85
847	368
847	369
847	428
847	531
847	558
847	629
847	783
847	843
847	896
847	912
847	919
847	925
847	938
847	959
847	979
847	994
848	51
848	309
848	344
848	361
848	469
848	518
848	650
848	652
848	768
848	845
848	872
848	883
848	899
848	913
848	918
848	974
848	984
849	277
849	313
849	316
849	623
849	751
849	753
849	829
849	835
849	867
849	899
849	915
849	926
849	933
849	934
849	944
849	947
849	964
849	987
850	190
850	538
850	582
850	593
850	658
850	659
850	694
850	736
850	799
850	811
850	817
850	857
850	906
850	914
850	940
850	955
850	957
850	980
851	296
851	356
851	477
851	784
851	796
851	838
851	852
851	893
851	909
851	936
851	946
851	953
851	958
851	961
851	968
851	982
851	991
851	997
852	68
852	269
852	406
852	444
852	571
852	679
852	838
852	851
852	886
852	898
852	901
852	919
852	943
852	949
852	953
852	958
852	991
852	992
853	401
853	549
853	618
853	664
853	708
853	809
853	824
853	833
853	841
853	923
853	938
853	948
853	961
853	978
853	984
853	998
853	999
853	1000
854	54
854	557
854	568
854	598
854	637
854	733
854	740
854	778
854	818
854	829
854	865
854	922
854	933
854	945
854	958
854	960
854	975
854	985
855	73
855	393
855	406
855	485
855	508
855	591
855	724
855	761
855	782
855	787
855	860
855	870
855	879
855	887
855	923
855	963
855	969
855	996
856	205
856	243
856	249
856	351
856	372
856	553
856	590
856	722
856	754
856	814
856	875
856	894
856	912
856	930
856	940
856	986
856	996
856	998
857	432
857	482
857	590
857	596
857	743
857	769
857	832
857	836
857	850
857	866
857	867
857	921
857	936
857	964
857	967
857	970
857	974
857	982
858	10
858	133
858	209
858	308
858	400
858	462
858	734
858	776
858	877
858	900
858	904
858	920
858	939
858	942
858	950
858	965
858	969
858	984
859	27
859	100
859	228
859	304
859	510
859	560
859	566
859	585
859	752
859	835
859	879
859	909
859	922
859	925
859	948
859	952
859	976
859	983
860	72
860	254
860	267
860	517
860	529
860	545
860	556
860	592
860	595
860	694
860	771
860	794
860	821
860	855
860	888
860	948
860	986
860	992
861	179
861	200
861	206
861	245
861	540
861	568
861	660
861	733
861	757
861	818
861	843
861	903
861	904
861	932
861	947
861	968
861	976
861	990
862	60
862	96
862	273
862	313
862	500
862	522
862	597
862	682
862	751
862	783
862	788
862	801
862	891
862	951
862	956
862	989
862	996
862	997
863	192
863	296
863	312
863	316
863	329
863	348
863	499
863	615
863	689
863	747
863	773
863	842
863	846
863	866
863	886
863	893
863	914
863	1000
864	21
864	310
864	325
864	705
864	727
864	820
864	844
864	866
864	870
864	902
864	923
864	935
864	939
864	964
864	989
864	990
864	995
864	999
865	26
865	186
865	210
865	256
865	263
865	514
865	528
865	559
865	726
865	737
865	778
865	782
865	792
865	795
865	834
865	854
865	945
865	957
866	305
866	329
866	354
866	393
866	476
866	579
866	786
866	829
866	841
866	844
866	857
866	863
866	864
866	939
866	951
866	960
866	964
866	989
866	990
867	31
867	110
867	118
867	175
867	219
867	323
867	353
867	354
867	396
867	403
867	719
867	849
867	857
867	874
867	929
867	969
867	981
867	985
867	998
868	191
868	350
868	370
868	480
868	622
868	635
868	700
868	790
868	808
868	837
868	881
868	908
868	928
868	936
868	959
868	973
868	982
868	992
868	993
869	144
869	265
869	306
869	358
869	478
869	665
869	715
869	730
869	750
869	809
869	832
869	894
869	916
869	917
869	962
869	979
869	987
869	988
869	999
870	52
870	87
870	250
870	404
870	464
870	488
870	733
870	816
870	826
870	829
870	832
870	855
870	864
870	974
870	978
870	987
870	989
870	990
870	994
871	194
871	201
871	416
871	493
871	536
871	591
871	614
871	708
871	729
871	777
871	906
871	944
871	946
871	950
871	953
871	955
871	957
871	958
871	968
872	228
872	281
872	368
872	436
872	474
872	475
872	570
872	607
872	639
872	700
872	709
872	848
872	908
872	915
872	945
872	963
872	977
872	982
872	985
873	300
873	323
873	339
873	408
873	518
873	646
873	678
873	747
873	797
873	839
873	874
873	897
873	941
873	956
873	963
873	964
873	985
873	987
873	998
874	233
874	252
874	391
874	499
874	525
874	610
874	703
874	706
874	713
874	756
874	778
874	783
874	827
874	867
874	873
874	984
874	992
874	993
874	997
875	57
875	146
875	406
875	474
875	535
875	544
875	731
875	777
875	788
875	817
875	835
875	856
875	886
875	892
875	914
875	916
875	936
875	951
875	985
876	179
876	189
876	345
876	402
876	560
876	597
876	601
876	621
876	711
876	745
876	792
876	798
876	899
876	924
876	954
876	972
876	978
876	990
876	991
877	4
877	99
877	385
877	413
877	633
877	661
877	717
877	732
877	746
877	770
877	775
877	790
877	796
877	808
877	815
877	825
877	858
877	922
877	975
878	28
878	121
878	167
878	392
878	455
878	466
878	498
878	613
878	676
878	691
878	721
878	746
878	789
878	838
878	843
878	928
878	967
878	971
878	984
878	986
879	64
879	198
879	199
879	225
879	450
879	472
879	667
879	797
879	833
879	855
879	859
879	890
879	905
879	910
879	911
879	927
879	959
879	963
879	987
879	989
880	1
880	252
880	397
880	572
880	635
880	681
880	698
880	713
880	735
880	765
880	789
880	807
880	883
880	884
880	903
880	933
880	957
880	960
880	983
880	991
881	308
881	467
881	616
881	618
881	639
881	748
881	750
881	780
881	868
881	909
881	912
881	915
881	929
881	946
881	947
881	954
881	961
881	977
881	980
881	984
882	2
882	324
882	334
882	463
882	551
882	578
882	669
882	672
882	709
882	795
882	885
882	901
882	907
882	930
882	938
882	964
882	975
882	977
882	989
882	1000
883	286
883	298
883	501
883	515
883	559
883	652
883	696
883	769
883	778
883	845
883	848
883	880
883	954
883	970
883	974
883	976
883	982
883	987
883	992
883	1000
884	44
884	130
884	218
884	294
884	319
884	405
884	584
884	604
884	735
884	761
884	765
884	823
884	880
884	887
884	933
884	982
884	986
884	991
884	996
884	997
885	62
885	112
885	219
885	273
885	431
885	446
885	598
885	612
885	620
885	671
885	677
885	722
885	837
885	882
885	937
885	979
885	980
885	987
885	997
885	998
886	378
886	588
886	634
886	641
886	730
886	768
886	773
886	777
886	787
886	852
886	863
886	875
886	892
886	897
886	914
886	946
886	957
886	959
886	969
886	992
887	185
887	337
887	377
887	506
887	691
887	738
887	753
887	771
887	780
887	831
887	845
887	855
887	884
887	930
887	944
887	955
887	959
887	973
887	990
887	996
888	94
888	129
888	192
888	304
888	408
888	441
888	632
888	663
888	697
888	772
888	860
888	889
888	896
888	937
888	942
888	957
888	958
888	966
888	977
888	986
888	991
889	118
889	389
889	503
889	605
889	608
889	663
889	737
889	746
889	764
889	766
889	810
889	888
889	890
889	902
889	904
889	926
889	937
889	978
889	981
889	992
889	1000
890	50
890	66
890	90
890	97
890	237
890	405
890	472
890	522
890	603
890	703
890	764
890	788
890	803
890	819
890	879
890	889
890	907
890	911
890	934
890	963
890	983
891	113
891	273
891	274
891	275
891	359
891	495
891	532
891	610
891	619
891	731
891	759
891	783
891	793
891	801
891	862
891	896
891	905
891	917
891	951
891	979
891	988
892	57
892	193
892	217
892	241
892	249
892	260
892	529
892	601
892	621
892	647
892	761
892	767
892	768
892	784
892	805
892	875
892	886
892	897
892	957
892	981
892	992
893	66
893	97
893	271
893	329
893	337
893	351
893	409
893	532
893	755
893	812
893	829
893	842
893	846
893	851
893	863
893	897
893	908
893	926
893	930
893	961
893	986
894	87
894	238
894	347
894	418
894	614
894	620
894	622
894	676
894	692
894	787
894	836
894	856
894	869
894	916
894	919
894	953
894	956
894	969
894	989
894	996
894	999
895	108
895	171
895	220
895	283
895	403
895	451
895	466
895	519
895	563
895	681
895	752
895	812
895	815
895	827
895	839
895	920
895	944
895	962
895	976
895	998
895	999
896	108
896	167
896	196
896	313
896	350
896	389
896	477
896	522
896	539
896	687
896	718
896	767
896	783
896	801
896	812
896	847
896	888
896	891
896	898
896	899
896	929
897	114
897	146
897	455
897	468
897	565
897	706
897	731
897	736
897	817
897	873
897	886
897	892
897	893
897	914
897	918
897	947
897	957
897	964
897	987
897	994
897	995
898	68
898	88
898	117
898	328
898	333
898	417
898	520
898	618
898	626
898	635
898	730
898	794
898	831
898	852
898	896
898	906
898	913
898	953
898	958
898	959
898	993
899	230
899	298
899	382
899	446
899	472
899	567
899	589
899	683
899	689
899	716
899	753
899	799
899	814
899	848
899	849
899	876
899	896
899	915
899	934
899	944
899	987
900	32
900	182
900	245
900	280
900	462
900	501
900	506
900	555
900	583
900	706
900	755
900	770
900	858
900	904
900	920
900	950
900	962
900	964
900	974
900	977
900	984
901	87
901	225
901	231
901	382
901	410
901	493
901	535
901	546
901	719
901	744
901	827
901	842
901	852
901	882
901	938
901	944
901	954
901	961
901	973
901	992
901	999
902	155
902	197
902	318
902	320
902	456
902	457
902	511
902	533
902	541
902	602
902	660
902	709
902	720
902	747
902	772
902	814
902	864
902	889
902	937
902	955
902	995
903	62
903	254
903	383
903	461
903	641
903	644
903	688
903	702
903	740
903	757
903	787
903	792
903	824
903	827
903	861
903	880
903	932
903	944
903	949
903	955
903	976
903	988
904	19
904	412
904	546
904	579
904	610
904	704
904	712
904	714
904	805
904	808
904	813
904	858
904	861
904	889
904	900
904	919
904	920
904	921
904	924
904	950
904	964
904	977
905	187
905	198
905	228
905	326
905	405
905	492
905	693
905	703
905	744
905	758
905	803
905	819
905	879
905	891
905	921
905	928
905	955
905	963
905	965
905	969
905	981
905	990
906	247
906	258
906	364
906	429
906	430
906	507
906	577
906	669
906	693
906	708
906	774
906	776
906	850
906	871
906	898
906	945
906	946
906	953
906	958
906	960
906	972
906	983
907	41
907	162
907	264
907	329
907	451
907	467
907	691
907	758
907	766
907	767
907	803
907	815
907	882
907	890
907	923
907	924
907	925
907	930
907	956
907	982
907	994
907	999
908	3
908	21
908	218
908	400
908	520
908	741
908	777
908	783
908	814
908	821
908	832
908	868
908	872
908	893
908	915
908	918
908	933
908	936
908	943
908	962
908	968
908	982
909	24
909	34
909	142
909	230
909	379
909	556
909	616
909	698
909	699
909	719
909	737
909	771
909	817
909	851
909	859
909	881
909	925
909	929
909	952
909	980
909	984
909	994
910	39
910	49
910	175
910	371
910	392
910	414
910	418
910	534
910	553
910	599
910	668
910	701
910	743
910	759
910	813
910	814
910	828
910	879
910	956
910	971
910	978
910	996
911	80
911	202
911	204
911	255
911	259
911	286
911	331
911	371
911	374
911	456
911	577
911	678
911	693
911	715
911	763
911	879
911	890
911	921
911	960
911	963
911	979
911	1000
912	111
912	266
912	279
912	344
912	432
912	449
912	466
912	503
912	557
912	690
912	698
912	732
912	810
912	847
912	856
912	881
912	919
912	942
912	951
912	959
912	970
912	994
913	425
913	447
913	469
913	515
913	530
913	661
913	685
913	716
913	754
913	760
913	820
913	848
913	898
913	940
913	951
913	954
913	974
913	982
913	986
913	989
913	991
913	992
914	97
914	347
914	593
914	658
914	706
914	719
914	725
914	768
914	813
914	817
914	845
914	850
914	863
914	875
914	886
914	897
914	922
914	927
914	938
914	953
914	957
914	969
914	999
915	127
915	281
915	413
915	449
915	461
915	469
915	535
915	596
915	741
915	743
915	755
915	820
915	821
915	836
915	843
915	849
915	872
915	881
915	899
915	908
915	918
915	973
915	982
916	89
916	224
916	293
916	408
916	554
916	563
916	579
916	584
916	608
916	623
916	666
916	684
916	695
916	728
916	756
916	757
916	869
916	875
916	894
916	917
916	949
916	962
916	993
917	29
917	144
917	170
917	342
917	378
917	425
917	471
917	555
917	570
917	584
917	648
917	667
917	675
917	774
917	775
917	811
917	869
917	891
917	916
917	935
917	962
917	965
917	969
918	50
918	276
918	319
918	358
918	399
918	468
918	504
918	609
918	681
918	696
918	780
918	809
918	848
918	897
918	908
918	915
918	926
918	927
918	928
918	936
918	951
918	968
918	982
918	990
919	82
919	185
919	257
919	330
919	395
919	495
919	523
919	627
919	684
919	723
919	726
919	735
919	749
919	766
919	822
919	839
919	847
919	852
919	894
919	904
919	912
919	943
919	959
919	994
920	133
920	157
920	295
920	462
920	507
920	555
920	628
920	646
920	651
920	657
920	704
920	726
920	762
920	802
920	813
920	858
920	895
920	900
920	904
920	955
920	960
920	962
920	964
920	977
921	58
921	109
921	200
921	244
921	259
921	560
921	566
921	590
921	607
921	667
921	685
921	688
921	703
921	819
921	829
921	857
921	904
921	905
921	911
921	937
921	948
921	963
921	974
921	980
922	43
922	83
922	156
922	303
922	413
922	487
922	520
922	589
922	596
922	624
922	686
922	701
922	737
922	789
922	796
922	834
922	854
922	859
922	877
922	914
922	959
922	971
922	982
922	998
923	14
923	15
923	27
923	132
923	140
923	191
923	478
923	537
923	609
923	612
923	691
923	800
923	803
923	809
923	828
923	836
923	853
923	855
923	864
923	907
923	925
923	955
923	962
923	976
924	17
924	180
924	235
924	315
924	573
924	599
924	640
924	641
924	646
924	648
924	668
924	704
924	751
924	753
924	759
924	782
924	804
924	829
924	838
924	844
924	876
924	904
924	907
924	952
924	973
925	18
925	135
925	162
925	244
925	321
925	470
925	509
925	572
925	607
925	622
925	683
925	751
925	766
925	803
925	820
925	847
925	859
925	907
925	909
925	923
925	934
925	956
925	976
925	982
925	996
926	54
926	277
926	288
926	312
926	320
926	471
926	475
926	643
926	660
926	686
926	744
926	773
926	795
926	799
926	842
926	846
926	849
926	889
926	893
926	918
926	932
926	944
926	945
926	966
926	973
927	158
927	206
927	287
927	464
927	522
927	546
927	643
927	654
927	659
927	708
927	740
927	766
927	774
927	825
927	835
927	879
927	914
927	918
927	936
927	949
927	950
927	976
927	977
927	978
927	980
928	48
928	67
928	101
928	243
928	366
928	424
928	530
928	556
928	687
928	730
928	755
928	830
928	839
928	843
928	868
928	878
928	905
928	918
928	936
928	964
928	967
928	968
928	974
928	975
928	998
929	314
929	594
929	620
929	626
929	648
929	699
929	707
929	713
929	764
929	765
929	779
929	787
929	813
929	838
929	867
929	881
929	896
929	909
929	947
929	952
929	980
929	984
929	990
929	991
929	993
930	351
930	400
930	525
930	589
930	624
930	648
930	683
930	689
930	780
930	856
930	882
930	887
930	893
930	907
930	937
930	940
930	955
930	966
930	973
930	974
930	983
930	984
930	987
930	989
930	996
931	26
931	81
931	170
931	259
931	414
931	419
931	473
931	503
931	540
931	627
931	633
931	730
931	732
931	759
931	793
931	797
931	802
931	804
931	805
931	815
931	948
931	966
931	975
931	982
931	987
931	988
932	199
932	227
932	241
932	299
932	330
932	438
932	525
932	569
932	573
932	592
932	654
932	712
932	714
932	751
932	786
932	792
932	824
932	825
932	861
932	903
932	926
932	945
932	949
932	971
932	976
932	994
933	83
933	164
933	166
933	185
933	275
933	341
933	377
933	577
933	604
933	646
933	681
933	707
933	765
933	789
933	806
933	845
933	849
933	854
933	880
933	884
933	908
933	946
933	983
933	984
933	987
933	991
934	36
934	99
934	110
934	131
934	295
934	326
934	420
934	441
934	512
934	593
934	690
934	694
934	716
934	730
934	799
934	801
934	831
934	849
934	890
934	899
934	925
934	944
934	987
934	991
934	997
934	999
935	30
935	322
935	427
935	440
935	463
935	503
935	507
935	567
935	610
935	645
935	655
935	696
935	723
935	803
935	838
935	864
935	917
935	940
935	941
935	946
935	953
935	966
935	967
935	981
935	985
935	998
936	71
936	108
936	346
936	453
936	480
936	533
936	556
936	572
936	590
936	642
936	695
936	741
936	752
936	785
936	819
936	851
936	857
936	868
936	875
936	908
936	918
936	927
936	928
936	959
936	967
936	991
937	17
937	389
937	442
937	473
937	538
937	626
937	650
937	660
937	663
937	702
937	710
937	784
937	810
937	814
937	885
937	888
937	889
937	902
937	921
937	930
937	942
937	957
937	958
937	968
937	980
937	983
938	3
938	46
938	208
938	299
938	449
938	507
938	548
938	551
938	592
938	609
938	682
938	713
938	788
938	797
938	801
938	811
938	827
938	833
938	840
938	847
938	853
938	882
938	901
938	914
938	985
938	992
939	318
939	365
939	404
939	418
939	521
939	543
939	617
939	629
939	657
939	673
939	727
939	759
939	796
939	810
939	811
939	816
939	826
939	829
939	858
939	864
939	866
939	954
939	964
939	965
939	989
939	990
940	87
940	116
940	169
940	311
940	323
940	328
940	444
940	541
940	571
940	651
940	689
940	710
940	821
940	823
940	844
940	850
940	856
940	913
940	930
940	935
940	966
940	969
940	971
940	973
940	994
940	996
940	998
941	112
941	116
941	126
941	129
941	290
941	405
941	452
941	482
941	606
941	655
941	696
941	717
941	747
941	753
941	788
941	790
941	826
941	841
941	873
941	935
941	955
941	972
941	978
941	981
941	985
941	994
941	998
942	6
942	84
942	93
942	257
942	457
942	518
942	524
942	540
942	568
942	605
942	666
942	669
942	702
942	710
942	738
942	758
942	759
942	772
942	802
942	810
942	814
942	830
942	858
942	888
942	912
942	937
942	993
943	208
943	209
943	342
943	360
943	404
943	412
943	449
943	523
943	586
943	610
943	612
943	649
943	698
943	726
943	775
943	800
943	822
943	825
943	830
943	852
943	908
943	919
943	946
943	954
943	959
943	962
943	982
943	994
944	131
944	246
944	442
944	486
944	558
944	589
944	656
944	690
944	716
944	746
944	753
944	755
944	787
944	799
944	806
944	813
944	824
944	849
944	871
944	887
944	895
944	899
944	901
944	903
944	926
944	934
944	977
944	996
945	2
945	82
945	121
945	279
945	348
945	413
945	463
945	493
945	520
945	631
945	641
945	677
945	695
945	733
945	742
945	796
945	809
945	816
945	845
945	854
945	865
945	872
945	906
945	926
945	932
945	960
945	971
945	985
946	74
946	117
946	124
946	160
946	236
946	247
946	320
946	416
946	606
946	731
946	780
946	829
946	832
946	838
946	840
946	851
946	871
946	881
946	886
946	906
946	933
946	935
946	943
946	953
946	958
946	961
946	967
946	976
946	986
947	348
947	370
947	415
947	419
947	467
947	542
947	594
947	602
947	616
947	653
947	667
947	679
947	733
947	738
947	739
947	780
947	806
947	839
947	849
947	861
947	881
947	897
947	929
947	952
947	953
947	958
947	974
947	980
947	984
948	11
948	82
948	278
948	353
948	389
948	411
948	515
948	516
948	529
948	541
948	545
948	587
948	612
948	636
948	670
948	679
948	738
948	750
948	771
948	786
948	807
948	853
948	859
948	860
948	921
948	931
948	961
948	970
948	990
949	95
949	133
949	196
949	299
949	359
949	387
949	430
949	434
949	560
949	569
949	571
949	598
949	757
949	791
949	792
949	835
949	852
949	903
949	916
949	927
949	932
949	950
949	963
949	966
949	976
949	978
949	993
949	996
949	1000
950	119
950	141
950	237
950	275
950	341
950	396
950	518
950	575
950	618
950	692
950	712
950	713
950	751
950	790
950	792
950	801
950	808
950	829
950	858
950	871
950	900
950	904
950	927
950	949
950	963
950	964
950	975
950	977
950	981
950	994
951	274
951	350
951	376
951	380
951	382
951	409
951	467
951	477
951	496
951	518
951	581
951	608
951	616
951	649
951	662
951	703
951	733
951	749
951	812
951	821
951	862
951	866
951	875
951	891
951	912
951	913
951	918
951	964
951	990
951	994
952	92
952	250
952	262
952	333
952	446
952	453
952	483
952	532
952	551
952	578
952	616
952	626
952	629
952	638
952	705
952	706
952	713
952	721
952	754
952	793
952	833
952	859
952	909
952	924
952	929
952	947
952	966
952	980
952	984
952	1000
953	20
953	24
953	76
953	120
953	123
953	285
953	311
953	459
953	591
953	673
953	708
953	710
953	749
953	851
953	852
953	871
953	894
953	898
953	906
953	914
953	935
953	946
953	947
953	955
953	958
953	971
953	975
953	988
953	989
953	995
954	46
954	119
954	141
954	260
954	286
954	531
954	559
954	661
954	713
954	750
954	760
954	769
954	823
954	839
954	845
954	876
954	881
954	883
954	901
954	913
954	939
954	943
954	963
954	965
954	966
954	969
954	974
954	991
954	996
954	997
954	999
955	207
955	229
955	324
955	325
955	537
955	561
955	582
955	592
955	614
955	655
955	679
955	718
955	738
955	771
955	850
955	871
955	887
955	902
955	903
955	905
955	920
955	923
955	930
955	941
955	953
955	957
955	966
955	967
955	969
955	972
955	996
956	8
956	18
956	36
956	60
956	169
956	221
956	373
956	390
956	398
956	422
956	447
956	527
956	574
956	607
956	622
956	656
956	661
956	691
956	766
956	773
956	862
956	873
956	894
956	907
956	910
956	925
956	960
956	961
956	985
956	999
956	1000
957	174
957	267
957	360
957	428
957	460
957	514
957	538
957	560
957	678
957	702
957	703
957	736
957	742
957	794
957	805
957	817
957	824
957	835
957	844
957	850
957	865
957	871
957	880
957	886
957	888
957	892
957	897
957	914
957	937
957	955
957	998
958	39
958	141
958	183
958	224
958	239
958	302
958	364
958	398
958	532
958	552
958	591
958	630
958	701
958	708
958	730
958	830
958	838
958	840
958	851
958	852
958	854
958	871
958	888
958	898
958	906
958	937
958	946
958	947
958	953
958	965
958	983
958	988
959	37
959	82
959	104
959	105
959	159
959	206
959	222
959	253
959	481
959	523
959	598
959	599
959	630
959	766
959	800
959	811
959	838
959	847
959	868
959	879
959	886
959	887
959	898
959	912
959	919
959	922
959	936
959	943
959	976
959	994
959	997
959	1000
960	40
960	99
960	131
960	363
960	382
960	394
960	449
960	570
960	595
960	604
960	625
960	701
960	717
960	727
960	771
960	791
960	792
960	796
960	806
960	826
960	834
960	843
960	854
960	866
960	880
960	906
960	911
960	920
960	945
960	956
960	971
960	980
961	93
961	120
961	209
961	226
961	273
961	319
961	324
961	379
961	401
961	434
961	440
961	479
961	486
961	522
961	592
961	624
961	676
961	807
961	828
961	841
961	851
961	853
961	881
961	893
961	901
961	946
961	948
961	956
961	963
961	990
961	992
961	999
962	63
962	397
962	403
962	444
962	457
962	492
962	563
962	617
962	637
962	647
962	700
962	709
962	718
962	723
962	742
962	781
962	792
962	793
962	795
962	810
962	833
962	869
962	895
962	900
962	908
962	916
962	917
962	920
962	923
962	943
962	979
962	988
963	80
963	289
963	371
963	425
963	456
963	489
963	492
963	505
963	539
963	582
963	667
963	703
963	770
963	819
963	855
963	872
963	873
963	879
963	890
963	905
963	911
963	921
963	949
963	950
963	954
963	961
963	968
963	975
963	976
963	984
963	986
963	999
964	346
964	454
964	504
964	518
964	520
964	583
964	704
964	711
964	712
964	742
964	755
964	790
964	805
964	813
964	830
964	845
964	849
964	857
964	864
964	866
964	873
964	882
964	897
964	900
964	904
964	920
964	928
964	939
964	950
964	951
964	971
964	977
964	999
965	122
965	142
965	183
965	218
965	269
965	381
965	383
965	394
965	481
965	665
965	729
965	748
965	758
965	764
965	779
965	808
965	810
965	824
965	832
965	835
965	858
965	905
965	917
965	939
965	954
965	958
965	973
965	979
965	983
965	986
965	993
965	995
965	1000
966	49
966	147
966	151
966	154
966	193
966	300
966	372
966	449
966	517
966	584
966	614
966	752
966	776
966	800
966	817
966	825
966	839
966	888
966	926
966	930
966	931
966	935
966	940
966	949
966	952
966	954
966	955
966	969
966	976
966	977
966	978
966	996
966	998
967	103
967	165
967	271
967	277
967	314
967	334
967	399
967	590
967	596
967	664
967	674
967	687
967	694
967	716
967	755
967	785
967	792
967	806
967	808
967	814
967	832
967	857
967	878
967	928
967	935
967	936
967	946
967	955
967	982
967	993
967	995
967	998
967	999
968	37
968	38
968	71
968	96
968	130
968	140
968	184
968	195
968	362
968	415
968	443
968	494
968	576
968	597
968	628
968	632
968	637
968	645
968	659
968	670
968	743
968	752
968	773
968	819
968	851
968	861
968	871
968	908
968	918
968	928
968	937
968	963
968	981
968	990
969	49
969	255
969	281
969	334
969	364
969	365
969	492
969	547
969	586
969	606
969	651
969	726
969	762
969	826
969	839
969	855
969	858
969	867
969	886
969	894
969	905
969	914
969	917
969	940
969	954
969	955
969	966
969	973
969	987
969	992
969	993
969	995
969	996
969	998
970	91
970	139
970	143
970	150
970	268
970	284
970	290
970	303
970	371
970	394
970	412
970	426
970	442
970	450
970	501
970	517
970	555
970	613
970	690
970	692
970	702
970	748
970	749
970	752
970	781
970	782
970	795
970	820
970	823
970	857
970	883
970	912
970	948
970	974
970	981
970	998
971	67
971	99
971	308
971	331
971	436
971	483
971	562
971	615
971	623
971	630
971	641
971	674
971	677
971	697
971	707
971	721
971	737
971	757
971	794
971	817
971	834
971	843
971	878
971	910
971	922
971	932
971	940
971	945
971	953
971	960
971	964
971	978
971	981
971	984
971	991
971	994
971	997
972	40
972	62
972	115
972	219
972	227
972	235
972	259
972	345
972	363
972	432
972	508
972	522
972	568
972	601
972	621
972	643
972	661
972	662
972	674
972	711
972	718
972	729
972	745
972	776
972	805
972	807
972	818
972	876
972	906
972	941
972	955
972	975
972	978
972	988
972	989
972	996
972	1000
973	3
973	94
973	150
973	151
973	172
973	353
973	363
973	395
973	399
973	427
973	515
973	562
973	586
973	595
973	621
973	676
973	679
973	689
973	715
973	738
973	744
973	762
973	844
973	868
973	887
973	901
973	915
973	924
973	926
973	930
973	940
973	965
973	969
973	978
973	992
973	995
973	996
974	9
974	14
974	46
974	72
974	89
974	107
974	183
974	242
974	260
974	302
974	426
974	462
974	469
974	499
974	559
974	576
974	634
974	725
974	760
974	762
974	805
974	836
974	844
974	845
974	848
974	857
974	870
974	883
974	900
974	913
974	921
974	928
974	930
974	947
974	954
974	970
974	976
974	996
975	4
975	61
975	81
975	224
975	235
975	327
975	412
975	429
975	473
975	504
975	512
975	519
975	543
975	561
975	563
975	578
975	627
975	643
975	677
975	693
975	732
975	770
975	785
975	793
975	804
975	815
975	826
975	840
975	854
975	877
975	882
975	928
975	931
975	950
975	953
975	963
975	972
975	981
976	45
976	71
976	173
976	188
976	239
976	287
976	304
976	470
976	560
976	634
976	661
976	756
976	757
976	780
976	785
976	786
976	811
976	820
976	824
976	825
976	835
976	859
976	861
976	883
976	895
976	903
976	923
976	925
976	927
976	932
976	946
976	949
976	959
976	963
976	966
976	974
976	980
976	982
977	2
977	28
977	47
977	126
977	148
977	209
977	214
977	301
977	346
977	386
977	437
977	454
977	491
977	518
977	583
977	619
977	622
977	655
977	662
977	718
977	742
977	757
977	816
977	828
977	831
977	872
977	881
977	882
977	888
977	900
977	904
977	920
977	927
977	944
977	950
977	964
977	966
977	980
978	14
978	40
978	73
978	106
978	107
978	159
978	168
978	213
978	251
978	432
978	455
978	506
978	547
978	560
978	601
978	631
978	647
978	711
978	745
978	763
978	775
978	776
978	798
978	801
978	807
978	815
978	816
978	853
978	870
978	876
978	889
978	910
978	927
978	941
978	949
978	966
978	971
978	972
978	973
978	1000
979	150
979	176
979	234
979	252
979	271
979	280
979	291
979	315
979	321
979	355
979	383
979	393
979	503
979	534
979	567
979	584
979	617
979	628
979	630
979	642
979	658
979	668
979	684
979	695
979	696
979	747
979	764
979	811
979	818
979	824
979	847
979	869
979	885
979	891
979	911
979	962
979	965
979	983
979	988
979	993
980	24
980	170
980	215
980	243
980	250
980	301
980	405
980	419
980	432
980	443
980	563
980	564
980	626
980	660
980	684
980	699
980	713
980	728
980	731
980	741
980	746
980	806
980	819
980	823
980	850
980	881
980	885
980	909
980	921
980	927
980	929
980	937
980	947
980	952
980	960
980	976
980	977
980	982
980	983
980	984
980	996
981	32
981	47
981	86
981	131
981	148
981	170
981	292
981	305
981	315
981	428
981	435
981	470
981	510
981	593
981	613
981	628
981	648
981	655
981	664
981	670
981	674
981	678
981	686
981	753
981	785
981	788
981	798
981	867
981	889
981	892
981	905
981	935
981	941
981	950
981	968
981	970
981	971
981	975
981	985
981	998
981	999
982	5
982	21
982	133
982	215
982	245
982	276
982	277
982	367
982	441
982	448
982	468
982	474
982	480
982	566
982	585
982	639
982	643
982	663
982	673
982	687
982	785
982	818
982	832
982	851
982	857
982	868
982	872
982	883
982	884
982	907
982	908
982	913
982	915
982	918
982	922
982	925
982	931
982	943
982	967
982	976
982	980
982	989
983	56
983	70
983	97
983	136
983	198
983	205
983	223
983	275
983	301
983	319
983	335
983	355
983	421
983	459
983	500
983	512
983	536
983	645
983	681
983	682
983	720
983	735
983	743
983	765
983	776
983	819
983	832
983	859
983	880
983	890
983	906
983	930
983	933
983	937
983	958
983	965
983	979
983	980
983	989
983	991
983	994
983	998
984	92
984	180
984	187
984	215
984	290
984	370
984	419
984	477
984	529
984	532
984	544
984	564
984	569
984	578
984	649
984	658
984	699
984	713
984	735
984	754
984	780
984	806
984	811
984	816
984	844
984	846
984	848
984	853
984	858
984	874
984	878
984	881
984	900
984	909
984	929
984	930
984	933
984	947
984	952
984	963
984	971
984	980
984	991
985	9
985	32
985	34
985	180
985	187
985	220
985	256
985	388
985	391
985	435
985	468
985	476
985	510
985	523
985	541
985	600
985	607
985	660
985	670
985	672
985	674
985	678
985	698
985	723
985	734
985	739
985	769
985	788
985	797
985	834
985	854
985	867
985	872
985	873
985	875
985	935
985	938
985	941
985	945
985	956
985	981
985	991
985	998
986	13
986	22
986	89
986	107
986	152
986	158
986	167
986	250
986	262
986	282
986	398
986	455
986	484
986	510
986	523
986	526
986	590
986	596
986	606
986	611
986	632
986	642
986	685
986	712
986	734
986	748
986	763
986	779
986	783
986	789
986	833
986	856
986	860
986	878
986	884
986	888
986	893
986	913
986	946
986	963
986	965
986	993
986	1000
987	21
987	27
987	70
987	101
987	144
987	212
987	292
987	326
987	333
987	373
987	387
987	409
987	524
987	525
987	546
987	577
987	589
987	623
987	625
987	656
987	690
987	700
987	720
987	722
987	748
987	751
987	753
987	764
987	799
987	801
987	849
987	869
987	870
987	873
987	879
987	883
987	885
987	897
987	899
987	930
987	931
987	933
987	934
987	969
988	74
988	79
988	85
988	111
988	123
988	132
988	174
988	190
988	289
988	306
988	347
988	404
988	461
988	533
988	551
988	570
988	610
988	612
988	652
988	658
988	675
988	684
988	686
988	695
988	709
988	712
988	718
988	722
988	730
988	754
988	795
988	811
988	845
988	869
988	891
988	903
988	931
988	953
988	958
988	962
988	972
988	979
988	992
988	996
989	10
989	22
989	75
989	162
989	181
989	201
989	236
989	278
989	285
989	341
989	365
989	453
989	456
989	564
989	650
989	671
989	683
989	727
989	728
989	795
989	797
989	816
989	826
989	830
989	835
989	844
989	862
989	864
989	866
989	870
989	879
989	882
989	894
989	913
989	930
989	939
989	953
989	972
989	982
989	983
989	990
989	996
989	997
989	1000
990	101
990	111
990	216
990	236
990	302
990	318
990	364
990	421
990	423
990	456
990	505
990	543
990	547
990	578
990	663
990	671
990	683
990	701
990	726
990	727
990	739
990	779
990	783
990	816
990	817
990	826
990	829
990	830
990	840
990	861
990	864
990	866
990	870
990	876
990	887
990	905
990	918
990	929
990	939
990	948
990	951
990	961
990	968
990	989
990	993
991	10
991	31
991	34
991	56
991	69
991	70
991	136
991	161
991	166
991	205
991	335
991	341
991	353
991	395
991	459
991	536
991	586
991	604
991	635
991	639
991	645
991	681
991	731
991	745
991	764
991	765
991	772
991	826
991	851
991	852
991	876
991	880
991	884
991	888
991	913
991	929
991	933
991	934
991	936
991	954
991	971
991	983
991	984
991	985
991	995
991	997
992	11
992	23
992	29
992	53
992	278
992	303
992	383
992	389
992	402
992	409
992	411
992	529
992	541
992	545
992	552
992	565
992	572
992	587
992	607
992	612
992	636
992	652
992	672
992	681
992	694
992	699
992	723
992	771
992	803
992	852
992	860
992	868
992	874
992	883
992	886
992	889
992	892
992	901
992	913
992	938
992	961
992	969
992	973
992	988
992	995
992	998
993	12
993	33
993	51
993	183
993	204
993	210
993	225
993	261
993	270
993	347
993	373
993	400
993	423
993	438
993	451
993	478
993	484
993	494
993	497
993	502
993	537
993	567
993	593
993	625
993	631
993	644
993	653
993	687
993	708
993	750
993	784
993	818
993	835
993	868
993	874
993	898
993	916
993	929
993	942
993	949
993	965
993	967
993	969
993	979
993	986
993	990
993	1000
994	95
994	106
994	173
994	177
994	181
994	197
994	272
994	279
994	312
994	331
994	352
994	369
994	412
994	481
994	503
994	531
994	543
994	557
994	607
994	640
994	682
994	698
994	751
994	775
994	776
994	779
994	793
994	798
994	819
994	821
994	822
994	847
994	870
994	897
994	907
994	909
994	912
994	919
994	932
994	940
994	941
994	943
994	950
994	951
994	959
994	971
994	983
994	998
995	59
995	116
995	152
995	163
995	186
995	240
995	251
995	282
995	297
995	323
995	339
995	345
995	384
995	402
995	455
995	498
995	516
995	606
995	611
995	624
995	639
995	665
995	709
995	716
995	729
995	736
995	741
995	748
995	754
995	758
995	763
995	779
995	789
995	808
995	818
995	827
995	845
995	864
995	897
995	902
995	953
995	965
995	967
995	969
995	973
995	991
995	992
995	996
996	94
996	102
996	193
996	303
996	381
996	423
996	432
996	454
996	491
996	563
996	605
996	651
996	679
996	689
996	709
996	711
996	738
996	740
996	742
996	745
996	757
996	761
996	778
996	839
996	855
996	856
996	862
996	884
996	887
996	894
996	910
996	925
996	930
996	940
996	944
996	949
996	954
996	955
996	966
996	969
996	972
996	973
996	974
996	980
996	988
996	989
996	995
996	997
996	998
997	33
997	34
997	37
997	53
997	65
997	148
997	199
997	265
997	267
997	270
997	292
997	346
997	358
997	381
997	391
997	398
997	414
997	422
997	473
997	499
997	525
997	533
997	544
997	558
997	587
997	609
997	610
997	619
997	671
997	701
997	706
997	726
997	756
997	773
997	781
997	828
997	837
997	851
997	862
997	874
997	884
997	885
997	934
997	954
997	959
997	971
997	989
997	991
997	996
998	47
998	51
998	223
998	232
998	248
998	300
998	305
998	386
998	427
998	435
998	462
998	625
998	627
998	670
998	674
998	688
998	692
998	704
998	717
998	739
998	753
998	770
998	771
998	788
998	789
998	802
998	835
998	853
998	856
998	867
998	873
998	885
998	895
998	922
998	928
998	935
998	940
998	941
998	957
998	966
998	967
998	969
998	970
998	981
998	983
998	985
998	992
998	994
998	996
999	42
999	93
999	178
999	343
999	362
999	375
999	390
999	419
999	426
999	439
999	458
999	485
999	490
999	523
999	539
999	551
999	557
999	597
999	600
999	653
999	664
999	665
999	677
999	727
999	758
999	774
999	795
999	798
999	831
999	833
999	836
999	841
999	842
999	853
999	864
999	869
999	894
999	895
999	901
999	907
999	914
999	934
999	954
999	956
999	961
999	963
999	964
999	967
999	981
1000	54
1000	127
1000	227
1000	259
1000	309
1000	313
1000	334
1000	338
1000	352
1000	388
1000	467
1000	498
1000	509
1000	516
1000	554
1000	558
1000	572
1000	606
1000	611
1000	642
1000	651
1000	683
1000	725
1000	734
1000	744
1000	748
1000	763
1000	774
1000	777
1000	779
1000	789
1000	791
1000	794
1000	846
1000	853
1000	863
1000	882
1000	883
1000	889
1000	911
1000	949
1000	952
1000	956
1000	959
1000	965
1000	972
1000	978
1000	986
1000	989
1000	993
