1	883
1	942
1	950
1	986
2	86
2	596
2	828
2	938
3	153
3	510
3	905
3	910
4	253
4	797
4	825
4	938
5	730
5	731
5	732
5	914
6	560
6	563
6	619
6	874
7	311
7	964
7	976
7	988
8	204
8	792
8	817
8	962
9	142
9	665
9	745
9	893
10	618
10	891
10	942
10	950
11	625
11	670
11	939
11	953
12	416
12	476
12	675
12	970
13	336
13	760
13	889
13	928
14	734
14	741
14	983
14	988
15	871
15	907
15	948
15	975
16	882
16	897
16	924
16	989
17	689
17	911
17	920
17	959
18	485
18	487
18	532
18	738
19	961
19	967
19	999
19	1000
20	531
20	763
20	859
20	918
21	371
21	618
21	808
21	936
22	301
22	643
22	849
22	939
23	241
23	575
23	599
23	986
24	108
24	747
24	787
24	873
25	545
25	728
25	882
25	989
26	699
26	818
26	910
26	978
27	102
27	869
27	893
27	936
28	124
28	264
28	493
28	746
29	376
29	441
29	921
29	977
30	318
30	958
30	960
30	980
31	564
31	679
31	741
31	818
32	293
32	437
32	461
32	900
33	170
33	680
33	742
33	779
34	339
34	774
34	896
34	984
35	869
35	971
35	972
35	973
36	780
36	941
36	972
36	973
37	139
37	919
37	991
37	992
38	65
38	948
38	987
38	999
39	792
39	932
39	942
39	950
40	550
40	911
40	943
40	996
41	273
41	741
41	787
41	890
42	652
42	963
42	969
42	987
43	234
43	384
43	601
43	999
44	158
44	402
44	519
44	879
45	224
45	535
45	898
45	918
46	654
46	865
46	893
46	984
47	366
47	386
47	792
47	952
48	484
48	961
48	968
48	985
49	134
49	740
49	921
49	969
50	863
50	898
50	918
50	998
51	679
51	922
51	931
51	951
52	732
52	879
52	957
52	984
53	725
53	750
53	799
53	897
54	983
54	993
54	994
54	998
55	103
55	429
55	466
55	938
56	909
56	917
56	927
56	936
57	847
57	924
57	945
57	982
58	233
58	964
58	976
58	983
59	86
59	861
59	972
59	973
60	611
60	931
60	951
60	960
61	116
61	888
61	986
61	989
62	500
62	639
62	760
62	889
63	794
63	822
63	914
63	984
64	389
64	521
64	954
64	992
65	38
65	539
65	710
65	965
66	691
66	967
66	987
66	1000
67	467
67	713
67	890
67	954
68	881
68	944
68	962
68	979
69	131
69	471
69	941
69	973
70	453
70	604
70	702
70	965
71	803
71	939
71	953
71	988
72	344
72	803
72	920
72	953
73	375
73	470
73	814
73	900
74	609
74	909
74	920
74	928
75	780
75	834
75	958
75	990
76	737
76	886
76	999
76	1000
77	425
77	821
77	958
77	990
78	652
78	678
78	910
78	940
79	504
79	732
79	836
79	980
80	792
80	870
80	926
80	947
81	254
81	916
81	955
81	961
82	862
82	929
82	935
82	943
83	144
83	904
83	921
83	969
84	837
84	967
84	987
84	1000
85	710
85	901
85	977
85	996
86	2
86	59
86	911
86	935
87	608
87	797
87	899
87	997
88	687
88	894
88	977
88	996
89	535
89	733
89	846
89	898
90	305
90	813
90	981
90	992
91	713
91	974
91	993
91	994
92	689
92	748
92	931
92	959
93	133
93	839
93	970
93	986
94	630
94	822
94	847
94	989
95	121
95	827
95	877
95	944
96	503
96	532
96	863
96	898
97	235
97	317
97	911
97	982
98	550
98	886
98	895
98	906
99	845
99	866
99	867
99	902
100	469
100	873
100	882
100	989
101	216
101	748
101	910
101	978
102	27
102	686
102	977
102	996
103	55
103	429
103	458
103	938
104	106
104	743
104	810
104	968
105	491
105	775
105	958
105	980
106	104
106	952
106	962
106	979
107	571
107	784
107	799
107	897
108	24
108	602
108	805
108	982
109	270
109	812
109	919
109	949
110	479
110	880
110	946
110	990
111	869
111	888
111	910
111	927
112	851
112	985
112	991
112	997
113	549
113	857
113	939
113	953
114	658
114	698
114	932
114	942
115	307
115	680
115	736
115	952
116	61
116	479
116	912
116	986
117	409
117	632
117	812
117	833
118	490
118	772
118	926
118	947
119	870
119	885
119	926
119	947
120	683
120	924
120	982
120	989
121	95
121	914
121	957
121	977
122	244
122	958
122	999
122	1000
123	279
123	837
123	965
123	985
124	28
124	992
124	997
124	999
125	277
125	752
125	982
125	989
126	731
126	863
126	918
126	989
127	448
127	850
127	920
127	997
128	435
128	732
128	850
128	889
129	806
129	901
129	943
129	977
130	781
130	858
130	944
130	984
131	69
131	616
131	800
131	906
132	429
132	797
132	927
132	938
133	93
133	257
133	496
133	986
134	49
134	927
134	936
134	969
135	539
135	653
135	957
135	984
136	749
136	804
136	873
136	977
137	603
137	976
137	982
137	989
138	273
138	399
138	750
138	890
139	37
139	857
139	939
139	953
140	694
140	923
140	928
140	963
141	924
141	949
141	966
141	994
142	9
142	355
142	976
142	988
143	395
143	836
143	940
143	978
144	83
144	662
144	727
144	911
145	328
145	334
145	735
145	765
146	648
146	946
146	960
146	990
147	423
147	662
147	911
147	935
148	293
148	619
148	735
148	891
149	581
149	958
149	990
149	1000
150	527
150	891
150	932
150	933
151	799
151	831
151	835
151	972
152	676
152	911
152	929
152	934
153	3
153	403
153	892
153	998
154	792
154	949
154	994
154	998
155	369
155	784
155	831
155	900
156	828
156	981
156	991
156	992
157	749
157	774
157	939
157	996
158	44
158	332
158	812
158	881
159	528
159	831
159	835
159	897
160	925
160	931
160	951
160	984
161	597
161	804
161	905
161	908
162	427
162	797
162	938
162	972
163	930
163	941
163	972
163	973
164	343
164	863
164	877
164	918
165	577
165	766
165	779
165	889
166	587
166	679
166	727
166	741
167	595
167	846
167	859
167	958
168	877
168	940
168	966
168	978
169	604
169	928
169	950
169	959
170	33
170	742
170	850
170	985
171	424
171	931
171	937
171	951
172	583
172	750
172	841
172	890
173	770
173	976
173	991
173	997
174	571
174	820
174	916
174	961
175	778
175	949
175	994
175	998
176	428
176	437
176	758
176	945
177	693
177	906
177	977
177	996
178	640
178	776
178	970
178	992
179	667
179	806
179	825
179	938
180	637
180	759
180	974
180	998
181	497
181	940
181	983
181	988
182	390
182	567
182	976
182	988
183	692
183	831
183	897
183	900
184	767
184	781
184	957
184	984
185	948
185	975
185	984
185	995
186	315
186	510
186	964
186	983
187	330
187	734
187	983
187	988
188	974
188	993
188	997
188	998
189	272
189	856
189	941
189	973
190	406
190	852
190	963
190	969
191	688
191	924
191	935
191	982
192	256
192	604
192	720
192	727
193	971
193	987
193	999
193	1000
194	326
194	882
194	924
194	989
195	573
195	669
195	679
195	968
196	299
196	827
196	842
196	989
197	442
197	760
197	889
197	933
198	566
198	903
198	963
198	969
199	211
199	753
199	908
199	977
200	561
200	932
200	942
200	950
201	623
201	780
201	803
201	976
202	864
202	899
202	981
202	989
203	899
203	936
203	981
203	992
204	8
204	305
204	777
204	965
205	432
205	711
205	975
205	995
206	520
206	868
206	896
206	914
207	387
207	920
207	923
207	928
208	535
208	625
208	939
208	953
209	587
209	955
209	999
209	1000
210	789
210	823
210	936
210	987
211	199
211	479
211	905
211	947
212	238
212	930
212	980
212	990
213	373
213	525
213	957
213	997
214	305
214	838
214	923
214	959
215	766
215	966
215	994
215	998
216	101
216	888
216	956
216	986
217	767
217	868
217	896
217	932
218	896
218	967
218	999
218	1000
219	568
219	938
219	948
219	995
220	710
220	875
220	910
220	912
221	525
221	920
221	923
221	959
222	610
222	987
222	999
222	1000
223	651
223	927
223	936
223	940
224	45
224	479
224	866
224	908
225	837
225	887
225	892
225	955
225	985
226	233
226	289
226	494
226	940
226	978
227	253
227	669
227	876
227	949
227	968
228	443
228	830
228	912
228	926
228	965
229	896
229	916
229	955
229	961
229	985
230	366
230	792
230	845
230	952
230	970
231	563
231	693
231	860
231	970
231	979
232	395
232	782
232	880
232	905
232	908
233	58
233	226
233	678
233	748
233	814
234	43
234	551
234	635
234	840
234	890
235	97
235	710
235	912
235	986
235	997
236	890
236	974
236	978
236	994
236	998
237	384
237	861
237	885
237	897
237	900
238	212
238	974
238	979
238	993
238	998
239	875
239	956
239	981
239	991
239	992
240	612
240	650
240	825
240	879
240	938
241	23
241	693
241	777
241	965
241	986
242	263
242	409
242	493
242	638
242	768
243	357
243	876
243	991
243	992
243	997
244	122
244	310
244	954
244	956
244	997
245	380
245	925
245	931
245	951
245	957
246	694
246	719
246	909
246	959
246	987
247	694
247	781
247	804
247	902
247	908
248	856
248	934
248	971
248	973
248	998
249	567
249	907
249	929
249	935
249	973
250	762
250	784
250	799
250	814
250	897
251	678
251	688
251	882
251	964
251	989
252	625
252	884
252	933
252	939
252	953
253	4
253	227
253	571
253	916
253	985
254	81
254	882
254	956
254	982
254	989
255	286
255	310
255	542
255	939
255	984
256	192
256	604
256	649
256	735
256	881
257	133
257	599
257	839
257	878
257	978
258	956
258	978
258	981
258	991
258	997
259	576
259	662
259	676
259	719
259	935
260	365
260	459
260	766
260	901
260	996
261	849
261	956
261	965
261	991
261	992
262	744
262	871
262	940
262	952
262	978
263	242
263	493
263	519
263	812
263	833
264	28
264	506
264	632
264	658
264	660
265	431
265	749
265	976
265	983
265	988
266	765
266	797
266	825
266	923
266	938
267	590
267	657
267	952
267	979
267	998
268	862
268	911
268	929
268	935
268	963
269	634
269	920
269	923
269	928
269	959
270	109
270	365
270	733
270	812
270	954
271	697
271	946
271	960
271	974
271	990
272	189
272	485
272	546
272	859
272	918
273	41
273	138
273	649
273	840
273	890
274	342
274	559
274	903
274	963
274	970
275	436
275	667
275	707
275	880
275	938
276	774
276	949
276	993
276	994
276	998
277	125
277	887
277	941
277	955
277	985
278	304
278	808
278	869
278	936
278	952
279	123
279	974
279	981
279	993
279	998
280	787
280	821
280	928
280	967
280	999
281	860
281	884
281	946
281	958
281	990
282	576
282	713
282	750
282	890
282	929
283	785
283	887
283	955
283	961
283	985
284	917
284	948
284	952
284	971
284	995
285	639
285	913
285	926
285	947
285	999
286	255
286	344
286	803
286	859
286	953
287	628
287	884
287	987
287	999
287	1000
288	563
288	755
288	810
288	816
288	872
289	226
289	702
289	836
289	892
289	917
290	644
290	941
290	971
290	972
290	973
291	739
291	814
291	835
291	900
291	980
292	491
292	650
292	745
292	747
292	902
293	32
293	148
293	461
293	939
293	953
294	665
294	873
294	924
294	982
294	983
295	344
295	803
295	884
295	939
295	953
296	444
296	534
296	887
296	955
296	985
297	454
297	624
297	761
297	888
297	992
298	453
298	784
298	799
298	814
298	900
299	196
299	749
299	894
299	982
299	989
300	608
300	909
300	920
300	928
300	999
301	22
301	803
301	857
301	953
301	996
302	775
302	848
302	915
302	948
302	995
303	426
303	665
303	683
303	869
303	893
304	278
304	406
304	665
304	789
304	927
305	90
305	204
305	214
305	721
305	986
306	922
306	925
306	931
306	937
306	951
307	115
307	501
307	857
307	939
307	953
308	950
308	966
308	974
308	993
308	994
309	540
309	807
309	871
309	978
309	995
310	244
310	255
310	716
310	991
310	997
311	7
311	830
311	915
311	975
311	995
312	848
312	913
312	937
312	987
312	999
313	418
313	652
313	922
313	931
313	951
314	453
314	841
314	971
314	972
314	998
315	186
315	709
315	964
315	976
315	988
316	747
316	866
316	905
316	908
316	913
317	97
317	657
317	803
317	847
317	989
318	30
318	743
318	991
318	992
318	997
319	801
319	875
319	889
319	959
319	965
320	341
320	748
320	877
320	912
320	978
321	620
321	684
321	843
321	926
321	947
322	571
322	916
322	944
322	961
322	975
323	424
323	444
323	904
323	911
323	929
324	658
324	683
324	911
324	929
324	935
325	395
325	890
325	976
325	983
325	988
326	194
326	556
326	808
326	927
326	936
327	758
327	802
327	874
327	969
327	981
328	145
328	614
328	649
328	735
328	771
329	332
329	741
329	919
329	954
329	992
330	187
330	644
330	796
330	872
330	968
331	762
331	823
331	869
331	913
331	927
332	158
332	329
332	642
332	746
332	812
333	862
333	937
333	987
333	999
333	1000
334	145
334	692
334	860
334	938
334	970
335	686
335	742
335	749
335	850
335	889
336	13
336	418
336	482
336	584
336	850
337	601
337	682
337	967
337	983
337	988
338	588
338	772
338	785
338	870
338	947
339	34
339	711
339	865
339	944
339	957
340	954
340	968
340	988
340	992
340	997
341	320
341	434
341	474
341	725
341	836
342	274
342	881
342	904
342	921
342	969
343	164
343	825
343	898
343	918
343	995
344	72
344	286
344	295
344	934
344	953
345	381
345	777
345	813
345	830
345	972
346	887
346	891
346	946
346	958
346	980
347	664
347	781
347	858
347	866
347	902
348	606
348	865
348	976
348	983
348	988
349	512
349	754
349	944
349	957
349	986
350	634
350	662
350	687
350	916
350	955
351	443
351	602
351	924
351	971
351	989
352	648
352	865
352	957
352	979
352	984
353	363
353	787
353	890
353	906
353	991
354	404
354	823
354	927
354	975
354	995
355	142
355	450
355	790
355	976
355	983
356	712
356	920
356	923
356	928
356	959
357	243
357	511
357	637
357	843
357	962
358	895
358	959
358	971
358	972
358	973
359	716
359	794
359	907
359	981
359	997
360	724
360	809
360	885
360	907
360	917
360	995
361	577
361	633
361	742
361	779
361	889
361	939
362	853
362	926
362	966
362	993
362	994
362	998
363	353
363	583
363	602
363	787
363	875
363	890
364	815
364	887
364	893
364	927
364	936
364	991
365	260
365	270
365	937
365	987
365	999
365	1000
366	47
366	230
366	605
366	693
366	809
366	813
367	378
367	573
367	752
367	822
367	989
367	1000
368	523
368	587
368	887
368	955
368	961
368	985
369	155
369	424
369	826
369	955
369	961
369	985
370	633
370	638
370	760
370	779
370	961
370	975
371	21
371	672
371	958
371	960
371	980
371	990
372	550
372	658
372	932
372	933
372	942
372	978
373	213
373	868
373	914
373	974
373	975
373	984
374	555
374	697
374	734
374	930
374	960
374	990
375	73
375	398
375	690
375	955
375	984
375	985
376	29
376	632
376	701
376	746
376	812
376	977
377	699
377	718
377	853
377	922
377	925
377	951
378	367
378	506
378	967
378	987
378	999
378	1000
379	849
379	872
379	966
379	993
379	994
379	998
380	245
380	884
380	958
380	980
380	985
380	990
381	345
381	499
381	666
381	888
381	912
381	986
382	428
382	541
382	755
382	796
382	858
382	968
383	753
383	941
383	971
383	972
383	973
383	997
384	43
384	237
384	784
384	831
384	897
384	900
385	571
385	886
385	894
385	901
385	943
385	977
386	47
386	934
386	966
386	993
386	994
386	998
387	207
387	701
387	714
387	925
387	951
387	988
388	782
388	866
388	867
388	902
388	905
388	931
389	64
389	611
389	899
389	946
389	956
389	991
390	182
390	554
390	819
390	964
390	983
390	988
391	541
391	676
391	862
391	891
391	911
391	935
392	485
392	665
392	789
392	815
392	927
392	1000
393	663
393	829
393	907
393	960
393	975
393	995
394	482
394	489
394	658
394	933
394	942
394	950
395	143
395	232
395	325
395	871
395	940
395	978
396	619
396	730
396	858
396	896
396	958
396	984
397	594
397	768
397	834
397	946
397	980
397	990
398	375
398	432
398	534
398	961
398	985
398	1000
399	138
399	793
399	856
399	953
399	971
399	972
400	743
400	755
400	794
400	945
400	968
400	999
401	475
401	820
401	958
401	960
401	980
401	990
402	44
402	464
402	570
402	660
402	726
402	746
403	153
403	460
403	697
403	940
403	978
403	986
404	354
404	690
404	917
404	959
404	975
404	995
405	740
405	832
405	966
405	974
405	993
405	996
406	190
406	304
406	799
406	831
406	897
406	900
407	617
407	810
407	876
407	914
407	945
407	968
408	541
408	880
408	946
408	958
408	960
408	980
409	117
409	242
409	441
409	495
409	589
409	632
410	447
410	775
410	884
410	930
410	980
410	990
411	855
411	892
411	940
411	957
411	978
411	993
412	464
412	684
412	922
412	925
412	931
412	987
413	620
413	901
413	906
413	943
413	977
413	996
414	605
414	713
414	948
414	972
414	975
414	995
415	660
415	849
415	937
415	967
415	999
415	1000
416	12
416	459
416	847
416	862
416	929
416	935
417	840
417	873
417	924
417	926
417	982
417	989
418	313
418	336
418	442
418	598
418	676
418	742
419	584
419	861
419	886
419	943
419	977
419	996
420	664
420	786
420	866
420	872
420	902
420	993
421	596
421	647
421	927
421	941
421	971
421	972
422	826
422	837
422	887
422	918
422	961
422	985
423	147
423	618
423	774
423	869
423	893
423	936
424	171
424	323
424	369
424	629
424	911
424	929
425	77
425	650
425	707
425	797
425	938
425	988
426	303
426	656
426	887
426	927
426	936
426	1000
427	162
427	707
427	795
427	797
427	897
427	938
428	176
428	382
428	660
428	755
428	945
428	967
429	55
429	103
429	132
429	667
429	824
429	938
430	839
430	847
430	911
430	982
430	989
430	997
431	265
431	964
431	969
431	976
431	979
431	988
432	205
432	398
432	497
432	756
432	917
432	995
433	747
433	786
433	804
433	867
433	941
433	1000
434	341
434	771
434	814
434	835
434	897
434	900
435	128
435	500
435	577
435	638
435	889
435	987
436	275
436	623
436	966
436	976
436	983
436	988
437	32
437	176
437	796
437	816
437	854
437	968
438	515
438	915
438	917
438	945
438	948
438	975
439	565
439	776
439	870
439	926
439	947
439	992
440	638
440	883
440	932
440	933
440	950
440	974
441	29
441	409
441	540
441	632
441	660
441	671
442	197
442	418
442	676
442	760
442	889
442	980
443	228
443	351
443	678
443	847
443	982
443	989
444	296
444	323
444	820
444	862
444	911
444	929
445	694
445	886
445	905
445	909
445	920
445	923
446	556
446	739
446	784
446	814
446	897
446	986
447	410
447	646
447	886
447	946
447	977
447	996
448	127
448	538
448	954
448	981
448	992
448	999
449	454
449	842
449	870
449	882
449	924
449	982
450	355
450	759
450	903
450	936
450	963
450	969
451	655
451	813
451	814
451	981
451	992
451	997
452	776
452	821
452	870
452	926
452	947
452	980
453	70
453	298
453	314
453	579
453	702
453	791
454	297
454	449
454	721
454	810
454	912
454	965
455	456
455	801
455	845
455	878
455	965
455	976
456	455
456	599
456	724
456	834
456	952
456	965
457	860
457	880
457	884
457	899
457	960
457	980
458	103
458	629
458	772
458	862
458	929
458	935
459	260
459	416
459	529
459	645
459	929
459	935
460	403
460	644
460	704
460	855
460	871
460	877
461	32
461	293
461	630
461	743
461	857
461	953
462	682
462	974
462	988
462	993
462	994
462	998
463	743
463	820
463	945
463	947
463	968
463	973
464	402
464	412
464	813
464	853
464	922
464	951
465	515
465	822
465	882
465	924
465	957
465	982
466	55
466	480
466	704
466	797
466	825
466	938
467	67
467	601
467	630
467	713
467	840
467	890
468	854
468	948
468	975
468	994
468	995
468	996
469	100
469	564
469	795
469	885
469	975
469	995
470	73
470	791
470	794
470	891
470	933
470	942
471	69
471	861
471	941
471	971
471	973
471	990
472	749
472	906
472	959
472	960
472	977
472	996
473	639
473	737
473	914
473	926
473	947
473	984
474	341
474	678
474	778
474	855
474	877
474	978
475	401
475	626
475	855
475	877
475	940
475	978
476	12
476	817
476	883
476	932
476	933
476	950
477	766
477	779
477	909
477	943
477	977
477	996
478	563
478	619
478	735
478	763
478	765
478	992
479	110
479	116
479	211
479	224
479	867
479	902
480	466
480	937
480	987
480	991
480	999
480	1000
481	679
481	806
481	818
481	910
481	919
481	940
482	336
482	394
482	596
482	650
482	797
482	825
483	690
483	722
483	724
483	872
483	961
483	985
484	48
484	786
484	821
484	955
484	961
484	985
485	18
485	272
485	392
485	763
485	893
485	898
485	918
486	571
486	756
486	907
486	915
486	975
486	991
486	995
487	18
487	878
487	883
487	932
487	933
487	942
487	950
488	775
488	876
488	887
488	916
488	955
488	961
488	985
489	394
489	628
489	790
489	841
489	883
489	933
489	950
490	118
490	613
490	837
490	887
490	916
490	955
490	961
491	105
491	292
491	530
491	848
491	867
491	902
491	905
492	623
492	790
492	878
492	962
492	964
492	983
492	988
493	28
493	242
493	263
493	660
493	746
493	812
493	987
494	226
494	668
494	760
494	761
494	971
494	972
494	973
495	409
495	670
495	703
495	838
495	909
495	920
495	959
496	133
496	624
496	636
496	834
496	839
496	873
496	986
497	181
497	432
497	752
497	964
497	976
497	983
497	988
498	822
498	842
498	862
498	873
498	874
498	924
498	982
499	381
499	670
499	904
499	909
499	920
499	923
499	959
500	62
500	435
500	746
500	761
500	779
500	850
500	889
501	307
501	514
501	712
501	724
501	735
501	939
501	953
502	614
502	738
502	846
502	859
502	863
502	918
502	988
503	96
503	793
503	913
503	924
503	987
503	999
503	1000
504	79
504	679
504	709
504	822
504	871
504	888
504	910
505	644
505	832
505	872
505	876
505	944
505	945
505	968
506	264
506	378
506	519
506	570
506	660
506	746
506	861
507	526
507	860
507	934
507	992
507	993
507	994
507	998
508	809
508	820
508	843
508	860
508	893
508	970
508	979
509	834
509	839
509	878
509	912
509	971
509	976
509	986
510	3
510	186
510	528
510	681
510	743
510	872
510	945
511	357
511	584
511	653
511	944
511	948
511	957
511	984
512	349
512	586
512	612
512	686
512	894
512	906
512	996
513	580
513	670
513	913
513	937
513	967
513	987
513	999
514	501
514	640
514	857
514	926
514	939
514	953
514	995
515	438
515	465
515	682
515	752
515	847
515	982
515	989
516	937
516	967
516	973
516	987
516	989
516	999
516	1000
517	581
517	622
517	860
517	884
517	930
517	934
517	958
518	579
518	614
518	656
518	735
518	765
518	791
518	891
519	44
519	263
519	506
519	570
519	812
519	948
519	957
520	206
520	711
520	819
520	962
520	970
520	979
520	990
521	64
521	643
521	804
521	866
521	902
521	905
521	908
522	593
522	733
522	871
522	922
522	925
522	931
522	951
523	368
523	849
523	913
523	947
523	967
523	999
523	1000
524	643
524	746
524	833
524	956
524	981
524	991
524	997
525	213
525	221
525	556
525	828
525	868
525	944
525	984
526	507
526	748
526	749
526	954
526	981
526	991
526	992
527	150
527	651
527	838
527	937
527	948
527	975
527	995
528	159
528	510
528	706
528	849
528	945
528	968
528	1000
529	459
529	637
529	662
529	862
529	911
529	935
529	958
530	491
530	611
530	782
530	786
530	866
530	867
530	951
531	20
531	690
531	826
531	837
531	955
531	963
531	985
532	18
532	96
532	738
532	806
532	859
532	869
532	918
533	657
533	754
533	881
533	952
533	962
533	970
533	980
534	296
534	398
534	826
534	862
534	916
534	977
534	985
535	45
535	89
535	208
535	859
535	898
535	918
535	996
536	774
536	935
536	967
536	987
536	991
536	999
536	1000
537	575
537	739
537	842
537	873
537	924
537	962
537	989
538	448
538	654
538	838
538	856
538	923
538	928
538	959
539	65
539	135
539	777
539	844
539	895
539	965
539	986
540	309
540	441
540	855
540	871
540	877
540	892
540	898
541	382
541	391
541	408
541	743
541	810
541	945
541	968
542	255
542	595
542	643
542	803
542	857
542	921
542	939
543	570
543	742
543	768
543	820
543	930
543	980
543	990
544	685
544	790
544	838
544	964
544	976
544	980
544	988
545	25
545	575
545	752
545	842
545	887
545	947
545	989
546	272
546	756
546	846
546	859
546	863
546	918
546	985
547	760
547	771
547	778
547	875
547	878
547	986
547	998
548	655
548	963
548	964
548	976
548	983
548	988
548	994
549	113
549	573
549	870
549	887
549	926
549	947
549	981
550	40
550	98
550	372
550	744
550	894
550	901
550	996
551	234
551	611
551	922
551	925
551	931
551	951
551	992
552	823
552	913
552	956
552	967
552	987
552	999
552	1000
553	810
553	845
553	875
553	912
553	960
553	965
553	986
554	390
554	588
554	620
554	737
554	855
554	870
554	947
555	374
555	673
555	756
555	964
555	976
555	988
555	999
556	326
556	446
556	525
556	858
556	865
556	914
556	984
557	588
557	677
557	737
557	772
557	905
557	926
557	947
558	593
558	625
558	635
558	803
558	857
558	939
558	953
559	274
559	794
559	932
559	933
559	942
559	950
559	978
560	6
560	753
560	851
560	981
560	991
560	992
560	997
561	200
561	657
561	681
561	819
561	843
561	979
561	992
562	701
562	853
562	907
562	922
562	925
562	931
562	997
563	6
563	231
563	288
563	478
563	702
563	727
563	791
563	847
564	31
564	469
564	934
564	966
564	974
564	993
564	994
564	998
565	439
565	668
565	782
565	805
565	941
565	971
565	972
565	973
566	198
566	748
566	818
566	855
566	892
566	910
566	933
566	940
567	182
567	249
567	647
567	683
567	862
567	888
567	929
567	935
568	219
568	848
568	885
568	902
568	915
568	975
568	995
568	997
569	822
569	836
569	845
569	871
569	900
569	910
569	940
569	978
570	402
570	506
570	519
570	543
570	660
570	746
570	903
570	930
571	107
571	174
571	253
571	322
571	385
571	486
571	916
571	985
572	717
572	763
572	846
572	863
572	898
572	918
572	929
572	991
573	195
573	367
573	549
573	822
573	847
573	851
573	982
573	989
574	606
574	751
574	790
574	835
574	964
574	976
574	983
574	988
575	23
575	537
575	545
575	842
575	855
575	873
575	882
575	989
576	259
576	282
576	838
576	886
576	894
576	943
576	977
576	996
577	165
577	361
577	435
577	633
577	779
577	889
577	973
577	974
578	796
578	872
578	876
578	884
578	890
578	924
578	945
578	968
579	453
579	518
579	619
579	727
579	765
579	791
579	836
579	966
580	513
580	685
580	734
580	905
580	964
580	983
580	988
580	993
581	149
581	517
581	606
581	820
581	863
581	958
581	963
581	990
582	689
582	719
582	875
582	903
582	909
582	923
582	928
582	959
583	172
583	363
583	584
583	591
583	669
583	750
583	787
583	840
584	336
584	419
584	511
584	583
584	730
584	868
584	957
584	984
585	671
585	696
585	785
585	798
585	901
585	906
585	977
585	996
586	512
586	592
586	652
586	890
586	903
586	921
586	963
586	969
587	166
587	209
587	368
587	715
587	717
587	967
587	987
587	1000
588	338
588	554
588	557
588	789
588	926
588	943
588	947
588	962
589	409
589	793
589	841
589	852
589	861
589	971
589	973
589	974
590	267
590	743
590	816
590	872
590	876
590	944
590	945
590	968
591	583
591	635
591	684
591	713
591	840
591	846
591	890
591	953
592	586
592	738
592	783
592	802
592	874
592	903
592	904
592	963
593	522
593	558
593	714
593	793
593	843
593	853
593	925
593	931
594	397
594	661
594	701
594	831
594	880
594	960
594	980
594	990
595	167
595	542
595	738
595	763
595	846
595	863
595	898
595	964
596	2
596	421
596	482
596	650
596	667
596	902
596	938
596	975
597	161
597	627
597	756
597	885
597	909
597	917
597	975
597	995
598	418
598	638
598	779
598	845
598	850
598	860
598	889
598	994
599	23
599	257
599	456
599	766
599	834
599	844
599	909
599	986
600	699
600	721
600	839
600	845
600	847
600	875
600	902
600	986
601	43
601	337
601	467
601	635
601	750
601	808
601	840
601	994
602	108
602	351
602	363
602	603
602	643
602	972
602	982
602	989
603	137
603	602
603	752
603	873
603	938
603	982
603	989
603	994
604	70
604	169
604	192
604	256
604	614
604	714
604	770
604	791
605	366
605	414
605	706
605	915
605	917
605	948
605	975
605	995
606	348
606	574
606	581
606	734
606	809
606	964
606	983
606	988
607	858
607	891
607	914
607	942
607	944
607	957
607	984
607	990
608	87
608	300
608	686
608	954
608	956
608	981
608	992
608	997
609	74
609	726
609	886
609	941
609	960
609	971
609	972
609	973
610	222
610	824
610	851
610	919
610	925
610	954
610	956
610	981
610	991
611	60
611	389
611	530
611	551
611	714
611	853
611	922
611	925
611	951
612	240
612	512
612	696
612	705
612	716
612	731
612	785
612	906
612	996
613	490
613	673
613	677
613	695
613	798
613	842
613	921
613	963
613	969
614	328
614	502
614	518
614	604
614	702
614	727
614	784
614	791
614	804
615	839
615	878
615	883
615	891
615	932
615	933
615	942
615	950
615	979
616	131
616	667
616	711
616	817
616	927
616	952
616	970
616	972
616	979
617	407
617	666
617	834
617	878
617	880
617	912
617	954
617	965
617	986
618	10
618	21
618	423
618	680
618	789
618	815
618	821
618	893
618	936
619	6
619	148
619	396
619	478
619	579
619	649
619	702
619	753
619	765
620	321
620	413
620	554
620	684
620	772
620	776
620	926
620	946
620	947
621	769
621	842
621	848
621	885
621	907
621	934
621	964
621	975
621	995
622	517
622	725
622	729
622	773
622	884
622	912
622	946
622	958
622	990
623	201
623	436
623	492
623	832
623	837
623	867
623	964
623	983
623	988
624	297
624	496
624	759
624	801
624	875
624	885
624	888
624	930
624	965
625	11
625	208
625	252
625	558
625	631
625	643
625	666
625	953
625	998
626	475
626	664
626	672
626	729
626	809
626	881
626	952
626	970
626	979
627	597
627	686
627	733
627	785
627	886
627	906
627	928
627	977
627	996
628	287
628	489
628	763
628	867
628	891
628	932
628	933
628	942
628	950
629	424
629	458
629	631
629	697
629	862
629	876
629	911
629	929
629	935
630	94
630	461
630	467
630	701
630	853
630	922
630	925
630	931
630	951
631	625
631	629
631	719
631	838
631	909
631	923
631	928
631	959
631	968
632	117
632	264
632	376
632	409
632	441
632	746
632	812
632	889
632	974
633	361
633	370
633	577
633	638
633	742
633	760
633	850
633	887
633	964
634	269
634	350
634	837
634	887
634	916
634	918
634	955
634	961
634	985
635	234
635	558
635	591
635	601
635	787
635	840
635	890
635	969
635	989
636	496
636	722
636	759
636	798
636	874
636	877
636	904
636	963
636	969
637	180
637	357
637	529
637	640
637	793
637	860
637	962
637	970
637	979
638	242
638	370
638	435
638	440
638	598
638	633
638	779
638	850
638	889
639	62
639	285
639	473
639	776
639	824
639	826
639	870
639	926
639	947
640	178
640	514
640	637
640	843
640	860
640	920
640	965
640	970
640	979
641	688
641	880
641	930
641	946
641	952
641	960
641	980
641	990
641	991
642	332
642	712
642	759
642	804
642	883
642	891
642	933
642	942
642	950
643	22
643	521
643	524
643	542
643	602
643	625
643	857
643	939
643	953
644	290
644	330
644	460
644	505
644	810
644	876
644	945
644	954
644	968
645	459
645	865
645	868
645	896
645	914
645	944
645	950
645	957
645	984
646	447
646	686
646	747
646	749
646	901
646	906
646	943
646	977
646	990
647	421
647	567
647	788
647	793
647	841
647	932
647	941
647	971
647	972
648	146
648	352
648	698
648	858
648	868
648	896
648	957
648	966
648	984
649	256
649	273
649	328
649	619
649	727
649	735
649	765
649	791
649	891
649	960
650	240
650	292
650	425
650	482
650	596
650	707
650	825
650	921
650	938
650	994
651	223
651	527
651	663
651	856
651	907
651	915
651	917
651	939
651	975
651	995
652	42
652	78
652	313
652	586
652	695
652	723
652	783
652	903
652	963
652	969
653	135
653	511
653	732
653	740
653	827
653	883
653	896
653	944
653	957
653	978
654	46
654	538
654	670
654	694
654	909
654	920
654	928
654	948
654	959
654	962
655	451
655	548
655	682
655	758
655	790
655	921
655	964
655	976
655	983
655	988
656	426
656	518
656	745
656	789
656	801
656	815
656	823
656	893
656	913
656	927
657	267
657	317
657	533
657	561
657	675
657	720
657	805
657	870
657	881
657	979
658	114
658	264
658	324
658	372
658	394
658	712
658	795
658	883
658	891
658	932
659	725
659	775
659	895
659	923
659	930
659	940
659	946
659	960
659	980
659	990
660	264
660	402
660	415
660	428
660	441
660	493
660	506
660	570
660	773
660	812
661	594
661	806
661	820
661	866
661	880
661	930
661	960
661	969
661	980
661	998
662	144
662	147
662	259
662	350
662	529
662	734
662	911
662	914
662	929
662	935
663	393
663	651
663	767
663	811
663	873
663	915
663	917
663	948
663	975
663	995
664	347
664	420
664	626
664	781
664	804
664	902
664	905
664	908
664	946
664	990
665	9
665	294
665	303
665	304
665	392
665	808
665	871
665	893
665	897
665	927
666	381
666	617
666	625
666	830
666	844
666	888
666	912
666	931
666	982
666	986
667	179
667	275
667	429
667	596
667	616
667	694
667	707
667	825
667	938
667	953
668	494
668	565
668	726
668	753
668	867
668	955
668	971
668	972
668	973
668	990
669	195
669	227
669	583
669	673
669	698
669	816
669	876
669	941
669	945
669	968
670	11
670	495
670	499
670	513
670	654
670	720
670	909
670	920
670	928
670	959
671	441
671	585
671	794
671	883
671	891
671	930
671	932
671	933
671	942
671	950
672	371
672	626
672	729
672	746
672	787
672	800
672	809
672	962
672	970
672	979
673	555
673	613
673	669
673	685
673	780
673	948
673	964
673	976
673	983
673	988
674	699
674	762
674	821
674	848
674	850
674	903
674	937
674	967
674	987
674	1000
675	12
675	657
675	720
675	800
675	862
675	901
675	932
675	952
675	970
675	979
676	152
676	259
676	391
676	418
676	442
676	683
676	727
676	911
676	929
676	935
677	557
677	613
677	758
677	802
677	828
677	904
677	919
677	963
677	969
677	997
678	78
678	233
678	251
678	443
678	474
678	679
678	703
678	704
678	852
678	855
679	31
679	51
679	166
679	195
679	481
679	504
679	678
679	709
679	876
679	978
680	33
680	115
680	618
680	729
680	809
680	843
680	860
680	881
680	962
680	988
681	510
681	561
681	706
681	810
681	816
681	872
681	913
681	945
681	968
681	982
682	337
682	462
682	515
682	655
682	734
682	944
682	964
682	976
682	983
682	988
683	120
683	303
683	324
683	567
683	676
683	862
683	911
683	929
683	935
683	982
684	321
684	412
684	591
684	620
684	737
684	756
684	776
684	870
684	926
684	947
685	544
685	580
685	673
685	780
685	870
685	925
685	963
685	964
685	976
685	983
686	102
686	335
686	512
686	608
686	627
686	646
686	866
686	886
686	894
686	996
687	88
687	350
687	695
687	724
687	837
687	916
687	925
687	955
687	961
687	985
688	191
688	251
688	641
688	796
688	842
688	882
688	924
688	950
688	982
688	989
689	17
689	92
689	582
689	838
689	923
689	928
689	929
689	959
689	969
689	971
690	375
690	404
690	483
690	531
690	916
690	953
690	955
690	961
690	985
690	990
691	66
691	774
691	838
691	886
691	901
691	906
691	943
691	966
691	977
691	989
691	996
692	183
692	334
692	800
692	809
692	857
692	881
692	943
692	962
692	970
692	979
692	980
693	177
693	231
693	241
693	366
693	800
693	875
693	881
693	952
693	962
693	970
693	979
694	140
694	246
694	247
694	445
694	654
694	667
694	838
694	920
694	928
694	959
694	989
695	613
695	652
695	687
695	802
695	828
695	852
695	907
695	921
695	943
695	963
695	969
696	585
696	612
696	766
696	774
696	777
696	785
696	880
696	943
696	967
696	977
696	996
697	271
697	374
697	403
697	629
697	768
697	884
697	906
697	930
697	960
697	980
697	990
698	114
698	648
698	669
698	730
698	796
698	810
698	831
698	872
698	876
698	945
698	968
699	26
699	377
699	600
699	674
699	710
699	821
699	913
699	937
699	987
699	999
699	1000
700	869
700	873
700	879
700	895
700	934
700	949
700	956
700	974
700	993
700	994
700	998
701	376
701	387
701	562
701	594
701	630
701	846
701	853
701	882
701	922
701	931
701	951
702	70
702	289
702	453
702	563
702	614
702	619
702	727
702	735
702	791
702	981
702	991
703	495
703	678
703	704
703	709
703	722
703	741
703	787
703	836
703	892
703	910
703	930
704	460
704	466
704	678
704	703
704	791
704	818
704	857
704	892
704	910
704	940
704	978
705	612
705	764
705	813
705	855
705	919
705	956
705	981
705	991
705	992
705	994
705	997
706	528
706	605
706	681
706	750
706	796
706	816
706	864
706	872
706	945
706	968
706	992
707	275
707	425
707	427
707	650
707	667
707	797
707	825
707	938
707	964
707	990
707	993
708	813
708	857
708	879
708	895
708	921
708	934
708	966
708	974
708	993
708	994
708	998
709	315
709	504
709	679
709	703
709	724
709	741
709	744
709	892
709	896
709	940
709	978
710	65
710	85
710	220
710	235
710	699
710	771
710	845
710	875
710	878
710	912
710	961
711	205
711	339
711	520
711	616
711	809
711	881
711	952
711	962
711	973
711	979
711	995
712	356
712	501
712	642
712	658
712	794
712	883
712	891
712	932
712	933
712	950
712	961
713	67
713	91
713	282
713	414
713	467
713	591
713	750
713	829
713	840
713	890
713	977
714	387
714	593
714	604
714	611
714	718
714	738
714	878
714	922
714	925
714	931
714	951
715	587
715	751
715	786
715	849
715	913
715	937
715	967
715	987
715	990
715	999
715	1000
716	310
716	359
716	612
716	733
716	770
716	872
716	954
716	956
716	988
716	991
716	997
717	572
717	587
717	778
717	799
717	874
717	937
717	967
717	983
717	987
717	999
717	1000
718	377
718	714
718	844
718	853
718	864
718	922
718	925
718	931
718	947
718	951
718	961
719	246
719	259
719	582
719	631
719	832
719	838
719	909
719	923
719	928
719	959
719	979
720	192
720	657
720	670
720	675
720	815
720	817
720	860
720	959
720	962
720	970
720	979
721	305
721	454
721	600
721	734
721	844
721	845
721	862
721	875
721	878
721	965
721	970
722	483
722	636
722	703
722	759
722	802
722	874
722	903
722	921
722	929
722	963
722	969
723	652
723	725
723	806
723	880
723	892
723	930
723	931
723	946
723	960
723	980
723	990
724	360
724	456
724	483
724	501
724	687
724	709
724	826
724	887
724	955
724	961
724	985
725	53
725	341
725	622
725	659
725	723
725	736
725	820
725	930
725	958
725	960
725	990
726	402
726	609
726	668
726	751
726	788
726	869
726	928
726	941
726	971
726	972
726	973
726	995
727	144
727	166
727	192
727	563
727	579
727	614
727	649
727	676
727	702
727	765
727	791
727	877
728	25
728	854
728	879
728	895
728	949
728	952
728	966
728	974
728	989
728	993
728	994
728	998
729	622
729	626
729	672
729	680
729	800
729	817
729	952
729	962
729	964
729	970
729	979
729	982
730	5
730	396
730	584
730	698
730	732
730	767
730	783
730	827
730	865
730	915
730	919
730	984
731	5
731	126
731	612
731	886
731	893
731	894
731	901
731	906
731	943
731	944
731	977
731	996
732	5
732	52
732	79
732	128
732	653
732	730
732	827
732	868
732	896
732	944
732	957
732	984
733	89
733	270
733	522
733	627
733	716
733	807
733	864
733	871
733	919
733	956
733	981
733	997
734	14
734	187
734	374
734	580
734	606
734	662
734	682
734	721
734	780
734	976
734	983
734	988
735	145
735	148
735	256
735	328
735	478
735	501
735	518
735	649
735	702
735	743
735	765
735	996
736	115
736	725
736	792
736	843
736	860
736	870
736	881
736	934
736	952
736	962
736	970
736	979
737	76
737	473
737	554
737	557
737	684
737	772
737	787
737	809
737	850
737	870
737	926
737	947
738	18
738	502
738	532
738	592
738	595
738	714
738	763
738	846
738	863
738	898
738	918
738	981
739	291
739	446
739	537
739	784
739	799
739	831
739	835
739	853
739	897
739	900
739	915
739	955
740	49
740	405
740	653
740	852
740	874
740	903
740	904
740	921
740	923
740	941
740	963
740	969
741	14
741	31
741	41
741	166
741	329
741	703
741	709
741	877
741	892
741	910
741	969
741	978
742	33
742	170
742	335
742	361
742	418
742	543
742	633
742	760
742	846
742	850
742	928
742	961
743	104
743	318
743	400
743	461
743	463
743	510
743	541
743	590
743	735
743	872
743	876
743	968
744	262
744	550
744	709
744	818
744	855
744	871
744	877
744	892
744	932
744	940
744	957
744	978
745	9
745	292
745	656
745	808
745	815
745	823
745	834
745	869
745	893
745	906
745	936
745	973
746	28
746	332
746	376
746	402
746	493
746	500
746	506
746	524
746	570
746	632
746	672
746	812
747	24
747	292
747	316
747	433
747	646
747	781
747	782
747	786
747	867
747	905
747	970
747	976
748	92
748	101
748	233
748	320
748	526
748	566
748	818
748	892
748	910
748	940
748	978
748	1000
749	136
749	157
749	265
749	299
749	335
749	472
749	526
749	646
749	901
749	943
749	977
749	996
750	53
750	138
750	172
750	282
750	583
750	601
750	706
750	713
750	787
750	840
750	890
750	917
751	574
751	715
751	726
751	753
751	841
751	856
751	861
751	941
751	968
751	971
751	972
751	973
752	125
752	367
752	497
752	515
752	545
752	603
752	817
752	873
752	924
752	979
752	982
752	989
753	199
753	383
753	560
753	619
753	668
753	751
753	856
753	861
753	941
753	971
753	972
753	973
754	349
754	533
754	764
754	767
754	777
754	827
754	858
754	914
754	944
754	949
754	957
754	984
755	288
755	382
755	400
755	428
755	780
755	810
755	815
755	816
755	866
755	872
755	876
755	968
756	432
756	486
756	546
756	555
756	597
756	684
756	769
756	885
756	907
756	915
756	948
756	995
757	829
757	879
757	926
757	933
757	934
757	949
757	966
757	974
757	977
757	993
757	994
757	998
758	176
758	327
758	655
758	677
758	798
758	843
758	852
758	874
758	881
758	904
758	921
758	963
758	969
759	180
759	450
759	624
759	636
759	642
759	722
759	783
759	798
759	828
759	852
759	874
759	921
759	995
760	13
760	62
760	197
760	370
760	442
760	494
760	547
760	633
760	742
760	850
760	889
760	903
760	920
761	297
761	494
761	500
761	762
761	821
761	849
761	913
761	919
761	937
761	967
761	987
761	999
761	1000
762	250
762	331
762	674
762	761
762	778
762	818
762	913
762	923
762	937
762	967
762	987
762	999
762	1000
763	20
763	478
763	485
763	572
763	595
763	628
763	738
763	846
763	859
763	863
763	898
763	981
763	992
764	705
764	754
764	807
764	819
764	822
764	919
764	954
764	956
764	981
764	988
764	991
764	992
764	997
765	145
765	266
765	478
765	518
765	579
765	619
765	649
765	727
765	735
765	791
765	941
765	954
765	959
766	165
766	215
766	260
766	477
766	599
766	696
766	774
766	785
766	894
766	901
766	943
766	977
766	996
767	184
767	217
767	663
767	730
767	754
767	791
767	827
767	868
767	896
767	933
767	944
767	952
767	984
768	242
768	397
768	543
768	697
768	775
768	806
768	884
768	922
768	946
768	959
768	960
768	975
768	980
769	621
769	756
769	795
769	826
769	843
769	848
769	899
769	907
769	915
769	948
769	975
769	978
769	995
770	173
770	604
770	716
770	825
770	851
770	864
770	895
770	899
770	943
770	954
770	981
770	992
770	997
771	328
771	434
771	547
771	710
771	777
771	830
771	834
771	845
771	878
771	888
771	965
771	975
771	986
772	118
772	338
772	458
772	557
772	620
772	737
772	776
772	822
772	870
772	926
772	946
772	947
772	966
773	622
773	660
773	827
773	829
773	854
773	895
773	934
773	949
773	966
773	983
773	993
773	994
773	998
774	34
774	157
774	276
774	423
774	536
774	691
774	696
774	766
774	785
774	906
774	943
774	977
774	996
775	105
775	302
775	410
775	488
775	659
775	768
775	806
775	908
775	946
775	958
775	980
775	990
775	991
776	178
776	439
776	452
776	620
776	639
776	684
776	772
776	870
776	885
776	922
776	926
776	947
776	986
777	204
777	241
777	345
777	539
777	696
777	754
777	771
777	839
777	844
777	903
777	912
777	958
777	965
778	175
778	474
778	547
778	717
778	762
778	849
778	897
778	913
778	937
778	967
778	987
778	999
778	1000
779	33
779	165
779	361
779	370
779	477
779	500
779	577
779	598
779	638
779	889
779	935
779	936
779	971
780	36
780	75
780	201
780	673
780	685
780	734
780	755
780	790
780	964
780	976
780	983
780	988
780	999
781	130
781	184
781	247
781	347
781	664
781	747
781	786
781	866
781	867
781	868
781	905
781	908
781	917
782	232
782	388
782	530
782	565
782	747
782	786
782	866
782	867
782	902
782	905
782	908
782	937
782	983
783	592
783	652
783	730
783	759
783	828
783	850
783	875
783	888
783	903
783	904
783	921
783	963
783	969
784	107
784	155
784	250
784	298
784	384
784	446
784	614
784	739
784	814
784	816
784	831
784	835
784	948
784	994
785	283
785	338
785	585
785	612
785	627
785	696
785	766
785	774
785	886
785	894
785	930
785	943
785	971
785	996
786	420
786	433
786	484
786	530
786	715
786	747
786	781
786	782
786	804
786	825
786	867
786	891
786	902
786	908
787	24
787	41
787	280
787	353
787	363
787	583
787	635
787	672
787	703
787	737
787	750
787	840
787	890
787	1000
788	647
788	726
788	793
788	815
788	841
788	856
788	861
788	920
788	941
788	971
788	972
788	973
788	974
788	997
789	210
789	304
789	392
789	588
789	618
789	656
789	823
789	869
789	893
789	896
789	898
789	927
789	936
789	1000
790	355
790	489
790	492
790	544
790	574
790	655
790	780
790	886
790	913
790	914
790	964
790	976
790	983
790	988
791	453
791	470
791	518
791	563
791	579
791	604
791	614
791	649
791	702
791	704
791	727
791	765
791	767
791	978
792	8
792	39
792	47
792	80
792	154
792	230
792	736
792	800
792	819
792	902
792	952
792	962
792	970
792	980
793	399
793	503
793	589
793	593
793	637
793	647
793	788
793	841
793	856
793	861
793	971
793	972
793	973
793	987
794	63
794	359
794	400
794	470
794	559
794	671
794	712
794	891
794	924
794	929
794	932
794	933
794	942
794	950
795	427
795	469
795	658
795	769
795	839
795	885
795	907
795	913
795	915
795	917
795	948
795	975
795	983
795	995
796	330
796	382
796	437
796	578
796	688
796	698
796	706
796	816
796	854
796	876
796	894
796	945
796	968
796	990
797	4
797	87
797	132
797	162
797	266
797	425
797	427
797	466
797	482
797	707
797	918
797	938
797	943
797	995
798	585
798	613
798	636
798	758
798	759
798	819
798	828
798	852
798	874
798	883
798	904
798	932
798	963
798	969
799	53
799	107
799	151
799	250
799	298
799	406
799	717
799	739
799	835
799	854
799	897
799	900
799	957
799	973
800	131
800	672
800	675
800	692
800	693
800	729
800	792
800	834
800	843
800	870
800	945
800	952
800	970
800	976
801	319
801	455
801	624
801	656
801	830
801	839
801	844
801	859
801	878
801	888
801	946
801	965
801	975
801	986
802	327
802	592
802	677
802	695
802	722
802	835
802	852
802	904
802	921
802	937
802	955
802	963
802	969
802	991
803	71
803	72
803	201
803	286
803	295
803	301
803	317
803	542
803	558
803	857
803	876
803	939
803	951
803	953
804	136
804	161
804	247
804	433
804	521
804	614
804	642
804	664
804	786
804	863
804	867
804	902
804	905
804	908
805	108
805	565
805	657
805	854
805	879
805	895
805	934
805	949
805	951
805	966
805	974
805	993
805	994
805	998
806	129
806	179
806	481
806	532
806	661
806	723
806	768
806	775
806	930
806	946
806	958
806	960
806	979
806	980
807	309
807	733
807	764
807	812
807	824
807	851
807	894
807	904
807	919
807	954
807	972
807	981
807	991
807	997
808	21
808	278
808	326
808	601
808	665
808	745
808	815
808	869
808	893
808	896
808	924
808	927
808	935
808	936
809	360
809	366
809	508
809	606
809	626
809	672
809	680
809	692
809	711
809	737
809	819
809	979
809	988
809	998
810	104
810	288
810	407
810	454
810	541
810	553
810	644
810	681
810	698
810	755
810	872
810	898
810	939
810	945
811	663
811	829
811	832
811	854
811	909
811	919
811	928
811	934
811	949
811	954
811	966
811	974
811	993
811	994
811	998
812	109
812	117
812	158
812	263
812	270
812	332
812	376
812	493
812	519
812	632
812	660
812	746
812	807
812	949
812	995
813	90
813	345
813	366
813	451
813	464
813	705
813	708
813	824
813	919
813	953
813	954
813	956
813	981
813	991
813	997
814	73
814	233
814	250
814	291
814	298
814	434
814	446
814	451
814	784
814	816
814	831
814	835
814	897
814	900
814	992
815	364
815	392
815	618
815	656
815	720
815	745
815	755
815	788
815	808
815	823
815	869
815	893
815	927
815	936
815	962
816	288
816	437
816	590
816	669
816	681
816	706
816	755
816	784
816	796
816	814
816	876
816	881
816	945
816	950
816	968
817	8
817	476
817	616
817	720
817	729
817	752
817	819
817	860
817	897
817	910
817	952
817	953
817	962
817	970
817	979
818	26
818	31
818	481
818	566
818	704
818	744
818	748
818	762
818	836
818	855
818	866
818	877
818	968
818	978
818	996
819	390
819	520
819	561
819	764
819	792
819	798
819	809
819	817
819	843
819	881
819	899
819	908
819	952
819	962
819	979
820	174
820	401
820	444
820	463
820	508
820	543
820	581
820	661
820	725
820	946
820	958
820	960
820	980
820	990
820	996
821	77
821	280
821	452
821	484
821	618
821	674
821	699
821	761
821	849
821	913
821	967
821	987
821	998
821	999
821	1000
822	63
822	94
822	367
822	465
822	498
822	504
822	569
822	573
822	764
822	772
822	847
822	873
822	882
822	924
822	982
823	210
823	331
823	354
823	552
823	656
823	745
823	789
823	815
823	869
823	893
823	927
823	929
823	936
823	984
823	987
824	429
824	610
824	639
824	807
824	813
824	826
824	833
824	899
824	919
824	954
824	956
824	968
824	991
824	992
824	997
825	4
825	179
825	240
825	266
825	343
825	466
825	482
825	650
825	667
825	707
825	770
825	786
825	938
825	983
825	987
826	369
826	422
826	531
826	534
826	639
826	724
826	769
826	824
826	837
826	844
826	887
826	920
826	955
826	961
826	985
827	95
827	196
827	653
827	730
827	732
827	754
827	767
827	773
827	865
827	914
827	944
827	957
827	975
827	984
827	995
828	2
828	156
828	525
828	677
828	695
828	759
828	783
828	798
828	852
828	874
828	903
828	948
828	963
828	964
828	969
829	393
829	713
829	757
829	773
829	811
829	832
829	876
829	879
829	885
829	934
829	941
829	949
829	966
829	974
829	993
829	998
830	228
830	311
830	345
830	666
830	771
830	801
830	844
830	858
830	875
830	878
830	888
830	939
830	965
830	984
830	986
830	993
831	151
831	155
831	159
831	183
831	384
831	406
831	594
831	698
831	739
831	784
831	814
831	835
831	897
831	900
831	950
831	983
832	405
832	505
832	623
832	719
832	811
832	829
832	854
832	895
832	916
832	934
832	949
832	966
832	974
832	993
832	994
832	998
833	117
833	263
833	524
833	824
833	851
833	864
833	899
833	919
833	954
833	956
833	957
833	981
833	991
833	992
833	995
833	997
834	75
834	397
834	456
834	496
834	509
834	599
834	617
834	745
834	771
834	800
834	865
834	878
834	888
834	912
834	965
834	986
835	151
835	159
835	291
835	434
835	574
835	739
835	784
835	799
835	802
835	814
835	831
835	868
835	880
835	897
835	900
835	923
836	79
836	143
836	289
836	341
836	569
836	579
836	703
836	818
836	840
836	859
836	871
836	877
836	882
836	892
836	922
836	978
837	84
837	123
837	225
837	422
837	490
837	531
837	623
837	634
837	687
837	826
837	879
837	916
837	940
837	961
837	985
837	993
838	214
838	495
838	527
838	538
838	544
838	576
838	631
838	689
838	691
838	694
838	719
838	909
838	920
838	923
838	959
838	984
839	93
839	257
839	430
839	496
839	509
839	600
839	615
839	777
839	795
839	801
839	844
839	868
839	875
839	912
839	965
839	986
840	234
840	273
840	417
840	467
840	583
840	591
840	601
840	635
840	713
840	750
840	787
840	836
840	890
840	931
840	991
840	996
841	172
841	314
841	489
841	589
841	647
841	751
841	788
841	793
841	851
841	856
841	861
841	884
841	941
841	962
841	971
841	972
841	973
842	196
842	449
842	498
842	537
842	545
842	575
842	613
842	621
842	688
842	847
842	882
842	924
842	926
842	954
842	960
842	982
842	989
843	321
843	357
843	508
843	561
843	593
843	640
843	680
843	736
843	758
843	769
843	800
843	819
843	881
843	952
843	962
843	979
843	988
844	539
844	599
844	666
844	718
844	721
844	777
844	801
844	826
844	830
844	839
844	845
844	850
844	875
844	932
844	965
844	978
844	986
845	99
845	230
845	455
845	553
845	569
845	598
845	600
845	710
845	721
845	771
845	844
845	875
845	878
845	912
845	962
845	965
845	986
846	89
846	167
846	502
846	546
846	572
846	591
846	595
846	701
846	738
846	742
846	763
846	859
846	874
846	898
846	918
846	966
846	990
847	57
847	94
847	317
847	416
847	430
847	443
847	515
847	563
847	573
847	600
847	822
847	842
847	863
847	885
847	924
847	982
847	989
848	302
848	312
848	491
848	568
848	621
848	674
848	769
848	865
848	885
848	907
848	915
848	917
848	920
848	942
848	948
848	975
848	995
849	22
849	261
849	379
849	415
849	523
849	528
849	715
849	761
849	778
849	821
849	913
849	937
849	967
849	976
849	987
849	999
849	1000
850	127
850	128
850	170
850	335
850	336
850	500
850	598
850	633
850	638
850	674
850	737
850	742
850	760
850	783
850	844
850	889
850	901
851	112
851	560
851	573
851	610
851	770
851	807
851	833
851	841
851	899
851	901
851	909
851	956
851	981
851	986
851	991
851	992
851	997
852	190
852	589
852	678
852	695
852	740
852	758
852	759
852	798
852	802
852	828
852	875
852	904
852	921
852	942
852	963
852	969
852	985
853	362
853	377
853	464
853	562
853	593
853	611
853	630
853	701
853	718
853	739
853	867
853	922
853	925
853	931
853	951
853	968
853	976
854	437
854	468
854	728
854	773
854	796
854	799
854	805
854	811
854	832
854	895
854	934
854	949
854	966
854	974
854	985
854	993
854	994
854	998
855	411
855	460
855	474
855	475
855	540
855	554
855	566
855	575
855	678
855	705
855	744
855	818
855	871
855	877
855	889
855	940
855	978
855	996
856	189
856	248
856	399
856	538
856	651
856	751
856	753
856	788
856	793
856	841
856	861
856	935
856	941
856	951
856	971
856	972
856	973
856	985
857	113
857	139
857	301
857	307
857	461
857	514
857	542
857	558
857	643
857	692
857	704
857	708
857	803
857	907
857	939
857	953
857	967
857	992
858	130
858	347
858	382
858	396
858	556
858	607
858	648
858	754
858	830
858	865
858	868
858	890
858	896
858	914
858	944
858	957
858	960
858	984
859	20
859	167
859	272
859	286
859	502
859	532
859	535
859	546
859	763
859	801
859	836
859	846
859	863
859	898
859	918
859	952
859	954
859	955
860	231
860	281
860	334
860	457
860	507
860	508
860	517
860	598
860	637
860	640
860	680
860	720
860	736
860	817
860	952
860	962
860	970
860	979
861	59
861	237
861	419
861	471
861	506
861	589
861	751
861	753
861	788
861	793
861	841
861	856
861	893
861	953
861	955
861	971
861	972
861	973
862	82
862	268
862	333
862	391
862	416
862	444
862	458
862	498
862	529
862	534
862	567
862	629
862	675
862	683
862	721
862	906
862	929
862	935
863	50
863	96
863	126
863	164
863	502
863	546
863	572
863	581
863	595
863	738
863	763
863	804
863	847
863	859
863	898
863	918
863	997
863	999
864	202
864	706
864	718
864	733
864	770
864	833
864	899
864	919
864	939
864	951
864	954
864	956
864	963
864	967
864	981
864	991
864	992
864	997
865	46
865	339
865	348
865	352
865	556
865	645
865	730
865	827
865	834
865	848
865	858
865	896
865	914
865	942
865	944
865	957
865	965
865	984
865	994
866	99
866	224
866	316
866	347
866	388
866	420
866	521
866	530
866	661
866	686
866	755
866	781
866	782
866	818
866	900
866	902
866	905
866	908
866	942
867	99
867	388
867	433
867	479
867	491
867	530
867	623
867	628
867	668
867	747
867	781
867	782
867	786
867	804
867	853
867	905
867	908
867	931
867	984
868	206
868	217
868	373
868	525
868	584
868	645
868	648
868	732
868	767
868	781
868	835
868	839
868	858
868	883
868	896
868	914
868	944
868	984
868	986
868	998
869	27
869	35
869	111
869	278
869	303
869	331
869	423
869	532
869	700
869	726
869	745
869	789
869	808
869	815
869	823
869	880
869	893
869	927
869	936
869	947
870	80
870	119
870	338
870	439
870	449
870	452
870	549
870	554
870	639
870	657
870	684
870	685
870	736
870	737
870	772
870	776
870	800
870	926
870	947
870	970
871	15
871	262
871	309
871	395
871	460
871	504
871	522
871	540
871	569
871	665
871	733
871	744
871	836
871	855
871	877
871	892
871	910
871	950
871	978
871	986
872	288
872	330
872	379
872	420
872	483
872	505
872	510
872	578
872	590
872	681
872	698
872	706
872	716
872	743
872	755
872	810
872	876
872	914
872	968
872	991
873	24
873	100
873	136
873	294
873	417
873	496
873	498
873	537
873	575
873	603
873	663
873	700
873	752
873	822
873	882
873	886
873	924
873	982
873	989
873	993
874	6
874	327
874	498
874	592
874	636
874	717
874	722
874	740
874	758
874	759
874	798
874	828
874	846
874	903
874	904
874	921
874	927
874	950
874	963
874	969
874	971
875	220
875	239
875	319
875	363
875	547
875	553
875	582
875	600
875	624
875	693
875	710
875	721
875	783
875	830
875	839
875	844
875	845
875	852
875	888
875	965
875	988
876	227
876	243
876	407
876	488
876	505
876	578
876	590
876	629
876	644
876	669
876	679
876	698
876	743
876	755
876	796
876	803
876	816
876	829
876	872
876	945
876	968
877	95
877	164
877	168
877	320
877	460
877	474
877	475
877	540
877	636
877	727
877	741
877	744
877	818
877	836
877	855
877	871
877	904
877	910
877	940
877	978
877	984
878	257
878	455
878	487
878	492
878	509
878	547
878	615
878	617
878	710
878	714
878	721
878	771
878	801
878	830
878	834
878	845
878	888
878	937
878	965
878	986
878	999
879	44
879	52
879	240
879	700
879	708
879	728
879	757
879	805
879	829
879	837
879	895
879	908
879	929
879	934
879	949
879	966
879	974
879	982
879	993
879	994
879	998
880	110
880	232
880	275
880	408
880	457
880	594
880	617
880	641
880	661
880	696
880	723
880	835
880	869
880	884
880	930
880	946
880	958
880	960
880	972
880	980
880	990
881	68
881	158
881	256
881	342
881	533
881	626
881	657
881	680
881	692
881	693
881	711
881	736
881	758
881	816
881	819
881	843
881	890
881	952
881	962
881	970
881	979
882	16
882	25
882	100
882	194
882	251
882	254
882	449
882	465
882	575
882	688
882	701
882	822
882	836
882	842
882	873
882	912
882	936
882	975
882	981
882	982
882	989
883	1
883	440
883	476
883	487
883	489
883	615
883	642
883	653
883	658
883	671
883	712
883	798
883	868
883	891
883	898
883	932
883	940
883	942
883	950
883	971
883	982
884	252
884	281
884	287
884	295
884	380
884	410
884	457
884	517
884	578
884	622
884	697
884	768
884	841
884	880
884	896
884	930
884	946
884	958
884	960
884	980
884	990
885	119
885	237
885	360
885	469
885	568
885	597
885	621
885	624
885	756
885	776
885	795
885	829
885	847
885	848
885	907
885	915
885	917
885	948
885	963
885	975
885	995
886	76
886	98
886	385
886	419
886	445
886	447
886	576
886	609
886	627
886	686
886	691
886	731
886	785
886	790
886	873
886	894
886	918
886	943
886	977
886	994
886	996
887	225
887	277
887	283
887	296
887	346
887	364
887	368
887	422
887	426
887	488
887	490
887	545
887	549
887	633
887	634
887	724
887	826
887	916
887	955
887	961
887	985
888	61
888	111
888	216
888	297
888	381
888	504
888	567
888	624
888	666
888	771
888	783
888	801
888	830
888	834
888	875
888	878
888	912
888	923
888	935
888	965
888	986
889	13
889	62
889	128
889	165
889	197
889	319
889	335
889	361
889	435
889	442
889	500
889	577
889	598
889	632
889	638
889	760
889	779
889	850
889	855
889	911
889	983
889	996
890	41
890	67
890	138
890	172
890	234
890	236
890	273
890	282
890	325
890	353
890	363
890	467
890	578
890	586
890	591
890	635
890	713
890	750
890	787
890	840
890	858
890	881
891	10
891	148
891	150
891	346
891	391
891	470
891	518
891	607
891	615
891	628
891	642
891	649
891	658
891	671
891	712
891	786
891	794
891	883
891	932
891	933
891	942
891	950
892	153
892	225
892	289
892	411
892	540
892	566
892	703
892	704
892	709
892	723
892	741
892	744
892	748
892	836
892	871
892	895
892	910
892	973
892	978
892	987
892	990
892	999
893	9
893	27
893	46
893	303
893	364
893	423
893	485
893	508
893	618
893	656
893	665
893	731
893	745
893	789
893	808
893	815
893	823
893	861
893	869
893	900
893	927
893	936
894	88
894	299
894	385
894	512
894	550
894	576
894	686
894	731
894	766
894	785
894	796
894	807
894	886
894	901
894	906
894	908
894	934
894	940
894	943
894	977
894	985
894	996
895	98
895	358
895	539
895	659
895	700
895	708
895	728
895	770
895	773
895	805
895	832
895	854
895	879
895	892
895	934
895	937
895	949
895	966
895	974
895	993
895	994
895	998
896	34
896	206
896	217
896	218
896	229
896	396
896	645
896	648
896	653
896	709
896	732
896	767
896	789
896	808
896	858
896	865
896	868
896	884
896	944
896	957
896	968
896	984
897	16
897	53
897	107
897	159
897	183
897	237
897	250
897	384
897	406
897	427
897	434
897	446
897	665
897	739
897	778
897	799
897	814
897	817
897	831
897	835
897	900
897	974
898	45
898	50
898	89
898	96
898	343
898	485
898	535
898	540
898	572
898	595
898	738
898	763
898	789
898	810
898	846
898	859
898	863
898	883
898	918
898	940
898	969
898	977
899	87
899	202
899	203
899	389
899	457
899	769
899	770
899	819
899	824
899	833
899	851
899	864
899	919
899	954
899	956
899	960
899	964
899	981
899	990
899	991
899	992
899	997
900	32
900	73
900	155
900	183
900	237
900	291
900	298
900	384
900	406
900	434
900	569
900	739
900	799
900	814
900	831
900	835
900	866
900	893
900	897
900	983
900	989
900	1000
901	85
901	129
901	260
901	385
901	413
901	550
901	585
901	646
901	675
901	691
901	731
901	749
901	766
901	850
901	851
901	894
901	925
901	927
901	928
901	943
901	977
901	996
902	99
902	247
902	292
902	347
902	388
902	420
902	479
902	491
902	521
902	568
902	596
902	600
902	664
902	782
902	786
902	792
902	804
902	866
902	905
902	908
902	940
902	965
903	198
903	274
903	450
903	570
903	582
903	586
903	592
903	652
903	674
903	722
903	740
903	760
903	777
903	783
903	828
903	874
903	904
903	921
903	930
903	954
903	963
903	969
904	83
904	323
904	342
904	499
904	592
904	636
904	677
904	740
904	758
904	783
904	798
904	802
904	807
904	852
904	874
904	877
904	903
904	921
904	947
904	963
904	969
904	975
905	3
905	161
905	211
905	232
905	316
905	388
905	445
905	491
905	521
905	557
905	580
905	664
905	747
905	781
905	782
905	804
905	866
905	867
905	902
905	908
905	957
905	961
906	98
906	131
906	177
906	353
906	413
906	472
906	512
906	585
906	612
906	627
906	646
906	691
906	697
906	731
906	745
906	774
906	862
906	894
906	943
906	977
906	980
906	984
906	996
907	15
907	249
907	359
907	360
907	393
907	486
907	562
907	621
907	651
907	695
907	756
907	769
907	795
907	848
907	857
907	885
907	915
907	917
907	948
907	969
907	975
907	995
907	998
908	161
908	199
908	224
908	232
908	247
908	316
908	521
908	664
908	775
908	781
908	782
908	786
908	804
908	819
908	866
908	867
908	879
908	894
908	902
908	905
908	945
908	965
908	993
909	56
909	74
909	246
909	300
909	445
909	477
909	495
909	499
909	582
909	597
909	599
909	631
909	654
909	670
909	719
909	811
909	838
909	851
909	920
909	923
909	928
909	937
909	959
910	3
910	26
910	78
910	101
910	111
910	220
910	481
910	504
910	566
910	569
910	703
910	704
910	741
910	748
910	817
910	871
910	877
910	892
910	923
910	924
910	935
910	940
910	978
910	993
911	17
911	40
911	86
911	97
911	144
911	147
911	152
911	268
911	323
911	324
911	391
911	424
911	430
911	444
911	529
911	629
911	662
911	676
911	683
911	889
911	929
911	935
911	956
911	966
912	116
912	220
912	228
912	235
912	320
912	381
912	454
912	509
912	553
912	617
912	622
912	666
912	710
912	777
912	834
912	839
912	845
912	882
912	888
912	919
912	958
912	963
912	965
912	968
913	285
913	312
913	316
913	331
913	503
913	513
913	523
913	552
913	656
913	681
913	699
913	715
913	761
913	762
913	778
913	790
913	795
913	821
913	849
913	937
913	967
913	987
913	999
913	1000
914	5
914	63
914	121
914	206
914	373
914	407
914	473
914	556
914	607
914	645
914	662
914	754
914	790
914	827
914	858
914	865
914	868
914	872
914	916
914	929
914	944
914	957
914	961
914	984
915	302
915	311
915	438
915	486
915	568
915	605
915	651
915	663
915	730
915	739
915	756
915	769
915	795
915	848
915	885
915	907
915	917
915	927
915	948
915	951
915	958
915	970
915	972
915	975
915	995
916	81
916	174
916	229
916	253
916	322
916	350
916	488
916	490
916	534
916	571
916	634
916	687
916	690
916	832
916	837
916	887
916	914
916	917
916	944
916	955
916	961
916	964
916	980
916	985
916	992
917	56
917	284
917	289
917	360
917	404
917	432
917	438
917	597
917	605
917	651
917	663
917	750
917	781
917	795
917	848
917	885
917	907
917	915
917	916
917	925
917	948
917	965
917	975
917	982
917	995
918	20
918	45
918	50
918	126
918	164
918	272
918	343
918	422
918	485
918	502
918	532
918	535
918	546
918	572
918	634
918	738
918	797
918	846
918	859
918	863
918	886
918	898
918	939
918	951
918	953
918	968
919	37
919	109
919	329
919	481
919	610
919	677
919	705
919	730
919	733
919	761
919	764
919	807
919	811
919	813
919	824
919	833
919	864
919	899
919	912
919	954
919	956
919	972
919	978
919	991
919	992
919	997
920	17
920	72
920	74
920	127
920	207
920	221
920	269
920	300
920	356
920	445
920	495
920	499
920	640
920	654
920	670
920	694
920	760
920	788
920	826
920	838
920	848
920	909
920	923
920	928
920	959
920	999
921	29
921	49
921	83
921	342
921	542
921	586
921	613
921	650
921	655
921	695
921	708
921	722
921	740
921	758
921	759
921	783
921	802
921	852
921	874
921	903
921	904
921	963
921	969
921	976
921	977
921	981
922	51
922	306
922	313
922	377
922	412
922	464
922	522
922	551
922	562
922	611
922	630
922	701
922	714
922	718
922	768
922	776
922	836
922	853
922	925
922	931
922	943
922	946
922	951
922	966
922	986
922	1000
923	140
923	207
923	214
923	221
923	266
923	269
923	356
923	445
923	499
923	538
923	582
923	631
923	659
923	689
923	719
923	740
923	762
923	835
923	838
923	888
923	909
923	910
923	920
923	928
923	955
923	959
924	16
924	57
924	120
924	141
924	191
924	194
924	294
924	351
924	417
924	449
924	465
924	498
924	503
924	537
924	578
924	688
924	752
924	794
924	808
924	822
924	842
924	847
924	873
924	910
924	959
924	982
925	160
925	245
925	306
925	377
925	387
925	412
925	522
925	551
925	562
925	593
925	610
925	611
925	630
925	685
925	687
925	714
925	718
925	853
925	901
925	917
925	922
925	931
925	933
925	951
925	966
925	971
926	80
926	118
926	119
926	228
926	285
926	321
926	362
926	417
926	439
926	452
926	473
926	514
926	549
926	557
926	588
926	620
926	639
926	684
926	737
926	757
926	772
926	776
926	842
926	870
926	947
926	951
926	979
927	56
927	111
927	132
927	134
927	223
927	304
927	326
927	331
927	354
927	364
927	392
927	421
927	426
927	616
927	656
927	665
927	789
927	808
927	815
927	823
927	869
927	874
927	893
927	901
927	915
927	936
927	995
928	13
928	74
928	140
928	169
928	207
928	269
928	280
928	300
928	356
928	538
928	582
928	627
928	631
928	654
928	670
928	689
928	694
928	719
928	726
928	742
928	811
928	901
928	909
928	920
928	923
928	955
928	959
929	82
929	152
929	249
929	268
929	282
929	323
929	324
929	416
929	424
929	444
929	458
929	459
929	567
929	572
929	629
929	662
929	676
929	683
929	689
929	722
929	794
929	823
929	862
929	879
929	911
929	914
929	935
930	163
930	212
930	374
930	410
930	517
930	543
930	570
930	624
930	641
930	659
930	661
930	671
930	697
930	703
930	723
930	725
930	785
930	806
930	880
930	884
930	903
930	946
930	958
930	960
930	969
930	980
930	990
931	51
931	60
931	92
931	160
931	171
931	245
931	306
931	313
931	388
931	412
931	522
931	551
931	562
931	593
931	630
931	666
931	701
931	714
931	718
931	723
931	840
931	853
931	867
931	922
931	925
931	951
931	956
931	993
932	39
932	114
932	150
932	200
932	217
932	372
932	440
932	476
932	487
932	559
932	615
932	628
932	647
932	658
932	671
932	675
932	712
932	744
932	794
932	798
932	844
932	883
932	891
932	933
932	942
932	949
932	950
932	967
933	150
933	197
933	252
933	372
933	394
933	440
933	470
933	476
933	487
933	489
933	559
933	566
933	615
933	628
933	642
933	671
933	712
933	757
933	767
933	794
933	891
933	925
933	932
933	941
933	942
933	950
933	967
933	985
934	152
934	248
934	344
934	386
934	507
934	517
934	564
934	621
934	700
934	708
934	736
934	757
934	773
934	805
934	811
934	829
934	832
934	854
934	879
934	894
934	895
934	942
934	949
934	966
934	974
934	993
934	994
934	998
935	82
935	86
935	147
935	191
935	249
935	259
935	268
935	324
935	391
935	416
935	458
935	459
935	529
935	536
935	567
935	629
935	662
935	676
935	683
935	779
935	808
935	856
935	862
935	888
935	910
935	911
935	929
935	956
936	21
936	27
936	56
936	134
936	203
936	210
936	223
936	278
936	326
936	364
936	423
936	426
936	450
936	618
936	745
936	779
936	789
936	808
936	815
936	823
936	869
936	882
936	893
936	927
936	943
936	977
936	981
936	993
937	171
937	306
937	312
937	333
937	365
937	415
937	480
937	513
937	516
937	527
937	674
937	699
937	715
937	717
937	761
937	762
937	778
937	782
937	802
937	849
937	878
937	895
937	909
937	913
937	967
937	987
937	999
937	1000
938	2
938	4
938	55
938	103
938	132
938	162
938	179
938	219
938	240
938	266
938	275
938	334
938	425
938	427
938	429
938	466
938	596
938	603
938	650
938	667
938	707
938	797
938	825
938	958
938	970
938	975
938	984
938	991
939	11
939	22
939	71
939	113
939	139
939	157
939	208
939	252
939	255
939	293
939	295
939	307
939	361
939	501
939	514
939	542
939	558
939	643
939	651
939	803
939	810
939	830
939	857
939	864
939	918
939	953
939	976
939	996
940	78
940	143
940	168
940	181
940	223
940	226
940	262
940	395
940	403
940	411
940	475
940	481
940	566
940	569
940	659
940	704
940	709
940	744
940	748
940	837
940	855
940	877
940	883
940	894
940	898
940	902
940	910
940	950
940	978
941	36
941	69
941	163
941	189
941	277
941	290
941	383
941	421
941	433
941	471
941	565
941	609
941	647
941	669
941	726
941	740
941	751
941	753
941	765
941	788
941	829
941	841
941	856
941	933
941	949
941	971
941	972
941	973
941	979
942	1
942	10
942	39
942	114
942	200
942	372
942	394
942	470
942	487
942	559
942	607
942	615
942	628
942	642
942	671
942	794
942	848
942	852
942	865
942	866
942	883
942	891
942	932
942	933
942	934
942	944
942	950
942	982
942	992
943	40
943	82
943	129
943	385
943	413
943	419
943	477
943	576
943	588
943	646
943	691
943	692
943	695
943	696
943	731
943	749
943	766
943	770
943	774
943	785
943	797
943	886
943	894
943	901
943	906
943	922
943	936
943	977
943	996
944	68
944	95
944	130
944	322
944	339
944	349
944	505
944	511
944	525
944	590
944	607
944	645
944	653
944	682
944	731
944	732
944	754
944	767
944	827
944	858
944	865
944	868
944	896
944	914
944	916
944	942
944	957
944	978
944	984
945	57
945	176
945	400
945	407
945	428
945	438
945	463
945	505
945	510
945	528
945	541
945	578
945	590
945	644
945	669
945	681
945	698
945	706
945	796
945	800
945	810
945	816
945	876
945	908
945	953
945	967
945	968
945	977
945	997
945	999
946	110
946	146
946	271
946	281
946	346
946	389
946	397
946	408
946	447
946	620
946	622
946	641
946	659
946	664
946	723
946	768
946	772
946	775
946	801
946	806
946	820
946	880
946	884
946	922
946	930
946	958
946	960
946	980
946	989
946	990
947	80
947	118
947	119
947	211
947	285
947	321
947	338
947	439
947	452
947	463
947	473
947	523
947	545
947	549
947	554
947	557
947	588
947	620
947	639
947	684
947	718
947	737
947	772
947	776
947	869
947	870
947	904
947	926
947	966
947	982
948	15
948	38
948	185
948	219
948	284
948	302
948	414
948	438
948	468
948	511
948	519
948	527
948	605
948	654
948	663
948	673
948	756
948	769
948	784
948	795
948	828
948	848
948	885
948	907
948	915
948	917
948	975
948	977
948	981
948	995
949	109
949	141
949	154
949	175
949	227
949	276
949	700
949	728
949	754
949	757
949	773
949	805
949	811
949	812
949	829
949	832
949	854
949	879
949	895
949	932
949	934
949	941
949	966
949	974
949	982
949	983
949	993
949	994
949	996
949	998
950	1
950	10
950	39
950	169
950	200
950	308
950	394
950	440
950	476
950	487
950	489
950	559
950	615
950	628
950	642
950	645
950	671
950	688
950	712
950	794
950	816
950	831
950	871
950	874
950	883
950	891
950	932
950	933
950	940
950	942
950	976
951	51
951	60
951	160
951	171
951	245
951	306
951	313
951	377
951	387
951	464
951	522
951	530
951	551
951	611
951	630
951	701
951	714
951	718
951	803
951	805
951	853
951	856
951	864
951	915
951	918
951	922
951	925
951	926
951	931
951	958
951	973
952	47
952	106
952	115
952	230
952	262
952	267
952	278
952	284
952	456
952	533
952	616
952	626
952	641
952	675
952	693
952	711
952	728
952	729
952	736
952	767
952	792
952	800
952	817
952	819
952	843
952	859
952	860
952	881
952	962
952	970
952	986
953	11
953	71
953	72
953	113
953	139
953	208
953	252
953	286
953	293
953	295
953	301
953	307
953	344
953	399
953	461
953	501
953	514
953	558
953	591
953	625
953	643
953	667
953	690
953	803
953	813
953	817
953	857
953	861
953	918
953	939
953	945
953	985
954	64
954	67
954	244
954	270
954	329
954	340
954	448
954	526
954	608
954	610
954	617
954	644
954	716
954	764
954	765
954	770
954	807
954	811
954	813
954	824
954	833
954	842
954	859
954	864
954	899
954	903
954	919
954	963
954	981
954	991
954	992
954	997
955	81
955	209
955	225
955	229
955	277
955	283
955	296
955	350
955	368
955	369
955	375
955	484
955	488
955	490
955	531
955	634
955	668
955	687
955	690
955	724
955	739
955	802
955	826
955	859
955	861
955	887
955	916
955	923
955	928
955	961
955	985
955	987
956	216
956	239
956	244
956	254
956	258
956	261
956	389
956	524
956	552
956	608
956	610
956	700
956	705
956	716
956	733
956	764
956	813
956	824
956	833
956	851
956	864
956	899
956	911
956	919
956	931
956	935
956	965
956	986
956	991
956	992
956	995
956	997
957	52
957	121
957	135
957	184
957	213
957	245
957	339
957	349
957	352
957	411
957	465
957	511
957	519
957	584
957	607
957	645
957	648
957	653
957	732
957	744
957	754
957	799
957	827
957	833
957	858
957	865
957	896
957	905
957	914
957	944
957	974
957	984
957	989
958	30
958	75
958	77
958	105
958	122
958	149
958	167
958	281
958	346
958	371
958	380
958	396
958	401
958	408
958	517
958	529
958	581
958	622
958	725
958	775
958	777
958	806
958	820
958	880
958	884
958	912
958	915
958	930
958	938
958	946
958	951
958	980
958	990
959	17
959	92
959	169
959	214
959	221
959	246
959	269
959	319
959	356
959	358
959	404
959	472
959	495
959	499
959	538
959	582
959	631
959	654
959	670
959	689
959	694
959	719
959	720
959	765
959	768
959	838
959	909
959	920
959	923
959	924
959	928
959	972
959	986
960	30
960	60
960	146
960	271
960	371
960	374
960	393
960	401
960	408
960	457
960	472
960	553
960	594
960	609
960	641
960	649
960	659
960	661
960	697
960	723
960	725
960	768
960	806
960	820
960	842
960	858
960	880
960	884
960	899
960	930
960	946
960	961
960	964
960	990
961	19
961	48
961	81
961	174
961	229
961	283
961	322
961	368
961	369
961	370
961	398
961	422
961	483
961	484
961	488
961	490
961	634
961	687
961	690
961	710
961	712
961	718
961	724
961	742
961	826
961	837
961	887
961	905
961	914
961	916
961	955
961	960
961	985
961	999
962	8
962	68
962	106
962	357
962	492
962	520
962	533
962	537
962	588
962	637
962	654
962	672
962	680
962	692
962	693
962	711
962	720
962	729
962	736
962	792
962	815
962	817
962	819
962	841
962	843
962	845
962	860
962	881
962	952
962	967
962	970
962	979
962	980
962	988
963	42
963	140
963	190
963	198
963	268
963	274
963	450
963	531
963	548
963	581
963	586
963	592
963	613
963	636
963	652
963	677
963	685
963	695
963	722
963	740
963	758
963	783
963	798
963	802
963	828
963	852
963	864
963	874
963	885
963	903
963	904
963	912
963	921
963	954
963	969
964	7
964	58
964	186
964	251
964	315
964	390
964	431
964	492
964	497
964	544
964	548
964	555
964	574
964	580
964	595
964	606
964	621
964	623
964	633
964	655
964	673
964	682
964	685
964	707
964	729
964	780
964	790
964	828
964	899
964	916
964	960
964	966
964	976
964	983
964	988
965	65
965	70
965	123
965	204
965	228
965	241
965	261
965	319
965	454
965	455
965	456
965	539
965	553
965	617
965	624
965	640
965	721
965	771
965	777
965	801
965	830
965	834
965	839
965	844
965	845
965	865
965	875
965	878
965	888
965	902
965	908
965	912
965	917
965	956
965	970
965	986
965	994
966	141
966	168
966	215
966	308
966	362
966	379
966	386
966	405
966	436
966	564
966	579
966	648
966	691
966	708
966	728
966	757
966	772
966	773
966	805
966	811
966	829
966	832
966	846
966	854
966	879
966	895
966	911
966	922
966	925
966	934
966	947
966	949
966	964
966	974
966	993
966	994
966	998
967	19
967	66
967	84
967	218
967	280
967	337
967	378
967	415
967	428
967	513
967	516
967	523
967	536
967	552
967	587
967	674
967	696
967	715
967	717
967	761
967	762
967	778
967	821
967	849
967	857
967	864
967	913
967	932
967	933
967	937
967	945
967	962
967	982
967	987
967	997
967	999
967	1000
968	48
968	104
968	195
968	227
968	330
968	340
968	382
968	400
968	407
968	437
968	463
968	505
968	528
968	541
968	578
968	590
968	631
968	644
968	669
968	681
968	698
968	706
968	743
968	751
968	755
968	796
968	816
968	818
968	824
968	853
968	872
968	876
968	896
968	912
968	918
968	945
968	985
969	42
969	49
969	83
969	134
969	190
969	198
969	327
969	342
969	431
969	450
969	586
969	613
969	635
969	636
969	652
969	661
969	677
969	689
969	695
969	722
969	740
969	741
969	758
969	783
969	798
969	802
969	828
969	852
969	874
969	898
969	903
969	904
969	907
969	921
969	930
969	963
969	974
969	979
970	12
970	93
970	178
970	230
970	231
970	274
970	334
970	508
970	520
970	533
970	616
970	626
970	637
970	640
970	672
970	675
970	692
970	693
970	720
970	721
970	729
970	736
970	747
970	792
970	800
970	817
970	860
970	870
970	881
970	915
970	938
970	952
970	962
970	965
970	971
970	979
970	981
970	997
971	35
971	193
971	248
971	284
971	290
971	314
971	351
971	358
971	383
971	399
971	421
971	471
971	494
971	509
971	565
971	589
971	609
971	647
971	668
971	689
971	726
971	751
971	753
971	779
971	785
971	788
971	793
971	841
971	856
971	861
971	874
971	883
971	925
971	941
971	970
971	972
971	973
971	998
972	35
972	36
972	59
972	151
972	162
972	163
972	290
972	314
972	345
972	358
972	383
972	399
972	414
972	421
972	494
972	565
972	602
972	609
972	616
972	647
972	668
972	726
972	751
972	753
972	788
972	793
972	807
972	841
972	856
972	861
972	880
972	915
972	919
972	941
972	959
972	971
972	973
972	976
973	35
973	36
973	59
973	69
973	163
973	189
973	248
973	249
973	290
973	358
973	383
973	463
973	471
973	494
973	516
973	565
973	577
973	589
973	609
973	668
973	711
973	726
973	745
973	751
973	753
973	788
973	793
973	799
973	841
973	856
973	861
973	892
973	941
973	951
973	971
973	972
973	995
973	998
974	91
974	180
974	188
974	236
974	238
974	271
974	279
974	308
974	373
974	405
974	440
974	462
974	564
974	577
974	589
974	632
974	700
974	708
974	728
974	757
974	788
974	805
974	811
974	829
974	832
974	854
974	879
974	895
974	897
974	934
974	949
974	957
974	966
974	969
974	980
974	987
974	993
974	994
974	998
975	15
975	185
975	205
975	311
975	322
975	354
975	370
975	373
975	393
975	404
975	414
975	438
975	468
975	469
975	486
975	527
975	568
975	596
975	597
975	605
975	621
975	651
975	663
975	768
975	769
975	771
975	795
975	801
975	827
975	848
975	882
975	885
975	904
975	907
975	915
975	917
975	938
975	948
975	995
976	7
976	58
976	137
976	142
976	173
976	182
976	201
976	265
976	315
976	325
976	348
976	355
976	431
976	436
976	455
976	497
976	509
976	544
976	548
976	555
976	574
976	655
976	673
976	682
976	685
976	734
976	747
976	780
976	790
976	800
976	849
976	853
976	921
976	939
976	950
976	964
976	972
976	983
976	988
977	29
977	85
977	88
977	102
977	121
977	129
977	136
977	177
977	199
977	376
977	385
977	413
977	419
977	447
977	472
977	477
977	534
977	576
977	585
977	627
977	646
977	691
977	696
977	713
977	731
977	749
977	757
977	766
977	774
977	886
977	894
977	898
977	901
977	906
977	921
977	936
977	943
977	945
977	948
977	996
978	26
978	101
978	143
978	168
978	226
978	236
978	257
978	258
978	262
978	309
978	320
978	372
978	395
978	403
978	411
978	474
978	475
978	559
978	569
978	653
978	679
978	704
978	709
978	741
978	744
978	748
978	769
978	791
978	818
978	836
978	844
978	855
978	871
978	877
978	892
978	910
978	919
978	940
978	944
978	994
979	68
979	106
979	231
979	238
979	267
979	352
979	431
979	508
979	520
979	561
979	615
979	616
979	626
979	637
979	640
979	657
979	672
979	675
979	692
979	693
979	711
979	719
979	720
979	729
979	736
979	752
979	806
979	809
979	817
979	819
979	843
979	860
979	881
979	926
979	941
979	962
979	969
979	970
979	994
979	997
980	30
980	79
980	105
980	212
980	291
980	346
980	371
980	380
980	397
980	401
980	408
980	410
980	442
980	452
980	457
980	533
980	543
980	544
980	594
980	641
980	659
980	661
980	692
980	697
980	723
980	768
980	775
980	792
980	806
980	820
980	880
980	884
980	906
980	916
980	930
980	946
980	958
980	962
980	974
980	990
981	90
981	156
981	202
981	203
981	239
981	258
981	279
981	327
981	359
981	448
981	451
981	524
981	526
981	549
981	560
981	608
981	610
981	702
981	705
981	733
981	738
981	763
981	764
981	770
981	807
981	813
981	833
981	851
981	864
981	882
981	899
981	921
981	936
981	948
981	954
981	970
981	991
981	992
981	993
981	997
982	57
982	97
982	108
982	120
982	125
982	137
982	191
982	254
982	294
982	299
982	417
982	430
982	443
982	449
982	465
982	498
982	515
982	573
982	602
982	603
982	666
982	681
982	683
982	688
982	729
982	752
982	822
982	842
982	847
982	873
982	879
982	882
982	883
982	917
982	924
982	942
982	947
982	949
982	967
982	989
982	994
983	14
983	54
983	58
983	181
983	186
983	187
983	265
983	294
983	325
983	337
983	348
983	355
983	390
983	436
983	492
983	497
983	548
983	574
983	580
983	606
983	623
983	655
983	673
983	682
983	685
983	717
983	734
983	773
983	780
983	782
983	790
983	795
983	825
983	831
983	889
983	900
983	949
983	964
983	976
983	986
983	988
984	34
984	46
984	52
984	63
984	130
984	135
984	160
984	184
984	185
984	255
984	352
984	373
984	375
984	396
984	473
984	511
984	525
984	556
984	584
984	607
984	645
984	648
984	730
984	732
984	754
984	767
984	823
984	827
984	830
984	838
984	858
984	865
984	867
984	868
984	877
984	896
984	906
984	914
984	938
984	944
984	957
985	48
985	112
985	123
985	170
985	225
985	229
985	253
985	277
985	283
985	296
985	368
985	369
985	375
985	380
985	398
985	422
985	483
985	484
985	488
985	531
985	534
985	546
985	571
985	634
985	687
985	690
985	724
985	826
985	837
985	852
985	854
985	856
985	887
985	894
985	916
985	933
985	953
985	955
985	961
985	968
985	997
985	1000
986	1
986	23
986	61
986	93
986	116
986	133
986	216
986	235
986	241
986	305
986	349
986	381
986	403
986	446
986	496
986	509
986	539
986	547
986	553
986	599
986	600
986	617
986	666
986	771
986	776
986	801
986	830
986	834
986	839
986	844
986	845
986	851
986	868
986	871
986	878
986	888
986	922
986	952
986	956
986	959
986	965
986	983
987	38
987	42
987	66
987	84
987	193
987	210
987	222
987	246
987	287
987	312
987	333
987	365
987	378
987	412
987	435
987	480
987	493
987	503
987	513
987	516
987	536
987	552
987	587
987	674
987	699
987	715
987	717
987	761
987	762
987	778
987	793
987	821
987	823
987	825
987	849
987	892
987	913
987	937
987	955
987	967
987	974
987	996
987	999
987	1000
988	7
988	14
988	71
988	142
988	181
988	182
988	187
988	265
988	315
988	325
988	337
988	340
988	348
988	387
988	390
988	425
988	431
988	436
988	462
988	492
988	497
988	502
988	544
988	548
988	555
988	574
988	580
988	606
988	623
988	655
988	673
988	680
988	682
988	716
988	734
988	764
988	780
988	790
988	809
988	843
988	875
988	962
988	964
988	976
988	983
989	16
989	25
989	61
989	94
989	100
989	120
989	125
989	126
989	137
989	194
989	196
989	202
989	251
989	254
989	299
989	317
989	351
989	367
989	417
989	430
989	443
989	515
989	516
989	537
989	545
989	573
989	575
989	602
989	603
989	635
989	688
989	691
989	694
989	728
989	752
989	842
989	847
989	873
989	882
989	900
989	946
989	957
989	982
989	998
989	1000
990	75
990	77
990	110
990	146
990	149
990	212
990	271
990	281
990	371
990	374
990	380
990	397
990	401
990	410
990	471
990	520
990	543
990	581
990	594
990	607
990	622
990	641
990	646
990	659
990	664
990	668
990	690
990	697
990	707
990	715
990	723
990	725
990	775
990	796
990	820
990	846
990	880
990	884
990	892
990	899
990	930
990	946
990	958
990	960
990	980
991	37
991	112
991	156
991	173
991	239
991	243
991	258
991	261
991	310
991	318
991	353
991	364
991	389
991	480
991	486
991	524
991	526
991	536
991	560
991	572
991	610
991	641
991	702
991	705
991	716
991	764
991	775
991	802
991	807
991	813
991	824
991	833
991	840
991	851
991	864
991	872
991	899
991	919
991	938
991	954
991	956
991	981
991	992
991	997
991	999
992	37
992	64
992	90
992	124
992	156
992	178
992	203
992	239
992	243
992	261
992	297
992	318
992	329
992	340
992	439
992	448
992	451
992	478
992	507
992	526
992	551
992	560
992	561
992	608
992	705
992	706
992	763
992	764
992	770
992	814
992	824
992	833
992	851
992	857
992	864
992	899
992	916
992	919
992	942
992	954
992	956
992	981
992	991
992	993
992	997
993	54
993	91
993	188
993	238
993	276
993	279
993	308
993	362
993	379
993	386
993	405
993	411
993	420
993	462
993	507
993	564
993	580
993	700
993	707
993	708
993	728
993	757
993	773
993	805
993	811
993	829
993	830
993	832
993	837
993	854
993	873
993	879
993	895
993	908
993	910
993	931
993	934
993	936
993	949
993	966
993	974
993	981
993	992
993	994
993	998
994	54
994	91
994	141
994	154
994	175
994	215
994	236
994	276
994	308
994	362
994	379
994	386
994	462
994	468
994	507
994	548
994	564
994	598
994	601
994	603
994	650
994	700
994	705
994	708
994	728
994	757
994	773
994	784
994	805
994	811
994	832
994	854
994	865
994	879
994	886
994	895
994	934
994	949
994	965
994	966
994	974
994	978
994	979
994	982
994	993
994	998
995	185
995	205
995	219
995	284
995	302
995	309
995	311
995	343
995	354
995	360
995	393
995	404
995	414
995	432
995	468
995	469
995	486
995	514
995	527
995	568
995	597
995	605
995	621
995	651
995	663
995	711
995	726
995	756
995	759
995	769
995	795
995	797
995	812
995	827
995	833
995	848
995	885
995	907
995	915
995	917
995	927
995	948
995	956
995	973
995	975
995	996
996	40
996	85
996	88
996	102
996	157
996	177
996	260
996	301
996	405
996	413
996	419
996	447
996	468
996	472
996	477
996	512
996	535
996	550
996	576
996	585
996	612
996	627
996	686
996	691
996	696
996	731
996	735
996	749
996	766
996	774
996	785
996	818
996	820
996	840
996	855
996	886
996	889
996	894
996	901
996	906
996	939
996	943
996	949
996	977
996	987
996	995
996	1000
997	87
997	112
997	124
997	127
997	173
997	188
997	213
997	235
997	243
997	244
997	258
997	310
997	318
997	340
997	359
997	383
997	430
997	451
997	524
997	560
997	562
997	568
997	608
997	677
997	705
997	716
997	733
997	764
997	770
997	788
997	807
997	813
997	824
997	833
997	851
997	863
997	864
997	899
997	919
997	945
997	954
997	956
997	967
997	970
997	979
997	981
997	985
997	991
997	992
998	50
998	54
998	153
998	154
998	175
998	180
998	188
998	215
998	236
998	238
998	248
998	267
998	276
998	279
998	314
998	362
998	379
998	386
998	462
998	507
998	547
998	564
998	625
998	661
998	700
998	708
998	728
998	757
998	773
998	805
998	809
998	811
998	821
998	829
998	832
998	854
998	868
998	879
998	895
998	907
998	934
998	949
998	966
998	971
998	973
998	974
998	989
998	993
998	994
999	19
999	38
999	43
999	76
999	122
999	124
999	193
999	209
999	218
999	222
999	280
999	285
999	287
999	300
999	312
999	333
999	365
999	378
999	400
999	415
999	448
999	480
999	503
999	513
999	516
999	523
999	536
999	552
999	555
999	699
999	715
999	717
999	761
999	762
999	778
999	780
999	821
999	849
999	863
999	878
999	892
999	913
999	920
999	937
999	945
999	961
999	967
999	987
999	991
999	1000
1000	19
1000	66
1000	76
1000	84
1000	122
1000	149
1000	193
1000	209
1000	218
1000	222
1000	287
1000	333
1000	365
1000	367
1000	378
1000	392
1000	398
1000	415
1000	426
1000	433
1000	480
1000	503
1000	516
1000	523
1000	528
1000	536
1000	552
1000	587
1000	674
1000	699
1000	715
1000	717
1000	748
1000	761
1000	762
1000	778
1000	787
1000	789
1000	821
1000	849
1000	900
1000	913
1000	922
1000	937
1000	967
1000	985
1000	987
1000	989
1000	996
1000	999
