0 941
0 943
0 986
0 991
941 160
941 287
941 386
941 453
941 459
941 508
941 551
941 606
941 612
941 654
941 702
941 710
941 763
941 793
941 798
941 803
941 810
941 865
941 884
941 894
941 912
941 948
941 957
941 962
941 980
941 986
941 991
941 998
943 2
943 121
943 160
943 185
943 226
943 255
943 388
943 427
943 476
943 539
943 574
943 579
943 676
943 695
943 717
943 740
943 745
943 777
943 788
943 834
943 850
943 906
943 918
943 931
943 936
943 949
943 954
943 959
943 963
986 100
986 151
986 152
986 196
986 430
986 453
986 456
986 458
986 459
986 479
986 508
986 530
986 537
986 543
986 551
986 593
986 606
986 612
986 623
986 654
986 655
986 656
986 702
986 710
986 733
986 749
986 763
986 793
986 798
986 803
986 810
986 865
986 884
986 894
986 912
986 948
986 957
986 962
986 980
986 991
986 998
991 26
991 50
991 62
991 95
991 151
991 196
991 287
991 292
991 365
991 453
991 458
991 479
991 508
991 530
991 537
991 560
991 593
991 606
991 612
991 620
991 623
991 647
991 654
991 655
991 656
991 702
991 710
991 763
991 793
991 798
991 810
991 838
991 865
991 876
991 884
991 912
991 948
991 957
991 962
991 980
991 988
991 998
160 954
160 949
287 980
287 998
287 894
386 987
386 995
386 996
386 997
386 983
453 980
453 998
453 948
459 4
459 90
459 957
459 998
508 980
508 998
508 962
508 884
551 912
551 980
551 957
551 998
551 829
606 998
606 948
606 962
606 884
606 767
606 865
612 912
612 994
612 957
612 998
612 948
612 656
654 980
654 957
654 998
654 948
654 962
654 694
702 980
702 957
702 998
702 948
702 884
702 159
702 810
702 894
710 980
710 957
710 998
710 948
710 962
710 103
710 763
710 884
763 912
763 980
763 905
763 957
763 998
763 962
763 884
763 894
763 810
793 912
793 980
793 957
793 998
793 948
793 971
793 962
793 884
793 865
793 906
793 894
798 980
798 957
798 998
798 948
798 903
798 962
798 884
798 894
798 560
798 623
798 810
803 886
803 632
803 911
803 960
803 572
803 370
803 272
803 553
803 738
803 590
803 737
803 780
810 912
810 980
810 957
810 998
810 948
810 962
810 920
810 884
810 894
865 912
865 980
865 993
865 957
865 998
865 948
865 962
865 884
865 203
865 292
865 365
865 458
865 537
865 655
884 912
884 980
884 998
884 948
884 232
884 962
884 155
884 530
884 894
894 912
894 980
894 983
894 957
894 998
894 948
894 962
894 530
894 593
894 620
894 623
894 655
894 839
912 4
912 95
912 152
912 430
912 432
912 620
912 656
912 744
912 854
912 948
912 957
912 962
912 980
912 998
948 980
948 957
948 998
948 940
948 62
948 100
948 422
948 430
948 560
948 593
948 617
948 620
948 623
948 655
948 656
948 962
957 980
957 790
957 26
957 62
957 221
957 292
957 456
957 479
957 537
957 560
957 620
957 655
957 656
957 930
957 962
957 998
962 980
962 998
962 95
962 100
962 152
962 404
962 456
962 479
962 494
962 537
962 560
962 593
962 620
962 623
962 655
962 656
962 919
980 4
980 151
980 292
980 365
980 430
980 456
980 458
980 479
980 530
980 537
980 560
980 593
980 620
980 623
980 655
980 656
980 846
980 969
980 987
980 990
980 998
998 26
998 45
998 94
998 95
998 100
998 139
998 152
998 196
998 292
998 365
998 430
998 456
998 458
998 479
998 530
998 537
998 560
998 593
998 601
998 620
998 623
998 655
998 656
998 972
2 954
2 959
2 963
121 959
121 963
121 190
185 954
185 963
185 337
226 954
226 959
226 949
255 954
255 963
255 936
255 949
388 954
388 959
388 963
388 949
388 555
427 954
427 963
427 936
427 949
427 659
476 964
476 926
476 891
476 925
476 831
539 954
539 959
539 963
539 970
539 936
539 949
574 954
574 959
574 963
574 632
574 918
574 936
574 949
579 954
579 959
579 963
579 918
579 936
579 949
579 725
676 954
676 959
676 963
676 918
676 936
676 949
676 906
676 682
676 850
695 954
695 959
695 963
695 918
695 936
695 949
695 906
695 535
695 850
717 882
717 954
717 959
717 963
717 918
717 936
717 949
717 906
717 850
717 834
740 954
740 959
740 963
740 918
740 936
740 949
740 788
740 906
740 603
740 834
740 850
745 954
745 959
745 963
745 59
745 834
745 850
745 892
745 906
745 918
745 936
745 949
777 954
777 959
777 963
777 918
777 936
777 949
777 788
777 906
777 850
777 913
777 834
788 954
788 959
788 963
788 985
788 918
788 936
788 949
788 247
788 834
788 850
788 906
834 954
834 959
834 963
834 975
834 918
834 936
834 949
834 859
834 906
834 850
850 954
850 959
850 963
850 918
850 936
850 949
850 906
850 893
906 954
906 959
906 963
906 918
906 936
906 949
906 267
906 795
918 954
918 959
918 963
918 988
918 103
918 116
918 163
918 191
918 450
918 936
918 949
931 19
931 122
931 220
931 222
931 265
931 319
931 342
931 359
931 361
931 445
931 513
931 576
931 603
931 610
931 625
931 646
931 731
931 753
931 792
931 836
931 880
931 922
931 932
931 946
931 955
931 970
936 954
936 959
936 963
936 103
936 129
936 197
936 402
936 450
936 821
936 949
936 961
949 954
949 959
949 963
949 992
949 973
949 110
949 129
949 191
949 402
949 450
949 618
954 49
954 116
954 402
954 450
954 520
954 731
954 959
954 963
954 973
959 49
959 110
959 116
959 129
959 191
959 204
959 297
959 402
959 450
959 963
959 981
963 49
963 103
963 110
963 116
963 129
963 191
963 402
963 704
963 829
963 945
151 985
196 822
430 734
456 117
458 225
530 334
543 679
543 22
543 786
543 811
543 940
543 947
593 982
623 782
655 516
656 999
733 910
733 903
733 904
733 933
733 920
733 877
733 600
733 775
733 329
733 634
733 716
749 806
749 820
749 897
749 902
749 81
749 352
749 362
749 554
749 631
749 639
749 814
26 78
50 519
50 542
50 557
62 885
365 933
560 897
620 932
647 700
647 791
647 951
647 900
647 136
647 435
647 493
647 767
838 624
838 796
838 842
838 885
838 40
838 57
838 98
838 405
838 511
838 636
838 637
838 735
838 739
838 752
838 938
876 853
876 889
876 896
876 898
876 60
876 88
876 167
876 283
876 298
876 480
876 492
876 534
876 588
876 633
876 703
876 722
876 783
876 804
876 942
988 870
988 20
988 977
988 978
988 27
988 42
988 71
988 132
988 156
988 216
988 254
988 271
988 317
988 366
988 379
988 395
988 403
988 418
988 436
988 437
988 451
988 454
988 470
988 472
988 488
988 523
988 556
988 585
988 608
988 622
988 677
988 747
988 772
988 797
988 812
988 837
988 847
988 868
988 875
988 942
988 973
1 660
1 853
1 882
1 908
660 318
660 516
660 575
660 592
660 609
660 661
660 759
660 882
660 908
853 167
853 283
853 310
853 480
853 492
853 534
853 588
853 633
853 703
853 722
853 774
853 783
853 804
853 889
853 896
853 898
882 23
882 32
882 113
882 176
882 253
882 290
882 394
882 486
882 516
882 592
882 609
882 661
882 697
882 698
882 711
882 759
882 908
882 939
908 23
908 32
908 61
908 228
908 253
908 290
908 307
908 318
908 394
908 486
908 516
908 591
908 609
908 697
908 698
908 711
908 732
908 759
908 944
908 947
908 958
318 661
318 787
318 176
516 732
516 697
516 698
575 11
575 119
575 153
575 653
575 721
575 743
575 872
592 17
592 394
592 520
592 697
592 711
592 732
609 996
609 661
609 732
609 591
609 711
609 697
661 23
661 32
661 307
661 486
661 759
661 765
759 591
759 253
759 711
759 697
759 307
759 358
759 483
759 520
759 698
167 896
167 844
283 889
283 896
283 898
310 889
310 896
310 898
310 688
480 889
480 896
480 898
480 327
480 804
492 889
492 896
492 898
492 804
492 783
534 928
534 889
534 896
534 898
534 783
588 889
588 896
588 898
588 845
588 804
588 783
633 889
633 896
633 898
633 901
633 703
633 804
633 783
703 889
703 896
703 898
703 298
703 693
703 722
703 783
703 804
722 889
722 896
722 898
722 352
722 783
722 804
774 910
774 903
774 904
774 920
774 109
774 242
774 296
774 401
774 600
774 634
774 716
774 877
783 889
783 896
783 898
783 938
783 804
804 889
804 896
804 898
804 805
804 837
889 969
889 54
889 60
889 88
889 117
889 298
889 867
889 896
889 898
896 54
896 60
896 88
896 117
896 298
896 304
896 898
896 966
898 802
898 54
898 60
898 88
898 117
898 298
898 686
898 961
23 944
32 732
113 732
113 591
113 697
176 732
176 228
253 61
253 711
290 711
290 642
290 698
394 732
394 591
394 237
486 640
486 61
486 520
486 698
697 930
697 732
697 591
698 732
698 711
698 380
698 520
711 732
711 61
711 228
939 440
939 145
939 86
939 762
939 869
939 938
939 131
939 159
939 234
939 243
939 247
939 303
939 373
939 389
939 449
939 461
939 463
939 505
939 533
939 552
939 630
939 643
939 707
939 805
939 866
939 871
939 875
939 935
228 307
307 520
591 52
591 520
732 887
944 107
944 140
944 149
944 157
944 177
944 183
944 188
944 204
944 244
944 344
944 346
944 384
944 387
944 411
944 526
944 569
944 613
944 649
944 714
944 725
944 734
944 758
944 787
944 800
944 825
944 841
944 879
944 955
947 679
947 482
947 22
947 887
947 55
947 77
947 208
947 252
947 264
947 269
947 273
947 293
947 335
947 337
947 356
947 460
947 582
947 586
947 589
947 680
947 748
947 754
947 755
947 786
947 811
947 825
947 859
947 940
947 942
958 8
958 790
958 873
958 70
958 108
958 143
958 195
958 238
958 284
958 304
958 312
958 357
958 383
958 400
958 421
958 443
958 447
958 483
958 498
958 510
958 514
958 541
958 576
958 594
958 627
958 692
958 715
958 818
958 835
958 858
958 901
958 967
49 886
402 628
450 877
731 946
731 970
731 836
731 955
731 932
731 880
731 922
731 235
731 527
731 753
973 870
973 977
973 978
973 418
973 27
973 42
973 71
973 156
973 254
973 257
973 271
973 317
973 366
973 379
973 395
973 403
973 436
973 437
973 451
973 454
973 470
973 488
973 523
973 556
973 585
973 608
973 622
973 677
973 747
973 761
973 772
973 797
973 812
973 837
973 847
973 942
110 977
204 841
204 263
297 910
297 933
297 920
297 600
981 982
981 992
981 999
981 977
981 993
981 994
981 971
981 644
981 909
981 688
981 375
981 382
981 455
981 481
981 504
981 525
981 558
981 561
981 580
981 601
981 611
981 720
981 795
981 809
981 828
981 839
981 855
981 913
981 966
981 972
704 987
704 995
704 996
704 997
704 983
704 19
704 771
704 778
704 927
704 929
829 923
829 945
829 953
829 48
829 69
829 203
829 268
829 471
829 581
829 626
829 705
829 708
829 785
829 816
945 10
945 302
945 923
945 38
945 48
945 69
945 133
945 210
945 250
945 258
945 268
945 288
945 294
945 334
945 414
945 432
945 467
945 504
945 528
945 562
945 581
945 626
945 664
945 705
945 785
945 816
945 933
945 953
3 870
3 982
3 992
3 999
870 379
870 418
870 472
870 488
870 523
870 556
870 608
870 747
870 772
870 797
870 812
870 837
870 847
870 942
870 977
870 978
870 997
982 24
982 147
982 180
982 240
982 323
982 353
982 358
982 375
982 382
982 391
982 396
982 455
982 475
982 481
982 504
982 525
982 558
982 561
982 568
982 601
982 611
982 644
982 688
982 720
982 809
982 828
982 839
982 855
982 909
982 913
982 922
982 966
982 971
982 972
982 984
982 992
982 993
982 994
982 999
992 125
992 147
992 180
992 199
992 224
992 240
992 320
992 323
992 353
992 358
992 375
992 382
992 391
992 396
992 455
992 473
992 475
992 481
992 504
992 525
992 557
992 558
992 561
992 601
992 611
992 644
992 651
992 688
992 720
992 785
992 809
992 828
992 839
992 855
992 909
992 913
992 966
992 971
992 972
992 993
992 994
992 999
999 24
999 65
999 74
999 80
999 125
999 147
999 180
999 199
999 213
999 224
999 240
999 320
999 323
999 353
999 358
999 375
999 382
999 391
999 396
999 455
999 475
999 481
999 504
999 525
999 558
999 561
999 601
999 611
999 644
999 688
999 720
999 809
999 828
999 839
999 855
999 899
999 909
999 913
999 915
999 966
999 971
999 972
999 993
999 994
379 977
379 978
379 677
418 978
418 22
418 942
472 977
472 978
472 264
472 942
488 977
488 978
488 942
488 847
523 978
523 747
523 942
523 840
556 977
556 978
556 837
556 812
556 942
608 977
608 837
608 812
608 942
608 852
608 677
747 978
747 30
747 317
747 797
747 837
747 839
747 847
747 942
772 977
772 978
772 760
772 837
772 797
772 812
772 942
772 677
772 847
772 585
797 977
797 978
797 935
797 216
797 395
797 470
797 622
797 847
797 942
812 977
812 978
812 994
812 837
812 254
812 677
812 847
812 855
812 942
837 977
837 978
837 924
837 156
837 437
837 622
837 942
847 977
847 978
847 942
847 437
847 454
847 548
847 585
847 622
847 833
942 977
942 978
942 403
942 271
942 317
942 366
942 436
942 451
942 533
942 585
942 622
942 677
977 20
977 27
977 42
977 56
977 71
977 75
977 132
977 156
977 216
977 254
977 317
977 366
977 390
977 395
977 403
977 436
977 437
977 451
977 454
977 470
977 585
977 622
977 677
977 968
977 978
978 964
978 20
978 27
978 42
978 56
978 71
978 132
978 216
978 254
978 271
978 366
978 395
978 403
978 436
978 437
978 451
978 454
978 470
978 585
978 622
978 652
978 677
978 705
978 892
997 779
997 13
997 987
997 995
997 996
997 16
997 36
997 46
997 67
997 80
997 83
997 115
997 118
997 162
997 169
997 178
997 192
997 237
997 259
997 289
997 295
997 327
997 339
997 348
997 360
997 376
997 392
997 423
997 439
997 462
997 473
997 491
997 567
997 571
997 584
997 638
997 652
997 657
997 713
997 718
997 771
997 778
997 927
997 929
997 974
997 983
24 993
24 994
147 993
180 993
240 994
240 842
323 993
323 994
353 993
353 994
358 993
375 993
375 994
382 993
382 994
391 993
391 994
391 984
396 993
396 994
396 951
455 993
455 994
475 993
475 994
475 784
481 993
481 994
481 856
504 993
504 994
525 993
525 994
525 708
558 993
558 994
558 892
558 972
561 993
561 994
561 807
561 972
568 946
568 970
568 955
568 932
568 880
568 922
568 792
601 993
601 994
601 972
611 993
611 994
611 971
611 408
611 972
644 993
644 994
644 971
644 172
644 972
688 993
688 994
688 971
688 966
688 972
720 993
720 994
720 955
720 971
720 972
720 966
720 913
809 934
809 993
809 994
809 971
809 909
809 828
809 972
809 966
809 913
809 839
809 855
828 993
828 994
828 971
828 909
828 536
828 445
828 839
828 855
828 913
828 966
828 972
839 993
839 994
839 971
839 909
839 972
839 966
839 913
839 855
855 993
855 994
855 801
855 971
855 909
855 972
855 966
855 913
909 993
909 994
909 856
909 971
909 294
909 913
909 966
909 972
913 993
913 994
913 971
913 678
913 972
913 966
922 864
922 946
922 970
922 836
922 955
922 932
922 880
922 222
922 429
922 265
922 303
922 361
922 445
922 506
922 527
922 576
922 610
922 625
922 646
922 753
922 792
966 993
966 994
966 975
966 971
966 668
966 972
966 585
971 983
971 993
971 994
971 85
971 128
971 972
972 983
972 993
972 994
972 730
972 831
984 916
984 995
984 974
984 976
984 990
984 31
984 979
984 85
984 102
984 170
984 202
984 205
984 217
984 225
984 230
984 270
984 277
984 282
984 338
984 512
984 573
984 621
984 635
984 651
984 670
984 756
984 765
984 766
984 773
984 833
984 840
984 846
984 893
984 914
984 915
984 919
984 956
984 961
984 965
984 968
993 540
993 65
993 74
993 199
993 213
993 224
993 320
993 569
993 879
993 994
994 953
994 851
994 65
994 74
994 125
994 199
994 213
994 224
994 320
994 886
125 976
320 275
473 987
473 995
473 996
473 983
557 665
557 598
557 648
557 682
557 686
557 761
651 974
651 976
651 990
651 979
651 968
651 965
651 961
785 923
785 581
785 248
785 471
785 250
785 268
785 433
785 578
785 664
785 705
65 868
74 114
80 996
80 983
213 904
899 669
899 672
899 757
899 928
899 830
899 868
899 114
899 98
899 194
899 221
899 231
899 416
899 425
899 469
899 566
899 602
899 641
899 784
899 795
899 813
899 848
899 895
915 974
915 976
915 990
915 979
915 766
915 956
915 917
915 739
915 968
915 833
915 840
915 965
915 893
915 961
915 914
915 765
915 756
915 773
915 846
915 919
4 794
794 91
794 137
794 305
794 326
794 536
794 548
794 559
794 690
794 832
794 871
794 883
794 921
794 950
90 967
90 715
90 835
91 950
91 485
91 921
137 921
137 871
137 892
305 950
305 871
305 892
305 832
326 950
326 921
326 892
326 341
536 950
536 921
536 871
536 892
536 315
548 934
548 950
548 832
548 668
548 883
559 616
559 950
559 871
559 892
559 883
559 727
559 457
690 996
690 616
690 950
690 921
690 871
690 892
690 832
690 668
690 883
832 409
832 950
832 485
832 921
832 871
832 892
832 172
832 301
832 426
832 668
832 769
832 883
871 950
871 485
871 921
871 200
871 285
871 408
871 477
871 517
871 727
871 768
871 883
871 892
883 873
883 989
883 616
883 950
883 921
883 892
883 424
883 201
883 285
883 301
883 330
883 354
883 408
883 426
883 517
921 930
921 616
921 950
921 179
921 200
921 201
921 285
921 354
921 408
921 457
921 517
921 571
921 668
921 727
921 753
921 892
950 616
950 637
950 58
950 172
950 179
950 200
950 201
950 301
950 315
950 354
950 408
950 424
950 426
950 457
950 477
950 517
950 668
950 727
950 892
950 911
432 923
432 953
432 816
432 414
744 886
744 881
744 911
744 960
744 442
744 590
744 380
744 691
744 737
744 780
744 815
854 924
854 975
854 985
854 989
854 937
854 888
854 821
854 844
854 867
854 203
854 333
854 565
854 587
854 706
854 808
854 817
854 917
846 974
846 976
846 990
846 979
846 956
846 968
846 833
846 840
846 965
846 893
846 961
846 914
846 919
969 872
969 802
969 15
969 934
969 964
969 47
969 51
969 72
969 173
969 184
969 233
969 249
969 276
969 313
969 325
969 364
969 372
969 374
969 406
969 410
969 484
969 503
969 532
969 550
969 596
969 694
969 762
969 764
969 789
969 799
969 827
969 831
969 891
969 925
969 926
969 952
987 967
987 524
987 13
987 16
987 36
987 46
987 67
987 162
987 192
987 209
987 237
987 259
987 295
987 327
987 348
987 360
987 376
987 392
987 423
987 439
987 462
987 491
987 566
987 567
987 571
987 584
987 638
987 652
987 657
987 713
987 718
987 771
987 778
987 927
987 929
987 983
987 995
987 996
990 30
990 974
990 976
990 31
990 52
990 82
990 85
990 102
990 170
990 202
990 205
990 217
990 225
990 230
990 270
990 277
990 282
990 338
990 497
990 512
990 573
990 621
990 626
990 635
990 670
990 734
990 756
990 765
990 766
990 773
990 833
990 840
990 893
990 914
990 919
990 956
990 961
990 965
990 968
990 979
5 669
5 672
5 757
5 928
669 108
669 566
669 784
669 795
669 830
669 848
669 868
669 928
672 231
672 566
672 721
672 784
672 795
672 813
672 830
672 848
757 51
757 460
757 490
757 602
757 641
757 723
757 795
757 813
757 848
757 868
757 895
928 75
928 114
928 166
928 194
928 221
928 231
928 350
928 416
928 425
928 469
928 490
928 566
928 599
928 602
928 641
928 723
928 784
928 813
928 830
928 848
928 857
928 868
928 895
108 967
108 901
566 895
566 813
566 795
784 776
784 868
784 895
784 416
784 813
784 848
784 350
784 602
795 895
795 848
795 723
795 425
795 469
795 474
795 641
830 28
830 194
830 350
830 416
830 425
830 474
830 490
830 602
830 641
830 813
830 848
830 868
848 868
848 895
848 861
848 825
848 813
848 221
848 289
848 474
848 723
868 75
868 231
868 289
868 350
868 425
868 474
868 490
868 641
868 723
868 813
231 895
721 743
721 779
721 12
721 119
721 142
721 274
721 544
721 653
721 872
813 934
813 801
813 895
813 166
813 469
813 723
51 934
51 926
460 887
460 940
460 750
460 786
490 885
490 75
490 895
602 895
602 824
602 723
641 895
641 723
641 532
723 746
723 895
723 289
895 114
895 194
895 289
895 350
895 416
895 469
895 474
895 478
895 484
166 262
166 416
425 691
469 685
599 924
599 975
599 985
599 989
599 937
599 888
599 808
857 219
857 518
857 930
857 801
857 890
857 44
857 856
857 128
857 141
857 148
857 155
857 257
857 319
857 321
857 367
857 494
857 495
6 499
6 605
6 823
6 905
499 497
499 685
499 687
499 823
499 851
499 905
605 18
605 464
605 685
605 687
605 771
605 851
605 864
605 905
823 17
823 186
823 278
823 355
823 438
823 464
823 497
823 685
823 687
823 851
823 864
823 869
823 905
823 968
905 17
905 18
905 34
905 58
905 106
905 168
905 186
905 278
905 355
905 409
905 438
905 464
905 497
905 685
905 687
905 773
905 791
905 851
905 864
497 851
497 864
497 278
685 851
685 864
685 58
685 438
685 464
687 17
687 34
687 355
687 851
687 864
687 901
851 18
851 106
851 168
851 186
851 355
851 409
851 438
851 464
851 864
851 925
18 864
464 864
771 995
771 996
771 983
771 713
771 927
771 929
771 567
771 638
771 778
864 34
864 106
864 168
864 186
864 278
864 355
864 409
864 438
864 752
278 590
438 514
869 86
869 131
869 211
869 389
869 449
869 461
869 546
869 552
869 584
869 630
869 643
869 707
869 709
869 866
869 875
869 935
869 938
968 974
968 976
968 979
968 819
968 766
968 956
968 398
968 512
968 573
968 621
968 635
968 670
968 756
968 765
968 773
968 833
968 840
968 893
968 914
968 919
968 961
968 965
34 106
58 409
168 409
773 974
773 976
773 979
773 956
773 965
773 961
773 914
773 919
791 540
791 78
791 700
791 246
791 434
791 493
791 583
791 604
791 683
791 767
791 900
791 951
7 260
7 679
7 907
7 916
260 487
260 701
260 741
260 862
679 77
679 337
679 754
679 786
679 859
679 887
679 940
907 134
907 163
907 245
907 250
907 279
907 309
907 324
907 420
907 431
907 448
907 513
907 545
907 563
907 595
907 678
907 712
907 746
907 769
907 799
907 824
907 861
907 878
907 916
916 105
916 134
916 163
916 245
916 279
916 309
916 324
916 420
916 431
916 448
916 513
916 545
916 563
916 595
916 678
916 712
916 746
916 769
916 824
916 861
916 878
916 979
487 39
487 146
487 422
487 564
487 819
487 862
701 15
701 112
701 130
701 187
701 232
701 328
701 564
701 645
701 741
701 862
741 39
741 84
741 96
741 130
741 189
741 227
741 232
741 328
741 819
741 862
862 146
862 940
862 888
862 92
862 819
862 96
862 112
862 187
862 189
862 193
862 227
862 328
862 422
862 564
862 645
77 940
77 145
337 940
337 786
754 887
754 940
754 960
754 748
754 252
754 269
754 586
754 680
754 750
754 859
786 887
786 811
786 940
786 748
786 787
786 755
786 859
786 680
786 335
859 482
859 887
859 811
859 940
859 748
859 589
859 264
859 750
859 755
859 273
859 293
859 357
859 582
859 586
887 482
887 970
887 22
887 208
887 252
887 269
887 293
887 356
887 582
887 586
887 680
887 748
887 750
887 811
887 940
940 482
940 885
940 55
940 811
940 208
940 252
940 273
940 293
940 335
940 356
940 582
940 586
940 589
940 680
940 748
940 750
940 755
134 824
134 861
163 824
245 878
245 545
245 563
250 953
250 816
279 861
279 545
279 769
309 878
309 824
309 769
324 878
324 861
324 678
420 712
420 878
420 824
420 861
431 712
431 824
431 861
431 683
448 878
448 824
448 861
448 407
513 878
513 861
513 769
513 678
545 746
545 878
545 678
563 746
563 878
563 824
563 861
563 461
595 665
595 746
595 878
595 824
595 861
595 769
678 746
678 878
678 824
678 861
712 63
712 105
712 746
712 769
712 824
712 861
712 878
746 105
746 769
746 861
746 878
769 878
769 824
769 861
769 639
799 802
799 934
799 964
799 952
799 926
799 891
799 827
799 564
799 925
799 789
799 831
799 764
824 878
824 861
861 878
861 546
878 105
878 761
878 778
979 974
979 976
979 31
979 52
979 82
979 85
979 102
979 202
979 205
979 217
979 225
979 230
979 270
979 277
979 338
979 512
979 573
979 621
979 635
979 670
979 709
979 756
979 765
979 766
979 833
979 840
979 863
979 893
979 914
979 919
979 951
979 956
979 961
979 965
8 790
8 873
8 967
790 238
790 447
790 541
790 594
790 627
790 835
790 849
790 852
790 873
790 901
790 967
873 70
873 400
873 443
873 483
873 498
873 514
873 594
873 619
873 627
873 692
873 818
873 849
873 852
873 858
873 901
873 967
967 70
967 132
967 143
967 238
967 284
967 304
967 312
967 341
967 357
967 383
967 400
967 421
967 443
967 447
967 483
967 498
967 510
967 514
967 541
967 594
967 627
967 692
967 715
967 736
967 818
967 835
967 849
967 852
967 858
967 901
238 714
238 858
447 715
447 901
447 849
541 874
541 858
541 357
541 510
594 923
594 858
594 852
594 483
627 835
627 901
627 858
627 852
627 849
835 860
835 715
835 284
835 312
835 421
835 446
835 818
835 849
835 852
835 858
835 901
849 715
849 901
849 818
849 858
849 852
849 400
849 510
849 692
849 421
849 498
849 638
852 900
852 901
852 818
852 858
852 312
852 383
852 341
852 443
852 498
852 692
901 715
901 304
901 341
901 357
901 383
901 421
901 510
901 514
901 692
901 818
901 858
70 440
400 902
400 341
443 316
443 715
483 858
483 514
498 818
498 858
514 510
619 665
619 874
619 84
619 607
619 648
619 667
619 682
619 728
692 841
692 818
692 858
692 383
818 910
818 715
818 143
818 304
818 684
818 858
858 162
858 421
858 767
143 715
195 985
195 989
195 867
284 312
284 383
510 368
576 970
576 955
576 932
576 385
576 603
715 663
736 53
736 300
736 308
736 345
736 390
736 597
736 814
736 820
736 845
736 897
736 902
9 482
9 524
9 742
9 826
482 589
482 755
524 547
524 674
524 751
524 826
524 863
742 377
742 547
742 617
742 618
742 699
742 730
742 735
742 751
742 782
742 807
742 863
826 40
826 241
826 377
826 428
826 547
826 617
826 618
826 674
826 699
826 730
826 751
826 768
826 782
826 863
589 748
589 200
589 208
589 755
755 811
755 800
755 264
755 750
755 582
755 586
547 863
547 956
547 306
547 730
674 428
674 863
674 768
674 782
674 444
674 730
674 449
674 699
751 658
751 138
751 377
751 444
751 618
751 699
751 782
751 807
751 863
863 138
863 428
863 617
863 306
863 377
863 596
863 618
863 699
863 730
863 768
863 782
863 807
377 782
377 807
617 138
617 618
617 730
617 768
617 782
618 768
618 807
618 699
699 768
699 807
699 444
699 730
699 454
730 768
730 782
730 807
730 306
735 624
735 885
735 511
735 570
735 614
735 689
735 330
735 441
735 466
735 752
782 241
782 768
782 392
782 807
807 428
807 241
807 768
807 306
807 444
807 622
40 842
40 770
241 696
241 768
428 138
428 768
768 306
10 302
10 923
10 953
302 133
302 923
302 953
923 38
923 69
923 210
923 268
923 288
923 467
923 471
923 528
923 562
923 578
923 581
923 626
923 640
923 664
923 705
923 708
923 816
923 888
923 953
953 38
953 48
953 69
953 131
953 133
953 203
953 210
953 248
953 258
953 288
953 334
953 385
953 414
953 433
953 467
953 471
953 528
953 562
953 578
953 581
953 626
953 640
953 664
953 708
953 816
133 274
38 149
210 816
268 816
288 72
288 562
467 705
467 708
467 667
471 248
471 626
528 816
528 294
528 587
528 705
562 258
562 630
562 664
562 705
578 900
578 258
578 334
578 664
578 708
581 640
581 135
581 708
626 640
626 816
626 433
640 48
640 433
640 708
640 816
664 860
664 816
664 705
664 334
705 294
705 414
708 816
708 414
708 433
816 258
816 737
888 996
888 924
888 975
888 985
888 989
888 937
888 87
888 580
888 604
888 642
888 659
888 681
888 706
888 808
888 817
888 844
888 867
888 917
294 248
414 248
933 910
933 89
933 903
933 904
933 109
933 120
933 123
933 198
933 236
933 251
933 280
933 329
933 363
933 378
933 401
933 417
933 549
933 600
933 634
933 775
933 781
933 814
933 877
933 920
131 938
385 946
385 970
385 955
385 880
433 974
11 97
11 743
11 779
97 12
97 175
97 872
743 66
743 142
743 175
743 223
743 266
743 465
743 631
743 653
743 779
779 142
779 153
779 223
779 274
779 322
779 538
779 544
779 653
779 872
12 465
12 872
175 872
175 446
872 465
872 66
872 119
872 142
872 153
872 223
872 274
872 322
872 446
872 538
872 544
872 549
872 653
119 544
153 266
653 544
653 266
653 446
653 517
66 465
66 902
223 322
266 274
266 538
465 538
465 926
631 820
631 897
631 597
631 336
631 352
631 639
631 724
322 544
322 538
538 645
538 446
544 446
926 802
926 934
926 964
926 946
926 975
926 952
926 173
926 233
926 249
926 374
926 406
926 484
926 532
926 550
926 596
926 764
926 789
926 827
926 831
926 891
926 925
549 910
549 903
549 920
549 123
549 781
13 995
13 996
995 16
995 36
995 46
995 67
995 83
995 115
995 118
995 178
995 192
995 209
995 237
995 259
995 295
995 327
995 348
995 360
995 376
995 392
995 423
995 439
995 462
995 491
995 567
995 571
995 573
995 584
995 621
995 638
995 652
995 657
995 713
995 718
995 778
995 927
995 929
995 946
995 983
995 989
995 996
996 36
996 46
996 67
996 83
996 115
996 118
996 162
996 169
996 178
996 192
996 209
996 237
996 259
996 295
996 327
996 348
996 360
996 376
996 392
996 423
996 439
996 462
996 491
996 565
996 567
996 571
996 584
996 638
996 652
996 657
996 713
996 718
996 778
996 890
996 927
996 929
996 983
16 983
209 983
259 983
295 983
348 983
360 983
376 983
376 927
392 983
423 983
423 927
439 983
439 927
462 983
462 927
491 983
491 927
491 435
567 983
567 927
567 929
571 983
571 927
571 929
584 983
584 927
584 929
638 983
638 927
638 929
652 983
652 927
652 929
652 778
657 983
657 932
657 713
657 927
657 929
657 778
713 983
713 718
713 271
713 927
713 929
718 983
718 206
718 778
718 927
718 929
718 965
778 983
778 927
778 929
927 983
927 770
927 291
927 929
929 983
929 897
929 436
983 115
983 118
983 169
983 178
983 775
983 822
83 313
573 974
573 976
573 965
621 974
621 976
621 965
621 961
946 19
946 122
946 124
946 220
946 265
946 303
946 340
946 342
946 351
946 429
946 468
946 506
946 527
946 603
946 610
946 625
946 753
946 792
946 836
946 880
946 914
946 932
946 955
946 970
989 25
989 924
989 975
989 985
989 63
989 68
989 76
989 87
989 126
989 127
989 174
989 214
989 267
989 299
989 333
989 368
989 407
989 415
989 478
989 503
989 565
989 580
989 587
989 604
989 642
989 659
989 681
989 706
989 719
989 808
989 817
989 821
989 844
989 867
989 917
989 925
989 937
989 961
169 924
565 975
565 985
565 937
565 917
565 478
890 219
890 729
890 930
890 43
890 801
890 59
890 93
890 128
890 141
890 155
890 257
890 319
890 321
890 325
890 367
890 371
890 494
890 500
890 615
890 856
339 951
339 900
339 246
339 683
974 964
974 30
974 52
974 170
974 270
974 277
974 282
974 338
974 512
974 615
974 635
974 670
974 756
974 765
974 766
974 833
974 840
974 893
974 914
974 919
974 956
974 961
974 965
974 976
14 239
14 540
14 802
14 860
239 158
239 493
239 900
239 951
540 700
540 860
540 900
540 951
802 276
802 410
802 789
802 827
802 831
802 891
802 925
802 952
802 964
860 136
860 165
860 171
860 332
860 435
860 452
860 493
860 509
860 583
860 683
860 693
860 700
860 767
860 900
860 951
158 951
158 452
158 509
493 951
493 767
493 693
900 951
900 101
900 496
900 136
900 164
900 165
900 171
900 246
900 332
900 434
900 509
900 555
900 583
900 683
900 767
951 78
951 700
951 101
951 136
951 164
951 165
951 171
951 246
951 332
951 434
951 435
951 452
951 496
951 509
951 526
951 555
951 583
951 683
951 693
951 728
951 767
700 78
700 434
700 452
700 515
700 555
700 693
276 934
276 964
276 952
410 934
410 964
410 952
410 925
789 934
789 964
789 952
789 891
789 904
789 827
789 925
789 364
789 764
789 831
827 934
827 964
827 952
827 891
827 877
827 164
827 325
827 503
827 764
827 831
827 925
831 934
831 964
831 952
831 891
831 694
831 925
831 596
831 764
891 934
891 964
891 952
891 54
891 233
891 249
891 372
891 406
891 532
891 596
891 694
891 764
891 811
891 925
925 934
925 964
925 952
925 694
925 325
925 364
925 378
925 406
925 484
925 503
925 532
925 550
925 596
925 764
952 934
952 964
952 47
952 184
952 249
952 286
952 313
952 325
952 364
952 372
952 374
952 397
952 406
952 477
952 484
952 485
952 503
952 550
952 596
952 694
952 764
964 15
964 934
964 47
964 72
964 173
964 184
964 233
964 249
964 313
964 361
964 364
964 372
964 374
964 406
964 484
964 503
964 532
964 550
964 694
964 764
165 767
171 583
332 435
332 693
435 496
452 509
452 693
509 683
509 767
583 496
583 555
583 693
683 767
683 693
683 434
693 767
767 496
15 934
934 47
934 72
934 184
934 313
934 372
934 484
934 532
934 550
934 596
934 694
934 764
112 130
112 645
130 819
187 422
187 719
232 92
232 819
328 819
328 193
564 819
564 645
564 189
564 193
645 311
645 819
645 227
645 422
372 346
550 796
694 233
694 764
764 815
173 689
361 970
361 932
374 726
374 503
762 86
762 159
762 234
762 389
762 505
762 533
762 643
762 709
762 875
762 935
762 938
775 910
775 904
775 419
775 920
775 502
775 347
775 280
775 634
775 716
775 753
822 21
822 256
822 628
822 139
822 144
822 291
822 381
822 399
822 489
822 522
822 666
822 696
822 843
752 624
752 796
752 885
752 770
752 570
752 636
752 637
752 507
752 689
19 970
970 28
970 124
970 220
970 222
970 235
970 265
970 303
970 340
970 342
970 351
970 359
970 429
970 445
970 468
970 506
970 527
970 603
970 610
970 625
970 646
970 753
970 756
970 792
970 836
970 880
970 932
970 955
122 911
122 932
220 880
222 429
265 880
319 801
319 367
342 955
342 932
359 955
359 99
359 880
445 955
445 932
603 836
603 955
603 932
610 955
610 932
610 468
610 646
610 792
625 955
625 932
625 235
625 792
625 914
646 836
646 955
646 932
646 792
646 527
753 836
753 955
753 932
753 880
753 792
792 836
792 955
792 932
792 468
792 808
836 28
836 527
836 662
836 814
836 880
836 932
836 955
880 955
880 932
880 236
880 340
880 429
880 468
880 506
880 680
932 955
932 124
932 235
932 340
932 429
932 500
955 28
955 43
955 124
955 235
955 303
955 340
955 351
955 468
955 506
955 527
955 976
351 182
351 506
506 739
914 976
914 956
914 671
914 833
914 840
914 965
914 893
914 961
914 765
914 919
756 976
756 956
756 965
756 961
756 919
20 910
910 104
910 120
910 123
910 236
910 347
910 363
910 401
910 419
910 502
910 634
910 716
910 781
910 877
910 903
910 904
910 920
104 904
104 419
104 920
120 903
120 502
123 903
236 903
236 877
347 938
347 877
347 135
363 419
363 920
363 716
401 903
401 877
401 781
419 903
419 877
502 904
502 920
502 877
502 198
634 920
634 877
634 781
634 395
716 903
716 904
716 920
716 781
716 956
716 378
781 976
781 904
781 920
781 135
781 229
781 280
781 378
877 903
877 904
877 109
877 242
877 251
877 296
877 378
877 417
903 89
903 198
903 229
903 251
903 296
903 329
903 417
903 904
903 919
903 920
904 89
904 242
904 251
904 280
904 296
904 329
904 378
904 417
904 600
904 920
920 109
920 135
920 198
920 229
920 246
920 251
920 329
920 417
920 600
56 976
56 403
390 897
390 814
390 352
390 845
451 738
470 635
677 629
892 172
892 179
892 285
892 315
892 354
892 426
892 517
892 668
875 806
875 938
875 286
875 805
875 935
875 866
875 211
875 243
875 449
875 505
875 533
875 546
875 630
875 643
875 707
875 709
21 256
21 577
21 628
256 64
256 261
256 675
577 79
577 381
577 399
577 607
577 666
577 696
577 843
628 161
628 218
628 331
628 413
628 663
628 776
64 507
64 675
64 843
261 144
261 843
261 489
261 696
675 776
675 94
675 331
675 412
675 489
675 522
675 663
675 843
79 776
79 843
79 666
381 776
381 843
381 489
381 663
399 94
399 206
399 663
399 866
607 665
607 874
607 369
607 215
607 667
607 682
607 761
666 529
666 776
666 843
666 94
666 139
666 663
666 724
696 529
696 776
696 843
696 331
696 522
696 663
843 529
843 776
843 139
843 161
843 413
843 522
843 663
843 844
161 985
161 776
218 144
218 206
218 291
331 529
331 776
413 489
413 291
413 522
413 663
663 522
776 45
776 529
776 673
144 45
291 529
489 206
489 522
811 55
811 293
811 335
811 582
811 586
811 680
811 750
252 748
269 273
269 680
356 748
356 750
582 867
582 680
586 750
680 748
748 89
748 750
750 614
750 264
55 616
273 335
825 841
825 879
825 149
825 344
825 714
825 787
825 800
825 734
825 150
825 569
825 649
825 725
825 758
765 976
765 956
765 965
765 961
765 919
107 526
107 714
107 787
140 879
140 714
140 734
149 734
157 714
157 649
157 956
177 787
177 800
177 244
183 841
183 725
183 758
188 787
188 800
188 725
244 613
244 960
244 758
344 99
344 879
344 758
346 800
346 758
346 387
384 879
384 714
384 800
384 734
384 649
387 841
387 879
387 800
387 734
411 613
411 787
411 800
411 649
411 263
526 841
526 879
526 758
526 787
569 613
569 879
569 800
569 734
569 725
613 35
613 150
613 650
613 734
613 841
649 841
649 787
649 734
649 935
714 841
714 879
714 263
714 725
725 841
725 879
725 800
725 758
734 879
758 975
758 841
758 879
758 787
758 263
787 841
787 879
787 800
800 111
800 150
841 35
841 111
841 150
841 879
879 35
879 99
879 82
879 111
879 263
886 154
886 314
886 380
886 404
886 442
886 553
886 590
886 629
886 671
886 681
886 691
886 726
886 737
886 738
886 815
886 881
886 911
886 960
25 924
25 975
25 985
924 127
924 174
924 212
924 407
924 415
924 580
924 659
924 681
924 706
924 719
924 808
924 817
924 821
924 844
924 867
924 917
924 937
924 975
924 985
975 63
975 68
975 76
975 87
975 126
975 127
975 174
975 267
975 299
975 333
975 368
975 407
975 415
975 478
975 587
975 604
975 642
975 659
975 681
975 706
975 719
975 808
975 817
975 821
975 844
975 867
975 917
975 937
975 985
985 63
985 68
985 76
985 87
985 126
985 127
985 174
985 214
985 267
985 299
985 333
985 368
985 415
985 478
985 580
985 587
985 604
985 642
985 659
985 681
985 706
985 719
985 808
985 817
985 821
985 844
985 867
985 917
985 937
985 960
212 960
212 760
212 442
407 937
407 867
415 937
415 917
580 937
580 867
580 817
659 937
659 844
659 917
659 642
681 937
681 867
681 917
681 299
706 937
706 821
706 917
706 642
706 707
719 937
719 821
719 844
719 817
719 867
719 917
808 937
808 821
808 844
808 917
808 642
808 817
808 604
817 937
817 844
817 867
817 917
817 648
817 587
821 937
821 126
821 299
821 844
821 867
821 917
844 937
844 214
844 867
844 917
867 937
867 368
867 917
917 937
917 214
917 267
917 300
917 333
917 587
917 604
937 68
937 76
937 478
937 495
937 587
937 604
937 642
937 965
960 73
960 632
960 911
960 154
960 182
960 272
960 314
960 370
960 380
960 404
960 442
960 515
960 521
960 553
960 572
960 590
960 629
960 650
960 671
960 673
960 691
960 726
960 737
960 738
960 760
960 780
960 815
961 976
961 766
961 956
961 780
961 833
961 635
961 840
961 965
961 893
961 670
961 919
930 29
930 219
930 518
930 729
930 43
930 44
930 59
930 93
930 128
930 141
930 148
930 155
930 190
930 257
930 321
930 371
930 494
930 495
930 500
930 615
930 801
930 856
45 529
257 371
761 542
761 665
761 874
761 648
761 728
761 686
761 667
761 501
761 682
474 598
662 874
662 84
662 369
662 181
662 215
662 349
662 412
662 501
662 682
814 897
814 902
814 597
814 684
814 281
814 397
814 393
814 639
814 724
814 845
43 801
976 30
976 31
976 82
976 102
976 170
976 202
976 205
976 230
976 270
976 277
976 282
976 338
976 512
976 635
976 670
976 766
976 833
976 840
976 893
976 919
976 956
976 965
29 219
29 518
29 729
518 280
518 615
518 729
518 856
729 44
729 148
729 190
729 321
729 495
729 801
729 856
729 935
615 856
615 141
615 371
615 495
615 500
856 801
856 44
856 59
856 190
856 321
856 367
856 371
856 494
856 495
856 500
148 801
495 801
801 93
801 494
801 500
935 440
935 938
935 805
935 159
935 207
935 234
935 243
935 247
935 373
935 389
935 449
935 461
935 463
935 505
935 533
935 546
935 552
935 630
935 643
935 707
935 866
93 367
494 500
282 444
512 881
635 965
670 902
670 956
670 965
766 96
766 181
766 919
766 956
766 965
833 956
833 444
833 893
833 919
833 965
840 956
840 501
840 893
840 919
840 965
893 956
893 597
893 965
893 919
919 956
919 965
956 624
956 965
965 866
965 707
217 424
709 440
709 938
709 805
709 866
709 234
709 373
709 505
33 624
33 796
33 842
33 885
624 507
624 614
624 739
624 796
796 197
796 316
796 405
796 511
796 689
796 739
796 770
796 842
796 885
842 275
842 405
842 441
842 466
842 507
842 511
842 535
842 614
842 636
842 739
842 845
842 885
885 41
885 197
885 330
885 466
885 511
885 535
885 614
885 636
885 637
885 689
885 739
885 770
507 770
507 570
507 739
614 770
614 636
614 57
614 689
739 636
739 316
739 689
739 441
197 370
316 57
316 689
405 770
405 98
405 535
511 770
511 41
689 98
689 275
770 330
770 441
770 466
770 535
275 570
275 535
441 637
441 336
466 874
466 570
535 636
636 41
636 637
845 806
845 820
845 897
845 902
845 658
845 684
845 398
845 724
845 352
845 362
845 531
845 554
41 570
330 637
637 570
637 57
35 99
650 632
650 911
650 760
650 182
650 673
650 737
650 780
111 146
37 519
37 542
37 665
37 874
519 412
519 598
519 665
519 667
519 874
542 598
542 727
542 728
542 874
665 181
665 501
665 874
874 349
874 369
874 412
874 501
874 598
874 648
874 667
874 682
874 686
874 728
412 728
412 686
598 648
598 686
598 667
667 728
667 501
667 682
727 616
727 301
727 315
727 354
727 408
727 426
728 349
728 215
728 648
728 682
181 349
501 686
349 686
369 84
369 600
648 215
648 686
682 686
39 146
39 311
311 96
311 189
311 819
819 92
819 101
819 193
819 227
819 422
938 440
938 86
938 207
938 234
938 243
938 247
938 286
938 373
938 389
938 449
938 463
938 505
938 546
938 552
938 630
938 643
938 707
938 805
938 866
570 531
531 806
531 820
531 902
531 398
531 724
673 881
673 911
673 738
673 314
673 671
673 737
673 815
286 145
286 866
397 806
397 902
397 281
397 362
477 424
477 668
477 457
485 616
485 285
485 668
154 572
154 760
314 881
314 911
380 738
380 629
404 881
404 370
404 780
442 643
442 671
553 881
553 572
553 272
553 780
553 815
590 881
590 738
590 691
629 911
629 521
629 760
629 780
629 815
671 881
671 911
671 521
671 572
671 760
691 881
691 911
691 521
691 760
691 515
726 911
726 521
726 760
726 182
726 515
726 737
726 738
726 815
737 632
737 881
737 911
737 760
738 881
738 911
738 272
738 780
815 881
815 911
815 572
815 760
815 463
815 780
815 515
881 820
881 73
881 632
881 370
881 515
881 760
881 780
881 911
911 73
911 632
911 272
911 521
911 572
911 760
911 780
53 806
53 820
53 897
806 281
806 308
806 343
806 362
806 554
806 684
806 820
806 897
806 902
820 300
820 393
820 554
820 639
820 684
820 897
820 902
897 262
897 308
897 336
897 345
897 393
897 398
897 554
897 597
897 639
897 658
897 684
897 724
300 902
300 658
308 902
308 262
345 684
345 724
345 639
597 902
597 343
597 262
902 81
902 281
902 336
902 343
902 362
902 393
902 554
902 658
902 724
281 398
343 81
343 724
554 658
554 639
684 658
684 262
684 398
393 724
393 639
336 658
658 81
658 724
616 457
457 424
179 424
201 668
301 315
426 517
440 707
707 805
707 866
707 552
73 632
632 515
780 572
521 92
145 805
805 207
805 243
805 373
805 461
805 546
805 552
805 866
434 555
555 496
555 164
101 496
600 242
389 866
505 247
533 866
533 630
643 866
643 630
211 866
211 461
546 552
552 866
630 866
866 207
866 463
373 463
229 417
296 242
