0 299
0 519
0 867
0 908
299 131
299 505
299 852
299 937
519 224
519 255
519 941
519 949
519 991
519 999
867 272
867 324
867 336
867 466
867 541
867 555
867 682
867 690
867 694
867 706
867 720
867 908
867 930
867 944
867 946
867 963
867 970
867 985
908 37
908 53
908 278
908 335
908 366
908 410
908 418
908 423
908 524
908 629
908 634
908 639
908 674
908 682
908 720
908 891
908 895
908 902
908 944
908 952
908 963
131 819
131 973
131 656
505 889
505 826
505 858
505 821
505 626
505 586
852 969
852 926
852 982
852 990
852 967
852 39
852 63
852 282
852 290
852 305
852 531
852 542
852 666
852 828
852 987
852 997
937 969
937 982
937 17
937 130
937 151
937 187
937 301
937 322
937 340
937 376
937 407
937 452
937 606
937 620
937 700
937 727
937 765
937 773
937 780
937 821
937 824
937 840
937 858
937 863
937 898
224 954
224 943
224 669
255 941
255 906
255 78
255 391
941 9
941 242
941 307
941 309
941 314
941 383
941 389
941 418
941 421
941 472
941 478
941 517
941 527
941 538
941 550
941 582
941 618
941 635
941 766
941 813
941 826
941 838
941 933
941 951
941 999
949 364
949 862
949 983
949 192
949 630
949 889
949 993
949 283
949 33
949 361
949 462
949 491
949 498
949 512
949 545
949 632
949 641
949 702
949 715
949 801
949 808
949 810
949 841
949 858
949 939
949 958
949 971
991 785
991 229
991 298
991 769
991 951
991 922
991 175
991 580
991 913
991 989
991 987
991 369
991 961
991 441
991 417
991 831
991 984
991 92
991 94
991 155
991 238
991 320
991 425
991 427
991 436
991 455
991 466
991 485
991 494
991 500
991 529
991 597
991 628
991 629
991 654
991 672
991 752
991 827
991 828
991 865
991 870
991 965
999 923
999 655
999 792
999 9
999 26
999 55
999 126
999 128
999 148
999 169
999 210
999 216
999 219
999 259
999 288
999 309
999 342
999 383
999 456
999 468
999 472
999 538
999 550
999 572
999 575
999 579
999 582
999 613
999 615
999 618
999 648
999 688
999 758
999 766
999 773
999 793
999 826
999 838
999 871
999 879
999 885
999 918
999 922
999 952
999 953
999 957
999 976
999 980
272 829
272 363
272 473
272 733
324 929
324 405
324 303
324 660
336 785
336 963
336 954
336 772
466 925
466 963
466 418
466 442
541 705
541 914
541 910
541 799
541 724
541 721
555 914
555 56
555 181
555 292
555 358
555 359
555 883
682 862
682 963
682 973
682 987
682 783
682 944
682 573
682 774
690 980
690 915
690 668
690 893
690 907
690 943
690 787
690 640
690 833
694 951
694 430
694 639
694 979
694 944
694 138
694 450
694 733
694 806
706 670
706 928
706 970
706 962
706 513
706 935
706 919
706 268
706 313
706 739
720 982
720 963
720 936
720 62
720 687
720 691
720 938
720 944
720 977
930 749
930 964
930 26
930 130
930 331
930 495
930 530
930 590
930 651
930 663
930 718
930 743
930 758
930 763
930 815
930 831
930 888
930 896
930 901
930 921
930 940
930 945
930 947
930 984
944 978
944 928
944 963
944 945
944 987
944 957
944 639
944 979
944 80
944 197
944 300
944 304
944 330
944 418
944 546
944 573
944 586
944 602
944 659
944 733
944 816
944 985
946 735
946 966
946 951
946 751
946 708
946 41
946 79
946 156
946 356
946 401
946 479
946 488
946 489
946 556
946 608
946 631
946 649
946 681
946 767
946 776
946 782
946 887
946 933
946 935
946 962
946 973
963 749
963 986
963 563
963 998
963 990
963 897
963 37
963 138
963 197
963 204
963 278
963 372
963 546
963 565
963 572
963 595
963 601
963 610
963 639
963 733
963 739
963 762
963 834
963 890
963 939
970 16
970 874
970 89
970 92
970 96
970 129
970 134
970 148
970 154
970 163
970 187
970 206
970 240
970 316
970 319
970 339
970 421
970 448
970 547
970 585
970 618
970 659
970 664
970 778
970 795
970 861
970 877
970 881
970 909
970 919
970 934
970 956
985 988
985 996
985 983
985 948
985 993
985 507
985 994
985 945
985 895
985 959
985 917
985 605
985 868
985 834
985 904
985 947
985 242
985 116
985 126
985 162
985 326
985 347
985 351
985 372
985 396
985 419
985 432
985 467
985 476
985 550
985 619
985 628
985 673
985 686
985 692
985 719
985 721
985 779
985 812
985 836
37 297
37 708
53 223
53 314
53 456
278 955
278 330
278 750
335 868
335 902
335 244
335 485
366 972
366 979
366 84
366 544
410 993
410 83
410 312
410 524
410 733
418 918
418 663
423 980
423 968
423 521
423 849
423 168
524 796
524 906
524 834
524 565
524 591
629 785
629 907
629 935
629 652
629 775
629 320
629 589
634 969
634 995
634 767
634 562
634 965
634 784
634 592
634 903
639 897
639 62
639 537
639 661
639 738
674 749
674 966
674 998
674 22
674 236
674 604
674 860
674 902
674 910
891 670
891 969
891 986
891 959
891 69
891 564
891 987
891 997
891 837
891 281
891 306
891 345
891 350
891 501
891 624
891 686
891 811
891 931
891 938
895 839
895 978
895 872
895 580
895 989
895 42
895 98
895 262
895 294
895 342
895 569
895 591
895 637
895 660
895 780
895 918
895 936
895 961
895 968
902 998
902 712
902 922
902 957
902 868
902 979
902 590
902 860
902 122
902 176
902 309
902 526
902 626
902 633
902 637
902 737
902 782
902 802
902 853
952 942
952 915
952 954
952 44
952 49
952 101
952 274
952 313
952 325
952 356
952 447
952 566
952 567
952 668
952 696
952 699
952 757
952 812
952 833
952 834
952 899
952 918
952 933
952 943
952 961
952 972
952 987
1 577
1 735
1 749
1 923
577 110
577 235
577 317
577 543
577 735
577 861
577 872
735 211
735 236
735 376
735 388
735 542
735 685
735 840
735 847
735 951
749 230
749 493
749 705
749 741
749 829
749 892
749 915
749 953
923 286
923 405
923 406
923 477
923 580
923 601
923 710
923 724
923 767
923 775
923 799
923 813
923 863
923 864
923 886
923 892
923 910
923 912
923 913
923 945
923 953
923 981
923 994
110 996
110 939
110 279
235 951
235 993
235 904
317 988
317 920
317 92
317 977
543 981
543 998
543 964
543 869
543 120
543 275
861 990
861 951
861 832
861 134
861 144
861 267
861 360
861 370
861 473
861 610
861 651
861 685
861 729
861 748
861 880
861 919
872 12
872 170
872 496
872 502
872 536
872 553
872 567
872 697
872 777
872 780
872 783
872 846
872 866
872 924
872 936
872 961
872 980
211 951
211 380
211 437
236 983
236 993
376 940
376 956
376 558
388 951
388 139
388 844
388 816
542 911
542 243
542 627
542 685
542 707
685 988
685 951
685 955
685 849
685 896
685 565
685 651
840 563
840 815
840 508
840 620
840 898
840 606
840 740
840 956
840 603
840 498
840 384
840 449
840 480
840 581
847 850
847 982
847 497
847 296
847 995
847 973
847 905
847 987
847 972
847 997
847 938
847 399
847 174
847 191
847 320
847 574
951 990
951 18
951 630
951 70
951 132
951 195
951 243
951 346
951 595
951 610
951 746
951 748
951 821
951 831
951 898
951 939
951 960
951 997
230 778
230 801
230 459
493 5
493 516
493 760
493 817
493 868
493 943
705 839
705 922
705 25
705 477
705 507
705 665
705 741
705 884
705 953
741 969
741 986
741 864
741 901
741 962
741 140
741 258
741 414
741 520
741 570
829 839
829 864
829 915
829 87
829 111
829 191
829 320
829 328
829 581
829 662
829 781
829 791
829 863
829 918
892 986
892 948
892 990
892 960
892 959
892 910
892 886
892 600
892 883
892 856
892 734
892 863
892 953
892 733
892 328
892 526
892 581
892 672
892 689
915 983
915 948
915 820
915 29
915 36
915 274
915 447
915 668
915 696
915 762
915 763
915 789
915 810
915 833
915 870
915 917
915 925
915 943
915 954
915 968
953 839
953 964
953 411
953 954
953 910
953 997
953 940
953 886
953 799
953 354
953 600
953 933
953 737
953 856
953 863
953 662
953 329
953 784
953 459
953 249
953 420
953 460
953 689
953 754
286 862
286 715
286 853
286 795
405 862
405 246
405 552
405 607
406 990
406 813
406 863
406 958
406 318
477 704
477 263
477 657
477 813
477 553
580 725
580 31
580 124
580 866
580 973
601 986
601 926
601 564
601 997
601 791
601 256
710 839
710 864
710 925
710 997
710 886
710 144
710 168
710 258
710 332
710 459
724 910
724 128
724 291
724 680
724 931
724 271
724 663
724 723
724 817
767 916
767 47
767 417
767 445
767 557
767 637
767 734
767 936
767 961
775 704
775 913
775 794
775 884
775 886
775 965
775 260
775 907
775 289
775 261
775 865
799 992
799 623
799 968
799 68
799 86
799 291
799 416
799 600
799 692
799 880
799 924
813 996
813 825
813 979
813 886
813 858
813 791
813 125
813 737
813 284
813 647
813 777
863 940
863 886
863 148
863 856
863 854
863 414
863 449
863 487
863 520
863 533
863 581
863 587
863 786
864 5
864 105
864 118
864 273
864 481
864 602
864 745
864 746
864 790
864 856
864 882
864 910
864 950
864 961
864 997
886 978
886 998
886 712
886 973
886 997
886 65
886 118
886 199
886 520
886 658
886 662
886 737
886 950
910 969
910 839
910 623
910 959
910 45
910 825
910 280
910 401
910 471
910 520
910 578
910 597
910 776
910 903
910 906
910 909
912 986
912 992
912 945
912 844
912 831
912 901
912 899
912 947
912 789
912 836
912 747
912 943
912 896
912 377
912 250
912 483
912 663
912 687
912 774
912 865
912 870
912 921
913 785
913 975
913 846
913 31
913 114
913 247
913 340
913 461
913 485
913 491
913 500
913 561
913 654
913 827
913 851
913 870
913 878
913 956
913 965
913 989
945 994
945 495
945 38
945 49
945 341
945 352
945 403
945 508
945 518
945 573
945 692
945 714
945 763
945 774
945 793
945 815
945 844
945 888
945 909
945 921
945 924
945 961
981 3
981 975
981 68
981 137
981 198
981 261
981 273
981 276
981 348
981 420
981 424
981 438
981 483
981 495
981 496
981 563
981 571
981 587
981 608
981 623
981 642
981 701
981 718
981 721
981 759
981 769
981 807
981 849
981 869
981 878
981 920
981 964
981 973
981 976
981 977
981 982
981 996
994 982
994 966
994 996
994 770
994 911
994 298
994 889
994 32
994 42
994 50
994 84
994 117
994 135
994 157
994 165
994 200
994 213
994 222
994 228
994 287
994 332
994 353
994 363
994 463
994 485
994 506
994 569
994 590
994 611
994 633
994 707
994 727
994 738
994 747
994 753
994 764
994 776
994 807
994 808
994 842
994 979
994 984
994 989
2 446
2 670
2 785
2 969
446 190
446 824
446 883
446 938
446 997
670 348
670 602
670 691
670 790
670 903
670 972
670 995
785 433
785 547
785 621
785 672
785 722
785 907
785 918
785 943
969 74
969 112
969 193
969 270
969 306
969 350
969 412
969 444
969 481
969 545
969 603
969 622
969 666
969 668
969 672
969 809
969 811
969 854
969 926
969 934
969 938
969 950
969 980
969 982
969 986
969 987
969 997
190 992
190 972
190 673
824 972
824 394
824 880
824 645
824 164
824 414
824 443
824 537
824 539
824 544
824 642
824 650
824 830
824 903
883 926
883 708
883 625
883 887
883 973
883 997
883 955
883 831
883 614
883 107
883 415
883 479
883 649
883 677
883 709
883 776
883 903
938 975
938 986
938 982
938 497
938 993
938 967
938 905
938 987
938 997
938 940
938 74
938 310
938 349
938 396
938 427
938 464
938 503
938 640
938 666
938 894
938 934
997 986
997 982
997 967
997 693
997 625
997 905
997 987
997 58
997 60
997 66
997 167
997 191
997 241
997 344
997 362
997 424
997 427
997 494
997 501
997 515
997 534
997 574
997 587
997 647
997 676
997 678
997 703
997 722
997 772
997 809
997 827
997 855
997 875
997 890
997 956
997 977
348 978
348 623
348 868
602 978
602 995
602 905
602 529
602 287
691 993
691 193
691 551
691 571
691 665
691 697
691 903
691 971
790 978
790 911
790 967
790 846
790 942
790 917
790 680
790 232
790 856
790 633
790 692
790 903
903 975
903 623
903 995
903 934
903 877
903 823
903 773
903 791
903 300
903 593
903 384
903 636
903 761
903 806
903 894
972 998
972 169
972 993
972 925
972 825
972 223
972 54
972 145
972 170
972 244
972 279
972 394
972 422
972 464
972 491
972 527
972 537
972 544
972 635
972 642
972 650
972 660
972 673
972 678
972 688
972 865
972 880
972 977
995 978
995 964
995 897
995 942
995 929
995 35
995 623
995 79
995 123
995 130
995 158
995 188
995 219
995 232
995 238
995 337
995 377
995 463
995 482
995 516
995 521
995 586
995 590
995 617
995 636
995 659
995 666
995 715
995 717
995 727
995 730
995 754
995 772
995 784
995 798
995 802
995 857
995 894
995 905
995 936
995 984
995 989
433 13
433 331
433 548
433 794
433 916
547 904
547 86
547 104
547 723
547 814
547 918
621 655
621 397
621 701
621 630
621 980
621 899
621 898
621 956
672 989
672 856
672 965
672 907
672 345
672 870
722 598
722 988
722 862
722 929
722 297
722 795
722 511
722 743
722 866
907 966
907 444
907 862
907 609
907 876
907 993
907 900
907 794
907 989
907 917
907 899
907 965
907 548
907 155
907 499
907 599
907 647
907 752
918 889
918 960
918 980
918 961
918 849
918 208
918 106
918 409
918 510
918 536
918 557
918 626
918 650
918 714
918 777
918 780
918 921
943 986
943 922
943 820
943 954
943 947
943 984
943 828
943 888
943 157
943 177
943 262
943 403
943 483
943 499
943 566
943 567
943 640
943 757
943 762
943 833
74 857
74 899
112 900
112 338
112 933
193 89
193 881
270 986
270 821
270 956
270 626
306 967
306 890
306 154
350 987
350 504
350 311
412 998
412 993
412 987
412 971
412 390
444 10
444 33
444 868
444 989
481 986
481 842
481 987
481 875
481 642
545 983
545 993
545 957
545 227
545 565
603 855
603 858
603 234
603 285
603 765
603 865
622 986
622 4
622 58
622 69
622 607
622 784
622 965
622 987
666 967
666 880
666 748
666 811
666 659
668 708
668 954
668 49
668 136
668 654
668 851
809 986
809 982
809 368
809 818
809 967
809 973
809 564
809 987
809 961
809 934
809 971
809 252
809 485
811 986
811 926
811 982
811 964
811 967
811 979
811 877
811 795
811 587
811 552
811 870
811 618
854 850
854 897
854 974
854 955
854 931
854 588
854 858
854 875
854 933
854 141
854 367
854 459
854 628
854 635
854 821
926 986
926 6
926 39
926 101
926 118
926 179
926 195
926 212
926 250
926 427
926 451
926 559
926 565
926 574
926 619
926 697
926 832
926 875
926 982
926 987
934 988
934 996
934 794
934 939
934 959
934 75
934 209
934 303
934 409
934 426
934 509
934 539
934 557
934 806
934 833
934 845
934 877
934 879
934 909
934 965
934 977
950 428
950 992
950 819
950 518
950 855
950 354
950 755
950 893
950 93
950 843
950 143
950 264
950 363
950 379
950 383
950 458
950 536
950 594
950 613
950 645
950 697
950 732
950 753
950 805
950 924
980 24
980 960
980 57
980 171
980 173
980 178
980 330
980 462
980 475
980 476
980 486
980 499
980 569
980 640
980 717
980 725
980 778
980 780
980 783
980 788
980 800
980 831
980 849
980 880
980 882
980 898
980 905
980 921
980 936
980 940
980 968
982 986
982 470
982 6
982 15
982 25
982 90
982 115
982 173
982 174
982 186
982 219
982 233
982 250
982 310
982 380
982 494
982 574
982 615
982 676
982 715
982 761
982 782
982 796
982 842
982 865
982 965
982 967
982 987
986 3
986 15
986 76
986 90
986 137
986 201
986 257
986 296
986 308
986 344
986 362
986 432
986 449
986 484
986 494
986 523
986 587
986 624
986 805
986 939
986 942
986 967
986 992
986 996
986 998
987 966
987 964
987 990
987 967
987 693
987 846
987 917
987 51
987 241
987 250
987 308
987 310
987 330
987 362
987 367
987 375
987 392
987 494
987 501
987 534
987 779
987 788
987 860
987 894
987 899
3 850
3 975
850 333
850 476
850 504
850 614
850 633
850 727
850 808
850 857
850 875
850 919
850 932
850 933
850 971
850 974
975 12
975 137
975 181
975 183
975 273
975 276
975 304
975 400
975 420
975 424
975 438
975 511
975 646
975 664
975 669
975 718
975 721
975 753
975 759
975 807
975 834
975 869
975 897
975 898
975 920
975 933
975 964
975 976
975 983
975 998
333 857
333 781
333 239
333 919
476 948
476 242
476 459
476 612
504 974
504 932
504 940
504 881
504 194
614 728
614 91
614 362
614 843
614 893
614 924
633 756
633 882
633 904
633 146
633 553
727 961
727 837
727 73
727 237
727 523
727 843
727 849
808 598
808 983
808 889
808 993
808 871
808 927
808 859
808 841
808 793
808 801
808 958
808 619
857 974
857 932
857 119
857 315
857 359
857 453
857 584
857 661
857 719
857 771
857 845
857 875
857 933
875 992
875 704
875 960
875 525
875 796
875 869
875 100
875 221
875 558
875 576
875 771
875 919
875 933
919 897
919 974
919 942
919 932
919 954
919 882
919 796
919 931
919 588
919 263
919 584
919 331
919 556
919 607
919 678
919 683
919 833
919 921
932 966
932 751
932 897
932 974
932 40
932 83
932 108
932 205
932 263
932 275
932 370
932 469
932 586
932 627
932 647
932 771
932 781
932 931
932 933
932 958
932 962
933 751
933 967
933 704
933 897
933 974
933 796
933 885
933 680
933 931
933 222
933 500
933 558
933 732
933 870
971 364
971 983
971 889
971 993
971 887
971 844
971 957
971 569
971 890
971 783
971 841
971 858
971 643
971 753
971 801
971 585
971 204
971 245
971 251
971 361
971 439
971 491
971 503
971 571
971 695
971 697
971 717
971 726
971 744
974 770
974 993
974 900
974 704
974 25
974 897
974 36
974 205
974 260
974 380
974 527
974 548
974 556
974 558
974 607
974 635
974 661
974 746
974 757
974 771
974 773
974 796
974 797
974 849
974 855
974 869
974 888
974 940
12 400
12 964
137 998
181 964
181 628
183 877
183 977
183 821
273 920
273 625
276 964
276 922
276 955
304 964
304 977
304 795
400 435
400 756
400 817
400 900
420 869
420 812
420 816
424 964
424 652
424 865
438 996
438 463
438 642
438 608
511 917
511 731
511 357
511 612
511 684
646 873
646 26
646 164
646 498
646 599
646 760
646 832
646 894
664 874
664 947
664 881
664 600
664 421
664 673
664 816
669 737
669 759
669 830
669 483
669 689
669 721
669 744
669 807
718 964
718 769
718 67
718 574
718 759
718 782
718 807
718 869
721 839
721 998
721 964
721 804
721 302
721 807
753 911
753 990
753 842
753 859
753 984
753 165
753 371
753 805
759 964
759 954
759 165
759 744
759 757
759 765
759 807
759 921
807 998
807 964
807 869
807 713
807 616
807 830
807 544
807 550
834 948
834 518
834 917
834 76
834 612
834 628
834 779
834 835
834 843
834 947
834 965
869 964
869 68
869 390
869 429
869 461
869 608
869 686
869 697
869 764
869 803
869 806
897 701
897 704
897 25
897 266
897 378
897 445
897 586
897 623
897 661
897 732
897 931
897 989
898 988
898 397
898 992
898 452
898 837
898 855
898 858
898 675
898 548
898 162
898 345
898 426
898 606
898 765
898 821
920 14
920 158
920 247
920 312
920 393
920 447
920 469
920 589
920 594
920 612
920 700
920 716
920 804
920 812
920 819
920 825
920 828
920 873
920 909
920 984
964 166
964 198
964 315
964 479
964 483
964 608
964 708
964 734
964 739
964 845
964 865
964 866
964 880
964 977
976 978
976 996
976 928
976 983
976 48
976 848
976 993
976 27
976 411
976 40
976 102
976 142
976 185
976 226
976 240
976 301
976 440
976 457
976 460
976 531
976 532
976 566
976 585
976 675
976 688
976 729
976 739
976 788
976 797
976 814
976 845
976 906
983 928
983 13
983 109
983 171
983 292
983 390
983 503
983 517
983 550
983 551
983 576
983 625
983 641
983 643
983 645
983 697
983 702
983 744
983 746
983 771
983 780
983 789
983 810
983 860
983 879
983 889
983 894
983 957
983 979
983 992
983 993
998 7
998 966
998 22
998 33
998 59
998 66
998 70
998 109
998 122
998 176
998 218
998 258
998 285
998 373
998 442
998 450
998 460
998 492
998 526
998 534
998 561
998 590
998 592
998 687
998 698
998 742
998 782
998 825
998 833
998 860
998 868
998 893
998 904
998 911
998 936
998 965
998 989
68 837
198 962
198 771
261 876
261 830
261 780
483 954
483 738
495 34
495 243
495 815
495 888
496 178
496 440
496 671
496 800
496 921
563 6
563 237
563 523
563 686
563 956
571 948
571 936
571 957
571 801
571 490
587 653
587 296
587 814
608 871
608 936
608 573
623 35
623 46
642 364
642 848
642 880
642 650
701 10
701 239
701 249
701 537
701 805
701 830
701 876
701 955
769 13
769 597
769 654
769 752
769 762
769 860
769 870
769 989
769 992
849 792
849 993
849 842
849 968
849 783
849 80
849 475
849 632
849 800
849 803
878 928
878 609
878 967
878 925
878 968
878 282
878 81
878 234
878 487
878 538
878 566
878 599
878 604
878 743
878 752
878 782
878 795
878 866
973 655
973 990
973 820
973 708
973 625
973 954
973 887
973 44
973 107
973 239
973 265
973 356
973 401
973 415
973 479
973 489
973 556
973 631
973 649
973 656
973 667
973 673
973 677
973 773
973 787
973 841
977 988
977 996
977 474
977 925
977 959
977 716
977 979
977 877
977 788
977 482
977 513
977 146
977 172
977 200
977 207
977 264
977 275
977 403
977 480
977 560
977 635
977 781
977 806
977 835
977 879
977 909
977 935
996 8
996 988
996 39
996 76
996 127
996 160
996 257
996 264
996 275
996 283
996 409
996 419
996 441
996 451
996 482
996 605
996 635
996 657
996 658
996 779
996 781
996 784
996 796
996 845
996 846
996 859
996 877
996 879
996 881
996 890
996 900
996 909
996 939
996 955
996 959
996 960
996 961
996 989
15 48
15 428
76 399
90 559
90 877
201 107
201 126
201 329
257 967
257 593
257 308
296 35
296 726
308 835
308 798
344 967
344 243
344 391
362 917
432 948
432 929
432 399
432 570
449 906
449 478
449 772
484 967
484 38
484 95
484 462
484 499
484 896
494 736
494 730
523 960
523 855
523 557
523 196
624 522
624 514
624 588
624 880
624 673
624 650
624 464
805 992
805 625
805 755
805 638
805 924
805 652
805 179
805 777
805 800
805 803
805 833
939 988
939 954
939 43
939 87
939 147
939 160
939 209
939 265
939 351
939 578
939 635
939 726
939 731
939 841
939 877
939 890
939 909
939 924
939 959
942 978
942 28
942 55
942 157
942 233
942 337
942 347
942 409
942 498
942 618
942 636
942 659
942 680
942 715
942 742
942 773
942 823
942 894
942 905
942 940
942 979
942 984
967 368
967 988
967 928
967 630
967 23
967 49
967 213
967 372
967 489
967 501
967 559
967 564
967 676
967 723
967 739
967 742
967 871
992 497
992 17
992 990
992 30
992 72
992 78
992 177
992 188
992 323
992 425
992 454
992 467
992 488
992 512
992 531
992 535
992 595
992 596
992 599
992 619
992 647
992 679
992 703
992 717
992 730
992 736
992 739
992 786
992 794
992 822
992 832
992 866
992 873
992 924
4 254
4 655
4 792
254 200
254 637
254 709
254 914
655 340
655 397
655 743
655 837
655 856
792 252
792 440
792 559
792 648
792 758
792 766
792 803
792 826
792 871
792 911
792 968
200 472
637 960
637 936
637 961
637 338
637 375
709 947
709 422
709 437
709 958
709 267
709 284
709 292
709 648
709 772
914 32
914 172
914 358
914 469
914 498
914 589
914 594
914 652
914 671
914 677
914 679
914 719
914 761
914 778
914 798
914 802
914 804
914 828
914 870
914 887
914 927
58 59
58 957
69 900
69 46
607 885
607 931
607 588
607 984
784 966
784 978
784 905
784 885
784 773
784 817
784 216
784 326
965 522
965 794
965 989
965 569
965 698
965 703
965 133
965 204
965 277
965 289
965 360
965 439
965 455
965 461
965 654
965 827
965 853
965 865
965 870
965 935
965 956
340 96
340 658
397 9
397 225
397 748
743 988
743 448
743 929
743 703
743 381
743 436
743 439
743 921
837 452
837 564
837 979
837 99
837 203
837 264
837 464
837 821
837 853
837 855
837 956
856 839
856 848
856 929
856 825
856 128
856 804
856 600
856 758
856 765
856 838
252 955
252 512
252 754
440 832
440 365
440 436
559 826
559 582
559 103
559 758
648 989
648 696
648 583
648 758
648 579
648 572
758 402
758 167
758 318
758 506
758 766
758 894
766 598
766 274
766 582
766 843
766 711
766 742
766 551
766 618
803 841
803 755
803 877
803 893
803 413
803 645
803 616
803 611
803 196
803 717
826 876
826 65
826 210
826 345
826 425
826 552
826 572
826 588
826 656
826 662
826 817
871 298
871 26
871 259
871 402
871 456
871 465
871 473
871 538
871 611
871 615
871 815
871 827
871 888
871 931
911 988
911 10
911 103
911 132
911 222
911 268
911 280
911 349
911 375
911 534
911 611
911 738
911 747
911 877
911 889
911 979
911 984
968 725
968 47
968 85
968 104
968 114
968 170
968 194
968 357
968 506
968 510
968 516
968 544
968 591
968 613
968 632
968 777
968 779
968 781
968 783
968 800
968 801
968 859
968 896
968 956
968 961
5 470
5 839
470 297
470 381
470 657
470 750
839 323
839 398
839 578
839 582
839 823
839 925
839 988
297 218
297 961
381 925
381 796
381 325
657 959
657 890
657 855
657 95
657 845
657 956
750 978
750 876
750 819
750 925
750 961
750 853
750 795
750 604
750 303
750 765
516 905
516 353
516 656
516 251
760 846
760 463
760 853
760 155
760 337
760 359
760 786
760 821
760 838
760 894
817 846
817 283
817 417
817 979
817 715
817 130
817 164
817 398
817 643
817 894
868 966
868 887
868 59
868 138
868 442
868 592
868 606
868 667
868 742
868 782
868 835
868 962
323 990
323 434
323 416
398 916
398 960
398 899
398 962
578 978
578 901
578 662
578 346
578 347
582 929
582 71
582 663
823 928
823 818
823 859
823 947
823 206
823 108
823 502
823 651
823 723
823 772
823 812
823 958
925 862
925 448
925 34
925 60
925 96
925 315
925 503
925 528
925 605
925 617
925 661
925 679
925 733
925 763
925 853
925 866
988 8
988 30
988 75
988 103
988 120
988 172
988 214
988 268
988 409
988 435
988 451
988 474
988 482
988 533
988 540
988 560
988 658
988 745
988 770
988 804
988 806
988 821
988 842
988 877
988 879
988 882
988 890
988 909
988 955
988 959
105 514
105 71
105 822
118 822
745 818
745 884
745 906
745 859
745 947
745 893
745 958
745 284
745 683
745 707
746 770
746 630
746 70
746 144
746 360
746 455
746 610
746 755
882 751
882 900
882 927
882 46
882 277
882 338
882 407
882 435
882 447
882 554
882 659
882 732
882 804
882 816
882 893
961 848
961 728
961 54
961 936
961 95
961 106
961 114
961 322
961 462
961 475
961 632
961 636
961 697
961 755
961 783
961 800
961 851
6 229
229 262
229 712
262 989
262 529
712 966
712 862
712 20
712 202
712 245
712 460
712 576
712 860
237 794
237 700
686 948
686 369
686 779
686 692
686 550
686 566
956 927
956 989
956 855
956 858
956 549
956 620
956 606
956 821
956 189
956 351
956 437
956 472
956 480
956 528
956 540
956 626
956 780
39 916
101 927
101 828
179 696
179 616
195 948
195 748
212 18
212 290
212 462
250 708
427 716
427 640
451 288
451 485
451 845
565 204
565 374
565 546
574 699
574 702
574 765
619 990
619 873
619 562
619 592
619 647
697 744
697 757
697 678
832 848
832 708
832 768
832 797
832 102
832 159
832 395
832 553
832 688
832 711
832 738
115 18
115 675
115 822
173 728
173 936
174 820
174 312
186 957
186 736
186 656
219 468
233 828
233 798
310 579
310 866
380 751
380 774
615 873
615 656
615 389
615 780
615 594
615 345
676 534
676 84
676 155
676 241
676 395
676 467
676 596
715 955
715 79
715 589
715 815
715 894
761 889
761 906
761 947
761 851
761 644
761 958
761 313
761 537
761 772
782 966
782 507
782 667
782 138
782 249
782 742
796 47
796 367
796 378
796 586
796 845
796 855
842 42
842 506
842 551
842 568
842 707
842 827
842 851
842 896
842 979
842 984
865 993
865 794
865 989
865 680
865 425
865 752
865 654
865 689
865 489
865 827
7 368
7 966
7 978
368 175
368 990
966 75
966 202
966 218
966 338
966 442
966 450
966 492
966 526
966 561
966 592
966 612
966 742
966 794
966 860
966 890
966 924
966 931
966 935
966 947
966 960
978 79
978 123
978 172
978 209
978 251
978 357
978 463
978 479
978 521
978 593
978 610
978 636
978 680
978 681
978 736
978 773
978 787
978 791
978 798
978 818
978 846
978 894
978 922
978 931
175 23
175 786
990 497
990 948
990 17
990 818
990 21
990 30
990 78
990 188
990 326
990 391
990 409
990 488
990 512
990 514
990 531
990 535
990 595
990 596
990 599
990 647
990 671
990 703
990 717
990 730
990 748
990 786
990 866
990 873
990 936
990 984
75 680
202 927
202 822
218 116
338 215
442 781
442 527
450 667
450 548
450 835
492 314
492 860
492 667
492 226
492 271
526 979
526 742
526 683
561 428
561 756
561 885
561 860
561 667
592 285
592 635
592 777
612 979
612 935
612 731
742 825
742 860
742 249
742 535
794 960
794 33
794 740
794 783
794 989
860 77
860 460
860 465
860 508
860 560
860 665
860 683
890 64
890 143
890 265
890 465
890 490
890 560
890 781
890 806
890 845
890 879
890 906
924 428
924 885
924 307
924 755
924 227
924 843
924 641
924 458
924 699
924 793
924 151
924 158
924 166
924 652
924 677
924 752
931 993
931 751
931 704
931 959
931 696
931 81
931 160
931 263
931 294
931 352
931 378
931 584
931 636
931 787
935 522
935 928
935 916
935 954
935 521
935 899
935 755
935 822
935 962
935 675
935 734
935 909
935 164
935 280
935 392
935 528
935 627
935 777
935 787
947 818
947 936
947 906
947 859
947 885
947 81
947 170
947 245
947 370
947 431
947 437
947 480
947 500
947 502
947 527
947 774
947 851
960 24
960 38
960 152
960 271
960 283
960 357
960 443
960 536
960 569
960 591
960 593
960 632
960 652
960 699
960 725
960 783
960 793
960 800
960 884
960 989
123 993
123 940
209 948
251 791
251 771
357 801
463 46
479 940
479 681
521 927
521 54
521 791
593 773
593 225
593 544
593 723
610 458
610 802
610 651
636 905
636 604
636 311
680 791
680 798
680 879
681 929
681 887
681 656
681 159
681 378
681 517
681 677
736 948
736 957
736 66
736 111
736 171
736 641
736 678
736 702
773 119
773 328
773 358
773 845
787 522
787 916
787 962
787 771
787 253
787 392
787 596
787 627
791 846
791 936
791 121
791 225
791 754
791 812
798 905
798 611
798 238
798 711
798 329
798 217
798 347
798 772
818 17
818 93
818 228
818 439
818 478
818 644
818 859
818 906
818 958
846 948
846 28
846 178
846 334
846 560
846 562
846 899
846 905
894 928
894 905
894 562
894 644
894 853
894 553
894 311
894 539
894 677
922 928
922 609
922 916
922 21
922 253
922 256
922 277
922 343
922 373
922 513
922 627
922 714
922 726
922 732
922 738
922 880
922 962
22 474
22 751
59 569
66 590
70 783
109 936
109 590
122 93
122 851
176 422
176 801
258 295
258 535
285 836
285 330
373 962
373 958
373 726
460 717
534 61
534 279
590 73
687 789
687 734
687 793
687 896
687 529
687 253
687 302
698 77
698 929
698 223
698 957
698 831
698 899
698 280
698 404
698 962
825 45
825 87
825 471
825 490
825 502
825 595
825 671
825 737
825 893
833 954
833 851
833 888
833 616
833 781
833 814
833 757
833 762
893 354
893 91
893 97
893 132
893 160
893 284
893 327
893 346
893 379
893 613
893 645
893 793
893 801
904 819
904 989
904 768
904 906
904 80
904 322
904 152
904 167
904 361
904 540
904 549
904 572
904 660
904 755
904 795
904 814
904 838
936 54
936 203
936 271
936 301
936 457
936 591
936 777
936 780
936 800
936 888
989 36
989 51
989 52
989 113
989 133
989 199
989 231
989 289
989 320
989 439
989 478
989 485
989 548
989 576
989 591
989 752
989 755
989 757
989 827
989 859
989 870
989 880
989 881
8 364
8 598
364 744
598 13
598 515
598 810
598 957
744 876
744 889
744 810
744 885
744 248
744 683
515 269
515 855
515 461
515 827
515 870
810 993
810 35
810 102
810 387
810 429
810 585
810 678
810 841
810 906
810 957
957 428
957 889
957 993
957 474
957 281
957 379
957 490
957 576
957 584
957 620
957 627
957 641
957 675
957 801
957 841
957 870
957 958
30 725
103 979
120 917
120 482
214 959
214 797
214 461
268 899
268 312
435 959
435 244
435 732
474 777
474 888
474 909
482 309
482 649
533 876
533 940
533 339
533 386
533 407
540 819
540 660
540 386
540 723
560 959
560 473
560 517
658 959
658 417
658 877
658 419
658 503
770 10
770 321
770 369
770 402
770 568
770 738
770 751
770 984
804 192
804 72
804 342
804 359
804 632
804 717
804 802
804 812
806 959
806 747
806 538
806 909
806 958
806 361
806 390
806 845
821 948
821 899
821 679
821 626
877 959
877 407
877 632
877 663
877 853
877 879
877 909
879 725
879 959
879 901
879 984
879 962
879 149
879 316
879 488
879 814
879 845
879 909
909 959
909 905
909 154
909 631
909 635
909 678
909 757
909 781
909 800
955 876
955 873
955 525
955 61
955 940
955 63
955 100
955 207
955 239
955 349
955 468
955 695
955 713
955 754
955 764
955 789
955 830
955 831
955 881
959 900
959 43
959 133
959 149
959 269
959 443
959 591
959 737
959 781
959 828
959 905
959 962
127 9
127 419
127 836
264 415
275 905
283 31
419 383
419 530
441 55
441 512
441 884
441 885
605 948
605 917
605 52
605 387
605 628
779 905
779 149
779 396
779 650
779 683
779 684
779 731
781 196
781 845
845 497
845 696
845 677
859 884
859 906
859 67
859 431
859 764
859 835
859 881
859 885
859 984
881 874
881 993
881 755
881 89
881 163
881 187
881 210
881 316
881 339
881 509
881 528
881 585
900 751
900 23
900 146
900 182
900 220
900 392
900 553
900 554
900 719
900 732
900 802
900 816
900 984
836 507
836 884
836 844
836 984
836 888
836 644
836 341
836 377
836 403
836 771
836 896
836 921
225 958
748 630
748 641
748 473
748 552
748 567
748 651
242 917
242 85
307 71
307 413
307 702
309 465
314 455
314 579
383 771
389 269
389 259
389 613
421 874
421 178
421 714
472 203
472 752
478 884
478 885
478 228
517 579
517 360
517 618
527 880
527 422
538 884
538 145
550 729
550 684
618 979
618 575
838 728
838 430
838 888
838 737
838 510
838 167
838 265
838 539
838 665
838 723
838 814
55 884
126 901
128 61
148 88
169 19
169 500
210 584
216 905
216 814
259 56
259 835
288 525
288 940
288 830
342 828
342 583
456 927
456 501
456 513
468 65
468 356
468 962
572 575
572 416
572 631
575 88
575 453
575 576
575 638
575 738
579 662
579 434
579 581
613 232
613 327
613 638
688 797
688 831
688 734
688 185
688 558
688 739
793 831
793 789
793 888
793 149
793 765
793 896
793 921
885 884
885 67
885 238
885 267
885 370
885 386
885 399
885 851
885 958
239 940
249 940
537 645
537 673
830 928
830 940
830 699
830 203
830 215
830 386
830 404
830 464
830 754
876 609
876 19
876 63
876 205
876 349
876 679
876 754
876 764
876 765
876 888
876 940
321 564
321 979
321 984
321 616
369 52
369 899
402 116
402 465
402 673
568 979
568 266
568 88
568 731
568 843
568 880
738 979
738 984
738 371
738 365
751 355
751 588
751 661
984 848
984 887
984 979
984 899
984 88
984 117
984 157
984 221
984 228
984 287
984 332
984 375
984 403
984 465
984 506
984 509
984 549
984 570
984 707
984 711
984 747
984 764
132 747
222 788
280 899
349 583
375 979
611 979
611 184
611 414
747 889
747 917
747 979
747 532
747 707
747 786
889 20
889 50
889 546
889 576
889 719
889 737
889 801
889 993
979 725
979 62
979 135
979 184
979 221
979 266
979 506
979 509
979 536
979 570
979 581
979 707
11 298
11 522
11 862
11 928
298 332
522 509
522 728
862 99
862 159
862 425
862 609
862 841
862 866
862 896
862 929
862 962
928 253
928 392
928 404
928 422
928 513
928 586
928 627
928 675
928 714
928 733
928 916
928 954
928 962
332 929
509 234
509 570
728 29
728 399
728 429
728 430
728 723
728 814
99 929
99 458
159 929
425 94
609 14
609 408
609 929
841 993
841 768
841 73
841 97
841 426
841 431
841 645
866 874
866 993
866 901
866 853
866 528
866 334
866 365
866 436
866 552
896 693
896 844
896 901
896 906
896 295
896 246
896 161
896 530
896 556
896 594
896 921
929 448
929 873
929 34
929 83
929 289
929 303
929 408
929 679
929 732
929 763
929 958
962 874
962 916
962 343
962 822
962 107
962 136
962 147
962 189
962 293
962 510
962 520
962 581
962 632
962 714
962 726
253 325
392 906
404 927
404 822
404 921
422 650
513 133
513 243
586 771
627 916
627 756
675 916
675 917
675 788
675 822
714 916
714 269
714 445
714 379
714 726
733 573
733 671
733 762
916 20
916 374
916 448
916 469
916 596
916 631
916 734
916 789
916 822
916 899
916 954
916 993
954 820
954 42
954 50
954 281
954 313
954 325
954 567
954 591
954 640
954 696
954 700
954 757
954 870
756 29
756 182
756 248
756 294
756 659
756 732
756 816
756 906
502 171
502 921
502 958
536 901
536 632
553 305
553 659
567 315
567 539
567 757
777 569
777 606
777 780
777 431
780 382
780 499
783 221
783 570
783 921
166 295
166 652
315 487
708 707
708 776
708 887
734 899
734 815
734 822
734 136
734 147
739 768
739 711
739 385
739 301
739 731
880 514
880 906
880 145
880 394
880 244
880 531
880 544
331 704
331 815
548 152
548 752
597 820
597 180
597 378
597 439
597 870
654 266
654 703
654 640
752 457
752 220
752 762
762 874
762 820
762 696
762 700
762 640
870 884
870 617
870 455
870 827
292 906
292 958
390 816
503 993
503 917
551 819
551 887
551 361
551 426
576 801
625 41
625 641
625 677
641 993
641 94
643 993
643 797
643 163
643 267
643 281
643 729
645 151
645 652
702 993
702 905
702 763
702 776
702 352
702 678
771 260
789 693
789 901
789 413
789 106
789 774
789 827
789 921
993 20
993 38
993 97
993 207
993 281
993 352
993 491
993 562
993 600
993 678
993 726
993 763
993 921
14 192
14 497
192 238
497 488
488 475
488 391
408 508
408 853
408 162
408 958
158 247
247 554
247 700
312 594
393 948
393 927
393 139
393 764
393 462
447 822
447 566
469 927
469 858
589 828
589 853
589 671
589 471
594 927
594 940
700 153
700 927
700 778
700 271
700 453
716 60
716 282
716 487
716 617
716 740
716 795
716 888
716 901
812 525
812 927
812 828
812 778
812 185
812 359
812 684
812 802
819 29
819 104
819 129
819 152
819 318
819 374
819 429
819 475
828 653
828 353
828 197
828 334
828 678
873 24
873 391
873 480
873 595
873 599
873 651
873 662
873 703
873 730
873 786
873 844
48 564
48 797
428 843
564 778
797 153
797 226
797 711
797 729
797 730
797 788
797 851
843 725
843 93
843 346
843 363
843 395
843 413
843 501
843 661
16 653
16 874
16 948
653 151
653 588
653 671
653 764
653 778
653 802
874 21
874 28
874 129
874 134
874 154
874 385
874 557
874 585
874 684
874 815
874 905
948 156
948 329
948 339
948 351
948 372
948 385
948 399
948 467
948 684
948 695
948 795
588 82
671 453
671 958
671 802
764 940
764 111
764 713
764 207
778 927
778 905
778 844
778 150
778 566
802 927
802 518
802 583
802 740
802 290
21 77
28 693
129 703
134 260
385 927
385 240
557 124
557 384
557 396
585 194
585 287
684 884
684 431
684 467
684 546
815 844
815 95
815 246
815 326
815 695
815 921
905 51
905 347
156 356
156 835
329 628
339 693
351 835
372 683
467 458
695 917
695 692
695 800
695 719
695 334
695 731
795 208
795 740
795 604
795 772
89 91
92 194
96 206
163 606
187 617
206 82
240 848
240 377
316 673
316 293
319 525
319 851
319 958
319 379
448 23
659 816
644 851
644 125
644 801
644 835
644 958
906 884
906 64
906 108
906 245
906 958
958 848
958 884
958 851
958 500
958 267
958 431
958 626
958 754
958 772
301 514
322 80
322 552
407 626
407 765
452 704
452 34
452 899
606 443
620 693
620 855
620 142
620 487
620 512
765 858
765 480
858 98
858 161
858 189
858 480
858 529
858 754
78 145
188 573
326 663
512 786
514 19
514 223
531 730
531 703
535 820
535 305
535 599
595 135
595 717
596 703
596 786
596 662
599 290
647 786
647 717
703 786
717 730
730 77
730 887
730 72
786 630
786 295
72 940
177 901
177 274
454 180
454 367
454 371
454 401
454 558
679 445
679 140
679 800
679 853
822 887
822 899
822 520
18 630
630 473
290 927
346 740
831 518
831 844
831 64
831 327
831 530
831 663
19 848
848 184
848 265
848 279
848 365
848 434
848 532
848 711
848 788
500 827
184 740
279 382
365 532
434 457
434 302
434 395
532 141
532 436
532 604
711 768
711 788
711 197
711 305
788 411
788 768
788 91
788 827
63 562
205 113
754 940
754 713
754 499
888 901
888 508
888 124
888 377
888 763
888 774
940 525
940 61
940 100
940 416
940 713
245 851
50 696
546 692
546 573
719 507
719 917
719 248
719 464
719 707
737 125
737 147
737 689
801 725
374 901
374 549
631 486
631 649
631 371
631 415
899 293
899 726
97 232
352 844
491 426
491 556
562 119
562 827
600 844
600 98
726 358
726 731
763 508
763 302
763 665
763 921
921 820
921 844
921 774
921 403
921 707
256 713
256 800
256 293
277 355
277 220
343 65
343 740
343 816
732 355
732 774
604 226
604 436
355 114
355 816
661 117
661 506
146 927
182 161
182 530
220 800
554 87
554 305
554 713
554 757
554 816
816 217
816 325
816 386
213 371
213 490
489 649
489 528
489 556
501 855
723 549
723 814
723 774
24 704
704 341
341 901
341 141
651 570
651 360
662 180
844 56
844 776
844 901
443 673
443 244
652 699
699 143
699 168
699 471
699 616
699 800
725 45
725 417
884 60
884 437
884 457
884 498
884 851
57 768
57 150
57 417
475 430
475 85
486 887
486 45
486 311
486 707
486 776
499 455
640 566
507 32
507 835
665 430
665 638
665 660
665 387
266 84
445 81
445 740
36 820
260 584
556 887
558 291
558 772
757 696
855 73
855 117
855 161
855 354
498 300
827 583
827 772
530 901
530 689
663 774
901 693
901 64
901 189
901 302
901 626
27 153
27 411
27 820
153 139
411 191
411 887
820 44
820 185
820 313
820 382
139 43
887 768
887 43
887 656
887 677
887 776
44 917
382 141
382 241
40 927
40 768
102 413
142 638
142 457
729 917
729 583
729 835
729 248
729 471
729 683
814 291
814 649
814 387
814 401
814 539
693 246
693 774
246 143
774 487
334 853
337 413
337 731
429 667
429 318
430 47
248 917
294 180
294 241
104 584
318 327
274 67
696 144
917 116
917 415
917 689
917 731
917 835
31 525
124 300
461 415
851 650
851 772
32 927
927 86
927 353
927 453
927 583
835 394
835 396
835 731
358 367
677 370
86 295
353 56
453 199
583 150
135 649
165 289
287 570
363 638
776 656
776 617
776 303
776 328
740 853
740 552
740 617
528 227
617 234
617 552
853 282
853 140
83 227
387 549
51 231
52 269
113 327
113 638
199 529
231 41
231 459
755 82
755 616
508 121
518 41
518 121
573 768
692 162
692 683
692 689
282 62
768 119
768 395
395 649
108 584
263 94
121 208
401 311
98 208
660 437
660 426
660 539
689 490
689 414
667 106
667 217
471 581
490 416
520 713
85 394
510 136
510 384
510 650
628 384
628 683
394 140
150 549
549 100
487 638
416 328
713 111
713 125
713 215
291 71
354 82
293 396
300 616
616 284
638 196
529 414
458 168
217 215
