0 43
0 481
0 528
0 702
43 104
43 627
43 933
481 630
481 702
481 803
481 895
481 961
528 169
528 183
528 403
528 819
528 821
528 879
702 392
702 731
702 739
702 816
702 897
702 930
702 932
702 957
104 175
104 396
104 704
627 968
627 995
627 935
627 226
627 583
627 790
627 839
627 948
933 945
933 917
933 6
933 32
933 91
933 268
933 434
933 510
933 511
933 536
933 581
933 803
933 813
933 827
933 840
933 862
933 871
933 882
933 886
933 902
933 940
933 948
933 969
933 970
933 982
933 998
630 835
630 987
630 57
630 80
630 487
630 533
630 730
630 924
803 944
803 840
803 807
803 878
803 910
803 772
803 736
803 867
803 774
803 954
803 649
803 624
895 945
895 983
895 977
895 952
895 696
895 553
895 890
895 841
895 823
895 735
895 883
895 791
895 821
895 425
895 550
895 377
895 343
895 401
895 638
895 852
961 983
961 885
961 947
961 303
961 884
961 568
961 957
961 780
961 752
961 958
961 71
961 74
961 113
961 128
961 171
961 247
961 400
961 508
961 510
961 521
961 522
961 590
961 608
961 609
961 635
961 757
961 769
961 800
961 822
961 889
961 954
961 973
961 974
961 978
169 28
169 890
169 971
183 922
183 920
183 903
403 996
403 777
403 74
403 869
403 896
819 981
819 959
819 671
819 958
819 877
819 71
819 274
819 334
819 438
819 485
819 547
819 649
819 773
819 916
821 947
821 905
821 858
821 798
821 876
821 707
821 978
821 913
821 674
821 198
821 624
821 714
821 889
879 955
879 970
879 956
879 957
879 842
879 986
879 882
879 923
879 108
879 222
879 330
879 453
879 504
879 729
879 804
879 815
879 830
879 909
879 931
392 955
392 995
392 772
392 141
392 760
731 945
731 996
731 960
731 905
731 957
731 628
731 706
731 695
731 582
731 645
739 960
739 982
739 52
739 288
739 404
739 490
739 701
739 704
739 738
739 887
816 885
816 936
816 160
816 568
816 963
816 916
816 758
816 973
816 993
816 136
816 170
816 480
816 749
816 792
897 872
897 902
897 920
897 740
897 752
897 696
897 499
897 137
897 790
897 180
897 184
897 261
897 409
897 422
897 494
897 551
897 657
897 658
897 672
897 674
897 826
930 529
930 984
930 921
930 872
930 992
930 949
930 797
930 88
930 703
930 991
930 726
930 419
930 430
930 497
930 557
930 628
930 760
930 810
930 822
930 859
930 898
930 903
930 948
930 975
930 990
932 864
932 936
932 965
932 670
932 20
932 158
932 174
932 251
932 260
932 426
932 439
932 458
932 518
932 532
932 733
932 734
932 818
932 832
932 833
932 873
932 891
932 946
932 969
932 980
932 998
957 945
957 999
957 951
957 383
957 938
957 620
957 856
957 901
957 985
957 956
957 998
957 782
957 56
957 337
957 339
957 369
957 372
957 398
957 467
957 487
957 504
957 519
957 555
957 561
957 572
957 772
957 855
957 881
957 974
957 990
1 712
1 835
1 945
1 983
712 231
712 241
712 655
712 860
712 869
712 899
712 924
712 987
712 988
835 259
835 366
835 375
835 442
835 796
835 836
835 843
835 856
835 893
835 963
835 971
835 989
835 993
835 997
945 5
945 31
945 182
945 327
945 383
945 473
945 486
945 549
945 573
945 598
945 609
945 638
945 738
945 758
945 774
945 851
945 858
945 884
945 898
945 908
945 920
945 938
945 967
945 998
983 21
983 38
983 98
983 142
983 208
983 280
983 316
983 372
983 390
983 437
983 444
983 516
983 549
983 672
983 673
983 679
983 706
983 727
983 735
983 766
983 793
983 805
983 820
983 829
983 841
983 860
983 861
983 863
983 868
983 885
983 914
983 936
983 937
983 941
983 946
983 959
983 962
983 977
983 982
983 986
231 968
231 888
231 650
231 367
241 999
241 584
241 635
241 857
655 976
655 920
655 926
655 964
655 321
655 750
655 755
655 766
860 996
860 922
860 139
860 884
860 953
860 716
860 910
860 79
860 334
860 530
860 566
860 767
860 843
860 909
860 914
860 939
869 936
869 972
869 956
869 861
869 919
869 502
869 804
869 181
869 337
869 484
869 489
869 506
869 525
869 565
869 708
869 727
869 880
899 4
899 18
899 23
899 85
899 142
899 520
899 658
899 678
899 743
899 774
899 780
899 874
899 914
899 929
899 943
899 958
899 963
899 972
899 973
899 981
899 986
924 885
924 922
924 944
924 492
924 620
924 981
924 935
924 858
924 571
924 84
924 171
924 211
924 307
924 562
924 623
924 693
924 727
924 738
924 805
924 843
924 934
924 966
924 973
987 977
987 960
987 937
987 938
987 979
987 968
987 856
987 943
987 995
987 46
987 37
987 956
987 71
987 130
987 195
987 216
987 249
987 259
987 293
987 298
987 342
987 381
987 413
987 455
987 457
987 536
987 543
987 622
987 652
987 665
987 692
987 717
987 767
987 779
987 798
987 828
987 833
987 842
987 873
987 889
987 896
987 907
987 993
988 977
988 979
988 580
988 968
988 884
988 870
988 807
988 935
988 949
988 834
988 730
988 724
988 795
988 915
988 818
988 86
988 170
988 273
988 304
988 341
988 359
988 444
988 445
988 495
988 498
988 517
988 524
988 546
988 549
988 577
988 608
988 618
988 622
988 637
988 665
988 705
988 734
988 735
988 787
988 808
988 813
988 828
988 844
988 964
988 986
259 740
259 559
259 657
366 901
366 985
366 775
366 578
375 908
375 588
375 198
375 486
375 813
442 696
442 903
442 689
442 531
442 414
796 971
796 915
796 991
796 934
796 646
796 721
796 913
796 781
796 942
796 582
796 550
796 581
796 666
836 960
836 984
836 980
836 834
836 915
836 77
836 759
836 263
836 354
836 357
836 602
836 638
836 689
836 708
836 750
843 996
843 719
843 994
843 297
843 785
843 888
843 926
843 559
843 552
843 928
843 954
843 781
843 196
843 805
856 25
856 182
856 253
856 390
856 406
856 451
856 756
856 804
856 807
856 814
856 834
856 943
856 985
856 990
856 993
893 999
893 383
893 976
893 523
893 784
893 935
893 892
893 963
893 916
893 890
893 641
893 801
893 990
893 978
893 787
893 248
893 371
893 471
893 587
893 729
963 720
963 850
963 817
963 972
963 868
963 935
963 740
963 58
963 119
963 189
963 248
963 309
963 327
963 421
963 448
963 609
963 614
963 624
963 688
963 699
963 733
963 775
963 780
963 787
963 813
963 896
963 903
963 927
963 948
963 964
963 991
971 746
971 979
971 947
971 965
971 959
971 870
971 982
971 863
971 48
971 140
971 181
971 240
971 406
971 423
971 488
971 559
971 587
971 614
971 649
971 654
971 675
971 708
971 797
971 812
971 830
971 852
971 876
971 906
971 907
971 914
971 978
971 991
971 993
989 936
989 951
989 719
989 854
989 23
989 57
989 173
989 229
989 274
989 283
989 342
989 345
989 351
989 364
989 437
989 502
989 512
989 521
989 530
989 537
989 573
989 615
989 628
989 665
989 721
989 726
989 743
989 768
989 808
989 830
989 851
989 858
989 900
989 905
989 918
989 923
989 934
989 939
989 953
989 956
989 967
989 969
989 980
989 985
989 993
993 947
993 944
993 580
993 921
993 598
993 891
993 904
993 995
993 950
993 980
993 762
993 806
993 918
993 916
993 966
993 900
993 808
993 641
993 197
993 975
993 941
993 615
993 133
993 162
993 343
993 384
993 471
993 526
993 549
993 612
993 666
993 675
993 741
993 755
993 767
993 770
993 800
993 866
993 898
993 911
993 928
993 942
997 996
997 751
997 761
997 670
997 921
997 22
997 24
997 37
997 103
997 148
997 168
997 243
997 345
997 363
997 380
997 395
997 411
997 428
997 436
997 462
997 551
997 574
997 605
997 617
997 635
997 676
997 724
997 748
997 753
997 758
997 776
997 790
997 809
997 813
997 818
997 857
997 865
997 867
997 870
997 884
997 892
997 931
997 958
997 967
997 969
997 981
997 986
997 992
5 50
5 296
5 908
31 523
31 777
31 970
182 918
182 679
327 996
327 962
327 913
383 9
383 373
383 802
473 840
473 825
473 833
473 928
473 617
486 601
486 998
486 892
486 806
486 584
549 591
549 251
549 769
573 929
573 982
573 619
573 339
573 422
573 468
598 944
598 21
598 322
598 484
598 698
598 948
609 979
609 827
609 978
609 964
609 927
638 996
638 981
638 995
638 980
638 925
638 695
738 979
738 955
738 884
738 998
738 730
738 973
738 941
738 164
758 938
758 979
758 984
758 756
758 949
758 998
758 639
758 81
758 645
774 977
774 840
774 921
774 474
774 734
774 188
774 235
774 306
774 511
774 530
851 951
851 981
851 970
851 858
851 228
851 952
851 900
851 114
851 557
851 666
851 682
851 698
851 718
851 829
851 848
858 681
858 368
858 976
858 47
858 427
858 489
858 622
858 635
858 755
858 812
858 815
858 882
858 966
884 947
884 981
884 33
884 325
884 436
884 482
884 558
884 591
884 617
884 790
884 823
884 837
884 857
884 918
898 936
898 761
898 984
898 994
898 949
898 980
898 693
898 974
898 975
898 859
898 788
898 707
898 744
898 941
898 663
898 144
898 361
898 428
898 954
908 720
908 850
908 999
908 233
908 262
908 273
908 349
908 491
908 576
908 577
908 613
908 635
908 657
908 755
908 799
908 862
908 866
908 954
908 977
920 921
920 891
920 847
920 591
920 49
920 762
920 64
920 111
920 205
920 371
920 518
920 547
920 647
920 676
920 711
920 771
920 809
920 883
920 910
920 934
938 10
938 12
938 24
938 96
938 276
938 284
938 438
938 645
938 647
938 656
938 709
938 713
938 742
938 764
938 809
938 837
938 846
938 910
938 925
938 927
938 948
938 982
938 998
967 686
967 999
967 922
967 840
967 984
967 854
967 994
967 981
967 982
967 992
967 949
967 44
967 184
967 219
967 223
967 257
967 304
967 318
967 346
967 347
967 411
967 431
967 513
967 604
967 688
967 734
967 797
967 845
967 852
967 882
967 946
967 969
967 990
998 951
998 947
998 872
998 956
998 756
998 950
998 42
998 105
998 134
998 173
998 174
998 209
998 284
998 359
998 414
998 427
998 437
998 504
998 509
998 572
998 633
998 644
998 659
998 703
998 709
998 732
998 754
998 782
998 790
998 799
998 801
998 805
998 808
998 830
998 834
998 838
998 842
998 873
998 876
998 882
998 954
998 991
21 152
21 854
38 600
38 756
38 861
98 784
98 797
98 918
142 16
142 958
208 28
208 301
208 418
280 11
280 664
280 942
280 966
316 979
316 968
316 876
316 693
372 965
372 921
372 902
372 755
390 882
390 289
390 326
390 776
437 474
437 911
437 713
444 992
444 842
444 236
444 558
516 940
516 972
516 973
516 873
516 358
516 666
672 981
672 783
672 650
672 340
672 459
672 301
672 621
672 658
673 999
673 432
673 955
673 901
673 935
673 888
673 830
673 889
673 793
679 912
679 985
679 752
679 331
679 512
679 607
679 755
679 779
706 965
706 982
706 569
706 954
706 209
706 737
706 760
706 828
727 529
727 968
727 780
727 871
727 837
727 708
727 757
727 495
735 719
735 976
735 865
735 501
735 946
735 162
735 389
735 909
766 936
766 944
766 870
766 925
766 350
766 721
766 773
766 942
766 809
766 415
793 937
793 904
793 974
793 643
793 801
793 502
793 845
793 535
793 677
793 699
793 485
793 519
805 686
805 937
805 765
805 870
805 861
805 859
805 849
805 469
805 809
805 684
820 947
820 968
820 152
820 943
820 925
820 910
820 990
820 122
820 550
820 616
820 683
820 713
820 791
820 875
829 686
829 864
829 817
829 972
829 894
829 756
829 786
829 694
829 890
829 926
829 745
829 299
829 427
829 853
841 864
841 943
841 935
841 969
841 814
841 136
841 269
841 302
841 329
841 494
841 669
841 770
841 771
841 822
861 864
861 922
861 977
861 464
861 472
861 531
861 705
861 737
861 754
861 772
861 822
861 825
861 914
861 927
863 999
863 979
863 965
863 784
863 40
863 381
863 503
863 632
863 768
863 792
863 812
863 910
863 916
863 941
863 952
863 975
868 996
868 922
868 854
868 994
868 30
868 58
868 298
868 393
868 479
868 657
868 677
868 699
868 742
868 780
868 827
868 953
868 975
885 2
885 42
885 222
885 242
885 342
885 402
885 438
885 443
885 646
885 685
885 789
885 792
885 919
885 973
885 978
885 996
914 996
914 387
914 944
914 840
914 962
914 892
914 653
914 910
914 946
914 754
914 926
914 96
914 213
914 644
914 713
914 830
914 886
914 941
936 4
936 70
936 321
936 405
936 443
936 542
936 543
936 639
936 697
936 744
936 757
936 764
936 815
936 838
936 840
936 887
936 915
936 926
936 956
936 965
937 10
937 46
937 89
937 109
937 404
937 426
937 433
937 464
937 533
937 635
937 657
937 768
937 771
937 784
937 785
937 802
937 822
937 853
937 888
937 950
937 973
937 975
937 992
941 984
941 943
941 949
941 228
941 416
941 882
941 350
941 975
941 923
941 859
941 125
941 151
941 233
941 329
941 381
941 459
941 595
941 662
941 760
941 867
941 887
941 964
946 850
946 584
946 991
946 83
946 133
946 264
946 538
946 544
946 625
946 652
946 660
946 663
946 680
946 692
946 693
946 697
946 699
946 743
946 754
946 812
946 853
946 880
946 906
946 931
959 272
959 944
959 921
959 32
959 87
959 110
959 112
959 114
959 128
959 220
959 294
959 295
959 467
959 488
959 534
959 579
959 590
959 666
959 692
959 718
959 741
959 763
959 824
959 833
959 855
959 887
959 919
959 926
959 958
959 991
959 992
962 912
962 976
962 34
962 199
962 279
962 357
962 370
962 490
962 493
962 504
962 512
962 554
962 566
962 578
962 591
962 658
962 693
962 699
962 710
962 749
962 755
962 772
962 795
962 830
962 886
962 934
962 935
962 954
962 966
962 978
962 991
962 992
977 7
977 18
977 119
977 168
977 311
977 323
977 326
977 376
977 388
977 449
977 466
977 544
977 561
977 604
977 633
977 652
977 676
977 678
977 700
977 709
977 734
977 752
977 781
977 787
977 789
977 883
977 891
977 906
977 912
977 935
977 939
977 955
977 991
982 720
982 979
982 984
982 968
982 36
982 69
982 92
982 230
982 232
982 245
982 300
982 324
982 337
982 485
982 491
982 502
982 503
982 577
982 584
982 618
982 626
982 649
982 660
982 668
982 678
982 697
982 708
982 710
982 811
982 830
982 866
982 877
982 906
982 907
982 918
986 332
986 996
986 272
986 922
986 944
986 968
986 972
986 872
986 992
986 865
986 969
986 553
986 93
986 109
986 269
986 289
986 313
986 410
986 415
986 430
986 441
986 460
986 461
986 487
986 506
986 537
986 565
986 604
986 617
986 631
986 632
986 646
986 674
986 749
986 791
986 838
986 911
986 928
986 978
2 332
2 917
2 996
332 948
332 985
332 992
917 232
917 240
917 255
917 319
917 434
917 542
917 556
917 560
917 563
917 586
917 603
917 619
917 654
917 670
917 742
917 773
917 822
917 871
917 883
917 904
917 970
917 990
996 151
996 161
996 266
996 329
996 455
996 457
996 477
996 552
996 562
996 599
996 607
996 612
996 624
996 663
996 677
996 684
996 692
996 726
996 745
996 760
996 783
996 794
996 811
996 823
996 853
996 873
996 900
996 903
996 910
996 915
996 922
996 923
996 940
996 951
996 953
996 954
996 960
948 999
948 95
948 944
948 620
948 985
948 970
948 902
948 870
948 724
948 225
948 919
948 147
948 174
948 184
948 212
948 470
948 475
948 612
948 753
948 822
948 867
948 939
948 978
985 303
985 994
985 29
985 44
985 125
985 246
985 265
985 307
985 360
985 401
985 512
985 523
985 537
985 558
985 575
985 594
985 608
985 643
985 664
985 691
985 697
985 728
985 748
985 778
985 785
985 802
985 808
985 809
985 815
985 828
985 831
985 837
985 883
985 890
985 900
985 927
985 939
992 951
992 960
992 761
992 514
992 912
992 984
992 901
992 976
992 36
992 54
992 120
992 196
992 206
992 232
992 263
992 338
992 364
992 380
992 408
992 537
992 586
992 652
992 693
992 748
992 788
992 799
992 810
992 825
992 830
992 832
992 837
992 878
992 888
992 909
992 915
992 918
992 927
992 966
42 785
42 905
222 923
222 647
242 995
242 81
242 308
242 623
342 817
342 857
402 984
402 975
402 886
402 837
402 927
438 140
438 457
438 623
443 671
443 506
443 570
443 771
646 955
646 915
646 107
646 448
646 557
646 771
685 681
685 953
685 576
685 354
685 824
685 954
685 239
685 689
685 887
789 912
789 916
789 978
789 535
789 747
789 928
789 911
789 508
789 729
789 866
789 909
789 606
792 850
792 912
792 956
792 877
792 896
792 966
792 799
792 973
792 978
792 509
792 579
919 981
919 599
919 847
919 752
919 877
919 88
919 158
919 196
919 235
919 358
919 419
919 493
919 517
919 590
919 641
919 693
919 721
919 801
919 845
919 875
973 850
973 960
973 725
973 968
973 620
973 935
973 905
973 953
973 888
973 215
973 844
973 197
973 106
973 448
973 498
973 510
973 561
973 583
973 587
973 636
973 654
973 664
973 667
973 749
973 757
973 769
973 906
973 978
978 751
978 922
978 152
978 303
978 994
978 782
978 980
978 633
978 877
978 626
978 522
978 975
978 572
978 667
978 133
978 304
978 331
978 374
978 448
978 480
978 493
978 509
978 521
978 587
978 621
978 659
978 769
978 889
232 956
232 370
240 912
240 364
240 721
255 806
255 966
255 849
255 541
319 784
319 825
319 812
319 618
434 951
434 626
434 691
434 406
542 972
542 956
542 84
542 335
542 778
556 765
556 972
556 910
556 341
556 928
556 760
560 761
560 881
560 648
560 849
560 823
560 563
560 781
563 960
563 991
563 934
563 194
563 408
563 815
586 947
586 709
586 883
586 299
586 714
586 887
603 956
603 785
603 538
603 741
603 804
603 520
603 394
619 981
619 980
619 539
619 694
619 122
619 202
619 642
654 929
654 956
654 911
654 525
654 304
654 927
670 16
670 129
670 467
670 475
670 780
670 871
670 966
742 950
742 953
742 910
742 84
742 636
742 748
742 837
742 990
773 958
773 393
773 552
773 873
773 147
773 662
773 664
773 669
773 687
773 889
822 296
822 874
822 576
822 150
822 219
822 336
822 408
822 886
871 187
871 435
871 970
871 870
871 589
871 969
871 876
871 651
871 926
871 137
871 194
871 382
871 505
871 521
871 931
883 187
883 817
883 901
883 894
883 270
883 969
883 958
883 286
883 723
883 292
883 370
883 469
883 567
883 809
904 540
904 994
904 30
904 40
904 55
904 115
904 243
904 307
904 405
904 421
904 476
904 526
904 527
904 715
904 748
904 785
904 807
904 911
904 950
970 999
970 765
970 944
970 55
970 130
970 154
970 200
970 333
970 591
970 613
970 648
970 668
970 676
970 700
970 703
970 733
970 743
970 779
970 786
970 804
970 813
970 870
970 881
970 902
970 905
970 942
970 958
970 964
970 969
990 725
990 193
990 854
990 368
990 303
990 872
990 902
990 878
990 949
990 811
990 862
990 980
990 834
990 574
990 589
990 842
990 910
990 611
990 900
990 103
990 118
990 151
990 155
990 201
990 211
990 318
990 373
990 519
990 596
990 625
990 659
990 775
990 800
990 845
990 875
990 880
990 887
990 889
990 928
151 994
161 154
161 470
161 593
266 952
266 246
266 475
266 544
329 499
329 397
455 145
455 488
455 517
455 637
457 421
457 662
457 524
477 719
477 285
477 637
477 456
477 753
552 953
552 626
552 121
552 397
562 722
562 939
562 616
562 748
562 606
562 548
599 955
599 28
599 310
599 616
599 886
599 931
607 854
607 752
607 928
607 369
607 545
607 755
612 882
612 676
612 302
612 675
612 887
624 746
624 765
624 984
624 815
624 578
663 980
663 136
663 162
663 174
663 386
663 886
677 600
677 952
677 910
677 265
677 207
677 517
677 520
684 953
684 916
684 975
684 903
684 772
684 867
684 964
684 652
692 965
692 870
692 875
692 420
692 251
692 351
726 984
726 953
726 806
726 85
726 469
726 769
726 799
726 975
745 720
745 865
745 267
745 942
745 456
745 479
745 680
745 683
745 852
760 798
760 855
760 522
760 913
760 928
760 718
783 901
783 872
783 30
783 277
783 376
783 505
783 585
783 617
783 743
783 794
783 954
794 483
794 947
794 994
794 976
794 786
794 974
794 711
794 127
794 293
794 414
794 449
794 942
811 951
811 854
811 620
811 943
811 44
811 581
811 688
811 853
811 880
811 882
811 900
811 931
823 947
823 976
823 888
823 159
823 991
823 175
823 497
823 517
823 533
823 833
823 848
853 951
853 955
853 994
853 943
853 671
853 827
853 958
853 931
853 306
853 344
853 480
853 771
873 940
873 634
873 668
873 693
873 572
873 130
873 163
873 223
873 526
873 551
873 714
873 824
873 942
900 947
900 972
900 854
900 981
900 891
900 865
900 91
900 116
900 527
900 680
900 753
900 770
900 788
900 813
900 882
903 922
903 979
903 994
903 862
903 952
903 877
903 285
903 393
903 115
903 230
903 382
903 453
903 496
903 510
903 656
903 781
910 922
910 63
910 176
910 374
910 401
910 406
910 508
910 787
910 812
910 954
915 686
915 981
915 949
915 589
915 839
915 76
915 141
915 201
915 230
915 294
915 313
915 406
915 487
915 557
915 577
915 631
915 927
922 7
922 72
922 239
922 411
922 697
922 728
922 810
922 889
922 902
922 929
922 954
922 968
922 980
923 999
923 960
923 807
923 846
923 362
923 416
923 842
923 876
923 926
923 975
923 107
923 200
923 373
923 445
923 474
923 659
923 747
923 776
923 875
923 931
940 8
940 13
940 106
940 153
940 191
940 215
940 429
940 439
940 472
940 479
940 500
940 512
940 527
940 529
940 579
940 595
940 622
940 662
940 665
940 713
940 715
940 911
940 956
940 994
951 720
951 6
951 32
951 91
951 111
951 114
951 288
951 422
951 448
951 464
951 490
951 635
951 636
951 656
951 694
951 705
951 806
951 862
951 921
951 976
951 980
951 991
953 999
953 979
953 929
953 865
953 935
953 44
953 274
953 282
953 309
953 360
953 475
953 478
953 524
953 555
953 628
953 629
953 716
953 798
953 925
953 954
953 964
954 387
954 947
954 855
954 975
954 271
954 763
954 867
954 190
954 263
954 369
954 373
954 427
954 610
954 800
954 837
954 866
954 889
954 964
960 8
960 159
960 165
960 180
960 206
960 356
960 538
960 590
960 604
960 623
960 642
960 652
960 695
960 696
960 717
960 728
960 782
960 785
960 826
960 832
960 877
960 907
960 909
960 913
960 949
3 686
3 720
3 850
3 864
686 22
686 554
686 593
686 824
686 901
720 176
720 539
720 776
720 890
720 891
850 198
850 267
850 278
850 626
850 636
850 639
850 810
850 818
850 866
850 952
850 999
864 285
864 362
864 365
864 524
864 548
864 741
864 749
864 764
864 806
864 855
864 894
864 916
864 972
22 979
22 368
554 507
554 128
554 260
554 779
554 911
593 984
593 777
593 974
593 640
593 770
593 852
824 862
824 925
824 916
824 818
824 991
824 974
824 763
824 185
824 426
824 927
824 939
901 979
901 26
901 185
901 491
901 538
901 782
901 785
901 786
901 831
901 888
901 890
901 892
901 909
901 927
901 969
176 435
176 707
539 981
539 80
539 596
539 750
539 966
776 947
776 762
776 354
776 818
776 648
776 832
776 292
776 541
776 386
890 999
890 979
890 152
890 877
890 90
890 210
890 237
890 509
890 690
890 700
890 701
890 768
890 808
890 867
891 66
891 994
891 29
891 62
891 249
891 323
891 345
891 491
891 525
891 665
891 730
891 795
891 813
891 942
891 966
198 656
267 55
267 424
267 508
278 994
278 844
278 166
278 769
626 81
626 186
626 532
626 939
636 994
636 958
636 376
636 243
636 866
639 476
639 69
639 404
639 657
639 896
639 975
810 984
810 980
810 991
810 844
810 763
810 800
810 570
810 517
810 666
810 678
810 737
818 980
818 79
818 100
818 236
818 291
818 336
818 427
818 697
818 939
866 944
866 965
866 452
866 892
866 482
866 611
866 974
866 964
866 458
866 768
866 374
952 746
952 874
952 955
952 929
952 921
952 943
952 878
952 935
952 892
952 56
952 246
952 334
952 344
952 367
952 397
952 577
952 585
952 625
952 694
952 842
952 848
952 852
952 934
952 975
999 4
999 29
999 50
999 51
999 72
999 94
999 103
999 123
999 138
999 150
999 154
999 215
999 312
999 401
999 466
999 488
999 498
999 531
999 575
999 578
999 583
999 690
999 698
999 710
999 715
999 778
999 844
999 846
999 876
999 887
999 888
999 906
999 931
999 934
999 949
999 975
999 994
285 89
285 525
362 956
362 47
362 926
365 881
365 126
365 181
365 525
524 926
524 676
524 887
548 765
548 955
548 888
548 687
548 889
741 878
741 564
741 155
741 164
741 321
741 535
741 635
749 912
749 744
749 691
749 632
749 441
749 852
764 944
764 139
764 396
764 277
764 344
764 465
764 515
764 757
764 845
806 902
806 935
806 59
806 343
806 409
806 532
806 877
806 918
855 935
855 575
855 58
855 305
855 363
855 386
855 418
855 431
855 687
855 833
855 909
855 913
855 974
894 972
894 994
894 35
894 121
894 190
894 264
894 299
894 410
894 431
894 489
894 588
894 642
894 667
894 734
894 762
894 838
894 859
894 950
916 620
916 976
916 752
916 149
916 76
916 295
916 660
916 690
916 700
916 732
916 733
916 830
916 939
916 964
916 991
972 601
972 19
972 45
972 51
972 273
972 279
972 287
972 322
972 423
972 427
972 500
972 583
972 595
972 678
972 705
972 717
972 728
972 809
972 838
972 845
972 881
972 926
972 980
972 994
972 995
4 387
387 571
387 701
387 975
571 929
571 984
571 48
571 653
571 661
571 791
701 981
701 284
701 815
701 311
701 380
701 494
701 658
975 984
975 995
975 439
975 584
975 703
975 966
975 651
975 643
975 103
975 282
975 347
975 382
975 411
975 423
975 547
975 578
975 579
975 615
975 778
975 788
975 826
975 859
18 580
18 984
23 965
23 303
85 696
85 101
520 814
520 704
520 928
520 379
658 968
658 661
658 757
658 478
678 874
678 564
678 848
678 649
678 662
743 958
743 934
743 906
743 828
743 625
743 510
780 802
780 62
780 189
780 311
780 504
780 541
780 800
874 10
874 121
874 165
874 352
874 408
874 464
874 585
874 610
874 695
874 713
874 826
874 857
874 927
874 958
874 981
929 14
929 115
929 136
929 159
929 167
929 351
929 492
929 671
929 740
929 791
929 801
929 833
929 848
929 854
929 870
929 882
929 943
929 984
929 994
943 944
943 27
943 33
943 246
943 261
943 397
943 419
943 508
943 510
943 565
943 585
943 594
943 666
943 705
943 786
943 802
943 848
943 958
943 976
958 968
958 995
958 67
958 158
958 282
958 519
958 594
958 629
958 643
958 656
958 674
958 675
958 682
958 690
958 722
958 750
958 770
958 801
958 830
958 926
981 27
981 463
981 119
981 205
981 236
981 247
981 268
981 304
981 308
981 355
981 379
981 408
981 478
981 489
981 614
981 650
981 693
981 694
981 748
981 775
981 779
981 842
981 857
981 902
981 906
981 969
70 88
70 226
70 634
321 740
321 991
405 976
405 650
405 661
405 707
543 802
543 474
543 213
543 371
543 513
697 580
697 921
697 950
697 354
744 949
744 270
744 120
744 248
744 578
744 695
744 809
744 913
757 440
757 974
757 768
757 331
757 625
757 748
815 653
815 896
815 788
815 913
815 203
815 555
815 558
815 647
838 385
838 965
838 995
838 862
838 716
838 926
838 928
838 867
838 595
838 330
838 606
840 765
840 16
840 394
840 479
840 715
840 911
840 931
840 950
840 984
887 947
887 995
887 847
887 905
887 590
887 707
887 497
887 674
887 942
887 812
926 95
926 984
926 966
926 110
926 120
926 422
926 570
926 594
926 608
926 613
926 732
926 791
926 859
956 540
956 37
956 99
956 113
956 262
956 347
956 359
956 448
956 489
956 497
956 652
956 733
956 770
956 804
956 814
956 832
956 833
956 881
956 925
965 15
965 59
965 78
965 227
965 320
965 353
965 433
965 436
965 482
965 625
965 687
965 707
965 732
965 763
965 770
965 775
965 788
965 800
965 825
965 852
965 876
965 892
965 909
965 925
965 964
29 872
50 797
50 944
51 944
51 412
72 968
72 584
94 980
94 472
94 808
123 432
123 865
123 199
138 476
138 145
138 772
150 576
150 831
154 845
215 82
312 955
312 966
312 144
312 533
401 501
401 588
466 690
466 964
466 768
466 380
488 979
488 721
488 213
498 968
498 905
498 740
498 927
531 719
531 736
531 289
531 610
575 297
575 45
575 64
575 314
575 667
578 976
578 235
583 994
583 878
583 969
583 162
690 568
690 131
690 295
690 433
690 939
698 995
698 878
698 439
698 589
698 507
698 728
698 493
710 854
710 994
710 995
710 396
710 859
710 185
710 275
715 784
715 250
715 703
715 597
715 301
715 587
778 761
778 878
778 925
778 149
778 934
778 341
778 322
778 689
778 909
844 95
844 892
844 782
844 634
844 553
844 291
844 555
844 582
844 750
844 906
844 909
844 911
846 817
846 452
846 902
846 36
846 424
846 499
846 506
846 633
846 683
846 753
846 767
846 837
846 934
846 935
876 994
876 995
876 300
876 786
876 633
876 76
876 534
876 728
876 790
876 852
876 906
888 976
888 54
888 146
888 256
888 313
888 315
888 389
888 515
888 594
888 716
888 964
906 984
906 994
906 995
906 878
906 615
906 153
906 180
906 184
906 647
906 674
906 804
906 909
931 995
931 950
931 797
931 966
931 641
931 732
931 340
931 875
931 676
931 644
931 964
931 857
931 263
931 450
931 632
931 769
934 947
934 995
934 797
934 694
934 92
934 153
934 236
934 428
934 447
934 461
934 546
934 587
934 667
934 714
934 768
934 809
949 955
949 984
949 41
949 52
949 68
949 283
949 345
949 377
949 384
949 545
949 574
949 594
949 703
949 828
949 859
949 880
949 886
949 918
949 928
994 751
994 968
994 24
994 26
994 203
994 219
994 371
994 404
994 499
994 504
994 579
994 623
994 633
994 668
994 714
994 729
994 763
994 767
994 797
994 878
994 881
994 909
994 942
994 964
994 995
296 809
296 865
296 955
797 725
797 995
797 410
797 415
797 441
797 790
944 14
944 237
944 238
944 244
944 340
944 376
944 395
944 526
944 728
944 762
944 814
944 828
944 854
944 867
809 969
809 502
809 564
809 942
865 955
865 921
865 39
865 40
865 92
865 236
865 441
865 461
865 918
865 980
955 13
955 761
955 20
955 253
955 429
955 515
955 558
955 604
955 633
955 695
955 729
955 747
955 755
955 831
955 847
955 854
955 896
955 927
233 439
233 759
233 668
262 902
262 384
262 503
273 847
273 831
349 877
349 78
349 83
349 911
491 761
491 918
491 318
576 921
576 60
576 433
576 641
577 968
577 648
577 637
613 221
613 704
613 535
613 763
613 227
635 761
657 399
657 299
657 680
755 980
755 801
755 628
799 925
799 696
799 87
799 186
799 490
799 532
799 709
799 781
799 837
862 45
862 99
862 105
862 143
862 430
862 574
862 737
862 781
862 804
862 881
862 991
6 272
6 432
272 709
272 798
432 525
432 557
432 995
709 814
709 134
709 190
709 505
798 976
798 777
798 52
798 143
798 156
798 460
798 608
798 718
798 767
525 305
557 440
557 680
557 753
995 454
995 725
995 719
995 968
995 30
995 68
995 218
995 271
995 324
995 336
995 371
995 373
995 451
995 550
995 597
995 610
995 628
995 629
995 641
995 645
995 647
995 687
995 737
995 747
995 878
995 880
995 909
995 939
32 902
91 611
268 881
268 831
268 928
510 589
511 221
511 417
511 550
511 669
511 909
536 221
536 538
536 211
536 456
536 640
581 991
581 718
581 729
581 415
581 547
813 756
813 286
813 614
813 787
813 628
813 449
813 717
827 523
827 476
827 67
827 118
827 190
827 252
827 325
827 361
827 459
827 526
827 695
827 911
882 980
882 918
882 99
882 133
882 290
882 314
882 417
882 508
882 614
886 912
886 762
886 907
886 775
886 163
886 166
886 263
886 275
886 328
886 355
886 377
886 857
902 256
902 376
902 379
902 500
902 585
902 602
902 785
902 828
902 839
902 907
969 921
969 782
969 842
969 65
969 106
969 156
969 212
969 224
969 243
969 252
969 352
969 409
969 419
969 431
969 519
969 546
969 559
969 570
969 597
969 714
969 790
969 857
111 968
111 446
114 872
288 191
288 719
288 474
422 881
422 553
464 172
464 373
490 979
490 808
490 964
656 725
656 867
656 290
656 330
694 89
694 355
694 714
694 736
705 968
705 724
705 804
705 260
705 495
921 19
921 77
921 306
921 364
921 506
921 568
921 688
921 833
921 907
921 966
921 980
976 979
976 27
976 60
976 75
976 88
976 188
976 238
976 256
976 287
976 291
976 293
976 317
976 320
976 497
976 507
976 527
976 561
976 589
976 682
976 704
976 784
976 845
976 875
976 878
980 968
980 854
980 872
980 777
980 785
980 48
980 118
980 131
980 171
980 286
980 407
980 461
980 468
980 500
980 506
980 555
980 632
980 660
980 671
980 808
980 826
980 974
991 979
991 947
991 725
991 777
991 918
991 82
991 269
991 307
991 308
991 335
991 363
991 370
991 449
991 467
991 469
991 522
991 534
991 649
991 682
991 687
991 723
991 732
991 737
991 747
991 763
991 770
991 781
991 907
991 909
7 601
7 751
601 459
601 572
601 595
601 759
601 771
751 338
751 460
751 470
751 640
751 644
751 817
751 974
751 979
459 188
459 293
572 732
572 117
572 209
595 187
595 436
595 837
759 984
759 814
759 77
759 396
759 544
759 570
759 614
759 788
759 889
771 633
771 733
771 911
771 621
771 750
338 523
338 839
338 582
460 653
460 522
460 289
470 925
470 691
470 889
640 912
640 974
640 880
640 227
640 308
640 561
644 870
644 974
644 615
644 734
644 164
817 15
817 35
817 227
817 330
817 340
817 487
817 688
817 804
817 870
974 979
974 540
974 984
974 872
974 807
974 762
974 257
974 918
974 96
974 276
974 310
974 347
974 468
974 497
974 515
974 615
974 664
974 708
974 736
974 833
974 875
974 928
974 939
979 10
979 34
979 92
979 166
979 181
979 207
979 237
979 253
979 301
979 358
979 485
979 540
979 617
979 649
979 681
979 708
979 812
979 814
979 877
979 880
979 984
239 368
239 849
239 537
411 832
411 357
728 765
728 335
728 374
728 683
889 756
889 721
889 779
889 530
889 289
889 413
889 436
889 608
889 750
968 19
968 74
968 126
968 302
968 412
968 416
968 445
968 478
968 569
968 587
968 671
968 675
968 808
968 849
968 942
119 566
168 790
168 500
311 939
311 675
323 83
323 353
323 732
326 802
326 772
326 450
376 131
388 440
388 939
388 358
388 471
388 683
449 787
449 485
544 925
544 666
544 680
561 857
561 713
561 660
604 529
604 410
604 964
633 69
652 782
652 752
676 839
676 157
676 664
700 600
700 878
700 867
700 201
700 453
700 642
734 950
734 611
734 157
734 496
752 65
752 224
752 367
752 750
781 925
781 195
781 199
781 335
781 592
787 141
787 283
787 320
787 518
787 812
787 880
912 17
912 53
912 214
912 244
912 292
912 314
912 360
912 423
912 545
912 732
912 737
912 814
912 875
935 139
935 440
935 41
935 109
935 145
935 147
935 197
935 264
935 669
935 748
935 791
935 831
939 435
939 724
939 634
939 482
939 419
939 791
939 212
939 414
939 508
939 545
939 585
939 737
939 927
8 483
8 746
483 309
483 625
483 682
483 913
483 950
746 82
746 386
746 585
746 750
746 768
746 784
746 877
309 360
309 763
625 830
625 629
682 870
682 847
682 849
682 825
682 791
913 947
913 870
913 905
913 782
913 762
913 918
913 287
913 158
913 337
913 374
913 509
913 629
913 674
913 767
950 756
950 39
950 60
950 74
950 253
950 264
950 286
950 425
950 461
950 495
950 518
950 605
950 642
950 669
950 786
950 826
950 877
950 911
950 918
82 348
386 484
386 812
585 668
750 704
750 859
750 907
768 396
768 251
768 378
784 391
784 34
784 101
784 802
784 966
877 69
877 127
877 155
877 526
877 662
877 665
13 11
13 761
106 711
153 419
191 12
191 127
429 160
429 399
429 907
429 238
439 53
472 807
472 238
472 769
479 463
479 807
500 418
500 258
512 730
512 683
527 839
527 499
527 849
529 15
529 496
529 662
579 918
579 733
579 370
622 892
622 87
622 275
622 779
622 928
662 842
662 420
665 740
665 754
665 772
713 839
713 334
713 927
911 452
911 707
911 723
911 185
911 351
911 394
911 395
911 489
911 660
159 80
165 93
165 258
180 597
206 802
206 257
356 661
356 135
356 290
356 831
538 135
538 433
590 795
590 112
590 424
623 492
623 736
623 831
623 177
642 564
642 831
642 305
642 381
695 834
695 569
695 223
696 78
696 521
696 631
696 909
717 762
717 825
717 804
717 384
717 344
717 669
717 826
782 847
782 47
782 721
782 837
785 59
785 570
785 892
826 719
826 892
826 568
826 553
826 966
826 831
826 675
826 532
832 492
832 881
832 101
832 559
832 224
832 315
832 395
832 426
832 927
832 942
907 352
907 808
907 704
907 271
907 132
907 143
907 202
907 377
907 407
907 828
907 880
907 942
909 641
909 790
909 812
909 616
909 394
9 66
9 179
9 187
66 671
66 839
179 674
179 830
179 867
671 441
671 546
671 643
839 681
839 600
839 834
839 317
839 261
839 328
839 425
839 674
674 447
830 724
830 566
830 621
867 765
867 451
867 711
867 618
867 714
867 753
867 828
802 756
802 52
802 217
802 541
802 754
121 564
352 68
352 146
408 367
610 348
610 647
610 517
610 608
857 540
857 650
857 881
857 801
857 507
857 770
857 394
857 927
927 765
927 754
927 611
927 564
927 465
927 519
927 565
927 748
46 33
46 892
89 68
109 602
404 651
404 334
426 569
426 283
433 358
533 648
533 378
533 669
12 765
12 947
24 452
96 693
276 102
276 648
276 425
284 777
284 167
645 653
645 651
645 451
645 425
645 616
647 896
647 469
837 730
837 723
837 207
837 417
925 878
925 892
925 59
925 99
925 147
925 292
925 495
925 606
925 611
925 736
925 896
925 964
34 220
166 400
207 592
237 250
237 964
253 747
301 600
485 966
485 431
540 15
540 825
617 777
617 641
617 428
649 251
649 699
681 20
681 37
681 110
681 244
681 348
681 574
708 984
708 265
708 718
812 559
812 281
812 494
812 660
814 73
814 170
814 337
814 711
814 831
814 833
880 854
880 368
880 786
880 896
880 324
880 194
880 247
880 521
880 551
880 769
984 77
984 144
984 175
984 220
984 281
984 295
984 347
984 355
984 430
984 496
984 547
984 597
984 600
984 651
984 689
984 737
984 767
984 791
984 859
11 95
11 385
385 128
385 421
385 724
385 807
761 406
761 653
761 788
664 848
664 587
664 629
942 947
942 847
942 905
942 786
942 501
942 795
942 634
942 451
942 447
942 828
942 216
942 331
942 718
966 348
966 86
966 195
966 216
966 245
966 314
966 424
966 493
966 555
966 564
966 616
966 675
966 770
966 848
966 852
966 964
421 534
421 659
724 62
724 64
724 618
724 833
807 36
807 493
807 567
807 659
807 680
765 688
765 847
947 90
947 409
947 413
947 414
947 518
947 659
947 711
947 716
947 721
947 756
947 795
127 324
688 591
688 200
688 723
688 800
847 40
847 300
847 359
847 462
847 545
847 651
847 683
847 849
90 214
90 393
409 849
409 487
413 878
413 723
413 505
414 431
518 146
518 779
659 463
659 675
711 872
711 249
711 801
711 852
716 62
716 178
716 306
716 441
716 849
721 117
721 140
756 382
756 668
795 786
795 63
795 107
795 271
795 305
795 530
795 621
795 707
653 58
653 458
653 729
788 398
788 722
788 113
788 238
788 361
20 193
515 872
515 140
515 718
558 605
558 333
558 660
729 399
729 896
729 546
729 290
747 722
747 772
747 157
747 828
747 964
831 918
831 204
831 616
831 691
854 28
854 596
854 718
896 501
896 75
896 248
896 369
896 447
896 475
896 507
896 513
896 722
896 859
14 391
14 454
391 112
391 177
391 621
391 680
454 584
454 592
454 769
454 964
112 859
177 189
177 928
621 261
621 353
621 699
680 567
680 532
584 723
592 297
592 842
592 875
592 205
592 513
769 384
769 471
964 482
964 775
964 736
964 217
964 247
964 314
964 450
964 453
964 458
964 629
964 660
964 737
115 588
167 614
167 360
351 618
492 440
492 25
492 842
740 57
740 565
740 808
740 825
791 193
791 476
791 290
791 689
801 905
801 97
801 417
801 833
801 845
833 170
833 541
833 928
848 878
848 566
848 723
848 294
848 245
848 248
848 339
848 495
848 666
870 35
870 213
870 631
870 849
870 905
244 881
244 178
340 129
395 892
395 703
526 725
762 49
762 63
762 852
828 667
828 209
828 261
828 320
496 435
496 315
496 389
825 808
825 615
825 144
825 254
825 407
825 445
35 297
330 377
487 270
804 160
804 535
804 737
78 354
320 328
353 905
353 462
436 704
482 71
482 631
687 775
687 172
687 430
687 606
707 568
707 117
732 105
732 596
763 226
763 178
763 379
770 228
770 875
775 134
775 299
775 629
775 800
775 852
800 892
800 568
800 317
800 210
800 718
852 725
852 872
852 928
852 753
892 452
892 234
892 396
892 428
892 699
16 139
129 265
129 615
467 83
467 754
475 845
394 489
17 440
17 514
17 725
514 256
514 393
514 730
514 905
514 918
725 194
725 849
256 469
393 699
730 61
730 269
730 361
730 683
905 234
905 374
905 424
905 551
905 634
905 637
905 648
905 754
918 65
918 322
918 453
918 565
918 845
849 834
849 134
849 156
849 631
849 723
53 270
53 786
214 124
214 410
292 234
423 881
423 302
545 753
545 631
875 398
875 553
875 722
875 148
875 192
875 450
875 569
875 683
580 33
580 378
580 618
580 669
378 834
378 254
378 295
618 322
618 389
669 596
669 430
175 204
220 369
281 637
281 218
281 291
355 164
547 691
547 480
597 535
597 277
597 567
600 435
600 124
651 93
651 192
651 275
689 250
689 722
689 415
689 683
767 668
767 596
767 779
767 468
859 205
859 456
859 521
859 605
859 631
19 719
719 381
719 499
381 407
499 100
306 484
364 110
506 196
568 56
126 341
126 614
302 634
412 204
412 245
412 282
412 566
416 56
416 226
416 629
445 777
445 513
478 591
478 424
569 156
569 465
569 606
675 722
808 310
808 628
45 591
279 293
279 550
279 632
287 76
287 928
845 703
845 643
845 313
845 389
845 484
845 551
881 73
881 108
881 131
881 415
881 632
881 790
193 602
602 235
602 305
602 606
602 753
348 582
574 55
574 67
574 462
260 928
260 537
458 218
458 532
733 137
733 135
733 254
733 343
484 350
484 235
596 130
596 551
718 225
148 274
148 736
243 567
345 513
363 417
363 428
380 589
380 310
462 333
462 748
605 399
605 135
605 211
605 632
753 418
753 456
790 300
790 546
790 132
57 257
173 420
173 447
229 145
229 325
229 582
274 446
283 834
502 108
502 519
530 234
530 608
537 186
615 872
628 189
452 418
418 65
26 160
26 221
203 650
203 382
219 842
504 122
668 93
714 407
714 456
878 39
878 124
878 192
878 565
25 435
25 620
620 223
620 495
842 63
842 480
842 534
451 97
834 54
834 202
834 265
834 325
834 350
834 779
786 872
786 186
27 463
463 417
463 450
450 343
246 324
397 155
397 534
565 631
594 400
594 503
60 650
75 367
75 398
188 341
291 616
317 64
317 310
497 143
507 100
507 122
589 61
704 777
704 691
247 447
308 318
379 777
379 425
650 254
650 336
779 204
779 275
779 480
616 339
872 230
872 333
872 410
872 928
230 294
333 212
928 257
928 634
928 465
928 468
928 494
249 39
249 298
125 546
125 667
307 567
523 132
523 313
643 97
643 146
643 772
691 234
691 269
691 315
277 661
277 667
505 446
505 252
505 471
298 141
298 218
699 346
476 47
271 124
336 217
550 777
641 97
777 149
132 588
149 73
200 118
648 87
648 172
703 79
703 113
294 541
534 494
325 661
101 137
199 107
357 637
357 384
493 754
566 501
566 398
772 407
772 509
297 252
252 559
264 163
588 361
588 420
588 570
667 398
567 202
567 468
245 634
300 41
503 282
503 461
503 570
54 501
120 346
359 315
195 86
216 400
382 582
754 86
754 632
192 254
286 116
41 446
446 48
446 400
400 494
197 102
377 582
637 522
637 210
105 73
509 328
555 258
318 224
346 61
346 465
513 606
661 116
661 163
661 736
559 100
171 217
49 228
49 250
250 258
258 178
541 471
270 61
501 722
722 108
722 389
350 102
67 399
344 339
80 553
611 328
611 465
736 420
736 453
399 420
522 84
723 172
723 331
201 210
79 102
81 225
225 116
335 564
474 117
535 157
