1	222
1	749
1	959
1	971
2	77
2	374
2	483
2	894
3	363
3	646
3	828
3	989
4	38
4	928
4	931
4	993
5	471
5	843
5	995
5	996
6	517
6	892
6	922
6	962
7	140
7	455
7	779
7	874
8	536
8	560
8	645
8	894
9	256
9	714
9	795
9	852
10	738
10	835
10	915
10	964
11	528
11	900
11	979
11	987
12	157
12	716
12	921
12	998
13	124
13	405
13	963
13	994
14	743
14	750
14	933
14	990
15	99
15	746
15	869
15	986
16	376
16	680
16	920
16	946
17	49
17	188
17	816
17	994
18	579
18	688
18	789
18	927
19	202
19	527
19	720
19	801
20	724
20	935
20	938
20	974
21	157
21	864
21	915
21	965
22	145
22	481
22	600
22	709
23	547
23	772
23	817
23	893
24	278
24	365
24	456
24	802
25	757
25	830
25	883
25	976
26	80
26	866
26	968
26	976
27	335
27	640
27	860
27	918
28	606
28	638
28	971
28	999
29	108
29	320
29	593
29	859
30	666
30	847
30	933
30	988
31	43
31	524
31	948
31	971
32	82
32	624
32	959
32	967
33	593
33	798
33	843
33	924
34	503
34	634
34	806
34	842
35	359
35	419
35	536
35	971
36	529
36	542
36	658
36	954
37	335
37	533
37	798
37	960
38	4
38	790
38	917
38	927
39	527
39	670
39	725
39	981
40	248
40	269
40	723
40	936
41	774
41	831
41	943
41	995
42	137
42	425
42	963
42	994
43	31
43	624
43	937
43	984
44	714
44	744
44	955
44	997
45	742
45	757
45	795
45	985
46	269
46	818
46	928
46	985
47	52
47	407
47	745
47	893
48	254
48	682
48	757
48	790
49	17
49	569
49	607
49	740
50	478
50	960
50	983
50	1000
51	215
51	258
51	521
51	858
52	47
52	713
52	840
52	973
53	169
53	964
53	968
53	998
54	102
54	350
54	794
54	974
55	348
55	828
55	833
55	946
56	848
56	890
56	913
56	944
57	769
57	920
57	939
57	978
58	530
58	863
58	908
58	963
59	725
59	788
59	966
59	977
60	818
60	822
60	894
60	895
61	889
61	893
61	918
61	983
62	99
62	253
62	543
62	828
63	413
63	887
63	932
63	976
64	749
64	768
64	812
64	934
65	366
65	389
65	647
65	864
66	856
66	961
66	981
66	986
67	188
67	591
67	676
67	923
68	512
68	955
68	977
68	989
69	637
69	837
69	972
69	997
70	340
70	967
70	984
70	989
71	447
71	604
71	801
71	921
72	779
72	807
72	893
72	937
73	790
73	905
73	924
73	978
74	124
74	962
74	965
74	979
75	225
75	524
75	783
75	790
76	597
76	755
76	921
76	995
77	2
77	512
77	924
77	966
78	745
78	894
78	932
78	981
79	152
79	664
79	732
79	976
80	26
80	796
80	839
80	999
81	643
81	942
81	977
81	994
82	32
82	280
82	839
82	879
83	95
83	179
83	879
83	968
84	363
84	460
84	659
84	875
85	643
85	939
85	952
85	979
86	333
86	529
86	662
86	721
87	185
87	911
87	928
87	993
88	464
88	759
88	762
88	984
89	554
89	914
89	929
89	971
90	323
90	578
90	582
90	876
91	136
91	185
91	763
91	981
92	525
92	597
92	625
92	990
93	210
93	948
93	966
93	978
94	517
94	696
94	862
94	906
95	83
95	647
95	808
95	929
96	379
96	670
96	744
96	977
97	375
97	589
97	843
97	957
98	599
98	633
98	797
98	951
99	15
99	62
99	321
99	719
100	516
100	795
100	964
100	966
101	409
101	678
101	735
101	967
102	54
102	304
102	578
102	966
103	611
103	680
103	816
103	987
104	163
104	332
104	426
104	579
105	211
105	842
105	917
105	922
106	468
106	579
106	834
106	979
107	792
107	800
107	897
107	990
108	29
108	219
108	632
108	948
109	186
109	394
109	870
109	991
110	214
110	749
110	830
110	855
111	315
111	640
111	894
111	933
112	259
112	811
112	941
112	973
113	152
113	651
113	756
113	812
114	396
114	963
114	965
114	972
115	660
115	670
115	850
115	852
116	920
116	933
116	973
116	981
117	201
117	583
117	601
117	934
118	565
118	683
118	929
118	984
119	861
119	879
119	886
119	920
120	558
120	808
120	894
120	903
121	315
121	343
121	949
121	995
122	225
122	322
122	798
122	907
123	282
123	821
123	857
123	977
124	13
124	74
124	689
124	859
125	345
125	968
125	986
125	994
126	359
126	540
126	626
126	950
127	374
127	391
127	796
127	985
128	731
128	765
128	892
128	926
129	324
129	355
129	800
129	992
130	680
130	871
130	935
130	951
131	654
131	661
131	880
131	899
132	465
132	877
132	912
132	922
133	283
133	706
133	939
133	952
134	437
134	772
134	921
134	949
135	211
135	820
135	958
135	988
136	91
136	405
136	727
136	886
137	42
137	865
137	980
137	998
138	432
138	485
138	940
138	973
139	326
139	554
139	601
139	916
140	7
140	154
140	416
140	888
141	270
141	825
141	875
141	940
142	315
142	746
142	859
142	961
143	162
143	164
143	513
143	995
144	388
144	511
144	710
144	770
145	22
145	772
145	954
145	988
146	440
146	514
146	895
146	989
147	384
147	569
147	996
147	1000
148	409
148	658
148	783
148	984
149	398
149	916
149	948
149	981
150	186
150	434
150	867
150	950
151	159
151	814
151	887
151	955
152	79
152	113
152	964
152	989
153	401
153	711
153	946
153	961
154	140
154	686
154	694
154	910
155	542
155	844
155	941
155	947
156	438
156	738
156	884
156	938
157	12
157	21
157	426
157	821
158	347
158	984
158	996
158	997
159	151
159	710
159	851
159	993
160	198
160	727
160	838
160	941
161	796
161	986
161	989
161	995
162	143
162	256
162	815
162	910
163	104
163	553
163	559
163	790
164	143
164	637
164	780
164	964
165	473
165	837
165	845
165	985
166	596
166	753
166	950
166	969
167	479
167	902
167	964
167	969
168	691
168	865
168	922
168	954
169	53
169	583
169	945
169	998
170	626
170	675
170	846
170	872
171	350
171	505
171	729
171	903
172	239
172	632
172	970
172	978
173	380
173	815
173	880
173	930
174	774
174	875
174	909
174	989
175	810
175	916
175	967
175	985
176	533
176	570
176	819
176	821
177	198
177	572
177	820
177	905
178	851
178	947
178	974
178	996
179	83
179	311
179	517
179	999
180	181
180	420
180	836
180	978
181	180
181	365
181	732
181	990
182	439
182	801
182	931
182	985
183	741
183	806
183	936
183	962
184	291
184	577
184	596
184	941
185	87
185	91
185	517
185	674
186	109
186	150
186	370
186	710
187	746
187	910
187	941
187	961
188	17
188	67
188	661
188	848
189	437
189	532
189	911
189	964
190	617
190	655
190	870
190	912
191	195
191	585
191	885
191	896
192	704
192	918
192	945
192	981
193	876
193	950
193	977
193	989
194	682
194	840
194	894
194	983
195	191
195	537
195	929
195	959
196	567
196	742
196	842
196	987
197	450
197	918
197	939
197	946
198	160
198	177
198	495
198	912
199	578
199	603
199	890
199	975
200	334
200	346
200	657
200	996
201	117
201	547
201	601
201	974
202	19
202	887
202	888
202	948
203	635
203	705
203	985
203	994
204	410
204	466
204	629
204	868
205	561
205	611
205	834
205	987
206	502
206	571
206	858
206	998
207	239
207	672
207	984
207	996
208	581
208	589
208	753
208	927
209	342
209	421
209	622
209	651
210	93
210	498
210	843
210	923
211	105
211	135
211	364
211	997
212	838
212	928
212	930
212	988
213	427
213	582
213	929
213	971
214	110
214	522
214	797
214	887
215	51
215	259
215	836
215	901
216	770
216	930
216	949
216	986
217	308
217	572
217	892
217	964
218	221
218	345
218	409
218	876
219	108
219	920
219	965
219	1000
220	812
220	929
220	981
220	988
221	218
221	578
221	920
221	936
222	1
222	249
222	874
222	989
223	488
223	927
223	978
223	994
224	436
224	680
224	740
224	943
225	75
225	122
225	850
225	949
226	265
226	932
226	934
226	956
227	520
227	922
227	980
227	997
228	509
228	665
228	760
228	991
229	534
229	663
229	778
229	881
230	472
230	801
230	989
230	1000
231	657
231	917
231	937
231	993
232	894
232	950
232	969
232	986
233	414
233	461
233	585
233	636
234	845
234	915
234	955
234	968
235	725
235	892
235	953
235	979
236	276
236	555
236	557
236	934
237	760
237	847
237	893
237	905
238	667
238	740
238	831
238	990
239	172
239	207
239	374
239	978
240	274
240	505
240	640
240	974
241	556
241	612
241	873
241	875
242	497
242	807
242	840
242	924
243	436
243	604
243	626
243	979
244	290
244	594
244	596
244	994
245	530
245	699
245	958
245	994
246	516
246	758
246	916
246	950
247	862
247	941
247	966
247	968
248	40
248	310
248	691
248	890
249	222
249	900
249	976
249	992
250	277
250	361
250	825
250	992
251	809
251	932
251	937
251	985
252	372
252	453
252	621
252	994
253	62
253	262
253	795
253	980
254	48
254	807
254	917
254	992
255	572
255	683
255	708
255	993
256	9
256	162
256	516
256	961
257	874
257	885
257	902
257	977
257	984
258	51
258	497
258	701
258	807
258	979
259	112
259	215
259	394
259	758
259	992
260	313
260	355
260	730
260	944
260	946
261	324
261	329
261	612
261	983
261	992
262	253
262	673
262	803
262	971
262	998
263	540
263	852
263	893
263	913
263	977
264	598
264	620
264	818
264	958
264	960
265	226
265	478
265	567
265	800
265	846
266	285
266	662
266	706
266	979
266	991
267	896
267	916
267	921
267	923
267	988
268	445
268	756
268	812
268	869
268	941
269	40
269	46
269	710
269	817
269	935
270	141
270	810
270	835
270	898
270	947
271	566
271	604
271	691
271	901
271	972
272	375
272	898
272	906
272	921
272	940
273	539
273	697
273	898
273	914
273	920
274	240
274	791
274	889
274	980
274	988
275	383
275	762
275	865
275	965
275	999
276	236
276	415
276	656
276	703
276	987
277	250
277	303
277	329
277	612
277	834
278	24
278	386
278	424
278	883
278	998
279	766
279	801
279	804
279	860
279	989
280	82
280	449
280	573
280	905
280	948
281	326
281	339
281	886
281	911
281	969
282	123
282	768
282	908
282	931
282	996
283	133
283	760
283	904
283	909
283	987
284	681
284	706
284	819
284	849
284	945
285	266
285	419
285	616
285	789
285	973
286	714
286	834
286	897
286	940
286	999
287	734
287	930
287	951
287	956
287	958
288	336
288	645
288	658
288	824
288	935
289	304
289	603
289	892
289	981
289	983
290	244
290	454
290	913
290	953
290	995
291	184
291	325
291	361
291	824
291	993
292	527
292	690
292	780
292	846
292	997
293	317
293	862
293	951
293	973
293	978
294	481
294	745
294	771
294	919
294	994
295	882
295	894
295	960
295	964
295	982
296	368
296	433
296	658
296	921
296	930
297	416
297	875
297	883
297	957
297	965
298	592
298	766
298	823
298	937
298	989
299	535
299	742
299	911
299	957
299	993
300	346
300	491
300	847
300	949
300	998
301	509
301	920
301	931
301	966
301	979
302	330
302	503
302	794
302	898
302	984
303	277
303	391
303	852
303	939
303	993
304	102
304	289
304	805
304	817
304	910
305	749
305	897
305	930
305	938
305	947
306	387
306	741
306	884
306	976
306	983
307	311
307	359
307	799
307	826
307	835
308	217
308	830
308	904
308	931
308	991
309	752
309	827
309	907
309	914
309	987
310	248
310	394
310	734
310	837
310	981
311	179
311	307
311	597
311	646
311	810
312	340
312	342
312	644
312	694
312	807
313	260
313	562
313	602
313	646
313	881
314	728
314	751
314	839
314	860
314	937
315	111
315	121
315	142
315	542
315	989
316	446
316	571
316	808
316	975
316	989
317	293
317	617
317	756
317	833
317	925
318	331
318	672
318	735
318	956
318	990
319	578
319	803
319	869
319	948
319	962
320	29
320	472
320	868
320	885
320	970
321	99
321	724
321	765
321	963
321	978
322	122
322	338
322	474
322	943
322	979
323	90
323	584
323	706
323	889
323	991
324	129
324	261
324	714
324	745
324	809
325	291
325	821
325	851
325	929
325	959
326	139
326	281
326	528
326	899
326	959
327	345
327	553
327	768
327	963
327	991
328	331
328	499
328	613
328	905
328	968
329	261
329	277
329	391
329	457
329	989
330	302
330	413
330	686
330	878
330	888
331	318
331	328
331	707
331	891
331	907
332	104
332	408
332	625
332	899
332	961
333	86
333	361
333	441
333	850
333	926
334	200
334	420
334	489
334	803
334	965
335	27
335	37
335	418
335	650
335	989
336	288
336	506
336	726
336	736
336	960
337	780
337	933
337	934
337	948
337	969
338	322
338	595
338	639
338	898
338	959
339	281
339	523
339	756
339	936
339	990
340	70
340	312
340	838
340	981
340	1000
341	714
341	927
341	931
341	962
341	969
342	209
342	312
342	686
342	924
342	999
343	121
343	498
343	726
343	866
343	935
344	515
344	521
344	560
344	874
344	978
345	125
345	218
345	327
345	394
345	870
346	200
346	300
346	706
346	859
346	921
347	158
347	873
347	981
347	991
347	999
348	55
348	680
348	721
348	850
348	908
349	588
349	769
349	818
349	835
349	919
350	54
350	171
350	629
350	657
350	912
351	469
351	716
351	897
351	974
351	991
352	549
352	814
352	831
352	959
352	997
353	548
353	569
353	645
353	842
353	845
354	461
354	778
354	855
354	899
354	986
355	129
355	260
355	563
355	803
355	992
356	467
356	575
356	810
356	840
356	896
357	783
357	830
357	851
357	920
357	982
358	776
358	845
358	848
358	889
358	966
359	35
359	126
359	307
359	518
359	876
360	718
360	775
360	807
360	842
360	844
361	250
361	291
361	333
361	926
361	949
362	515
362	540
362	951
362	963
362	977
363	3
363	84
363	613
363	783
363	880
364	211
364	613
364	689
364	867
364	936
365	24
365	181
365	450
365	492
365	902
366	65
366	550
366	595
366	848
366	940
367	417
367	551
367	586
367	756
367	857
368	296
368	818
368	922
368	987
368	992
369	434
369	776
369	903
369	914
369	967
370	186
370	660
370	774
370	813
370	963
371	411
371	573
371	941
371	956
371	981
372	252
372	620
372	920
372	979
372	990
373	549
373	672
373	953
373	979
373	1000
374	2
374	127
374	239
374	951
374	1000
375	97
375	272
375	411
375	898
375	902
376	16
376	695
376	771
376	867
376	988
377	460
377	562
377	646
377	951
377	968
378	752
378	906
378	909
378	927
378	942
379	96
379	485
379	594
379	883
379	925
380	173
380	418
380	434
380	901
380	958
381	713
381	797
381	979
381	985
381	991
382	430
382	805
382	978
382	984
382	994
383	275
383	719
383	755
383	924
383	949
384	147
384	809
384	910
384	954
384	999
385	507
385	806
385	839
385	860
385	978
386	278
386	408
386	450
386	511
386	935
386	959
387	306
387	509
387	735
387	946
387	982
387	999
388	144
388	485
388	551
388	723
388	888
388	953
389	65
389	429
389	663
389	769
389	952
389	979
390	745
390	789
390	888
390	896
390	909
390	979
391	127
391	303
391	329
391	846
391	952
391	980
392	413
392	415
392	437
392	514
392	540
392	949
393	701
393	736
393	788
393	857
393	899
393	981
394	109
394	259
394	310
394	345
394	870
394	973
395	457
395	553
395	608
395	620
395	988
395	995
396	114
396	454
396	488
396	504
396	519
396	967
397	533
397	636
397	824
397	913
397	987
397	992
398	149
398	531
398	884
398	906
398	921
398	998
399	616
399	705
399	720
399	884
399	915
399	990
400	457
400	762
400	782
400	855
400	989
400	1000
401	153
401	451
401	538
401	770
401	902
401	996
402	408
402	544
402	753
402	945
402	955
402	980
403	580
403	732
403	841
403	987
403	990
403	998
404	477
404	505
404	518
404	694
404	789
404	880
405	13
405	136
405	573
405	591
405	769
405	973
406	479
406	567
406	739
406	818
406	825
406	947
407	47
407	482
407	781
407	794
407	858
407	969
408	332
408	386
408	402
408	792
408	921
408	998
409	101
409	148
409	218
409	665
409	724
409	904
410	204
410	419
410	481
410	679
410	775
410	972
411	371
411	375
411	445
411	480
411	711
411	723
412	536
412	557
412	840
412	855
412	912
412	998
413	63
413	330
413	392
413	627
413	980
413	995
414	233
414	459
414	476
414	556
414	667
414	669
415	276
415	392
415	697
415	749
415	824
415	962
416	140
416	297
416	641
416	889
416	901
416	983
417	367
417	542
417	596
417	934
417	939
417	996
418	335
418	380
418	849
418	866
418	974
418	977
419	35
419	285
419	410
419	535
419	798
419	984
420	180
420	334
420	448
420	719
420	839
420	967
421	209
421	712
421	768
421	903
421	934
421	972
422	464
422	505
422	515
422	845
422	873
422	990
423	540
423	605
423	682
423	898
423	968
423	998
424	278
424	430
424	662
424	734
424	932
424	947
425	42
425	502
425	904
425	929
425	960
425	972
426	104
426	157
426	747
426	955
426	966
426	995
427	213
427	516
427	786
427	820
427	888
427	982
428	652
428	786
428	943
428	945
428	969
428	973
429	389
429	447
429	541
429	709
429	893
429	977
430	382
430	424
430	755
430	842
430	888
430	933
431	504
431	611
431	631
431	892
431	966
431	977
432	138
432	769
432	947
432	955
432	973
432	984
433	296
433	440
433	522
433	602
433	866
433	938
434	150
434	369
434	380
434	767
434	936
434	975
435	684
435	690
435	843
435	940
435	952
435	980
436	224
436	243
436	865
436	908
436	980
436	987
437	134
437	189
437	392
437	701
437	862
437	904
438	156
438	568
438	673
438	783
438	962
438	1000
439	182
439	452
439	720
439	836
439	895
439	980
440	146
440	433
440	502
440	655
440	922
440	993
441	333
441	442
441	760
441	818
441	932
441	960
442	441
442	445
442	469
442	577
442	854
442	869
443	456
443	802
443	945
443	958
443	986
443	998
444	602
444	648
444	869
444	893
444	953
444	963
445	268
445	411
445	442
445	894
445	984
445	987
446	316
446	615
446	707
446	852
446	985
446	989
447	71
447	429
447	695
447	921
447	963
447	989
448	420
448	716
448	836
448	839
448	862
448	986
449	280
449	568
449	575
449	935
449	962
449	965
450	197
450	365
450	386
450	881
450	971
450	993
451	401
451	611
451	700
451	731
451	906
451	972
452	439
452	731
452	781
452	802
452	856
452	873
453	252
453	550
453	729
453	773
453	808
453	850
454	290
454	396
454	458
454	880
454	982
454	987
455	7
455	627
455	703
455	739
455	833
455	971
456	24
456	443
456	578
456	814
456	883
456	912
457	329
457	395
457	400
457	720
457	882
457	948
458	454
458	723
458	844
458	850
458	914
458	933
459	414
459	627
459	821
459	907
459	928
459	930
460	84
460	377
460	543
460	817
460	995
460	997
461	233
461	354
461	709
461	831
461	844
461	907
462	511
462	676
462	911
462	953
462	981
462	991
463	671
463	807
463	895
463	982
463	987
463	992
464	88
464	422
464	859
464	931
464	935
464	987
465	132
465	500
465	514
465	670
465	738
465	989
466	204
466	883
466	903
466	921
466	961
466	963
467	356
467	612
467	623
467	939
467	953
467	993
468	106
468	728
468	857
468	868
468	881
468	999
469	351
469	442
469	831
469	888
469	916
469	985
470	591
470	681
470	715
470	812
470	879
470	944
471	5
471	509
471	917
471	919
471	963
471	979
472	230
472	320
472	476
472	799
472	996
472	1000
473	165
473	832
473	837
473	970
473	993
473	1000
474	322
474	710
474	841
474	877
474	949
474	992
475	766
475	794
475	804
475	921
475	955
475	981
476	414
476	472
476	593
476	660
476	791
476	871
477	404
477	628
477	777
477	916
477	972
477	980
478	50
478	265
478	480
478	816
478	817
478	970
479	167
479	406
479	483
479	722
479	960
479	1000
480	411
480	478
480	666
480	893
480	942
480	998
481	22
481	294
481	410
481	662
481	914
481	957
482	407
482	592
482	637
482	848
482	911
482	958
483	2
483	479
483	636
483	787
483	943
483	993
484	620
484	691
484	718
484	796
484	840
484	931
485	138
485	379
485	388
485	722
485	777
485	1000
486	649
486	837
486	863
486	903
486	927
486	996
487	742
487	844
487	918
487	943
487	993
487	994
488	223
488	396
488	582
488	592
488	723
488	975
489	334
489	499
489	552
489	581
489	957
489	964
490	491
490	869
490	886
490	903
490	962
490	994
491	300
491	490
491	633
491	704
491	759
491	918
492	365
492	496
492	556
492	596
492	890
492	958
493	710
493	727
493	851
493	943
493	954
493	978
494	689
494	707
494	884
494	914
494	952
494	954
495	198
495	568
495	629
495	813
495	980
495	989
496	492
496	534
496	621
496	916
496	949
496	1000
497	242
497	258
497	739
497	897
497	974
497	980
498	210
498	343
498	686
498	957
498	988
498	996
499	328
499	489
499	555
499	665
499	880
499	973
500	465
500	900
500	945
500	952
500	958
500	969
501	635
501	713
501	795
501	843
501	930
501	976
502	206
502	425
502	440
502	723
502	989
502	998
503	34
503	302
503	678
503	898
503	948
503	965
504	396
504	431
504	837
504	877
504	939
504	957
505	171
505	240
505	404
505	422
505	804
505	952
506	336
506	601
506	716
506	778
506	876
506	998
507	385
507	744
507	781
507	956
507	995
507	1000
508	622
508	896
508	901
508	916
508	921
508	972
509	228
509	301
509	387
509	471
509	946
509	962
509	972
510	515
510	726
510	759
510	799
510	948
510	976
510	978
511	144
511	386
511	462
511	631
511	664
511	942
511	976
512	68
512	77
512	750
512	832
512	903
512	946
512	956
513	143
513	723
513	786
513	923
513	960
513	977
513	998
514	146
514	392
514	465
514	550
514	844
514	924
514	929
515	344
515	362
515	422
515	510
515	867
515	927
515	936
516	100
516	246
516	256
516	427
516	854
516	908
516	929
517	6
517	94
517	179
517	185
517	918
517	919
517	922
518	359
518	404
518	709
518	717
518	730
518	866
518	964
519	396
519	616
519	620
519	628
519	776
519	810
519	826
520	227
520	603
520	624
520	674
520	895
520	921
520	948
521	51
521	344
521	783
521	823
521	899
521	938
521	951
522	214
522	433
522	579
522	720
522	785
522	793
522	887
523	339
523	538
523	546
523	757
523	835
523	945
523	981
524	31
524	75
524	624
524	919
524	949
524	974
524	983
525	92
525	545
525	618
525	700
525	705
525	720
525	954
526	586
526	766
526	783
526	819
526	934
526	957
526	982
527	19
527	39
527	292
527	856
527	871
527	888
527	993
528	11
528	326
528	564
528	799
528	820
528	849
528	997
529	36
529	86
529	566
529	765
529	802
529	920
529	956
530	58
530	245
530	728
530	739
530	751
530	945
530	990
531	398
531	554
531	698
531	747
531	873
531	906
531	999
532	189
532	592
532	832
532	858
532	902
532	938
532	973
533	37
533	176
533	397
533	569
533	722
533	843
533	965
534	229
534	496
534	665
534	770
534	816
534	836
534	978
535	299
535	419
535	544
535	598
535	877
535	943
535	973
536	8
536	35
536	412
536	605
536	679
536	738
536	814
537	195
537	822
537	879
537	904
537	915
537	958
537	987
538	401
538	523
538	627
538	708
538	844
538	863
538	988
539	273
539	708
539	800
539	856
539	912
539	991
539	996
540	126
540	263
540	362
540	392
540	423
540	813
540	974
541	429
541	619
541	760
541	941
541	951
541	959
541	983
542	36
542	155
542	315
542	417
542	631
542	680
542	908
543	62
543	460
543	659
543	904
543	910
543	965
543	992
544	402
544	535
544	552
544	601
544	606
544	710
544	975
545	525
545	624
545	831
545	862
545	936
545	971
545	986
546	523
546	836
546	837
546	910
546	958
546	963
546	999
547	23
547	201
547	619
547	656
547	930
547	946
547	956
548	353
548	615
548	814
548	833
548	940
548	953
548	982
549	352
549	373
549	908
549	933
549	941
549	956
549	957
550	366
550	453
550	514
550	699
550	796
550	904
550	990
551	367
551	388
551	813
551	837
551	923
551	936
551	965
552	489
552	544
552	652
552	728
552	937
552	974
552	991
553	163
553	327
553	395
553	757
553	860
553	895
553	991
554	89
554	139
554	531
554	741
554	880
554	919
554	990
555	236
555	499
555	638
555	703
555	708
555	911
555	984
556	241
556	414
556	492
556	696
556	863
556	957
556	965
557	236
557	412
557	751
557	809
557	872
557	928
557	999
558	120
558	576
558	684
558	839
558	936
558	937
558	987
559	163
559	654
559	696
559	752
559	898
559	913
559	957
560	8
560	344
560	840
560	901
560	912
560	956
560	993
561	205
561	787
561	803
561	804
561	908
561	985
561	987
562	313
562	377
562	700
562	842
562	886
562	929
562	986
563	355
563	614
563	668
563	806
563	977
563	983
563	996
564	528
564	675
564	681
564	737
564	768
564	917
564	990
565	118
565	602
565	663
565	922
565	944
565	962
565	998
566	271
566	529
566	823
566	827
566	932
566	954
566	992
567	196
567	265
567	406
567	752
567	895
567	936
567	969
568	438
568	449
568	495
568	648
568	859
568	954
568	1000
569	49
569	147
569	353
569	533
569	652
569	772
569	986
570	176
570	590
570	715
570	808
570	841
570	908
570	966
571	206
571	316
571	670
571	785
571	844
571	923
571	977
572	177
572	217
572	255
572	757
572	841
572	864
572	984
573	280
573	371
573	405
573	961
573	963
573	986
573	991
574	587
574	630
574	812
574	913
574	926
574	969
574	999
575	356
575	449
575	797
575	805
575	918
575	934
575	981
576	558
576	689
576	817
576	881
576	930
576	965
576	989
577	184
577	442
577	804
577	807
577	929
577	945
577	999
578	90
578	102
578	199
578	221
578	319
578	456
578	903
579	18
579	104
579	106
579	522
579	638
579	932
579	988
580	403
580	680
580	803
580	838
580	874
580	880
580	903
581	208
581	489
581	748
581	892
581	943
581	963
581	982
582	90
582	213
582	488
582	667
582	923
582	932
582	959
583	117
583	169
583	614
583	858
583	940
583	956
583	958
584	323
584	753
584	815
584	875
584	921
584	949
584	974
585	191
585	233
585	732
585	788
585	892
585	903
585	991
586	367
586	526
586	757
586	817
586	916
586	926
586	993
587	574
587	643
587	695
587	832
587	867
587	963
587	973
588	349
588	611
588	664
588	675
588	807
588	899
588	900
589	97
589	208
589	684
589	728
589	828
589	884
589	992
590	570
590	674
590	684
590	959
590	980
590	984
590	994
591	67
591	405
591	470
591	912
591	953
591	973
591	988
591	994
592	298
592	482
592	488
592	532
592	746
592	862
592	943
592	955
593	29
593	33
593	476
593	907
593	912
593	938
593	952
593	998
594	244
594	379
594	790
594	948
594	967
594	971
594	972
594	996
595	338
595	366
595	653
595	811
595	916
595	920
595	925
595	967
596	166
596	184
596	244
596	417
596	492
596	597
596	698
596	846
597	76
597	92
597	311
597	596
597	758
597	848
597	955
597	999
598	264
598	535
598	726
598	886
598	904
598	982
598	998
598	1000
599	98
599	730
599	732
599	871
599	966
599	973
599	977
599	989
600	22
600	701
600	762
600	777
600	827
600	864
600	885
600	969
601	117
601	139
601	201
601	506
601	544
601	673
601	791
601	856
602	313
602	433
602	444
602	565
602	631
602	705
602	784
602	928
603	199
603	289
603	520
603	622
603	650
603	671
603	988
603	999
604	71
604	243
604	271
604	893
604	957
604	982
604	995
604	997
605	423
605	536
605	740
605	809
605	841
605	912
605	944
605	981
606	28
606	544
606	694
606	781
606	821
606	872
606	878
606	991
607	49
607	669
607	682
607	804
607	839
607	858
607	945
607	975
608	395
608	668
608	772
608	860
608	861
608	947
608	975
608	997
609	619
609	756
609	785
609	909
609	910
609	934
609	981
609	994
610	712
610	745
610	875
610	911
610	919
610	931
610	976
610	988
611	103
611	205
611	431
611	451
611	588
611	664
611	686
611	874
612	241
612	261
612	277
612	467
612	743
612	818
612	891
612	954
613	328
613	363
613	364
613	666
613	893
613	903
613	915
613	944
614	563
614	583
614	771
614	872
614	874
614	893
614	925
614	943
615	446
615	548
615	685
615	750
615	825
615	851
615	943
615	973
616	285
616	399
616	519
616	749
616	767
616	892
616	927
616	928
617	190
617	317
617	698
617	876
617	917
617	936
617	987
617	994
618	525
618	637
618	933
618	935
618	952
618	954
618	957
618	967
619	541
619	547
619	609
619	777
619	847
619	924
619	926
619	976
620	264
620	372
620	395
620	484
620	519
620	869
620	874
620	971
621	252
621	496
621	811
621	832
621	943
621	961
621	962
621	974
622	209
622	508
622	603
622	812
622	901
622	920
622	926
622	974
623	467
623	676
623	677
623	786
623	792
623	892
623	899
623	963
624	32
624	43
624	520
624	524
624	545
624	867
624	954
624	964
625	92
625	332
625	669
625	721
625	875
625	902
625	945
625	949
626	126
626	170
626	243
626	688
626	773
626	821
626	990
626	999
627	413
627	455
627	459
627	538
627	850
627	891
627	920
627	946
628	477
628	519
628	713
628	744
628	801
628	934
628	991
628	998
629	204
629	350
629	495
629	649
629	765
629	798
629	966
629	986
630	574
630	656
630	671
630	792
630	845
630	893
630	988
630	997
631	431
631	511
631	542
631	602
631	762
631	878
631	980
631	995
632	108
632	172
632	681
632	722
632	828
632	835
632	861
632	922
633	98
633	491
633	880
633	892
633	909
633	918
633	934
633	950
634	34
634	695
634	809
634	822
634	890
634	941
634	965
634	995
635	203
635	501
635	775
635	800
635	918
635	919
635	940
635	961
636	233
636	397
636	483
636	647
636	747
636	923
636	952
636	981
637	69
637	164
637	482
637	618
637	918
637	950
637	959
637	996
638	28
638	555
638	579
638	822
638	875
638	946
638	954
638	996
639	338
639	773
639	800
639	808
639	964
639	967
639	994
639	999
640	27
640	111
640	240
640	731
640	863
640	925
640	930
640	936
641	416
641	672
641	697
641	732
641	738
641	820
641	878
641	929
642	656
642	853
642	879
642	942
642	956
642	966
642	977
642	978
643	81
643	85
643	587
643	687
643	970
643	975
643	992
643	997
644	312
644	879
644	914
644	962
644	964
644	978
644	994
644	997
645	8
645	288
645	353
645	668
645	945
645	970
645	972
645	979
646	3
646	311
646	313
646	377
646	734
646	808
646	919
646	988
647	65
647	95
647	636
647	854
647	875
647	935
647	952
647	992
648	444
648	568
648	667
648	872
648	899
648	909
648	941
648	980
649	486
649	629
649	754
649	909
649	927
649	991
649	993
649	997
650	335
650	603
650	927
650	947
650	965
650	975
650	978
650	980
651	113
651	209
651	699
651	845
651	849
651	895
651	983
651	984
652	428
652	552
652	569
652	858
652	938
652	942
652	982
652	997
653	595
653	670
653	819
653	836
653	905
653	917
653	948
653	967
654	131
654	559
654	688
654	823
654	901
654	922
654	963
654	993
655	190
655	440
655	902
655	912
655	924
655	932
655	942
655	950
656	276
656	547
656	630
656	642
656	905
656	938
656	946
656	991
657	200
657	231
657	350
657	764
657	804
657	835
657	914
657	952
657	964
658	36
658	148
658	288
658	296
658	853
658	862
658	873
658	882
658	988
659	84
659	543
659	803
659	823
659	908
659	966
659	980
659	985
659	986
660	115
660	370
660	476
660	773
660	828
660	877
660	896
660	939
660	995
661	131
661	188
661	750
661	817
661	827
661	864
661	929
661	945
661	980
662	86
662	266
662	424
662	481
662	707
662	847
662	874
662	961
662	998
663	229
663	389
663	565
663	787
663	824
663	826
663	863
663	941
663	990
664	79
664	511
664	588
664	611
664	716
664	838
664	846
664	890
664	962
665	228
665	409
665	499
665	534
665	683
665	859
665	921
665	982
665	983
666	30
666	480
666	613
666	674
666	717
666	860
666	928
666	952
666	994
667	238
667	414
667	582
667	648
667	735
667	820
667	872
667	886
667	917
668	563
668	608
668	645
668	793
668	794
668	853
668	901
668	942
668	967
669	414
669	607
669	625
669	718
669	804
669	836
669	946
669	957
669	996
670	39
670	96
670	115
670	465
670	571
670	653
670	927
670	973
670	996
671	463
671	603
671	630
671	742
671	763
671	796
671	967
671	972
671	984
672	207
672	318
672	373
672	641
672	703
672	820
672	877
672	936
672	1000
673	262
673	438
673	601
673	829
673	864
673	904
673	945
673	959
673	992
674	185
674	520
674	590
674	666
674	708
674	783
674	806
674	818
674	862
675	170
675	564
675	588
675	781
675	787
675	917
675	943
675	958
675	983
676	67
676	462
676	623
676	761
676	766
676	925
676	944
676	967
676	998
677	623
677	777
677	815
677	818
677	917
677	954
677	979
677	986
677	990
678	101
678	503
678	756
678	850
678	879
678	885
678	889
678	906
678	983
679	410
679	536
679	748
679	794
679	966
679	970
679	975
679	981
679	997
680	16
680	103
680	130
680	224
680	348
680	542
680	580
680	868
680	915
681	284
681	470
681	564
681	632
681	899
681	951
681	980
681	984
681	992
682	48
682	194
682	423
682	607
682	832
682	855
682	887
682	913
682	989
683	118
683	255
683	665
683	819
683	860
683	900
683	915
683	957
683	998
684	435
684	558
684	589
684	590
684	775
684	846
684	896
684	914
684	933
685	615
685	692
685	868
685	877
685	919
685	950
685	960
685	985
685	986
686	154
686	330
686	342
686	498
686	611
686	894
686	904
686	938
686	1000
687	643
687	884
687	923
687	932
687	942
687	950
687	961
687	975
687	976
688	18
688	626
688	654
688	829
688	969
688	973
688	979
688	981
688	999
689	124
689	364
689	494
689	576
689	745
689	831
689	962
689	972
689	996
690	292
690	435
690	705
690	737
690	877
690	914
690	938
690	968
690	973
691	168
691	248
691	271
691	484
691	712
691	815
691	918
691	967
691	979
692	685
692	765
692	891
692	904
692	911
692	924
692	926
692	978
692	994
693	807
693	852
693	854
693	873
693	955
693	959
693	984
693	997
693	1000
694	154
694	312
694	404
694	606
694	721
694	743
694	751
694	881
694	966
694	981
695	376
695	447
695	587
695	634
695	729
695	826
695	827
695	863
695	877
695	917
696	94
696	556
696	559
696	707
696	745
696	859
696	905
696	920
696	934
696	1000
697	273
697	415
697	641
697	763
697	906
697	918
697	946
697	958
697	962
697	1000
698	531
698	596
698	617
698	821
698	822
698	901
698	907
698	962
698	985
698	990
699	245
699	550
699	651
699	754
699	873
699	880
699	893
699	894
699	996
699	1000
700	451
700	525
700	562
700	729
700	735
700	848
700	899
700	944
700	969
700	977
701	258
701	393
701	437
701	600
701	773
701	799
701	933
701	934
701	939
701	943
702	779
702	829
702	857
702	911
702	917
702	937
702	952
702	964
702	966
702	988
703	276
703	455
703	555
703	672
703	840
703	897
703	908
703	956
703	968
703	987
704	192
704	491
704	719
704	857
704	858
704	890
704	900
704	923
704	987
704	992
705	203
705	399
705	525
705	602
705	690
705	879
705	903
705	924
705	936
705	994
706	133
706	266
706	284
706	323
706	346
706	854
706	907
706	923
706	930
706	991
707	331
707	446
707	494
707	662
707	696
707	933
707	940
707	941
707	955
707	990
708	255
708	538
708	539
708	555
708	674
708	861
708	924
708	958
708	960
708	978
709	22
709	429
709	461
709	518
709	827
709	866
709	876
709	928
709	953
709	961
710	144
710	159
710	186
710	269
710	474
710	493
710	544
710	862
710	974
710	980
711	153
711	411
711	716
711	743
711	754
711	898
711	913
711	986
711	991
711	995
712	421
712	610
712	691
712	758
712	868
712	959
712	983
712	984
712	986
712	1000
713	52
713	381
713	501
713	628
713	830
713	858
713	924
713	950
713	969
713	971
714	9
714	44
714	286
714	324
714	341
714	797
714	804
714	840
714	914
714	943
715	470
715	570
715	723
715	841
715	885
715	895
715	915
715	926
715	979
715	983
716	12
716	351
716	448
716	506
716	664
716	711
716	784
716	866
716	965
716	967
717	518
717	666
717	803
717	899
717	922
717	923
717	931
717	940
717	946
717	965
718	360
718	484
718	669
718	836
718	855
718	860
718	875
718	933
718	956
718	978
719	99
719	383
719	420
719	704
719	817
719	896
719	906
719	943
719	963
719	998
720	19
720	399
720	439
720	457
720	522
720	525
720	736
720	868
720	939
720	986
721	86
721	348
721	625
721	694
721	801
721	929
721	934
721	962
721	983
721	987
722	479
722	485
722	533
722	632
722	856
722	884
722	913
722	970
722	974
722	994
723	40
723	388
723	411
723	458
723	488
723	502
723	513
723	715
723	797
723	935
724	20
724	321
724	409
724	813
724	848
724	879
724	962
724	965
724	995
724	999
725	39
725	59
725	235
725	934
725	961
725	963
725	964
725	970
725	975
725	997
726	336
726	343
726	510
726	598
726	741
726	821
726	830
726	839
726	959
726	984
727	136
727	160
727	493
727	733
727	774
727	856
727	914
727	968
727	971
727	992
728	314
728	468
728	530
728	552
728	589
728	766
728	878
728	969
728	986
728	990
729	171
729	453
729	695
729	700
729	750
729	873
729	924
729	944
729	953
729	981
730	260
730	518
730	599
730	767
730	820
730	864
730	871
730	893
730	949
730	974
731	128
731	451
731	452
731	640
731	872
731	923
731	977
731	986
731	991
731	995
732	79
732	181
732	403
732	585
732	599
732	641
732	908
732	914
732	919
732	990
733	727
733	777
733	853
733	866
733	879
733	900
733	921
733	949
733	966
733	969
734	287
734	310
734	424
734	646
734	868
734	876
734	880
734	895
734	914
734	952
735	101
735	318
735	387
735	667
735	700
735	739
735	821
735	847
735	937
735	957
736	336
736	393
736	720
736	765
736	843
736	922
736	925
736	940
736	965
736	993
737	564
737	690
737	776
737	807
737	859
737	876
737	886
737	955
737	985
737	998
738	10
738	156
738	465
738	536
738	641
738	837
738	841
738	960
738	965
738	984
738	990
739	406
739	455
739	497
739	530
739	735
739	834
739	838
739	886
739	951
739	994
739	997
740	49
740	224
740	238
740	605
740	846
740	928
740	934
740	937
740	943
740	950
740	990
741	183
741	306
741	554
741	726
741	834
741	850
741	878
741	913
741	932
741	944
741	982
742	45
742	196
742	299
742	487
742	671
742	754
742	762
742	850
742	946
742	986
742	994
743	14
743	612
743	694
743	711
743	775
743	843
743	850
743	898
743	901
743	953
743	989
744	44
744	96
744	507
744	628
744	757
744	777
744	824
744	848
744	869
744	926
744	991
745	47
745	78
745	294
745	324
745	390
745	610
745	689
745	696
745	755
745	870
745	927
746	15
746	142
746	187
746	592
746	788
746	916
746	919
746	971
746	976
746	978
746	993
747	426
747	531
747	636
747	754
747	772
747	777
747	815
747	874
747	936
747	970
747	974
748	581
748	679
748	785
748	795
748	927
748	930
748	945
748	971
748	980
748	987
748	992
749	1
749	64
749	110
749	305
749	415
749	616
749	752
749	830
749	851
749	927
749	996
750	14
750	512
750	615
750	661
750	729
750	897
750	902
750	913
750	949
750	966
750	967
751	314
751	530
751	557
751	694
751	845
751	903
751	919
751	930
751	940
751	968
751	999
752	309
752	378
752	559
752	567
752	749
752	754
752	798
752	877
752	892
752	927
752	994
753	166
753	208
753	402
753	584
753	792
753	822
753	845
753	888
753	969
753	970
753	975
754	649
754	699
754	711
754	742
754	747
754	752
754	815
754	882
754	933
754	945
754	991
755	76
755	383
755	430
755	745
755	766
755	816
755	839
755	920
755	948
755	963
755	999
756	113
756	268
756	317
756	339
756	367
756	609
756	678
756	787
756	833
756	959
756	992
757	25
757	45
757	48
757	523
757	553
757	572
757	586
757	744
757	829
757	988
757	991
758	246
758	259
758	597
758	712
758	770
758	886
758	914
758	935
758	950
758	980
758	994
759	88
759	491
759	510
759	763
759	784
759	887
759	895
759	896
759	915
759	976
759	984
760	228
760	237
760	283
760	441
760	541
760	783
760	798
760	841
760	861
760	863
760	900
761	676
761	782
761	786
761	814
761	847
761	869
761	880
761	944
761	969
761	972
761	996
762	88
762	275
762	400
762	600
762	631
762	742
762	837
762	878
762	885
762	899
762	900
762	993
763	91
763	671
763	697
763	759
763	766
763	901
763	923
763	929
763	942
763	985
763	987
763	998
764	657
764	810
764	849
764	853
764	908
764	933
764	948
764	974
764	976
764	985
764	990
764	998
765	128
765	321
765	529
765	629
765	692
765	736
765	802
765	883
765	896
765	925
765	940
765	961
766	279
766	298
766	475
766	526
766	676
766	728
766	755
766	763
766	923
766	933
766	937
766	994
767	434
767	616
767	730
767	773
767	811
767	813
767	871
767	872
767	891
767	928
767	944
767	957
768	64
768	282
768	327
768	421
768	564
768	853
768	939
768	971
768	976
768	986
768	993
768	995
769	57
769	349
769	389
769	405
769	432
769	775
769	796
769	805
769	855
769	902
769	928
769	931
770	144
770	216
770	401
770	534
770	758
770	871
770	895
770	919
770	944
770	961
770	983
770	992
771	294
771	376
771	614
771	793
771	800
771	867
771	883
771	893
771	915
771	934
771	935
771	997
772	23
772	134
772	145
772	569
772	608
772	747
772	803
772	820
772	839
772	904
772	979
772	995
773	453
773	626
773	639
773	660
773	701
773	767
773	834
773	959
773	966
773	989
773	998
773	1000
774	41
774	174
774	370
774	727
774	826
774	930
774	934
774	959
774	963
774	975
774	985
774	986
775	360
775	410
775	635
775	684
775	743
775	769
775	779
775	789
775	815
775	886
775	932
775	954
776	358
776	369
776	519
776	737
776	865
776	898
776	923
776	924
776	929
776	980
776	993
776	998
777	477
777	485
777	600
777	619
777	677
777	733
777	744
777	747
777	844
777	919
777	944
777	997
778	229
778	354
778	506
778	816
778	845
778	872
778	893
778	900
778	941
778	947
778	986
778	989
779	7
779	72
779	702
779	775
779	788
779	821
779	826
779	883
779	886
779	894
779	901
779	970
780	164
780	292
780	337
780	784
780	792
780	800
780	810
780	882
780	892
780	967
780	992
780	995
781	407
781	452
781	507
781	606
781	675
781	860
781	877
781	905
781	925
781	933
781	989
781	995
782	400
782	761
782	820
782	822
782	836
782	875
782	907
782	913
782	954
782	981
782	985
782	999
783	75
783	148
783	357
783	363
783	438
783	521
783	526
783	674
783	760
783	925
783	941
783	942
784	602
784	716
784	759
784	780
784	825
784	829
784	860
784	870
784	944
784	977
784	985
784	988
785	522
785	571
785	609
785	748
785	836
785	909
785	912
785	939
785	956
785	960
785	996
785	1000
786	427
786	428
786	513
786	623
786	761
786	806
786	848
786	892
786	902
786	961
786	982
786	996
787	483
787	561
787	663
787	675
787	756
787	849
787	858
787	905
787	918
787	921
787	948
787	958
788	59
788	393
788	585
788	746
788	779
788	796
788	878
788	951
788	965
788	978
788	983
788	994
789	18
789	285
789	390
789	404
789	775
789	823
789	826
789	828
789	866
789	910
789	955
789	968
790	38
790	48
790	73
790	75
790	163
790	594
790	848
790	894
790	934
790	953
790	976
790	981
791	274
791	476
791	601
791	802
791	875
791	883
791	909
791	933
791	949
791	962
791	968
791	996
791	999
792	107
792	408
792	623
792	630
792	753
792	780
792	876
792	911
792	936
792	961
792	969
792	988
792	997
793	522
793	668
793	771
793	842
793	857
793	875
793	883
793	897
793	934
793	935
793	948
793	985
793	993
794	54
794	302
794	407
794	475
794	668
794	679
794	795
794	841
794	908
794	965
794	969
794	979
794	999
795	9
795	45
795	100
795	253
795	501
795	748
795	794
795	845
795	923
795	953
795	970
795	980
795	992
796	80
796	127
796	161
796	484
796	550
796	671
796	769
796	788
796	841
796	847
796	913
796	959
796	963
797	98
797	214
797	381
797	575
797	714
797	723
797	812
797	849
797	890
797	903
797	933
797	935
797	937
798	33
798	37
798	122
798	419
798	629
798	752
798	760
798	934
798	938
798	940
798	950
798	977
798	999
799	307
799	472
799	510
799	528
799	701
799	822
799	878
799	939
799	970
799	981
799	994
799	995
799	999
800	107
800	129
800	265
800	539
800	635
800	639
800	771
800	780
800	878
800	880
800	941
800	973
800	980
801	19
801	71
801	182
801	230
801	279
801	628
801	721
801	854
801	919
801	936
801	952
801	979
801	984
802	24
802	443
802	452
802	529
802	765
802	791
802	849
802	858
802	956
802	960
802	993
802	995
802	996
803	262
803	319
803	334
803	355
803	561
803	580
803	659
803	717
803	772
803	884
803	943
803	979
803	982
804	279
804	475
804	505
804	561
804	577
804	607
804	657
804	669
804	714
804	842
804	968
804	980
804	992
805	304
805	382
805	575
805	769
805	860
805	909
805	930
805	939
805	946
805	957
805	982
805	995
805	996
806	34
806	183
806	385
806	563
806	674
806	786
806	816
806	908
806	942
806	945
806	951
806	975
806	990
807	72
807	242
807	254
807	258
807	312
807	360
807	463
807	577
807	588
807	693
807	737
807	995
807	998
808	95
808	120
808	316
808	453
808	570
808	639
808	646
808	826
808	846
808	879
808	881
808	983
808	991
809	251
809	324
809	384
809	557
809	605
809	634
809	855
809	869
809	917
809	926
809	961
809	970
809	993
810	175
810	270
810	311
810	356
810	519
810	764
810	780
810	870
810	919
810	948
810	954
810	982
810	998
811	112
811	595
811	621
811	767
811	822
811	848
811	871
811	887
811	941
811	944
811	966
811	993
811	995
812	64
812	113
812	220
812	268
812	470
812	574
812	622
812	797
812	882
812	937
812	940
812	984
812	997
813	370
813	495
813	540
813	551
813	724
813	767
813	885
813	899
813	944
813	945
813	953
813	966
813	977
813	992
814	151
814	352
814	456
814	536
814	548
814	761
814	829
814	892
814	898
814	912
814	920
814	936
814	983
814	986
815	162
815	173
815	584
815	677
815	691
815	747
815	754
815	775
815	856
815	890
815	905
815	968
815	971
815	991
816	17
816	103
816	478
816	534
816	755
816	778
816	806
816	848
816	852
816	854
816	878
816	906
816	932
816	941
817	23
817	269
817	304
817	460
817	478
817	576
817	586
817	661
817	719
817	835
817	894
817	929
817	950
817	999
818	46
818	60
818	264
818	349
818	368
818	406
818	441
818	612
818	674
818	677
818	861
818	929
818	973
818	989
819	176
819	284
819	526
819	653
819	683
819	820
819	889
819	912
819	925
819	948
819	949
819	965
819	973
819	983
820	135
820	177
820	427
820	528
820	641
820	667
820	672
820	730
820	772
820	782
820	819
820	864
820	867
820	936
821	123
821	157
821	176
821	325
821	459
821	606
821	626
821	698
821	726
821	735
821	779
821	913
821	925
821	928
822	60
822	537
822	634
822	638
822	698
822	753
822	782
822	799
822	811
822	864
822	878
822	897
822	985
822	998
823	298
823	521
823	566
823	654
823	659
823	789
823	867
823	887
823	913
823	947
823	951
823	958
823	968
823	996
824	288
824	291
824	397
824	415
824	663
824	744
824	848
824	884
824	909
824	935
824	946
824	958
824	970
824	979
825	141
825	250
825	406
825	615
825	784
825	870
825	913
825	925
825	953
825	964
825	978
825	986
825	994
825	1000
826	307
826	519
826	663
826	695
826	774
826	779
826	789
826	808
826	930
826	938
826	948
826	963
826	973
826	997
827	309
827	566
827	600
827	661
827	695
827	709
827	833
827	839
827	857
827	869
827	882
827	914
827	979
827	991
828	3
828	55
828	62
828	589
828	632
828	660
828	789
828	839
828	849
828	907
828	951
828	965
828	985
828	999
829	673
829	688
829	702
829	757
829	784
829	814
829	845
829	882
829	899
829	906
829	943
829	945
829	953
829	982
830	25
830	110
830	308
830	357
830	713
830	726
830	749
830	917
830	931
830	953
830	959
830	967
830	971
830	982
831	41
831	238
831	352
831	461
831	469
831	545
831	689
831	863
831	881
831	883
831	891
831	911
831	968
831	971
832	473
832	512
832	532
832	587
832	621
832	682
832	835
832	864
832	895
832	927
832	970
832	975
832	988
832	997
833	55
833	317
833	455
833	548
833	756
833	827
833	834
833	865
833	885
833	912
833	922
833	955
833	971
833	981
833	997
834	106
834	205
834	277
834	286
834	739
834	741
834	773
834	833
834	897
834	917
834	962
834	966
834	977
834	989
834	996
835	10
835	270
835	307
835	349
835	523
835	632
835	657
835	817
835	832
835	836
835	863
835	864
835	884
835	974
835	990
836	180
836	215
836	439
836	448
836	534
836	546
836	653
836	669
836	718
836	782
836	785
836	835
836	861
836	863
836	977
837	69
837	165
837	310
837	473
837	486
837	504
837	546
837	551
837	738
837	762
837	841
837	891
837	963
837	966
837	993
838	160
838	212
838	340
838	580
838	664
838	739
838	843
838	874
838	902
838	915
838	937
838	955
838	960
838	961
838	969
839	80
839	82
839	314
839	385
839	420
839	448
839	558
839	607
839	726
839	755
839	772
839	827
839	828
839	949
839	994
840	52
840	194
840	242
840	356
840	412
840	484
840	560
840	703
840	714
840	877
840	885
840	894
840	901
840	918
840	923
841	403
841	474
841	570
841	572
841	605
841	715
841	738
841	760
841	794
841	796
841	837
841	911
841	961
841	984
841	985
842	34
842	105
842	196
842	353
842	360
842	430
842	562
842	793
842	804
842	855
842	883
842	887
842	964
842	970
842	984
843	5
843	33
843	97
843	210
843	435
843	501
843	533
843	736
843	743
843	838
843	869
843	881
843	897
843	943
843	972
844	155
844	360
844	458
844	461
844	487
844	514
844	538
844	571
844	777
844	863
844	871
844	916
844	947
844	954
844	1000
845	165
845	234
845	353
845	358
845	422
845	630
845	651
845	751
845	753
845	778
845	795
845	829
845	858
845	930
845	996
846	170
846	265
846	292
846	391
846	596
846	664
846	684
846	740
846	808
846	893
846	907
846	914
846	964
846	970
846	983
846	988
847	30
847	237
847	300
847	619
847	662
847	735
847	761
847	796
847	850
847	885
847	890
847	907
847	939
847	951
847	984
847	999
848	56
848	188
848	358
848	366
848	482
848	597
848	700
848	724
848	744
848	786
848	790
848	811
848	816
848	824
848	949
848	959
849	284
849	418
849	528
849	651
849	764
849	787
849	797
849	802
849	828
849	872
849	923
849	925
849	933
849	944
849	957
849	972
850	115
850	225
850	333
850	348
850	453
850	458
850	627
850	678
850	741
850	742
850	743
850	847
850	931
850	954
850	972
850	978
851	159
851	178
851	325
851	357
851	493
851	615
851	749
851	865
851	922
851	926
851	931
851	955
851	968
851	972
851	986
851	999
852	9
852	115
852	263
852	303
852	446
852	693
852	816
852	871
852	930
852	935
852	947
852	970
852	972
852	975
852	997
852	1000
853	642
853	658
853	668
853	733
853	764
853	768
853	855
853	863
853	900
853	903
853	921
853	940
853	942
853	952
853	957
853	982
854	442
854	516
854	647
854	693
854	706
854	801
854	816
854	887
854	917
854	919
854	925
854	931
854	962
854	984
854	996
854	997
855	110
855	354
855	400
855	412
855	682
855	718
855	769
855	809
855	842
855	853
855	887
855	926
855	940
855	971
855	988
855	999
856	66
856	452
856	527
856	539
856	601
856	722
856	727
856	815
856	913
856	924
856	949
856	952
856	974
856	976
856	977
856	997
857	123
857	367
857	393
857	468
857	702
857	704
857	793
857	827
857	860
857	918
857	937
857	938
857	953
857	977
857	988
857	995
858	51
858	206
858	407
858	532
858	583
858	607
858	652
858	704
858	713
858	787
858	802
858	845
858	918
858	935
858	947
858	997
859	29
859	124
859	142
859	346
859	464
859	568
859	665
859	696
859	737
859	897
859	903
859	911
859	921
859	960
859	972
859	985
860	27
860	279
860	314
860	385
860	553
860	608
860	666
860	683
860	718
860	781
860	784
860	805
860	857
860	903
860	924
860	988
861	119
861	608
861	632
861	708
861	760
861	818
861	836
861	901
861	931
861	948
861	951
861	975
861	976
861	979
861	988
861	994
862	94
862	247
862	293
862	437
862	448
862	545
862	592
862	658
862	674
862	710
862	932
862	936
862	954
862	957
862	958
862	964
862	983
863	58
863	486
863	538
863	556
863	640
863	663
863	695
863	760
863	831
863	835
863	836
863	844
863	853
863	868
863	878
863	910
863	926
864	21
864	65
864	572
864	600
864	661
864	673
864	730
864	820
864	822
864	832
864	835
864	876
864	879
864	885
864	899
864	949
864	992
865	137
865	168
865	275
865	436
865	776
865	833
865	851
865	888
865	890
865	896
865	918
865	927
865	947
865	964
865	970
865	975
865	997
866	26
866	343
866	418
866	433
866	518
866	709
866	716
866	733
866	789
866	893
866	895
866	946
866	964
866	977
866	978
866	985
866	994
867	150
867	364
867	376
867	515
867	587
867	624
867	771
867	820
867	823
867	906
867	907
867	908
867	932
867	935
867	936
867	995
867	996
868	204
868	320
868	468
868	680
868	685
868	712
868	720
868	734
868	863
868	875
868	881
868	910
868	916
868	953
868	976
868	980
868	999
869	15
869	268
869	319
869	442
869	444
869	490
869	620
869	744
869	761
869	809
869	827
869	843
869	920
869	949
869	950
869	952
869	963
869	993
870	109
870	190
870	345
870	394
870	745
870	784
870	810
870	825
870	874
870	905
870	910
870	917
870	940
870	955
870	961
870	967
870	970
870	987
871	130
871	476
871	527
871	599
871	730
871	767
871	770
871	811
871	844
871	852
871	872
871	893
871	932
871	944
871	945
871	960
871	966
871	987
872	170
872	557
872	606
872	614
872	648
872	667
872	731
872	767
872	778
872	849
872	871
872	889
872	928
872	933
872	938
872	947
872	974
872	977
872	999
873	241
873	347
873	422
873	452
873	531
873	658
873	693
873	699
873	729
873	900
873	903
873	910
873	911
873	937
873	956
873	959
873	980
873	992
873	995
874	7
874	222
874	257
874	344
874	580
874	611
874	614
874	620
874	662
874	747
874	838
874	870
874	890
874	905
874	917
874	953
874	955
874	969
874	980
875	84
875	141
875	174
875	241
875	297
875	584
875	610
875	625
875	638
875	647
875	718
875	782
875	791
875	793
875	868
875	940
875	960
875	970
875	995
876	90
876	193
876	218
876	359
876	506
876	617
876	709
876	734
876	737
876	792
876	864
876	929
876	939
876	941
876	945
876	980
876	988
876	989
876	992
877	132
877	474
877	504
877	535
877	660
877	672
877	685
877	690
877	695
877	752
877	781
877	840
877	914
877	915
877	921
877	938
877	956
877	973
877	975
878	330
878	606
878	631
878	641
878	728
878	741
878	762
878	788
878	799
878	800
878	816
878	822
878	863
878	891
878	912
878	944
878	947
878	986
878	995
879	82
879	83
879	119
879	470
879	537
879	642
879	644
879	678
879	705
879	724
879	733
879	808
879	864
879	897
879	950
879	975
879	985
879	987
879	990
880	131
880	173
880	363
880	404
880	454
880	499
880	554
880	580
880	633
880	699
880	734
880	761
880	800
880	897
880	930
880	944
880	970
880	992
880	1000
881	229
881	313
881	450
881	468
881	576
881	694
881	808
881	831
881	843
881	868
881	889
881	959
881	967
881	972
881	977
881	982
881	985
881	989
881	994
881	999
882	295
882	457
882	658
882	754
882	780
882	812
882	827
882	829
882	892
882	895
882	899
882	912
882	916
882	947
882	954
882	972
882	980
882	988
882	995
882	1000
883	25
883	278
883	297
883	379
883	456
883	466
883	765
883	771
883	779
883	791
883	793
883	831
883	842
883	904
883	918
883	957
883	962
883	977
883	986
883	992
884	156
884	306
884	398
884	399
884	494
884	589
884	687
884	722
884	803
884	824
884	835
884	891
884	905
884	909
884	911
884	946
884	953
884	976
884	982
884	987
885	191
885	257
885	320
885	600
885	678
885	715
885	762
885	813
885	833
885	840
885	847
885	864
885	891
885	922
885	960
885	961
885	963
885	968
885	990
885	993
886	119
886	136
886	281
886	490
886	562
886	598
886	667
886	737
886	739
886	758
886	775
886	779
886	896
886	897
886	912
886	928
886	929
886	947
886	992
886	998
887	63
887	151
887	202
887	214
887	522
887	682
887	759
887	811
887	823
887	842
887	854
887	855
887	889
887	920
887	922
887	968
887	979
887	983
887	984
887	991
888	140
888	202
888	330
888	388
888	390
888	427
888	430
888	469
888	527
888	753
888	865
888	916
888	921
888	947
888	952
888	956
888	960
888	970
888	972
888	997
889	61
889	274
889	323
889	358
889	416
889	678
889	819
889	872
889	881
889	887
889	906
889	909
889	923
889	937
889	941
889	959
889	981
889	983
889	986
889	994
890	56
890	199
890	248
890	492
890	634
890	664
890	704
890	797
890	815
890	847
890	865
890	874
890	917
890	925
890	939
890	952
890	974
890	978
890	985
890	986
890	995
891	331
891	612
891	627
891	692
891	767
891	831
891	837
891	878
891	884
891	885
891	905
891	906
891	908
891	919
891	922
891	939
891	947
891	950
891	971
891	974
891	980
892	6
892	128
892	217
892	235
892	289
892	431
892	581
892	585
892	616
892	623
892	633
892	752
892	780
892	786
892	814
892	882
892	925
892	953
892	957
892	973
892	978
893	23
893	47
893	61
893	72
893	237
893	263
893	429
893	444
893	480
893	604
893	613
893	614
893	630
893	699
893	730
893	771
893	778
893	846
893	866
893	871
893	993
894	2
894	8
894	60
894	78
894	111
894	120
894	194
894	232
894	295
894	445
894	686
894	699
894	779
894	790
894	817
894	840
894	901
894	908
894	949
894	963
894	995
895	60
895	146
895	439
895	463
895	520
895	553
895	567
895	651
895	715
895	734
895	759
895	770
895	832
895	866
895	882
895	924
895	942
895	943
895	949
895	976
895	982
896	191
896	267
896	356
896	390
896	508
896	660
896	684
896	719
896	759
896	765
896	865
896	886
896	898
896	901
896	913
896	924
896	929
896	932
896	943
896	960
896	995
897	107
897	286
897	305
897	351
897	497
897	703
897	750
897	793
897	822
897	834
897	843
897	859
897	879
897	880
897	886
897	913
897	940
897	949
897	957
897	983
897	989
898	270
898	272
898	273
898	302
898	338
898	375
898	423
898	503
898	559
898	711
898	743
898	776
898	814
898	896
898	908
898	915
898	929
898	948
898	953
898	955
898	968
898	1000
899	131
899	326
899	332
899	354
899	393
899	521
899	588
899	623
899	648
899	681
899	700
899	717
899	762
899	813
899	829
899	864
899	882
899	904
899	945
899	959
899	960
899	992
900	11
900	249
900	500
900	588
900	683
900	704
900	733
900	760
900	762
900	778
900	853
900	873
900	903
900	917
900	923
900	956
900	967
900	979
900	982
900	984
900	996
900	997
901	215
901	271
901	380
901	416
901	508
901	560
901	622
901	654
901	668
901	698
901	743
901	763
901	779
901	840
901	861
901	894
901	896
901	907
901	953
901	973
901	999
901	1000
902	167
902	257
902	365
902	375
902	401
902	532
902	625
902	655
902	750
902	769
902	786
902	838
902	920
902	940
902	942
902	943
902	955
902	972
902	987
902	988
902	989
902	999
903	120
903	171
903	369
903	421
903	466
903	486
903	490
903	512
903	578
903	580
903	585
903	613
903	705
903	751
903	797
903	853
903	859
903	860
903	873
903	900
903	915
903	955
903	971
904	283
904	308
904	409
904	425
904	437
904	537
904	543
904	550
904	598
904	673
904	686
904	692
904	772
904	883
904	899
904	908
904	909
904	916
904	956
904	975
904	987
904	990
904	1000
905	73
905	177
905	237
905	280
905	328
905	653
905	656
905	696
905	781
905	787
905	815
905	870
905	874
905	884
905	891
905	925
905	928
905	929
905	933
905	937
905	938
905	983
905	985
906	94
906	272
906	378
906	398
906	451
906	531
906	678
906	697
906	719
906	816
906	829
906	867
906	889
906	891
906	931
906	935
906	942
906	947
906	951
906	965
906	975
906	990
906	999
907	122
907	309
907	331
907	459
907	461
907	593
907	698
907	706
907	782
907	828
907	846
907	847
907	867
907	901
907	923
907	927
907	931
907	941
907	967
907	972
907	979
907	985
907	998
908	58
908	282
908	348
908	436
908	516
908	542
908	549
908	561
908	570
908	659
908	703
908	732
908	764
908	794
908	806
908	867
908	891
908	894
908	898
908	904
908	968
908	970
908	971
909	174
909	283
909	378
909	390
909	609
909	633
909	648
909	649
909	785
909	791
909	805
909	824
909	884
909	889
909	904
909	940
909	945
909	955
909	966
909	979
909	982
909	987
909	993
910	154
910	162
910	187
910	304
910	384
910	543
910	546
910	609
910	789
910	863
910	868
910	870
910	873
910	941
910	953
910	954
910	958
910	962
910	963
910	969
910	974
910	982
910	999
911	87
911	189
911	281
911	299
911	462
911	482
911	555
911	610
911	692
911	702
911	792
911	831
911	841
911	859
911	873
911	884
911	918
911	919
911	923
911	960
911	974
911	981
911	988
911	993
912	132
912	190
912	198
912	350
912	412
912	456
912	539
912	560
912	591
912	593
912	605
912	655
912	785
912	814
912	819
912	833
912	878
912	882
912	886
912	944
912	951
912	978
912	981
912	991
913	56
913	263
913	290
913	397
913	559
913	574
913	682
913	711
913	722
913	741
913	750
913	782
913	796
913	821
913	823
913	825
913	856
913	896
913	897
913	942
913	949
913	974
913	978
913	990
914	89
914	273
914	309
914	369
914	458
914	481
914	494
914	644
914	657
914	684
914	690
914	714
914	727
914	732
914	734
914	758
914	827
914	846
914	877
914	952
914	960
914	961
914	984
914	987
915	10
915	21
915	234
915	399
915	537
915	613
915	680
915	683
915	715
915	759
915	771
915	838
915	877
915	898
915	903
915	926
915	932
915	937
915	948
915	950
915	961
915	976
915	978
915	997
915	998
916	139
916	149
916	175
916	246
916	267
916	469
916	477
916	496
916	508
916	586
916	595
916	746
916	844
916	868
916	882
916	888
916	904
916	945
916	958
916	972
916	974
916	977
916	980
916	982
916	996
917	38
917	105
917	231
917	254
917	471
917	564
917	617
917	653
917	667
917	675
917	677
917	695
917	702
917	809
917	830
917	834
917	854
917	870
917	874
917	890
917	900
917	926
917	931
917	979
917	987
918	27
918	61
918	192
918	197
918	487
918	491
918	517
918	575
918	633
918	635
918	637
918	691
918	697
918	787
918	840
918	857
918	858
918	865
918	883
918	911
918	948
918	954
918	963
918	972
918	1000
919	294
919	349
919	471
919	517
919	524
919	554
919	610
919	635
919	646
919	685
919	732
919	746
919	751
919	770
919	777
919	801
919	810
919	854
919	891
919	911
919	959
919	962
919	984
919	995
919	996
920	16
920	57
920	116
920	119
920	219
920	221
920	273
920	301
920	357
920	372
920	529
920	595
920	622
920	627
920	696
920	755
920	814
920	869
920	887
920	902
920	944
920	950
920	971
920	986
920	993
921	12
921	71
921	76
921	134
921	267
921	272
921	296
921	346
921	398
921	408
921	447
921	466
921	475
921	508
921	520
921	584
921	665
921	733
921	787
921	853
921	859
921	877
921	888
921	931
921	957
922	6
922	105
922	132
922	168
922	227
922	368
922	440
922	517
922	565
922	632
922	654
922	717
922	736
922	833
922	851
922	885
922	887
922	891
922	946
922	953
922	960
922	965
922	968
922	971
922	992
923	67
923	210
923	267
923	513
923	551
923	571
923	582
923	636
923	687
923	704
923	706
923	717
923	731
923	763
923	766
923	776
923	795
923	840
923	849
923	889
923	900
923	907
923	911
923	985
923	990
923	998
924	33
924	73
924	77
924	242
924	342
924	383
924	514
924	619
924	655
924	692
924	705
924	708
924	713
924	729
924	776
924	856
924	860
924	895
924	896
924	931
924	942
924	970
924	984
924	987
924	991
924	998
925	317
925	379
925	595
925	614
925	640
925	676
925	736
925	765
925	781
925	783
925	819
925	821
925	825
925	849
925	854
925	890
925	892
925	905
925	928
925	929
925	946
925	948
925	953
925	981
925	993
925	995
926	128
926	333
926	361
926	574
926	586
926	619
926	622
926	692
926	715
926	744
926	809
926	851
926	855
926	863
926	915
926	917
926	931
926	944
926	965
926	968
926	969
926	971
926	972
926	974
926	976
926	991
927	18
927	38
927	208
927	223
927	341
927	378
927	486
927	515
927	616
927	649
927	650
927	670
927	745
927	748
927	749
927	752
927	832
927	865
927	907
927	938
927	943
927	969
927	973
927	980
927	995
927	1000
928	4
928	46
928	87
928	212
928	459
928	557
928	602
928	616
928	666
928	709
928	740
928	767
928	769
928	821
928	872
928	886
928	905
928	925
928	932
928	935
928	943
928	952
928	968
928	975
928	976
928	984
929	89
929	95
929	118
929	195
929	213
929	220
929	325
929	425
929	514
929	516
929	562
929	577
929	641
929	661
929	721
929	763
929	776
929	817
929	818
929	876
929	886
929	896
929	898
929	905
929	925
929	972
929	991
930	173
930	212
930	216
930	287
930	296
930	305
930	459
930	501
930	547
930	576
930	640
930	706
930	748
930	751
930	774
930	805
930	826
930	845
930	852
930	880
930	934
930	942
930	969
930	976
930	981
930	990
930	992
931	4
931	182
931	282
931	301
931	308
931	341
931	464
931	484
931	610
931	717
931	769
931	830
931	850
931	851
931	854
931	861
931	906
931	907
931	917
931	921
931	924
931	926
931	982
931	986
931	987
931	995
931	997
932	63
932	78
932	226
932	251
932	424
932	441
932	566
932	579
932	582
932	655
932	687
932	741
932	775
932	816
932	862
932	867
932	871
932	896
932	915
932	928
932	940
932	948
932	954
932	970
932	976
932	986
932	993
933	14
933	30
933	111
933	116
933	337
933	430
933	458
933	549
933	618
933	684
933	701
933	707
933	718
933	754
933	764
933	766
933	781
933	791
933	797
933	849
933	872
933	905
933	938
933	947
933	964
933	988
933	995
934	64
934	117
934	226
934	236
934	337
934	417
934	421
934	526
934	575
934	609
934	628
934	633
934	696
934	701
934	721
934	725
934	740
934	771
934	774
934	790
934	793
934	798
934	930
934	957
934	961
934	964
934	988
935	20
935	130
935	269
935	288
935	343
935	386
935	449
935	464
935	618
935	647
935	723
935	758
935	771
935	793
935	797
935	824
935	852
935	858
935	867
935	906
935	928
935	937
935	951
935	975
935	983
935	987
935	990
936	40
936	183
936	221
936	339
936	364
936	434
936	515
936	545
936	551
936	558
936	567
936	617
936	640
936	672
936	705
936	747
936	792
936	801
936	814
936	820
936	862
936	867
936	950
936	965
936	976
936	982
936	991
937	43
937	72
937	231
937	251
937	298
937	314
937	552
937	558
937	702
937	735
937	740
937	766
937	797
937	812
937	838
937	857
937	873
937	889
937	905
937	915
937	935
937	958
937	983
937	990
937	995
937	997
937	1000
938	20
938	156
938	305
938	433
938	521
938	532
938	593
938	652
938	656
938	686
938	690
938	798
938	826
938	857
938	872
938	877
938	905
938	927
938	933
938	955
938	961
938	962
938	964
938	973
938	987
938	993
938	995
938	1000
939	57
939	85
939	133
939	197
939	303
939	417
939	467
939	504
939	660
939	701
939	720
939	768
939	785
939	799
939	805
939	847
939	876
939	890
939	891
939	941
939	946
939	947
939	950
939	951
939	982
939	991
939	995
939	999
940	138
940	141
940	272
940	286
940	366
940	435
940	548
940	583
940	635
940	707
940	717
940	736
940	751
940	765
940	798
940	812
940	853
940	855
940	870
940	875
940	897
940	902
940	909
940	932
940	955
940	961
940	978
940	1000
941	112
941	155
941	160
941	184
941	187
941	247
941	268
941	371
941	541
941	549
941	634
941	648
941	663
941	707
941	778
941	783
941	800
941	811
941	816
941	876
941	889
941	907
941	910
941	939
941	952
941	957
941	987
941	990
942	81
942	378
942	480
942	511
942	642
942	652
942	655
942	668
942	687
942	763
942	783
942	806
942	853
942	895
942	902
942	906
942	913
942	924
942	930
942	946
942	950
942	951
942	959
942	960
942	969
942	970
942	976
942	997
942	998
943	41
943	224
943	322
943	428
943	483
943	487
943	493
943	535
943	581
943	592
943	614
943	615
943	621
943	675
943	701
943	714
943	719
943	740
943	803
943	829
943	843
943	895
943	896
943	902
943	927
943	928
943	950
943	955
943	966
944	56
944	260
944	470
944	565
944	605
944	613
944	676
944	700
944	729
944	741
944	761
944	767
944	770
944	777
944	784
944	811
944	813
944	849
944	871
944	878
944	880
944	912
944	920
944	926
944	947
944	955
944	968
944	975
944	979
945	169
945	192
945	284
945	402
945	428
945	443
945	500
945	523
945	530
945	577
945	607
945	625
945	645
945	661
945	673
945	748
945	754
945	806
945	813
945	829
945	871
945	876
945	899
945	909
945	916
945	951
945	980
945	987
945	991
946	16
946	55
946	153
946	197
946	260
946	387
946	509
946	512
946	547
946	627
946	638
946	656
946	669
946	697
946	717
946	742
946	805
946	824
946	866
946	884
946	922
946	925
946	939
946	942
946	954
946	958
946	963
946	979
946	987
947	155
947	178
947	270
947	305
947	406
947	424
947	432
947	608
947	650
947	778
947	823
947	844
947	852
947	858
947	865
947	872
947	878
947	882
947	886
947	888
947	891
947	906
947	933
947	939
947	944
947	971
947	974
947	975
947	999
948	31
948	93
948	108
948	149
948	202
948	280
948	319
948	337
948	457
948	503
948	510
948	520
948	594
948	653
948	755
948	764
948	787
948	793
948	810
948	819
948	826
948	861
948	898
948	915
948	918
948	925
948	932
948	962
948	981
948	986
949	121
949	134
949	216
949	225
949	300
949	361
949	383
949	392
949	474
949	496
949	524
949	584
949	625
949	730
949	733
949	750
949	791
949	819
949	839
949	848
949	856
949	864
949	869
949	894
949	895
949	897
949	913
949	974
949	982
949	991
950	126
950	150
950	166
950	193
950	232
950	246
950	633
950	637
950	655
950	685
950	687
950	713
950	740
950	758
950	798
950	817
950	869
950	879
950	891
950	915
950	920
950	936
950	939
950	942
950	943
950	976
950	979
950	981
950	984
950	997
950	999
951	98
951	130
951	287
951	293
951	362
951	374
951	377
951	521
951	541
951	681
951	739
951	788
951	806
951	823
951	828
951	847
951	861
951	906
951	912
951	935
951	939
951	942
951	945
951	954
951	967
951	973
951	983
951	986
951	990
951	991
951	992
952	85
952	133
952	389
952	391
952	435
952	494
952	500
952	505
952	593
952	618
952	636
952	647
952	657
952	666
952	702
952	734
952	801
952	853
952	856
952	869
952	888
952	890
952	914
952	928
952	941
952	957
952	959
952	964
952	972
952	974
952	975
953	235
953	290
953	373
953	388
953	444
953	462
953	467
953	548
953	591
953	709
953	729
953	743
953	790
953	795
953	813
953	825
953	829
953	830
953	857
953	868
953	874
953	884
953	892
953	898
953	901
953	910
953	922
953	925
953	963
953	973
953	976
953	988
954	36
954	145
954	168
954	384
954	493
954	494
954	525
954	566
954	568
954	612
954	618
954	624
954	638
954	677
954	775
954	782
954	810
954	844
954	850
954	862
954	882
954	910
954	918
954	932
954	946
954	951
954	959
954	963
954	969
954	981
954	985
954	988
955	44
955	68
955	151
955	234
955	402
955	426
955	432
955	475
955	592
955	597
955	693
955	707
955	737
955	789
955	833
955	838
955	851
955	870
955	874
955	898
955	902
955	903
955	909
955	938
955	940
955	943
955	944
955	961
955	983
955	991
955	996
955	998
956	226
956	287
956	318
956	371
956	507
956	512
956	529
956	547
956	549
956	560
956	583
956	642
956	703
956	718
956	785
956	802
956	873
956	877
956	888
956	900
956	904
956	958
956	960
956	971
956	976
956	982
956	983
956	985
956	992
956	996
956	998
956	1000
957	97
957	297
957	299
957	481
957	489
957	498
957	504
957	526
957	549
957	556
957	559
957	604
957	618
957	669
957	683
957	735
957	767
957	805
957	849
957	853
957	862
957	883
957	892
957	897
957	921
957	934
957	941
957	952
957	962
957	967
957	973
957	983
958	135
958	245
958	264
958	287
958	380
958	443
958	482
958	492
958	500
958	537
958	546
958	583
958	675
958	697
958	708
958	787
958	823
958	824
958	862
958	910
958	916
958	937
958	946
958	956
958	967
958	975
958	976
958	978
958	979
958	983
958	990
958	996
959	1
959	32
959	195
959	325
959	326
959	338
959	352
959	386
959	541
959	582
959	590
959	637
959	673
959	693
959	712
959	726
959	756
959	773
959	774
959	796
959	830
959	848
959	873
959	881
959	889
959	899
959	919
959	942
959	952
959	954
959	977
959	984
959	997
960	37
960	50
960	264
960	295
960	336
960	425
960	441
960	479
960	513
960	685
960	708
960	738
960	785
960	802
960	838
960	859
960	871
960	875
960	885
960	888
960	896
960	899
960	911
960	914
960	922
960	942
960	956
960	974
960	975
960	994
960	996
960	999
960	1000
961	66
961	142
961	153
961	187
961	256
961	332
961	466
961	573
961	621
961	635
961	662
961	687
961	709
961	725
961	765
961	770
961	786
961	792
961	809
961	838
961	841
961	870
961	885
961	914
961	915
961	934
961	938
961	940
961	955
961	964
961	966
961	977
961	997
962	6
962	74
962	183
962	319
962	341
962	415
962	438
962	449
962	490
962	509
962	565
962	621
962	644
962	664
962	689
962	697
962	698
962	721
962	724
962	791
962	834
962	854
962	883
962	910
962	919
962	938
962	948
962	957
962	965
962	969
962	986
962	989
962	991
962	999
963	13
963	42
963	58
963	114
963	321
963	327
963	362
963	370
963	444
963	447
963	466
963	471
963	546
963	573
963	581
963	587
963	623
963	654
963	719
963	725
963	755
963	774
963	796
963	826
963	837
963	869
963	885
963	894
963	910
963	918
963	946
963	953
963	954
963	996
964	10
964	53
964	100
964	152
964	164
964	167
964	189
964	217
964	295
964	489
964	518
964	624
964	639
964	644
964	657
964	702
964	725
964	825
964	842
964	846
964	862
964	865
964	866
964	933
964	934
964	938
964	952
964	961
964	970
964	972
964	973
964	978
964	994
964	997
965	21
965	74
965	114
965	219
965	275
965	297
965	334
965	449
965	503
965	533
965	543
965	551
965	556
965	576
965	634
965	650
965	716
965	717
965	724
965	736
965	738
965	788
965	794
965	819
965	828
965	906
965	922
965	926
965	936
965	962
965	969
965	986
965	991
965	999
966	59
966	77
966	93
966	100
966	102
966	247
966	301
966	358
966	426
966	431
966	570
966	599
966	629
966	642
966	659
966	679
966	694
966	702
966	733
966	750
966	773
966	811
966	813
966	834
966	837
966	871
966	909
966	943
966	961
966	975
966	977
966	987
966	988
966	989
967	32
967	70
967	101
967	175
967	369
967	396
967	420
967	594
967	595
967	618
967	639
967	653
967	668
967	671
967	676
967	691
967	716
967	750
967	780
967	830
967	870
967	881
967	900
967	907
967	951
967	957
967	958
967	969
967	972
967	974
967	975
967	994
967	997
967	1000
968	26
968	53
968	83
968	125
968	234
968	247
968	328
968	377
968	423
968	690
968	703
968	727
968	751
968	789
968	791
968	804
968	815
968	823
968	831
968	851
968	885
968	887
968	898
968	908
968	922
968	926
968	928
968	944
968	973
968	983
968	987
968	991
968	993
968	1000
969	166
969	167
969	232
969	281
969	337
969	341
969	407
969	428
969	500
969	567
969	574
969	600
969	688
969	700
969	713
969	728
969	733
969	753
969	761
969	792
969	794
969	838
969	874
969	910
969	926
969	927
969	930
969	942
969	954
969	962
969	965
969	967
969	986
969	999
969	1000
970	172
970	320
970	473
970	478
970	643
970	645
970	679
970	722
970	725
970	747
970	753
970	779
970	795
970	799
970	809
970	824
970	832
970	842
970	846
970	852
970	865
970	870
970	875
970	880
970	888
970	908
970	924
970	932
970	942
970	964
970	975
970	978
970	990
970	994
970	997
970	998
971	1
971	28
971	31
971	35
971	89
971	213
971	262
971	450
971	455
971	545
971	594
971	620
971	713
971	727
971	746
971	748
971	768
971	815
971	830
971	831
971	833
971	855
971	891
971	903
971	908
971	920
971	922
971	926
971	947
971	956
971	976
971	989
971	990
971	992
971	993
971	996
972	69
972	114
972	271
972	410
972	421
972	425
972	451
972	477
972	508
972	509
972	594
972	645
972	671
972	689
972	761
972	843
972	849
972	850
972	851
972	852
972	859
972	881
972	882
972	888
972	902
972	907
972	916
972	918
972	926
972	929
972	952
972	964
972	967
972	976
972	983
972	988
972	998
973	52
973	112
973	116
973	138
973	285
973	293
973	394
973	405
973	428
973	432
973	499
973	532
973	535
973	587
973	591
973	599
973	615
973	670
973	688
973	690
973	800
973	818
973	819
973	826
973	877
973	892
973	901
973	927
973	938
973	951
973	953
973	957
973	964
973	968
973	974
973	984
973	1000
974	20
974	54
974	178
974	201
974	240
974	351
974	418
974	497
974	524
974	540
974	552
974	584
974	621
974	622
974	710
974	722
974	730
974	747
974	764
974	835
974	856
974	872
974	890
974	891
974	910
974	911
974	913
974	916
974	926
974	947
974	949
974	952
974	960
974	967
974	973
974	992
974	998
974	1000
975	199
975	316
975	434
975	488
975	544
975	607
975	608
975	643
975	650
975	679
975	687
975	725
975	753
975	774
975	806
975	832
975	852
975	861
975	865
975	877
975	879
975	904
975	906
975	928
975	935
975	944
975	947
975	952
975	958
975	960
975	966
975	967
975	970
975	977
975	985
975	988
975	989
975	997
976	25
976	26
976	63
976	79
976	249
976	306
976	501
976	510
976	511
976	610
976	619
976	687
976	746
976	759
976	764
976	768
976	790
976	856
976	861
976	868
976	884
976	895
976	915
976	926
976	928
976	930
976	932
976	936
976	942
976	950
976	953
976	956
976	958
976	971
976	972
976	988
976	992
976	994
977	59
977	68
977	81
977	96
977	123
977	193
977	257
977	263
977	362
977	418
977	429
977	431
977	513
977	563
977	571
977	599
977	642
977	700
977	731
977	784
977	798
977	813
977	834
977	836
977	856
977	857
977	866
977	872
977	881
977	883
977	916
977	959
977	961
977	966
977	975
977	982
977	983
977	985
977	989
978	57
978	73
978	93
978	172
978	180
978	223
978	239
978	293
978	321
978	344
978	382
978	385
978	493
978	510
978	534
978	642
978	644
978	650
978	692
978	708
978	718
978	746
978	788
978	825
978	850
978	866
978	890
978	892
978	912
978	913
978	915
978	940
978	958
978	964
978	970
978	980
978	993
978	994
978	997
979	11
979	74
979	85
979	106
979	235
979	243
979	258
979	266
979	301
979	322
979	372
979	373
979	381
979	389
979	390
979	471
979	645
979	677
979	688
979	691
979	715
979	772
979	794
979	801
979	803
979	824
979	827
979	861
979	887
979	900
979	907
979	909
979	917
979	944
979	946
979	950
979	958
979	982
979	987
979	996
980	137
980	227
980	253
980	274
980	391
980	402
980	413
980	435
980	436
980	439
980	477
980	495
980	497
980	590
980	631
980	648
980	650
980	659
980	661
980	681
980	710
980	748
980	758
980	776
980	795
980	800
980	804
980	868
980	873
980	874
980	876
980	882
980	891
980	916
980	927
980	945
980	978
980	983
980	985
980	992
981	39
981	66
981	78
981	91
981	116
981	149
981	192
981	220
981	289
981	310
981	340
981	347
981	371
981	393
981	462
981	475
981	523
981	575
981	605
981	609
981	636
981	679
981	688
981	694
981	729
981	782
981	790
981	799
981	833
981	889
981	911
981	912
981	925
981	930
981	948
981	950
981	954
981	986
981	997
981	1000
982	295
982	357
982	387
982	427
982	454
982	463
982	526
982	548
982	581
982	598
982	604
982	652
982	665
982	741
982	786
982	803
982	805
982	810
982	829
982	830
982	853
982	881
982	884
982	895
982	900
982	909
982	910
982	916
982	931
982	936
982	939
982	949
982	956
982	977
982	979
982	987
982	988
982	989
982	991
982	992
982	993
983	50
983	61
983	194
983	261
983	289
983	306
983	416
983	524
983	541
983	563
983	651
983	665
983	675
983	678
983	712
983	715
983	721
983	770
983	788
983	808
983	814
983	819
983	846
983	862
983	887
983	889
983	897
983	905
983	935
983	937
983	951
983	955
983	956
983	957
983	958
983	968
983	972
983	977
983	980
983	990
983	993
984	43
984	70
984	88
984	118
984	148
984	158
984	207
984	257
984	302
984	382
984	419
984	432
984	445
984	555
984	572
984	590
984	651
984	671
984	681
984	693
984	712
984	726
984	738
984	759
984	801
984	812
984	841
984	842
984	847
984	854
984	887
984	900
984	914
984	919
984	924
984	928
984	950
984	959
984	973
984	993
984	994
985	45
985	46
985	127
985	165
985	175
985	182
985	203
985	251
985	381
985	446
985	469
985	561
985	659
985	685
985	698
985	737
985	763
985	764
985	774
985	782
985	784
985	793
985	822
985	828
985	841
985	859
985	866
985	879
985	881
985	890
985	905
985	907
985	923
985	954
985	956
985	975
985	977
985	980
985	986
985	990
985	991
985	998
986	15
986	66
986	125
986	161
986	216
986	232
986	354
986	443
986	448
986	545
986	562
986	569
986	573
986	629
986	659
986	677
986	685
986	711
986	712
986	720
986	728
986	731
986	742
986	768
986	774
986	778
986	814
986	825
986	851
986	878
986	883
986	889
986	890
986	920
986	931
986	932
986	948
986	951
986	962
986	965
986	969
986	981
986	985
986	992
987	11
987	103
987	196
987	205
987	276
987	283
987	309
987	368
987	397
987	403
987	436
987	445
987	454
987	463
987	464
987	537
987	558
987	561
987	617
987	703
987	704
987	721
987	748
987	763
987	870
987	871
987	879
987	884
987	902
987	904
987	909
987	914
987	917
987	924
987	931
987	935
987	938
987	941
987	945
987	946
987	966
987	968
987	979
987	982
988	30
988	135
988	145
988	212
988	220
988	267
988	274
988	376
988	395
988	498
988	538
988	579
988	591
988	603
988	610
988	630
988	646
988	658
988	702
988	757
988	784
988	792
988	832
988	846
988	855
988	857
988	860
988	861
988	876
988	882
988	902
988	911
988	933
988	934
988	953
988	954
988	966
988	972
988	975
988	976
988	982
988	989
988	998
988	1000
989	3
989	68
989	70
989	146
989	152
989	161
989	174
989	193
989	222
989	230
989	279
989	298
989	315
989	316
989	329
989	335
989	400
989	446
989	447
989	465
989	495
989	502
989	576
989	599
989	682
989	743
989	773
989	778
989	781
989	818
989	834
989	876
989	881
989	897
989	902
989	962
989	966
989	971
989	975
989	977
989	982
989	988
989	992
989	993
990	14
990	92
990	107
990	181
990	238
990	318
990	339
990	372
990	399
990	403
990	422
990	530
990	550
990	554
990	564
990	626
990	663
990	677
990	698
990	707
990	728
990	732
990	738
990	740
990	764
990	806
990	835
990	879
990	885
990	904
990	906
990	913
990	923
990	930
990	935
990	937
990	941
990	951
990	958
990	970
990	971
990	983
990	985
990	996
991	109
991	228
991	266
991	308
991	323
991	327
991	347
991	351
991	381
991	462
991	539
991	552
991	553
991	573
991	585
991	606
991	628
991	649
991	656
991	706
991	711
991	731
991	744
991	754
991	757
991	808
991	815
991	827
991	887
991	912
991	924
991	926
991	929
991	936
991	939
991	945
991	949
991	951
991	955
991	962
991	965
991	968
991	982
991	985
991	994
991	996
992	129
992	249
992	250
992	254
992	259
992	261
992	355
992	368
992	397
992	463
992	474
992	543
992	566
992	589
992	643
992	647
992	673
992	681
992	704
992	727
992	748
992	756
992	770
992	780
992	795
992	804
992	813
992	864
992	873
992	876
992	880
992	883
992	886
992	899
992	922
992	930
992	951
992	956
992	971
992	974
992	976
992	980
992	982
992	986
992	989
992	998
993	4
993	87
993	159
993	231
993	255
993	291
993	299
993	303
993	440
993	450
993	467
993	473
993	483
993	487
993	527
993	560
993	586
993	649
993	654
993	736
993	746
993	762
993	768
993	776
993	793
993	802
993	809
993	811
993	837
993	869
993	885
993	893
993	909
993	911
993	920
993	925
993	932
993	938
993	968
993	971
993	978
993	982
993	983
993	984
993	989
993	996
994	13
994	17
994	42
994	81
994	125
994	203
994	223
994	244
994	245
994	252
994	294
994	382
994	487
994	490
994	590
994	591
994	609
994	617
994	639
994	644
994	666
994	692
994	705
994	722
994	739
994	742
994	752
994	758
994	766
994	788
994	799
994	825
994	839
994	861
994	866
994	881
994	889
994	960
994	964
994	967
994	970
994	976
994	978
994	984
994	991
994	995
994	999
995	5
995	41
995	76
995	121
995	143
995	161
995	290
995	395
995	413
995	426
995	460
995	507
995	604
995	631
995	634
995	660
995	711
995	724
995	731
995	768
995	772
995	780
995	781
995	799
995	802
995	805
995	807
995	811
995	857
995	867
995	873
995	875
995	878
995	882
995	890
995	894
995	896
995	919
995	925
995	927
995	931
995	933
995	937
995	938
995	939
995	994
995	1000
996	5
996	147
996	158
996	178
996	200
996	207
996	282
996	401
996	417
996	472
996	486
996	498
996	539
996	563
996	594
996	637
996	638
996	669
996	670
996	689
996	699
996	749
996	761
996	785
996	786
996	791
996	802
996	805
996	823
996	834
996	845
996	854
996	867
996	900
996	916
996	919
996	955
996	956
996	958
996	960
996	963
996	971
996	979
996	990
996	991
996	993
996	1000
997	44
997	69
997	158
997	211
997	227
997	292
997	352
997	460
997	528
997	604
997	608
997	630
997	643
997	644
997	649
997	652
997	679
997	693
997	725
997	739
997	771
997	777
997	792
997	812
997	826
997	832
997	833
997	852
997	854
997	856
997	858
997	865
997	888
997	900
997	915
997	931
997	937
997	942
997	950
997	959
997	961
997	964
997	967
997	970
997	975
997	978
997	981
997	999
998	12
998	53
998	137
998	169
998	206
998	262
998	278
998	300
998	398
998	403
998	408
998	412
998	423
998	443
998	480
998	502
998	506
998	513
998	565
998	593
998	598
998	628
998	662
998	676
998	683
998	719
998	737
998	763
998	764
998	773
998	776
998	807
998	810
998	822
998	886
998	907
998	915
998	923
998	924
998	942
998	955
998	956
998	970
998	972
998	974
998	985
998	988
998	992
999	28
999	80
999	179
999	275
999	286
999	342
999	347
999	384
999	387
999	468
999	531
999	546
999	557
999	574
999	577
999	597
999	603
999	626
999	639
999	688
999	724
999	751
999	755
999	782
999	791
999	794
999	798
999	799
999	817
999	828
999	847
999	851
999	855
999	868
999	872
999	881
999	901
999	902
999	906
999	910
999	939
999	947
999	950
999	960
999	962
999	965
999	969
999	994
999	997
1000	50
1000	147
1000	219
1000	230
1000	340
1000	373
1000	374
1000	400
1000	438
1000	472
1000	473
1000	479
1000	485
1000	496
1000	507
1000	568
1000	598
1000	672
1000	686
1000	693
1000	696
1000	697
1000	699
1000	712
1000	773
1000	785
1000	825
1000	844
1000	852
1000	880
1000	882
1000	898
1000	901
1000	904
1000	918
1000	927
1000	937
1000	938
1000	940
1000	956
1000	960
1000	967
1000	968
1000	969
1000	973
1000	974
1000	981
1000	988
1000	995
1000	996
