1	340
1	885
1	934
1	973
2	410
2	449
2	494
2	738
3	492
3	766
3	858
3	876
4	827
4	864
4	943
4	981
5	45
5	680
5	819
5	936
6	826
6	835
6	961
6	965
7	60
7	419
7	509
7	883
8	200
8	694
8	763
8	934
9	442
9	778
9	965
9	999
10	117
10	904
10	922
10	940
11	449
11	701
11	846
11	975
12	728
12	740
12	770
12	900
13	482
13	764
13	769
13	976
14	786
14	917
14	957
14	976
15	578
15	754
15	964
15	999
16	702
16	754
16	890
16	961
17	689
17	724
17	865
17	877
18	83
18	316
18	778
18	993
19	326
19	874
19	967
19	989
20	101
20	491
20	518
20	967
21	53
21	427
21	985
21	991
22	319
22	382
22	726
22	901
23	227
23	536
23	912
23	954
24	568
24	608
24	973
24	990
25	249
25	575
25	711
25	813
26	326
26	415
26	615
26	910
27	354
27	770
27	911
27	920
28	80
28	344
28	715
28	982
29	535
29	543
29	676
29	818
30	76
30	291
30	825
30	829
31	676
31	895
31	937
31	994
32	231
32	972
32	974
32	975
33	606
33	621
33	860
33	900
34	43
34	570
34	718
34	832
35	198
35	360
35	494
35	709
36	509
36	707
36	783
36	973
37	609
37	836
37	974
37	990
38	461
38	767
38	936
38	979
39	294
39	551
39	918
39	919
40	629
40	740
40	790
40	962
41	98
41	309
41	823
41	949
42	183
42	576
42	717
42	890
43	34
43	595
43	752
43	867
44	585
44	732
44	801
44	911
45	5
45	335
45	807
45	911
46	521
46	721
46	895
46	992
47	890
47	927
47	948
47	949
48	563
48	803
48	939
48	952
49	149
49	638
49	678
49	832
50	604
50	628
50	719
50	753
51	106
51	145
51	825
51	980
52	245
52	278
52	947
52	953
53	21
53	506
53	565
53	948
54	198
54	911
54	939
54	992
55	686
55	708
55	770
55	922
56	327
56	872
56	927
56	959
57	554
57	875
57	977
57	991
58	234
58	533
58	885
58	968
59	288
59	830
59	854
59	945
60	7
60	406
60	926
60	939
61	528
61	701
61	880
61	959
62	546
62	625
62	860
62	944
63	215
63	725
63	777
63	932
64	865
64	925
64	948
64	988
65	533
65	746
65	948
65	977
66	420
66	807
66	842
66	998
67	343
67	695
67	965
67	969
68	681
68	894
68	899
68	976
69	640
69	856
69	938
69	967
70	99
70	178
70	553
70	908
71	544
71	608
71	609
71	956
72	334
72	537
72	971
72	974
73	339
73	342
73	882
73	890
74	611
74	802
74	875
74	951
75	229
75	448
75	874
75	979
76	30
76	789
76	812
76	860
77	521
77	879
77	922
77	947
78	184
78	584
78	963
78	967
79	363
79	764
79	808
79	997
80	28
80	575
80	765
80	950
81	251
81	513
81	876
81	914
82	243
82	697
82	932
82	937
83	18
83	259
83	813
83	825
84	819
84	861
84	944
84	996
85	904
85	906
85	912
85	996
86	639
86	709
86	985
86	991
87	343
87	485
87	520
87	659
88	835
88	967
88	969
88	998
89	167
89	489
89	548
89	923
90	363
90	983
90	995
90	996
91	237
91	345
91	454
91	704
92	765
92	818
92	874
92	980
93	211
93	539
93	890
93	986
94	254
94	363
94	585
94	942
95	425
95	719
95	836
95	984
96	394
96	842
96	857
96	906
97	284
97	594
97	707
97	904
98	41
98	399
98	832
98	931
99	70
99	605
99	752
99	985
100	198
100	676
100	689
100	836
101	20
101	284
101	307
101	994
102	145
102	626
102	908
102	944
103	370
103	458
103	850
103	906
104	812
104	959
104	969
104	988
105	167
105	534
105	851
105	991
106	51
106	684
106	755
106	888
107	586
107	875
107	945
107	997
108	563
108	733
108	734
108	797
109	623
109	643
109	888
109	977
110	256
110	350
110	934
110	994
111	781
111	793
111	954
111	967
112	616
112	702
112	808
112	962
113	203
113	392
113	860
113	880
114	544
114	736
114	857
114	959
115	321
115	703
115	871
115	927
116	258
116	341
116	414
116	886
117	10
117	473
117	836
117	977
118	122
118	634
118	689
118	860
119	123
119	862
119	951
119	952
120	483
120	514
120	898
120	995
121	126
121	440
121	812
121	986
122	118
122	466
122	811
122	912
123	119
123	249
123	878
123	963
124	500
124	717
124	876
124	917
125	621
125	923
125	930
125	992
126	121
126	707
126	858
126	902
127	499
127	903
127	960
127	984
128	896
128	929
128	978
128	981
129	645
129	946
129	987
129	996
130	627
130	812
130	895
130	955
131	596
131	836
131	885
131	954
132	392
132	902
132	945
132	950
133	491
133	748
133	925
133	997
134	591
134	650
134	713
134	764
135	690
135	724
135	799
135	986
136	572
136	602
136	979
136	992
137	439
137	820
137	829
137	943
138	527
138	558
138	944
138	982
139	706
139	869
139	899
139	978
140	338
140	516
140	616
140	886
141	649
141	739
141	747
141	993
142	266
142	328
142	502
142	961
143	326
143	587
143	692
143	818
144	244
144	615
144	849
144	908
145	51
145	102
145	322
145	984
146	293
146	387
146	815
146	997
147	735
147	820
147	970
147	983
148	267
148	307
148	873
148	961
149	49
149	275
149	398
149	581
150	231
150	663
150	687
150	951
151	617
151	675
151	834
151	888
152	652
152	718
152	748
152	866
153	205
153	472
153	541
153	875
154	867
154	896
154	907
154	984
155	417
155	427
155	918
155	934
156	645
156	831
156	848
156	956
157	523
157	676
157	788
157	872
158	371
158	717
158	726
158	778
159	268
159	538
159	635
159	926
160	188
160	617
160	800
160	818
161	337
161	745
161	907
161	1000
162	322
162	885
162	944
162	983
163	670
163	765
163	936
163	967
164	176
164	395
164	677
164	870
165	702
165	734
165	923
165	929
166	275
166	924
166	936
166	953
167	89
167	105
167	579
167	866
168	296
168	523
168	842
168	986
169	232
169	856
169	992
169	993
170	468
170	704
170	758
170	924
171	633
171	906
171	949
171	970
172	562
172	867
172	891
172	946
173	354
173	593
173	851
173	936
174	657
174	905
174	913
174	999
175	307
175	810
175	897
175	953
176	164
176	345
176	855
176	998
177	527
177	723
177	747
177	998
178	70
178	268
178	859
178	987
179	869
179	957
179	992
179	997
180	358
180	389
180	618
180	833
181	498
181	858
181	899
181	938
182	743
182	745
182	943
182	978
183	42
183	801
183	951
183	968
184	78
184	376
184	559
184	871
185	647
185	819
185	837
185	971
186	742
186	855
186	863
186	990
187	289
187	420
187	660
187	746
188	160
188	369
188	824
188	855
189	199
189	867
189	918
189	967
190	646
190	676
190	954
190	960
191	463
191	687
191	930
191	963
192	271
192	319
192	391
192	995
193	300
193	660
193	829
193	975
194	712
194	762
194	942
194	945
195	805
195	883
195	945
195	970
196	646
196	899
196	922
196	924
197	451
197	736
197	743
197	818
198	35
198	54
198	100
198	329
199	189
199	555
199	846
199	960
200	8
200	560
200	670
200	939
201	438
201	535
201	978
201	979
202	685
202	782
202	911
202	976
203	113
203	690
203	783
203	808
204	769
204	869
204	914
204	919
205	153
205	843
205	968
205	976
206	345
206	523
206	894
206	964
207	496
207	549
207	851
207	910
208	785
208	797
208	839
208	980
209	242
209	826
209	944
209	972
210	702
210	802
210	804
210	916
211	93
211	803
211	884
211	955
212	510
212	911
212	925
212	955
213	643
213	781
213	828
213	893
214	494
214	751
214	825
214	950
215	63
215	798
215	869
215	923
216	452
216	627
216	962
216	968
216	995
217	421
217	635
217	928
217	964
217	971
218	293
218	306
218	447
218	884
218	961
219	407
219	528
219	848
219	986
219	993
220	510
220	748
220	831
220	859
220	915
221	829
221	889
221	896
221	913
221	997
222	320
222	364
222	856
222	912
222	988
223	729
223	847
223	863
223	943
223	951
224	510
224	759
224	768
224	829
224	964
225	427
225	667
225	890
225	896
225	925
226	542
226	803
226	918
226	977
226	996
227	23
227	278
227	376
227	487
227	974
228	290
228	589
228	698
228	769
228	998
229	75
229	260
229	876
229	896
229	933
230	776
230	798
230	846
230	882
230	893
231	32
231	150
231	956
231	975
231	985
232	169
232	313
232	324
232	647
232	728
233	279
233	680
233	719
233	907
233	947
234	58
234	423
234	885
234	916
234	999
235	308
235	568
235	848
235	900
235	947
236	572
236	846
236	890
236	961
236	970
237	91
237	773
237	941
237	965
237	995
238	400
238	447
238	760
238	788
238	838
239	543
239	718
239	841
239	904
239	981
240	428
240	519
240	956
240	982
240	983
241	330
241	509
241	892
241	944
241	978
242	209
242	764
242	811
242	896
242	976
243	82
243	644
243	834
243	915
243	936
244	144
244	388
244	947
244	974
244	999
245	52
245	660
245	959
245	970
245	986
246	799
246	828
246	876
246	902
246	928
247	701
247	875
247	918
247	931
247	989
248	355
248	513
248	739
248	978
248	981
249	25
249	123
249	583
249	905
249	919
250	456
250	657
250	768
250	911
250	960
251	81
251	466
251	650
251	830
251	988
252	571
252	599
252	779
252	799
252	920
253	331
253	526
253	903
253	912
253	926
254	94
254	788
254	868
254	909
254	969
255	561
255	789
255	838
255	880
255	972
256	110
256	910
256	934
256	960
256	983
257	440
257	778
257	794
257	885
257	929
258	116
258	502
258	823
258	881
258	929
259	83
259	326
259	733
259	969
259	997
260	229
260	706
260	828
260	950
260	998
261	579
261	740
261	769
261	931
261	967
262	838
262	917
262	937
262	948
262	963
263	560
263	758
263	890
263	904
263	962
264	530
264	891
264	938
264	986
264	996
265	385
265	903
265	905
265	920
265	939
266	142
266	379
266	569
266	782
266	921
267	148
267	370
267	493
267	648
267	890
268	159
268	178
268	917
268	968
268	977
269	779
269	866
269	922
269	927
269	958
270	634
270	760
270	958
270	987
270	990
271	192
271	303
271	339
271	920
271	981
272	737
272	761
272	853
272	905
272	1000
273	398
273	576
273	631
273	641
273	946
274	551
274	693
274	810
274	858
274	896
275	149
275	166
275	350
275	918
275	989
276	369
276	856
276	897
276	974
276	993
277	300
277	846
277	935
277	964
277	976
278	52
278	227
278	598
278	608
278	883
279	233
279	783
279	922
279	939
279	971
280	594
280	907
280	915
280	949
280	952
281	855
281	856
281	945
281	950
281	984
282	357
282	707
282	808
282	902
282	927
283	404
283	690
283	901
283	928
283	974
284	97
284	101
284	316
284	935
284	981
285	445
285	667
285	860
285	890
285	959
286	403
286	443
286	633
286	933
286	994
287	546
287	656
287	773
287	903
287	982
288	59
288	388
288	567
288	764
288	940
289	187
289	850
289	867
289	888
289	988
290	228
290	744
290	821
290	910
290	992
291	30
291	368
291	613
291	779
291	944
292	405
292	788
292	807
292	878
292	948
293	146
293	218
293	704
293	825
293	971
294	39
294	494
294	635
294	760
294	929
295	491
295	552
295	785
295	960
295	983
296	168
296	458
296	741
296	987
296	993
297	371
297	420
297	461
297	756
297	894
298	376
298	586
298	608
298	904
298	944
299	570
299	705
299	791
299	893
299	957
300	193
300	277
300	636
300	674
300	960
301	710
301	711
301	844
301	900
301	986
302	349
302	669
302	753
302	958
302	967
303	271
303	682
303	774
303	786
303	974
304	862
304	910
304	961
304	985
304	999
305	406
305	765
305	976
305	994
305	995
306	218
306	607
306	765
306	805
306	925
307	101
307	148
307	175
307	501
307	572
308	235
308	376
308	862
308	911
308	914
309	41
309	895
309	967
309	981
309	992
310	595
310	610
310	798
310	917
310	970
311	518
311	715
311	737
311	978
311	988
312	854
312	865
312	879
312	906
312	979
313	232
313	597
313	907
313	983
313	989
314	373
314	622
314	684
314	833
314	964
315	501
315	649
315	657
315	792
315	814
316	18
316	284
316	376
316	402
316	982
317	964
317	967
317	978
317	979
317	987
318	773
318	822
318	841
318	935
318	936
319	22
319	192
319	550
319	581
319	980
320	222
320	737
320	738
320	906
320	983
321	115
321	610
321	769
321	897
321	937
322	145
322	162
322	682
322	975
322	986
323	491
323	587
323	842
323	929
323	930
324	232
324	527
324	688
324	976
324	997
325	412
325	419
325	638
325	735
325	753
326	19
326	26
326	143
326	259
326	997
327	56
327	464
327	859
327	894
327	955
328	142
328	384
328	797
328	847
328	940
329	198
329	469
329	850
329	960
329	961
330	241
330	377
330	463
330	724
330	760
331	253
331	741
331	772
331	783
331	954
332	474
332	639
332	677
332	783
332	982
333	793
333	848
333	865
333	870
333	947
334	72
334	655
334	746
334	942
334	962
335	45
335	612
335	736
335	890
335	930
336	488
336	500
336	827
336	955
336	988
337	161
337	713
337	835
337	920
337	974
338	140
338	417
338	529
338	947
338	992
339	73
339	271
339	577
339	597
339	947
340	1
340	803
340	804
340	805
340	938
341	116
341	508
341	772
341	811
341	969
342	73
342	626
342	734
342	774
342	839
343	67
343	87
343	793
343	930
343	985
344	28
344	777
344	929
344	977
344	1000
345	91
345	176
345	206
345	746
345	792
346	661
346	899
346	935
346	974
346	996
347	539
347	846
347	929
347	937
347	961
348	731
348	871
348	943
348	980
348	997
349	302
349	423
349	584
349	594
349	754
350	110
350	275
350	844
350	972
350	994
351	683
351	878
351	886
351	961
351	992
352	671
352	690
352	868
352	925
352	969
353	863
353	870
353	964
353	988
353	989
354	27
354	173
354	932
354	952
354	953
355	248
355	435
355	467
355	555
355	986
356	708
356	713
356	821
356	830
356	969
357	282
357	635
357	905
357	955
357	962
358	180
358	556
358	647
358	718
358	997
359	832
359	879
359	887
359	934
359	963
360	35
360	367
360	963
360	986
360	990
361	473
361	561
361	787
361	829
361	962
362	651
362	844
362	962
362	969
362	987
363	79
363	90
363	94
363	714
363	909
364	222
364	370
364	475
364	774
364	797
365	617
365	653
365	966
365	996
365	999
366	459
366	543
366	583
366	672
366	771
367	360
367	536
367	716
367	961
367	963
368	291
368	582
368	726
368	909
368	999
369	188
369	276
369	544
369	755
369	807
370	103
370	267
370	364
370	437
370	970
371	158
371	297
371	720
371	877
371	960
372	459
372	709
372	812
372	866
372	944
373	314
373	540
373	918
373	975
373	978
374	651
374	691
374	693
374	785
374	953
375	432
375	485
375	925
375	928
375	990
376	184
376	227
376	298
376	308
376	316
377	330
377	538
377	895
377	907
377	938
378	513
378	516
378	839
378	844
378	993
379	266
379	451
379	942
379	956
379	982
380	761
380	859
380	881
380	954
380	984
381	806
381	814
381	865
381	910
381	993
382	22
382	575
382	627
382	868
382	957
383	704
383	905
383	970
383	972
383	974
384	328
384	511
384	632
384	929
384	963
385	265
385	640
385	861
385	983
385	996
386	750
386	765
386	873
386	879
386	940
387	146
387	649
387	927
387	939
387	997
388	244
388	288
388	506
388	883
388	927
389	180
389	736
389	772
389	843
389	849
390	537
390	562
390	898
390	912
390	916
390	985
391	192
391	464
391	652
391	730
391	938
391	957
392	113
392	132
392	795
392	846
392	929
392	1000
393	579
393	740
393	851
393	877
393	880
393	924
394	96
394	516
394	522
394	554
394	848
394	990
395	164
395	776
395	887
395	940
395	977
395	1000
396	698
396	780
396	854
396	987
396	990
396	992
397	509
397	705
397	717
397	871
397	918
397	995
398	149
398	273
398	787
398	839
398	867
398	939
399	98
399	736
399	861
399	960
399	971
399	995
400	238
400	498
400	638
400	663
400	884
400	925
401	616
401	697
401	836
401	891
401	941
401	967
402	316
402	513
402	542
402	730
402	744
402	955
403	286
403	550
403	646
403	913
403	991
403	999
404	283
404	798
404	821
404	879
404	958
404	978
405	292
405	707
405	853
405	854
405	885
405	947
406	60
406	305
406	501
406	784
406	868
406	992
407	219
407	864
407	868
407	869
407	958
407	978
408	808
408	809
408	850
408	856
408	884
408	924
409	660
409	819
409	907
409	923
409	960
409	961
410	2
410	432
410	565
410	883
410	933
410	975
411	759
411	794
411	813
411	872
411	901
411	991
412	325
412	458
412	670
412	782
412	950
412	954
413	466
413	750
413	888
413	950
413	951
413	983
414	116
414	837
414	889
414	894
414	909
414	942
415	26
415	467
415	505
415	872
415	879
415	916
416	694
416	776
416	897
416	910
416	937
416	944
417	155
417	338
417	696
417	786
417	918
417	961
418	840
418	883
418	922
418	975
418	979
418	991
419	7
419	325
419	462
419	832
419	933
419	987
420	66
420	187
420	297
420	519
420	684
420	951
421	217
421	513
421	566
421	843
421	924
421	1000
422	438
422	481
422	836
422	873
422	993
422	1000
423	234
423	349
423	444
423	605
423	714
423	898
424	439
424	769
424	872
424	876
424	953
424	984
425	95
425	537
425	854
425	893
425	967
425	990
426	643
426	811
426	906
426	911
426	945
426	948
427	21
427	155
427	225
427	621
427	750
427	956
428	240
428	654
428	760
428	858
428	923
428	982
429	467
429	473
429	634
429	790
429	918
429	958
430	541
430	743
430	871
430	894
430	957
430	988
431	457
431	665
431	849
431	974
431	975
431	991
432	375
432	410
432	899
432	972
432	976
432	982
433	651
433	735
433	776
433	885
433	960
433	999
434	641
434	682
434	812
434	828
434	903
434	964
435	355
435	791
435	884
435	922
435	968
435	982
436	488
436	595
436	903
436	969
436	977
436	978
437	370
437	587
437	704
437	797
437	983
437	989
438	201
438	422
438	460
438	689
438	938
438	945
439	137
439	424
439	577
439	618
439	757
439	884
440	121
440	257
440	631
440	820
440	894
440	962
441	622
441	653
441	694
441	780
441	957
441	989
442	9
442	532
442	823
442	833
442	940
442	974
443	286
443	628
443	730
443	763
443	801
443	919
444	423
444	686
444	828
444	886
444	930
444	941
445	285
445	810
445	826
445	867
445	921
445	982
446	558
446	646
446	749
446	787
446	803
446	870
447	218
447	238
447	928
447	953
447	979
447	995
448	75
448	576
448	697
448	912
448	952
448	973
449	2
449	11
449	889
449	940
449	970
449	974
450	533
450	720
450	765
450	858
450	891
450	991
451	197
451	379
451	569
451	571
451	662
451	887
452	216
452	737
452	753
452	870
452	899
452	964
453	596
453	668
453	753
453	902
453	918
453	998
454	91
454	731
454	836
454	845
454	881
454	930
455	819
455	828
455	936
455	963
455	968
455	996
456	250
456	705
456	750
456	904
456	980
456	998
457	431
457	498
457	626
457	832
457	920
457	984
458	103
458	296
458	412
458	639
458	692
458	947
459	366
459	372
459	478
459	782
459	922
459	947
460	438
460	581
460	585
460	839
460	870
460	984
461	38
461	297
461	714
461	715
461	951
461	993
462	419
462	514
462	584
462	744
462	795
462	971
463	191
463	330
463	646
463	673
463	840
463	974
464	327
464	391
464	600
464	661
464	767
464	876
465	751
465	772
465	924
465	925
465	970
465	971
466	122
466	251
466	413
466	499
466	745
466	883
467	355
467	415
467	429
467	694
467	812
467	984
468	170
468	816
468	899
468	923
468	948
468	1000
469	329
469	766
469	836
469	913
469	955
469	973
470	484
470	596
470	780
470	843
470	882
470	906
471	696
471	810
471	828
471	925
471	947
471	999
472	153
472	657
472	813
472	904
472	921
472	922
473	117
473	361
473	429
473	803
473	827
473	988
474	332
474	825
474	868
474	930
474	953
474	956
475	364
475	566
475	829
475	851
475	965
475	972
476	677
476	796
476	885
476	895
476	917
476	922
477	528
477	870
477	872
477	934
477	959
477	973
478	459
478	636
478	833
478	841
478	885
478	951
479	509
479	557
479	640
479	910
479	980
479	993
480	511
480	559
480	745
480	746
480	927
480	930
481	422
481	845
481	884
481	893
481	950
481	973
482	13
482	933
482	945
482	949
482	957
482	966
483	120
483	763
483	888
483	953
483	983
483	997
484	470
484	519
484	632
484	907
484	970
484	988
485	87
485	375
485	652
485	918
485	956
485	977
486	496
486	889
486	896
486	898
486	958
486	990
487	227
487	740
487	789
487	889
487	909
487	997
488	336
488	436
488	518
488	682
488	791
488	944
489	89
489	601
489	715
489	833
489	921
489	946
490	655
490	703
490	844
490	896
490	910
490	974
491	20
491	133
491	295
491	323
491	617
491	701
492	3
492	600
492	693
492	721
492	793
492	820
493	267
493	739
493	815
493	897
493	914
493	923
494	2
494	35
494	214
494	294
494	936
494	991
495	599
495	776
495	803
495	848
495	849
495	891
496	207
496	486
496	517
496	633
496	824
496	897
496	924
497	507
497	804
497	814
497	856
497	926
497	983
497	996
498	181
498	400
498	457
498	547
498	842
498	860
498	996
499	127
499	466
499	567
499	580
499	591
499	665
499	869
500	124
500	336
500	708
500	748
500	765
500	961
500	978
501	307
501	315
501	406
501	518
501	719
501	774
501	934
502	142
502	258
502	543
502	917
502	943
502	953
502	997
503	536
503	721
503	782
503	851
503	922
503	954
503	983
504	637
504	893
504	917
504	931
504	938
504	949
504	961
505	415
505	520
505	718
505	877
505	884
505	959
505	999
506	53
506	388
506	519
506	777
506	965
506	975
506	985
507	497
507	723
507	884
507	895
507	921
507	936
507	941
508	341
508	901
508	919
508	923
508	945
508	986
508	995
509	7
509	36
509	241
509	397
509	479
509	814
509	815
510	212
510	220
510	224
510	565
510	726
510	928
510	977
511	384
511	480
511	596
511	599
511	703
511	712
511	981
512	518
512	600
512	805
512	888
512	916
512	967
512	979
513	81
513	248
513	378
513	402
513	421
513	858
513	894
514	120
514	462
514	723
514	795
514	870
514	932
514	975
515	657
515	678
515	734
515	831
515	911
515	944
515	995
516	140
516	378
516	394
516	571
516	685
516	909
516	962
517	496
517	532
517	757
517	902
517	986
517	988
517	989
518	20
518	311
518	488
518	501
518	512
518	591
518	749
519	240
519	420
519	484
519	506
519	703
519	881
519	991
520	87
520	505
520	811
520	908
520	913
520	916
520	1000
521	46
521	77
521	699
521	800
521	878
521	896
521	943
522	394
522	648
522	774
522	895
522	940
522	956
522	966
523	157
523	168
523	206
523	768
523	811
523	976
523	995
524	583
524	589
524	625
524	688
524	905
524	922
524	947
525	780
525	816
525	842
525	927
525	951
525	954
525	978
526	253
526	570
526	875
526	888
526	916
526	949
526	994
527	138
527	177
527	324
527	615
527	921
527	927
527	982
528	61
528	219
528	477
528	620
528	831
528	994
528	996
529	338
529	546
529	642
529	907
529	951
529	965
529	967
530	264
530	559
530	665
530	898
530	910
530	956
530	983
531	627
531	673
531	772
531	885
531	913
531	915
531	937
532	442
532	517
532	733
532	752
532	824
532	983
532	987
533	58
533	65
533	450
533	646
533	702
533	770
533	942
534	105
534	618
534	644
534	650
534	908
534	923
534	997
535	29
535	201
535	645
535	915
535	950
535	986
535	996
536	23
536	367
536	503
536	585
536	586
536	858
536	990
537	72
537	390
537	425
537	682
537	742
537	932
537	947
538	159
538	377
538	895
538	923
538	960
538	962
538	993
539	93
539	347
539	848
539	864
539	945
539	978
539	988
540	373
540	735
540	738
540	819
540	873
540	998
540	1000
541	153
541	430
541	604
541	884
541	926
541	961
541	977
542	226
542	402
542	758
542	869
542	946
542	950
542	972
543	29
543	239
543	366
543	502
543	805
543	813
543	991
544	71
544	114
544	369
544	642
544	720
544	868
544	993
545	600
545	699
545	734
545	875
545	942
545	971
545	978
546	62
546	287
546	529
546	709
546	853
546	879
546	931
547	498
547	573
547	917
547	927
547	933
547	978
547	987
548	89
548	761
548	805
548	951
548	987
548	994
548	997
549	207
549	732
549	914
549	972
549	995
549	996
549	997
550	319
550	403
550	662
550	772
550	949
550	985
550	994
551	39
551	274
551	712
551	794
551	912
551	959
551	990
552	295
552	607
552	664
552	769
552	905
552	926
552	965
553	70
553	580
553	602
553	816
553	849
553	967
553	993
554	57
554	394
554	636
554	637
554	643
554	729
554	952
555	199
555	355
555	568
555	596
555	739
555	750
555	923
556	358
556	574
556	638
556	939
556	953
556	973
556	983
557	479
557	613
557	622
557	768
557	939
557	964
557	984
558	138
558	446
558	692
558	801
558	910
558	943
558	971
559	184
559	480
559	530
559	824
559	875
559	975
559	978
560	200
560	263
560	623
560	673
560	873
560	938
560	952
561	255
561	361
561	586
561	675
561	711
561	827
561	906
562	172
562	390
562	664
562	728
562	852
562	877
562	926
563	48
563	108
563	718
563	924
563	950
563	952
563	993
564	682
564	687
564	721
564	725
564	767
564	806
564	821
564	997
565	53
565	410
565	510
565	849
565	890
565	910
565	919
565	997
566	421
566	475
566	707
566	804
566	912
566	918
566	966
566	984
567	288
567	499
567	719
567	727
567	796
567	907
567	976
567	980
568	24
568	235
568	555
568	880
568	925
568	939
568	985
568	987
569	266
569	451
569	635
569	738
569	747
569	768
569	847
569	903
570	34
570	299
570	526
570	801
570	809
570	863
570	971
570	977
571	252
571	451
571	516
571	582
571	624
571	716
571	751
571	996
572	136
572	236
572	307
572	772
572	844
572	911
572	925
572	997
573	547
573	683
573	757
573	759
573	814
573	878
573	905
573	983
574	556
574	588
574	811
574	857
574	894
574	914
574	933
574	978
575	25
575	80
575	382
575	684
575	821
575	847
575	989
575	994
576	42
576	273
576	448
576	605
576	693
576	913
576	919
576	950
577	339
577	439
577	578
577	648
577	956
577	976
577	983
577	990
578	15
578	577
578	589
578	614
578	813
578	919
578	935
578	944
579	167
579	261
579	393
579	790
579	820
579	910
579	971
579	975
580	499
580	553
580	626
580	786
580	914
580	947
580	965
580	978
581	149
581	319
581	460
581	786
581	900
581	933
581	947
581	973
582	368
582	571
582	701
582	771
582	864
582	903
582	931
582	950
583	249
583	366
583	524
583	768
583	774
583	898
583	909
583	926
584	78
584	349
584	462
584	787
584	857
584	863
584	873
584	969
585	44
585	94
585	460
585	536
585	780
585	894
585	911
585	980
586	107
586	298
586	536
586	561
586	786
586	953
586	980
586	984
587	143
587	323
587	437
587	826
587	916
587	924
587	958
587	980
588	574
588	710
588	720
588	737
588	812
588	843
588	947
588	958
589	228
589	524
589	578
589	695
589	834
589	933
589	950
589	972
590	796
590	807
590	938
590	942
590	955
590	960
590	980
590	995
591	134
591	499
591	518
591	678
591	699
591	716
591	789
591	856
592	833
592	834
592	862
592	869
592	933
592	970
592	988
592	992
593	173
593	862
593	874
593	905
593	912
593	987
593	989
593	997
594	97
594	280
594	349
594	714
594	730
594	815
594	847
594	998
595	43
595	310
595	436
595	727
595	801
595	826
595	979
595	996
596	131
596	453
596	470
596	511
596	555
596	802
596	936
596	994
597	313
597	339
597	675
597	849
597	851
597	966
597	984
597	991
598	278
598	648
598	785
598	823
598	863
598	871
598	935
598	962
599	252
599	495
599	511
599	632
599	731
599	811
599	880
599	962
600	464
600	492
600	512
600	545
600	898
600	923
600	936
600	952
601	489
601	685
601	815
601	891
601	924
601	962
601	986
601	990
602	136
602	553
602	691
602	724
602	859
602	901
602	977
602	994
603	647
603	791
603	821
603	862
603	919
603	950
603	955
603	994
604	50
604	541
604	681
604	820
604	875
604	914
604	930
604	998
605	99
605	423
605	576
605	741
605	757
605	767
605	912
605	945
606	33
606	620
606	632
606	697
606	855
606	857
606	938
606	983
607	306
607	552
607	766
607	815
607	877
607	942
607	952
607	955
608	24
608	71
608	278
608	298
608	929
608	942
608	972
608	981
609	37
609	71
609	721
609	740
609	833
609	878
609	893
609	974
610	310
610	321
610	678
610	692
610	695
610	754
610	780
610	979
611	74
611	624
611	747
611	835
611	913
611	922
611	926
611	955
612	335
612	742
612	936
612	949
612	960
612	980
612	984
612	996
613	291
613	557
613	756
613	860
613	875
613	924
613	994
613	995
614	578
614	688
614	715
614	781
614	789
614	851
614	980
614	998
615	26
615	144
615	527
615	683
615	744
615	868
615	936
615	1000
616	112
616	140
616	401
616	689
616	722
616	813
616	875
616	963
617	151
617	160
617	365
617	491
617	790
617	873
617	919
617	956
618	180
618	439
618	534
618	710
618	761
618	778
618	826
618	915
619	623
619	761
619	795
619	822
619	845
619	917
619	984
619	999
620	528
620	606
620	699
620	810
620	813
620	839
620	889
620	913
620	944
621	33
621	125
621	427
621	860
621	900
621	906
621	935
621	947
621	979
622	314
622	441
622	557
622	749
622	785
622	819
622	901
622	969
622	990
623	109
623	560
623	619
623	630
623	656
623	869
623	895
623	963
623	986
624	571
624	611
624	692
624	712
624	835
624	924
624	984
624	991
624	996
625	62
625	524
625	687
625	822
625	848
625	914
625	933
625	985
625	995
626	102
626	342
626	457
626	580
626	726
626	812
626	911
626	912
626	966
627	130
627	216
627	382
627	531
627	823
627	830
627	841
627	927
627	953
628	50
628	443
628	755
628	787
628	862
628	906
628	911
628	938
628	969
629	40
629	742
629	851
629	874
629	924
629	941
629	958
629	973
629	987
630	623
630	639
630	747
630	808
630	854
630	884
630	938
630	946
630	989
631	273
631	440
631	785
631	789
631	886
631	916
631	952
631	978
631	991
632	384
632	484
632	599
632	606
632	645
632	650
632	927
632	936
632	946
633	171
633	286
633	496
633	804
633	815
633	904
633	909
633	959
633	968
634	118
634	270
634	429
634	656
634	830
634	876
634	931
634	935
634	992
635	159
635	217
635	294
635	357
635	569
635	827
635	856
635	859
635	958
636	300
636	478
636	554
636	733
636	749
636	889
636	914
636	926
636	995
637	504
637	554
637	698
637	715
637	740
637	741
637	845
637	967
637	968
638	49
638	325
638	400
638	556
638	639
638	685
638	957
638	958
638	999
639	86
639	332
639	458
639	630
639	638
639	689
639	696
639	945
639	1000
640	69
640	385
640	479
640	732
640	843
640	844
640	849
640	891
640	963
641	273
641	434
641	802
641	883
641	898
641	917
641	959
641	979
641	1000
642	529
642	544
642	731
642	807
642	870
642	988
642	991
642	997
642	998
643	109
643	213
643	426
643	554
643	654
643	838
643	873
643	973
643	986
644	243
644	534
644	697
644	802
644	817
644	838
644	883
644	937
644	986
645	129
645	156
645	535
645	632
645	733
645	739
645	761
645	780
645	993
646	190
646	196
646	403
646	446
646	463
646	533
646	919
646	962
646	986
647	185
647	232
647	358
647	603
647	881
647	892
647	904
647	933
647	949
648	267
648	522
648	577
648	598
648	867
648	873
648	943
648	970
648	979
649	141
649	315
649	387
649	870
649	914
649	925
649	961
649	983
649	998
650	134
650	251
650	534
650	632
650	713
650	736
650	751
650	966
650	996
651	362
651	374
651	433
651	723
651	809
651	831
651	877
651	922
651	963
652	152
652	391
652	485
652	808
652	870
652	912
652	923
652	931
652	968
653	365
653	441
653	725
653	732
653	864
653	876
653	914
653	929
653	942
654	428
654	643
654	692
654	712
654	750
654	842
654	984
654	995
654	997
655	334
655	490
655	708
655	756
655	781
655	867
655	944
655	953
655	955
656	287
656	623
656	634
656	730
656	788
656	904
656	919
656	935
656	993
657	174
657	250
657	315
657	472
657	515
657	670
657	685
657	744
657	862
658	776
658	839
658	860
658	898
658	921
658	946
658	954
658	981
658	987
659	87
659	674
659	774
659	800
659	804
659	831
659	878
659	942
659	994
660	187
660	193
660	245
660	409
660	683
660	893
660	922
660	972
660	974
661	346
661	464
661	683
661	716
661	745
661	821
661	914
661	959
661	977
662	451
662	550
662	697
662	757
662	775
662	780
662	830
662	932
662	972
663	150
663	400
663	701
663	799
663	807
663	861
663	954
663	962
663	990
664	552
664	562
664	674
664	741
664	890
664	919
664	926
664	971
664	992
665	431
665	499
665	530
665	666
665	676
665	889
665	950
665	966
665	990
666	665
666	706
666	712
666	738
666	794
666	886
666	894
666	902
666	965
667	225
667	285
667	686
667	767
667	800
667	909
667	917
667	930
667	997
668	453
668	721
668	782
668	810
668	846
668	861
668	870
668	879
668	951
668	956
669	302
669	710
669	721
669	863
669	867
669	888
669	932
669	954
669	966
669	999
670	163
670	200
670	412
670	657
670	700
670	759
670	882
670	904
670	972
670	995
671	352
671	845
671	879
671	889
671	911
671	946
671	965
671	967
671	985
671	998
672	366
672	675
672	735
672	787
672	821
672	876
672	887
672	901
672	908
672	928
673	463
673	531
673	560
673	674
673	718
673	786
673	939
673	956
673	995
673	1000
674	300
674	659
674	664
674	673
674	722
674	822
674	893
674	912
674	952
674	993
675	151
675	561
675	597
675	672
675	713
675	727
675	774
675	777
675	795
675	982
676	29
676	31
676	100
676	157
676	190
676	665
676	923
676	931
676	940
676	984
677	164
677	332
677	476
677	678
677	708
677	774
677	840
677	937
677	950
677	996
678	49
678	515
678	591
678	610
678	677
678	888
678	892
678	942
678	948
678	969
679	710
679	749
679	796
679	852
679	892
679	913
679	926
679	931
679	956
679	958
680	5
680	233
680	753
680	755
680	882
680	907
680	931
680	940
680	962
680	964
681	68
681	604
681	710
681	782
681	932
681	935
681	947
681	949
681	977
681	985
682	303
682	322
682	434
682	488
682	537
682	564
682	810
682	889
682	941
682	954
683	351
683	573
683	615
683	660
683	661
683	707
683	814
683	861
683	945
683	969
684	106
684	314
684	420
684	575
684	828
684	841
684	868
684	973
684	984
684	998
685	202
685	516
685	601
685	638
685	657
685	692
685	764
685	857
685	943
685	947
686	55
686	444
686	667
686	717
686	860
686	864
686	915
686	933
686	999
686	1000
687	150
687	191
687	564
687	625
687	775
687	783
687	914
687	955
687	965
687	977
688	324
688	524
688	614
688	941
688	942
688	945
688	951
688	965
688	980
688	997
689	17
689	100
689	118
689	438
689	616
689	639
689	737
689	792
689	997
689	1000
690	135
690	203
690	283
690	352
690	691
690	900
690	902
690	941
690	983
690	997
691	374
691	602
691	690
691	735
691	771
691	842
691	894
691	965
691	973
691	997
692	143
692	458
692	558
692	610
692	624
692	654
692	685
692	959
692	975
692	982
693	274
693	374
693	492
693	576
693	788
693	916
693	934
693	978
693	979
693	992
694	8
694	416
694	441
694	467
694	915
694	941
694	961
694	962
694	970
694	991
695	67
695	589
695	610
695	840
695	898
695	925
695	963
695	976
695	982
695	997
696	417
696	471
696	639
696	859
696	862
696	879
696	929
696	956
696	991
696	994
697	82
697	401
697	448
697	606
697	644
697	662
697	699
697	883
697	952
697	954
698	228
698	396
698	637
698	702
698	814
698	818
698	904
698	965
698	970
698	992
699	521
699	545
699	591
699	620
699	697
699	806
699	840
699	940
699	973
699	1000
700	670
700	703
700	793
700	840
700	884
700	941
700	950
700	960
700	971
700	983
701	11
701	61
701	247
701	491
701	582
701	663
701	893
701	947
701	958
701	968
702	16
702	112
702	165
702	210
702	533
702	698
702	704
702	736
702	778
702	922
703	115
703	490
703	511
703	519
703	700
703	789
703	821
703	877
703	896
703	957
704	91
704	170
704	293
704	383
704	437
704	702
704	818
704	922
704	935
704	976
705	299
705	397
705	456
705	865
705	921
705	964
705	974
705	983
705	989
705	991
706	139
706	260
706	666
706	738
706	840
706	902
706	918
706	920
706	966
706	996
707	36
707	97
707	126
707	282
707	405
707	566
707	683
707	762
707	889
707	957
707	968
708	55
708	356
708	500
708	655
708	677
708	713
708	722
708	784
708	842
708	941
708	966
709	35
709	86
709	372
709	546
709	833
709	834
709	849
709	906
709	952
709	988
709	998
710	301
710	588
710	618
710	669
710	679
710	681
710	807
710	834
710	923
710	924
710	982
711	25
711	301
711	561
711	728
711	761
711	918
711	921
711	930
711	934
711	948
711	985
712	194
712	511
712	551
712	624
712	654
712	666
712	734
712	886
712	899
712	922
712	983
713	134
713	337
713	356
713	650
713	675
713	708
713	767
713	821
713	907
713	952
713	959
714	363
714	423
714	461
714	594
714	856
714	890
714	928
714	934
714	976
714	985
714	999
715	28
715	311
715	461
715	489
715	614
715	637
715	799
715	877
715	909
715	934
715	982
716	367
716	571
716	591
716	661
716	721
716	726
716	785
716	931
716	971
716	980
716	990
717	42
717	124
717	158
717	397
717	686
717	746
717	754
717	823
717	946
717	956
717	981
718	34
718	152
718	239
718	358
718	505
718	563
718	673
718	839
718	939
718	941
718	993
719	50
719	95
719	233
719	501
719	567
719	836
719	839
719	852
719	862
719	941
719	964
720	371
720	450
720	544
720	588
720	814
720	858
720	920
720	923
720	946
720	951
720	961
721	46
721	492
721	503
721	564
721	609
721	668
721	669
721	716
721	854
721	909
721	917
722	616
722	674
722	708
722	756
722	781
722	821
722	874
722	908
722	965
722	992
722	994
723	177
723	507
723	514
723	651
723	849
723	879
723	916
723	939
723	979
723	985
723	989
724	17
724	135
724	330
724	602
724	838
724	934
724	941
724	942
724	979
724	985
724	994
725	63
725	564
725	653
725	809
725	822
725	842
725	871
725	933
725	941
725	969
725	995
726	22
726	158
726	368
726	510
726	626
726	716
726	757
726	886
726	896
726	953
726	975
727	567
727	595
727	675
727	767
727	855
727	892
727	895
727	926
727	930
727	971
727	978
728	12
728	232
728	562
728	711
728	736
728	832
728	847
728	900
728	922
728	981
728	987
729	223
729	554
729	742
729	755
729	758
729	818
729	828
729	867
729	905
729	986
729	999
730	391
730	402
730	443
730	594
730	656
730	817
730	828
730	837
730	853
730	919
730	937
731	348
731	454
731	599
731	642
731	761
731	812
731	850
731	885
731	929
731	943
731	996
732	44
732	549
732	640
732	653
732	763
732	893
732	904
732	954
732	960
732	966
732	987
733	108
733	259
733	532
733	636
733	645
733	821
733	917
733	926
733	946
733	976
733	988
734	108
734	165
734	342
734	515
734	545
734	712
734	860
734	881
734	888
734	920
734	963
734	998
735	147
735	325
735	433
735	540
735	672
735	691
735	740
735	793
735	805
735	845
735	926
735	930
736	114
736	197
736	335
736	389
736	399
736	650
736	702
736	728
736	758
736	852
736	911
736	980
737	272
737	311
737	320
737	452
737	588
737	689
737	764
737	850
737	972
737	981
737	985
737	999
738	2
738	320
738	540
738	569
738	666
738	706
738	804
738	856
738	905
738	915
738	937
738	954
739	141
739	248
739	493
739	555
739	645
739	744
739	897
739	909
739	930
739	947
739	962
739	977
740	12
740	40
740	261
740	393
740	487
740	609
740	637
740	735
740	890
740	971
740	990
740	996
741	296
741	331
741	605
741	637
741	664
741	830
741	833
741	856
741	872
741	899
741	988
741	993
742	186
742	537
742	612
742	629
742	729
742	817
742	887
742	936
742	953
742	968
742	983
742	991
743	182
743	197
743	430
743	813
743	820
743	846
743	914
743	930
743	939
743	966
743	976
743	997
744	290
744	402
744	462
744	615
744	657
744	739
744	837
744	846
744	857
744	867
744	896
744	1000
745	161
745	182
745	466
745	480
745	661
745	799
745	842
745	941
745	971
745	972
745	979
745	990
746	65
746	187
746	334
746	345
746	480
746	717
746	831
746	880
746	897
746	939
746	941
746	977
747	141
747	177
747	569
747	611
747	630
747	789
747	832
747	891
747	900
747	923
747	945
747	991
748	133
748	152
748	220
748	500
748	889
748	937
748	939
748	946
748	949
748	981
748	984
748	987
749	446
749	518
749	622
749	636
749	679
749	898
749	936
749	960
749	984
749	985
749	987
749	1000
750	386
750	413
750	427
750	456
750	555
750	654
750	828
750	866
750	917
750	930
750	970
750	985
751	214
751	465
751	571
751	650
751	814
751	877
751	912
751	945
751	974
751	976
751	982
751	998
752	43
752	99
752	532
752	845
752	855
752	865
752	887
752	922
752	937
752	946
752	949
752	987
753	50
753	302
753	325
753	452
753	453
753	680
753	882
753	897
753	927
753	946
753	947
753	995
754	15
754	16
754	349
754	610
754	717
754	781
754	823
754	862
754	949
754	966
754	978
754	996
755	106
755	369
755	628
755	680
755	729
755	784
755	874
755	894
755	900
755	915
755	941
755	973
756	297
756	613
756	655
756	722
756	771
756	816
756	901
756	949
756	976
756	989
756	996
756	998
757	439
757	517
757	573
757	605
757	662
757	726
757	762
757	797
757	956
757	982
757	991
757	992
758	170
758	263
758	542
758	729
758	736
758	820
758	879
758	929
758	957
758	965
758	976
758	990
759	224
759	411
759	573
759	670
759	827
759	840
759	862
759	912
759	925
759	929
759	976
759	998
760	238
760	270
760	294
760	330
760	428
760	892
760	906
760	945
760	952
760	954
760	964
760	981
761	272
761	380
761	548
761	618
761	619
761	645
761	711
761	731
761	940
761	944
761	947
761	985
762	194
762	707
762	757
762	803
762	880
762	895
762	899
762	901
762	955
762	956
762	968
762	981
763	8
763	443
763	483
763	732
763	810
763	851
763	881
763	932
763	939
763	951
763	957
763	976
763	998
764	13
764	79
764	134
764	242
764	288
764	685
764	737
764	783
764	926
764	933
764	974
764	984
764	999
765	80
765	92
765	163
765	305
765	306
765	386
765	450
765	500
765	779
765	807
765	938
765	975
765	985
766	3
766	469
766	607
766	809
766	893
766	903
766	914
766	926
766	935
766	987
766	989
766	990
766	998
767	38
767	464
767	564
767	605
767	667
767	713
767	727
767	842
767	898
767	920
767	927
767	976
767	995
768	224
768	250
768	523
768	557
768	569
768	583
768	772
768	798
768	800
768	913
768	928
768	943
768	985
769	13
769	204
769	228
769	261
769	321
769	424
769	552
769	829
769	851
769	882
769	900
769	940
769	986
770	12
770	27
770	55
770	533
770	802
770	853
770	881
770	928
770	935
770	985
770	991
770	992
770	995
771	366
771	582
771	691
771	756
771	829
771	840
771	844
771	875
771	880
771	905
771	908
771	924
771	983
772	331
772	341
772	389
772	465
772	531
772	550
772	572
772	768
772	882
772	910
772	932
772	953
772	954
773	237
773	287
773	318
773	783
773	800
773	802
773	838
773	878
773	907
773	908
773	910
773	966
773	998
774	303
774	342
774	364
774	501
774	522
774	583
774	659
774	675
774	677
774	846
774	886
774	906
774	925
775	662
775	687
775	801
775	853
775	861
775	865
775	867
775	869
775	914
775	915
775	983
775	991
775	998
776	230
776	395
776	416
776	433
776	495
776	658
776	851
776	854
776	892
776	911
776	925
776	955
776	997
777	63
777	344
777	506
777	675
777	799
777	827
777	837
777	844
777	894
777	896
777	940
777	975
777	997
778	9
778	18
778	158
778	257
778	618
778	702
778	798
778	827
778	920
778	925
778	928
778	965
778	976
779	252
779	269
779	291
779	765
779	791
779	802
779	816
779	823
779	879
779	958
779	968
779	971
779	978
780	396
780	441
780	470
780	525
780	585
780	610
780	645
780	662
780	852
780	869
780	905
780	932
780	991
781	111
781	213
781	614
781	655
781	722
781	754
781	869
781	950
781	951
781	964
781	988
781	997
781	999
782	202
782	266
782	412
782	459
782	503
782	668
782	681
782	835
782	873
782	885
782	953
782	963
782	993
783	36
783	203
783	279
783	331
783	332
783	687
783	764
783	773
783	906
783	946
783	974
783	975
783	1000
784	406
784	708
784	755
784	794
784	866
784	936
784	938
784	953
784	960
784	976
784	980
784	985
784	993
785	208
785	295
785	374
785	598
785	622
785	631
785	716
785	798
785	831
785	946
785	964
785	969
785	1000
786	14
786	303
786	417
786	580
786	581
786	586
786	673
786	813
786	828
786	896
786	939
786	942
786	950
786	968
787	361
787	398
787	446
787	584
787	628
787	672
787	792
787	795
787	820
787	826
787	843
787	883
787	954
787	995
788	157
788	238
788	254
788	292
788	656
788	693
788	793
788	844
788	890
788	897
788	910
788	928
788	971
788	974
789	76
789	255
789	487
789	591
789	614
789	631
789	703
789	747
789	826
789	837
789	865
789	894
789	899
789	950
790	40
790	429
790	579
790	617
790	805
790	852
790	869
790	870
790	876
790	882
790	885
790	935
790	954
790	989
791	299
791	435
791	488
791	603
791	779
791	861
791	866
791	918
791	938
791	939
791	950
791	964
791	994
791	996
792	315
792	345
792	689
792	787
792	872
792	928
792	934
792	937
792	958
792	965
792	975
792	977
792	979
792	992
793	111
793	333
793	343
793	492
793	700
793	735
793	788
793	814
793	871
793	903
793	919
793	935
793	948
793	951
794	257
794	411
794	551
794	666
794	784
794	839
794	848
794	882
794	921
794	924
794	929
794	950
794	969
794	984
795	392
795	462
795	514
795	619
795	675
795	787
795	831
795	899
795	900
795	904
795	933
795	943
795	945
795	963
796	476
796	567
796	590
796	679
796	806
796	835
796	836
796	844
796	847
796	949
796	956
796	972
796	985
796	993
797	108
797	208
797	328
797	364
797	437
797	757
797	901
797	912
797	920
797	946
797	968
797	985
797	997
797	999
798	215
798	230
798	310
798	404
798	768
798	778
798	785
798	828
798	854
798	951
798	985
798	991
798	993
798	999
799	135
799	246
799	252
799	663
799	715
799	745
799	777
799	868
799	872
799	913
799	939
799	996
799	999
799	1000
800	160
800	521
800	659
800	667
800	768
800	773
800	804
800	860
800	926
800	928
800	948
800	984
800	985
800	1000
801	44
801	183
801	443
801	558
801	570
801	595
801	775
801	852
801	895
801	907
801	943
801	978
801	983
801	991
802	74
802	210
802	596
802	641
802	644
802	770
802	773
802	779
802	848
802	920
802	930
802	936
802	968
802	970
803	48
803	211
803	226
803	340
803	446
803	473
803	495
803	762
803	882
803	900
803	902
803	909
803	994
803	1000
804	210
804	340
804	497
804	566
804	633
804	659
804	738
804	800
804	854
804	919
804	935
804	961
804	982
804	989
804	993
805	195
805	306
805	340
805	512
805	543
805	548
805	735
805	790
805	832
805	875
805	885
805	933
805	966
805	971
805	975
806	381
806	564
806	699
806	796
806	810
806	816
806	838
806	844
806	931
806	939
806	941
806	943
806	956
806	980
806	987
807	45
807	66
807	292
807	369
807	590
807	642
807	663
807	710
807	765
807	834
807	835
807	868
807	905
807	956
807	973
808	79
808	112
808	203
808	282
808	408
808	630
808	652
808	827
808	907
808	978
808	979
808	982
808	988
808	990
808	1000
809	408
809	570
809	651
809	725
809	766
809	820
809	901
809	903
809	908
809	921
809	938
809	951
809	957
809	972
809	992
810	175
810	274
810	445
810	471
810	620
810	668
810	682
810	763
810	806
810	866
810	913
810	955
810	957
810	962
810	993
811	122
811	242
811	341
811	426
811	520
811	523
811	574
811	599
811	874
811	887
811	952
811	954
811	955
811	990
811	993
812	76
812	104
812	121
812	130
812	372
812	434
812	467
812	588
812	626
812	731
812	873
812	878
812	888
812	966
812	994
813	25
813	83
813	411
813	472
813	543
813	578
813	616
813	620
813	743
813	786
813	863
813	869
813	964
813	966
813	981
814	315
814	381
814	497
814	509
814	573
814	683
814	698
814	720
814	751
814	793
814	865
814	936
814	937
814	981
814	1000
815	146
815	493
815	509
815	594
815	601
815	607
815	633
815	822
815	868
815	895
815	934
815	967
815	975
815	994
815	996
816	468
816	525
816	553
816	756
816	779
816	806
816	824
816	825
816	841
816	919
816	961
816	968
816	978
816	981
816	989
817	644
817	730
817	742
817	857
817	871
817	875
817	880
817	881
817	894
817	914
817	944
817	969
817	980
817	986
817	990
818	29
818	92
818	143
818	160
818	197
818	698
818	704
818	729
818	832
818	973
818	974
818	975
818	982
818	990
818	992
819	5
819	84
819	185
819	409
819	455
819	540
819	622
819	905
819	926
819	935
819	948
819	968
819	973
819	982
819	995
820	137
820	147
820	440
820	492
820	579
820	604
820	743
820	758
820	787
820	809
820	863
820	881
820	933
820	962
820	963
821	290
821	356
821	404
821	564
821	575
821	603
821	661
821	672
821	703
821	713
821	722
821	733
821	940
821	954
821	993
822	318
822	619
822	625
822	674
822	725
822	815
822	835
822	865
822	907
822	927
822	930
822	940
822	948
822	971
822	983
823	41
823	258
823	442
823	598
823	627
823	717
823	754
823	779
823	886
823	899
823	935
823	954
823	965
823	975
823	999
824	188
824	496
824	532
824	559
824	816
824	874
824	882
824	900
824	903
824	905
824	940
824	945
824	976
824	984
824	989
825	30
825	51
825	83
825	214
825	293
825	474
825	816
825	877
825	900
825	901
825	913
825	922
825	976
825	980
825	994
826	6
826	209
826	445
826	587
826	595
826	618
826	787
826	789
826	906
826	954
826	955
826	959
826	977
826	979
826	991
827	4
827	336
827	473
827	561
827	635
827	759
827	777
827	778
827	808
827	899
827	912
827	925
827	927
827	951
827	952
827	953
828	213
828	246
828	260
828	434
828	444
828	455
828	471
828	684
828	729
828	730
828	750
828	786
828	798
828	872
828	881
828	955
829	30
829	137
829	193
829	221
829	224
829	361
829	475
829	769
829	771
829	861
829	871
829	874
829	889
829	931
829	982
829	996
830	59
830	251
830	356
830	627
830	634
830	662
830	741
830	839
830	865
830	897
830	928
830	934
830	944
830	958
830	966
830	999
831	156
831	220
831	515
831	528
831	651
831	659
831	746
831	785
831	795
831	878
831	925
831	944
831	959
831	969
831	982
831	985
832	34
832	49
832	98
832	359
832	419
832	457
832	728
832	747
832	805
832	818
832	920
832	935
832	956
832	963
832	972
832	974
833	180
833	314
833	442
833	478
833	489
833	592
833	609
833	709
833	741
833	834
833	852
833	857
833	916
833	963
833	969
833	996
834	151
834	243
834	589
834	592
834	709
834	710
834	807
834	833
834	928
834	930
834	934
834	955
834	980
834	985
834	987
834	999
835	6
835	88
835	337
835	611
835	624
835	782
835	796
835	807
835	822
835	852
835	864
835	904
835	927
835	932
835	971
835	990
836	37
836	95
836	100
836	117
836	131
836	401
836	422
836	454
836	469
836	719
836	796
836	922
836	973
836	984
836	985
836	987
837	185
837	414
837	730
837	744
837	777
837	789
837	843
837	871
837	879
837	888
837	903
837	913
837	921
837	960
837	963
837	981
837	986
838	238
838	255
838	262
838	643
838	644
838	724
838	773
838	806
838	891
838	898
838	929
838	937
838	993
838	994
838	995
838	999
838	1000
839	208
839	342
839	378
839	398
839	460
839	620
839	658
839	718
839	719
839	794
839	830
839	883
839	938
839	956
839	973
839	981
839	985
840	418
840	463
840	677
840	695
840	699
840	700
840	706
840	759
840	771
840	858
840	904
840	916
840	941
840	944
840	948
840	982
840	987
841	239
841	318
841	478
841	627
841	684
841	816
841	857
841	866
841	889
841	919
841	920
841	929
841	946
841	948
841	963
841	986
841	991
842	66
842	96
842	168
842	323
842	498
842	525
842	654
842	691
842	708
842	725
842	745
842	767
842	873
842	921
842	942
842	966
842	1000
843	205
843	389
843	421
843	470
843	588
843	640
843	787
843	837
843	848
843	874
843	875
843	902
843	930
843	963
843	969
843	975
843	976
844	301
844	350
844	362
844	378
844	490
844	572
844	640
844	771
844	777
844	788
844	796
844	806
844	871
844	897
844	932
844	975
844	997
845	454
845	481
845	619
845	637
845	671
845	735
845	752
845	856
845	859
845	903
845	908
845	916
845	962
845	971
845	985
845	993
845	994
846	11
846	199
846	230
846	236
846	277
846	347
846	392
846	668
846	743
846	744
846	774
846	861
846	878
846	902
846	917
846	955
846	963
847	223
847	328
847	569
847	575
847	594
847	728
847	796
847	867
847	892
847	902
847	920
847	933
847	957
847	965
847	967
847	971
847	982
848	156
848	219
848	235
848	333
848	394
848	495
848	539
848	625
848	794
848	802
848	843
848	883
848	886
848	935
848	949
848	972
848	996
849	144
849	389
849	431
849	495
849	553
849	565
849	597
849	640
849	709
849	723
849	857
849	881
849	908
849	919
849	940
849	959
849	971
850	103
850	289
850	329
850	408
850	731
850	737
850	861
850	862
850	924
850	938
850	942
850	956
850	964
850	972
850	982
850	986
850	998
851	105
851	173
851	207
851	393
851	475
851	503
851	597
851	614
851	629
851	763
851	769
851	776
851	966
851	972
851	979
851	981
851	989
852	562
852	679
852	719
852	736
852	780
852	790
852	801
852	833
852	835
852	892
852	903
852	944
852	948
852	972
852	973
852	989
852	992
853	272
853	405
853	546
853	730
853	770
853	775
853	857
853	866
853	882
853	885
853	892
853	901
853	906
853	920
853	941
853	951
853	978
853	994
854	59
854	312
854	396
854	405
854	425
854	630
854	721
854	776
854	798
854	804
854	876
854	940
854	946
854	979
854	981
854	987
854	995
854	998
855	176
855	186
855	188
855	281
855	606
855	727
855	752
855	864
855	887
855	896
855	899
855	933
855	945
855	948
855	950
855	957
855	981
855	993
856	69
856	169
856	222
856	276
856	281
856	408
856	497
856	591
856	635
856	714
856	738
856	741
856	845
856	917
856	937
856	947
856	951
856	999
857	96
857	114
857	574
857	584
857	606
857	685
857	744
857	817
857	833
857	841
857	849
857	853
857	886
857	946
857	949
857	965
857	982
857	999
858	3
858	126
858	181
858	274
858	428
858	450
858	513
858	536
858	720
858	840
858	877
858	891
858	922
858	931
858	945
858	983
858	993
858	994
859	178
859	220
859	327
859	380
859	602
859	635
859	696
859	845
859	880
859	926
859	938
859	947
859	950
859	956
859	962
859	964
859	986
859	989
860	33
860	62
860	76
860	113
860	118
860	285
860	498
860	613
860	621
860	658
860	686
860	734
860	800
860	872
860	913
860	972
860	980
860	982
861	84
861	385
861	399
861	663
861	668
861	683
861	775
861	791
861	829
861	846
861	850
861	903
861	909
861	934
861	953
861	968
861	972
861	995
862	119
862	304
862	308
862	592
862	593
862	603
862	628
862	657
862	696
862	719
862	754
862	759
862	850
862	868
862	886
862	927
862	941
862	999
863	186
863	223
863	353
863	570
863	584
863	598
863	669
863	813
863	820
863	902
863	923
863	931
863	939
863	959
863	969
863	980
863	987
863	996
863	998
864	4
864	407
864	539
864	582
864	653
864	686
864	835
864	855
864	888
864	893
864	910
864	921
864	954
864	960
864	961
864	973
864	989
864	994
864	996
865	17
865	64
865	312
865	333
865	381
865	705
865	752
865	775
865	789
865	814
865	822
865	830
865	958
865	966
865	967
865	968
865	988
865	999
865	1000
866	152
866	167
866	269
866	372
866	750
866	784
866	791
866	810
866	841
866	853
866	881
866	916
866	933
866	972
866	979
866	982
866	991
866	992
866	999
867	43
867	154
867	172
867	189
867	289
867	398
867	445
867	648
867	655
867	669
867	729
867	744
867	775
867	847
867	884
867	961
867	988
867	990
867	998
868	254
868	352
868	382
868	406
868	407
868	474
868	544
868	615
868	684
868	799
868	807
868	815
868	862
868	917
868	928
868	954
868	977
868	991
868	998
869	139
869	179
869	204
869	215
869	407
869	499
869	542
869	592
869	623
869	775
869	780
869	781
869	790
869	813
869	891
869	971
869	973
869	990
869	994
870	164
870	333
870	353
870	446
870	452
870	460
870	477
870	514
870	642
870	649
870	652
870	668
870	790
870	912
870	944
870	959
870	962
870	990
870	996
871	115
871	184
871	348
871	397
871	430
871	598
871	725
871	793
871	817
871	829
871	837
871	844
871	890
871	921
871	929
871	937
871	940
871	942
871	975
872	56
872	157
872	411
872	415
872	424
872	477
872	741
872	792
872	799
872	828
872	860
872	887
872	901
872	981
872	986
872	988
872	990
872	991
872	999
873	148
873	386
873	422
873	540
873	560
873	584
873	617
873	643
873	648
873	782
873	812
873	842
873	893
873	902
873	920
873	924
873	962
873	981
873	995
874	19
874	75
874	92
874	593
874	629
874	722
874	755
874	811
874	824
874	829
874	843
874	903
874	904
874	929
874	934
874	948
874	952
874	987
874	989
875	57
875	74
875	107
875	153
875	247
875	526
875	545
875	559
875	604
875	613
875	616
875	771
875	805
875	817
875	843
875	921
875	951
875	983
875	988
875	992
876	3
876	81
876	124
876	229
876	246
876	424
876	464
876	634
876	653
876	672
876	790
876	854
876	893
876	902
876	934
876	937
876	946
876	992
876	994
876	996
877	17
877	371
877	393
877	505
877	562
877	607
877	651
877	703
877	715
877	751
877	825
877	858
877	908
877	926
877	952
877	955
877	961
877	989
877	994
877	996
878	123
878	292
878	351
878	521
878	573
878	609
878	659
878	773
878	812
878	831
878	846
878	908
878	930
878	946
878	948
878	959
878	974
878	986
878	998
878	1000
879	77
879	312
879	359
879	386
879	404
879	415
879	546
879	668
879	671
879	696
879	723
879	758
879	779
879	837
879	929
879	945
879	948
879	960
879	987
879	993
880	61
880	113
880	255
880	393
880	568
880	599
880	746
880	762
880	771
880	817
880	859
880	887
880	917
880	924
880	928
880	943
880	949
880	972
880	982
880	992
881	258
881	380
881	454
881	519
881	647
881	734
881	763
881	770
881	817
881	820
881	828
881	849
881	866
881	887
881	951
881	962
881	968
881	983
881	988
881	998
882	73
882	230
882	470
882	670
882	680
882	753
882	769
882	772
882	790
882	794
882	803
882	824
882	853
882	901
882	902
882	908
882	974
882	982
882	990
882	999
883	7
883	195
883	278
883	388
883	410
883	418
883	466
883	641
883	644
883	697
883	787
883	839
883	848
883	899
883	902
883	911
883	943
883	965
883	969
883	984
883	993
884	211
884	218
884	400
884	408
884	435
884	439
884	481
884	505
884	507
884	541
884	630
884	700
884	867
884	915
884	916
884	918
884	925
884	942
884	952
884	975
884	994
885	1
885	58
885	131
885	162
885	234
885	257
885	405
885	433
885	476
885	478
885	531
885	731
885	782
885	790
885	805
885	853
885	931
885	943
885	979
885	986
885	991
886	116
886	140
886	351
886	444
886	631
886	666
886	712
886	726
886	774
886	823
886	848
886	857
886	862
886	897
886	925
886	933
886	938
886	949
886	954
886	963
886	997
887	359
887	395
887	451
887	672
887	742
887	752
887	811
887	855
887	872
887	880
887	881
887	892
887	894
887	909
887	933
887	965
887	980
887	981
887	984
887	986
887	988
888	106
888	109
888	151
888	289
888	413
888	483
888	512
888	526
888	669
888	678
888	734
888	812
888	837
888	864
888	891
888	892
888	901
888	927
888	944
888	987
888	990
888	999
889	221
889	414
889	449
889	486
889	487
889	620
889	636
889	665
889	671
889	682
889	707
889	748
889	829
889	841
889	891
889	916
889	919
889	948
889	956
889	965
889	967
889	994
890	16
890	42
890	47
890	73
890	93
890	225
890	236
890	263
890	267
890	285
890	335
890	565
890	664
890	714
890	740
890	788
890	871
890	963
890	979
890	986
890	987
890	990
891	172
891	264
891	401
891	450
891	495
891	601
891	640
891	747
891	838
891	858
891	869
891	888
891	889
891	903
891	907
891	910
891	958
891	970
891	979
891	981
891	996
891	1000
892	241
892	647
892	678
892	679
892	727
892	760
892	776
892	847
892	852
892	853
892	887
892	888
892	920
892	953
892	955
892	961
892	962
892	984
892	993
892	998
892	999
892	1000
893	213
893	230
893	299
893	425
893	481
893	504
893	609
893	660
893	674
893	701
893	732
893	766
893	864
893	873
893	876
893	908
893	910
893	956
893	961
893	966
893	992
893	994
894	68
894	206
894	297
894	327
894	414
894	430
894	440
894	513
894	574
894	585
894	666
894	691
894	755
894	777
894	789
894	817
894	887
894	900
894	912
894	924
894	926
894	940
894	964
895	31
895	46
895	130
895	309
895	377
895	476
895	507
895	522
895	538
895	623
895	727
895	762
895	801
895	815
895	921
895	932
895	936
895	942
895	950
895	952
895	970
895	981
895	983
896	128
896	154
896	221
896	225
896	229
896	242
896	274
896	486
896	490
896	521
896	703
896	726
896	744
896	777
896	786
896	855
896	902
896	910
896	929
896	945
896	969
896	989
896	994
897	175
897	276
897	321
897	416
897	493
897	496
897	739
897	746
897	753
897	788
897	830
897	844
897	886
897	914
897	931
897	964
897	965
897	974
897	976
897	980
897	984
897	993
897	994
898	120
898	390
898	423
898	486
898	530
898	583
898	600
898	641
898	658
898	695
898	749
898	767
898	838
898	952
898	958
898	959
898	965
898	971
898	974
898	977
898	991
898	998
898	999
899	68
899	139
899	181
899	196
899	346
899	432
899	452
899	468
899	712
899	741
899	762
899	789
899	795
899	823
899	827
899	855
899	883
899	929
899	932
899	933
899	962
899	965
899	971
899	991
900	12
900	33
900	235
900	301
900	581
900	621
900	690
900	728
900	747
900	755
900	769
900	795
900	803
900	824
900	825
900	894
900	916
900	930
900	934
900	944
900	948
900	968
900	972
900	982
901	22
901	283
901	411
901	508
901	602
901	622
901	672
901	756
901	762
901	797
901	809
901	825
901	853
901	872
901	882
901	888
901	921
901	923
901	933
901	955
901	962
901	980
901	985
901	995
901	998
902	126
902	132
902	246
902	282
902	453
902	517
902	666
902	690
902	706
902	803
902	843
902	846
902	847
902	863
902	873
902	876
902	882
902	883
902	896
902	914
902	931
902	937
902	957
902	963
902	996
903	127
903	253
903	265
903	287
903	434
903	436
903	569
903	582
903	766
903	793
903	809
903	824
903	837
903	845
903	852
903	861
903	874
903	891
903	921
903	928
903	943
903	953
903	985
903	997
903	998
904	10
904	85
904	97
904	239
904	263
904	298
904	456
904	472
904	633
904	647
904	656
904	670
904	698
904	732
904	795
904	835
904	840
904	874
904	918
904	935
904	938
904	957
904	965
904	973
904	980
905	174
905	249
905	265
905	272
905	357
905	383
905	524
905	552
905	573
905	593
905	729
905	738
905	771
905	780
905	807
905	819
905	824
905	907
905	915
905	921
905	969
905	973
905	974
905	989
905	995
906	85
906	96
906	103
906	171
906	312
906	320
906	426
906	470
906	561
906	621
906	628
906	709
906	760
906	774
906	783
906	826
906	853
906	914
906	939
906	965
906	979
906	987
906	995
906	998
906	1000
907	154
907	161
907	233
907	280
907	313
907	377
907	409
907	484
907	529
907	567
907	680
907	713
907	773
907	801
907	808
907	822
907	891
907	905
907	935
907	945
907	953
907	954
907	960
907	964
907	966
908	70
908	102
908	144
908	520
908	534
908	672
908	722
908	771
908	773
908	809
908	845
908	849
908	877
908	878
908	882
908	893
908	935
908	938
908	946
908	949
908	957
908	964
908	967
908	982
908	991
909	254
909	363
909	368
909	414
909	487
909	516
909	583
909	633
909	667
909	715
909	721
909	739
909	803
909	861
909	887
909	910
909	928
909	952
909	961
909	963
909	968
909	973
909	985
909	996
909	1000
910	26
910	207
910	256
910	290
910	304
910	381
910	416
910	479
910	490
910	530
910	558
910	565
910	579
910	772
910	773
910	788
910	864
910	891
910	893
910	896
910	909
910	936
910	959
910	973
910	981
911	27
911	44
911	45
911	54
911	202
911	212
911	250
911	308
911	426
911	515
911	572
911	585
911	626
911	628
911	671
911	736
911	776
911	883
911	912
911	915
911	928
911	929
911	939
911	953
911	960
911	970
912	23
912	85
912	122
912	222
912	253
912	390
912	448
912	551
912	566
912	593
912	605
912	626
912	652
912	674
912	751
912	759
912	797
912	827
912	870
912	894
912	911
912	975
912	979
912	988
912	991
912	997
913	174
913	221
913	403
913	469
913	520
913	531
913	576
913	611
913	620
913	679
913	768
913	799
913	810
913	825
913	837
913	860
913	924
913	928
913	935
913	949
913	958
913	960
913	982
913	989
913	994
913	997
914	81
914	204
914	308
914	493
914	549
914	574
914	580
914	604
914	625
914	636
914	649
914	653
914	661
914	687
914	743
914	766
914	775
914	817
914	897
914	902
914	906
914	924
914	935
914	949
914	985
914	998
915	220
915	243
915	280
915	531
915	535
915	618
915	686
915	694
915	738
915	755
915	775
915	884
915	905
915	911
915	931
915	936
915	938
915	952
915	967
915	970
915	975
915	978
915	985
915	987
915	995
915	1000
916	210
916	234
916	390
916	415
916	512
916	520
916	526
916	587
916	631
916	693
916	723
916	833
916	840
916	845
916	866
916	884
916	889
916	900
916	920
916	926
916	932
916	936
916	957
916	958
916	966
916	989
917	14
917	124
917	262
917	268
917	310
917	476
917	502
917	504
917	547
917	619
917	641
917	667
917	721
917	733
917	750
917	846
917	856
917	868
917	880
917	931
917	959
917	969
917	980
917	983
917	984
917	993
918	39
918	155
918	189
918	226
918	247
918	275
918	373
918	397
918	417
918	429
918	453
918	485
918	566
918	706
918	711
918	791
918	884
918	904
918	933
918	941
918	949
918	953
918	958
918	967
918	993
918	1000
919	39
919	204
919	249
919	443
919	508
919	565
919	576
919	578
919	603
919	617
919	646
919	656
919	664
919	730
919	793
919	804
919	816
919	841
919	849
919	889
919	925
919	957
919	973
919	975
919	977
919	988
920	27
920	252
920	265
920	271
920	337
920	457
920	706
920	720
920	734
920	767
920	778
920	797
920	802
920	832
920	841
920	847
920	853
920	873
920	892
920	916
920	932
920	949
920	964
920	988
920	992
920	994
920	998
921	266
921	445
921	472
921	489
921	507
921	527
921	658
921	705
921	711
921	794
921	809
921	837
921	842
921	864
921	871
921	875
921	895
921	901
921	903
921	905
921	948
921	969
921	970
921	973
921	977
921	983
921	994
922	10
922	55
922	77
922	196
922	269
922	279
922	418
922	435
922	459
922	472
922	476
922	503
922	524
922	611
922	651
922	660
922	702
922	704
922	712
922	728
922	752
922	825
922	836
922	858
922	974
922	984
922	987
923	89
923	125
923	165
923	215
923	409
923	428
923	468
923	493
923	508
923	534
923	538
923	555
923	600
923	652
923	676
923	710
923	720
923	747
923	863
923	901
923	930
923	932
923	939
923	949
923	963
923	977
923	992
924	166
924	170
924	196
924	393
924	408
924	421
924	465
924	496
924	563
924	587
924	601
924	613
924	624
924	629
924	710
924	771
924	794
924	850
924	873
924	880
924	894
924	913
924	914
924	947
924	956
924	968
924	977
924	980
925	64
925	133
925	212
925	225
925	306
925	352
925	375
925	400
925	465
925	471
925	568
925	572
925	649
925	695
925	759
925	774
925	776
925	778
925	827
925	831
925	884
925	886
925	919
925	928
925	960
925	989
925	990
925	998
926	60
926	159
926	253
926	497
926	541
926	552
926	562
926	583
926	611
926	636
926	664
926	679
926	727
926	733
926	735
926	764
926	766
926	800
926	819
926	859
926	877
926	894
926	916
926	955
926	965
926	966
926	972
926	979
927	47
927	56
927	115
927	269
927	282
927	387
927	388
927	480
927	525
927	527
927	547
927	627
927	632
927	753
927	767
927	822
927	827
927	835
927	862
927	888
927	967
927	971
927	973
927	979
927	984
927	990
927	994
927	995
928	217
928	246
928	283
928	375
928	447
928	510
928	672
928	714
928	768
928	770
928	778
928	788
928	792
928	800
928	830
928	834
928	868
928	880
928	903
928	909
928	911
928	913
928	925
928	940
928	952
928	956
928	975
928	995
929	128
929	165
929	257
929	258
929	294
929	323
929	344
929	347
929	384
929	392
929	608
929	653
929	696
929	731
929	758
929	759
929	794
929	838
929	841
929	871
929	874
929	879
929	896
929	899
929	911
929	936
929	949
929	961
929	993
930	125
930	191
930	323
930	335
930	343
930	444
930	454
930	474
930	480
930	604
930	667
930	711
930	727
930	735
930	739
930	743
930	750
930	802
930	822
930	834
930	843
930	878
930	900
930	923
930	931
930	934
930	937
930	960
930	992
931	98
931	247
931	261
931	504
931	546
931	582
931	634
931	652
931	676
931	679
931	680
931	716
931	806
931	829
931	858
931	863
931	885
931	897
931	902
931	915
931	917
931	930
931	940
931	943
931	960
931	980
931	986
931	987
931	991
932	63
932	82
932	354
932	514
932	537
932	662
932	669
932	681
932	763
932	772
932	780
932	835
932	844
932	895
932	899
932	916
932	920
932	923
932	936
932	941
932	948
932	952
932	958
932	961
932	968
932	970
932	971
932	973
932	999
933	229
933	286
933	410
933	419
933	482
933	547
933	574
933	581
933	589
933	592
933	625
933	647
933	686
933	725
933	764
933	795
933	805
933	820
933	847
933	855
933	866
933	886
933	887
933	899
933	901
933	918
933	975
933	977
933	988
934	1
934	8
934	110
934	155
934	256
934	359
934	477
934	501
934	693
934	711
934	714
934	715
934	724
934	792
934	815
934	830
934	834
934	861
934	874
934	876
934	900
934	930
934	938
934	952
934	967
934	970
934	972
934	973
934	995
934	996
935	277
935	284
935	318
935	346
935	578
935	598
935	621
935	634
935	656
935	681
935	704
935	766
935	770
935	790
935	793
935	804
935	819
935	823
935	832
935	848
935	904
935	907
935	908
935	913
935	914
935	952
935	970
935	972
935	983
935	999
936	5
936	38
936	163
936	166
936	173
936	243
936	318
936	455
936	494
936	507
936	596
936	600
936	612
936	615
936	632
936	742
936	749
936	784
936	802
936	814
936	895
936	910
936	915
936	916
936	929
936	932
936	941
936	974
936	985
936	1000
937	31
937	82
937	262
937	321
937	347
937	416
937	531
937	644
937	677
937	730
937	738
937	748
937	752
937	792
937	814
937	838
937	856
937	871
937	876
937	902
937	930
937	943
937	954
937	957
937	961
937	962
937	966
937	986
937	994
937	999
938	69
938	181
938	264
938	340
938	377
938	391
938	438
938	504
938	560
938	590
938	606
938	628
938	630
938	765
938	784
938	791
938	809
938	839
938	850
938	859
938	886
938	904
938	908
938	915
938	934
938	974
938	977
938	983
938	989
938	993
938	999
939	48
939	54
939	60
939	200
939	265
939	279
939	387
939	398
939	556
939	557
939	568
939	673
939	718
939	723
939	743
939	746
939	748
939	763
939	786
939	791
939	799
939	806
939	863
939	906
939	911
939	923
939	949
939	962
939	967
939	968
939	992
940	10
940	288
940	328
940	386
940	395
940	442
940	449
940	522
940	676
940	680
940	699
940	761
940	769
940	777
940	821
940	822
940	824
940	849
940	854
940	871
940	894
940	928
940	931
940	953
940	957
940	959
940	962
940	966
940	987
940	990
940	998
941	237
941	401
941	444
941	507
941	629
941	682
941	688
941	690
941	694
941	700
941	708
941	718
941	719
941	724
941	725
941	745
941	746
941	755
941	806
941	840
941	853
941	862
941	918
941	932
941	936
941	949
941	951
941	965
941	976
941	985
941	990
942	94
942	194
942	334
942	379
942	414
942	533
942	545
942	590
942	607
942	608
942	653
942	659
942	678
942	688
942	724
942	786
942	842
942	850
942	871
942	884
942	895
942	946
942	958
942	959
942	964
942	965
942	971
942	972
942	974
942	976
942	981
942	982
943	4
943	137
943	182
943	223
943	348
943	502
943	521
943	558
943	648
943	685
943	731
943	768
943	795
943	801
943	806
943	880
943	883
943	885
943	903
943	931
943	937
943	953
943	956
943	973
943	979
943	981
943	987
943	988
943	993
943	998
943	999
943	1000
944	62
944	84
944	102
944	138
944	162
944	209
944	241
944	291
944	298
944	372
944	416
944	488
944	515
944	578
944	620
944	655
944	761
944	817
944	830
944	831
944	840
944	852
944	870
944	888
944	900
944	948
944	963
944	970
944	972
944	976
944	983
944	995
945	59
945	107
945	132
945	194
945	195
945	281
945	426
945	438
945	482
945	508
945	539
945	605
945	639
945	683
945	688
945	747
945	751
945	760
945	795
945	824
945	855
945	858
945	879
945	896
945	907
945	948
945	958
945	963
945	970
945	972
945	975
945	981
945	984
946	129
946	172
946	273
946	489
946	542
946	630
946	632
946	658
946	671
946	717
946	720
946	733
946	748
946	752
946	753
946	783
946	785
946	797
946	841
946	854
946	857
946	876
946	878
946	908
946	942
946	947
946	949
946	959
946	962
946	970
946	975
946	980
946	981
947	52
947	77
947	233
947	235
947	244
947	333
947	338
947	339
947	405
947	458
947	459
947	471
947	524
947	537
947	580
947	581
947	588
947	621
947	681
947	685
947	701
947	739
947	753
947	761
947	856
947	859
947	924
947	946
947	953
947	956
947	978
947	980
947	981
947	986
948	47
948	53
948	64
948	65
948	262
948	292
948	426
948	468
948	678
948	711
948	793
948	800
948	819
948	822
948	840
948	841
948	852
948	855
948	874
948	878
948	879
948	889
948	900
948	921
948	932
948	944
948	945
948	951
948	954
948	969
948	971
948	974
948	989
948	1000
949	41
949	47
949	171
949	280
949	482
949	504
949	526
949	550
949	612
949	647
949	681
949	748
949	752
949	754
949	756
949	796
949	848
949	857
949	880
949	886
949	908
949	913
949	914
949	918
949	920
949	923
949	929
949	939
949	941
949	946
949	966
949	969
949	983
949	984
950	80
950	132
950	214
950	260
950	281
950	412
950	413
950	481
950	535
950	542
950	563
950	576
950	582
950	589
950	603
950	665
950	677
950	700
950	781
950	786
950	789
950	791
950	794
950	855
950	859
950	895
950	953
950	955
950	967
950	969
950	970
950	973
950	979
950	981
950	995
951	74
951	119
951	150
951	183
951	223
951	413
951	420
951	461
951	478
951	525
951	529
951	548
951	668
951	688
951	720
951	763
951	781
951	793
951	798
951	809
951	827
951	853
951	856
951	875
951	881
951	941
951	948
951	954
951	963
951	967
951	978
951	979
951	980
951	982
951	1000
952	48
952	119
952	280
952	354
952	448
952	554
952	560
952	563
952	600
952	607
952	631
952	674
952	697
952	709
952	713
952	760
952	811
952	827
952	874
952	877
952	884
952	895
952	898
952	909
952	915
952	928
952	932
952	934
952	935
952	961
952	969
952	970
952	981
952	986
952	989
952	994
953	52
953	166
953	175
953	354
953	374
953	424
953	447
953	474
953	483
953	502
953	556
953	586
953	627
953	655
953	726
953	742
953	772
953	782
953	784
953	827
953	861
953	892
953	903
953	907
953	911
953	918
953	940
953	943
953	947
953	950
953	980
953	986
953	989
953	995
953	996
953	998
954	23
954	111
954	131
954	190
954	331
954	380
954	412
954	503
954	525
954	658
954	663
954	669
954	682
954	697
954	732
954	738
954	760
954	772
954	787
954	790
954	811
954	821
954	823
954	826
954	864
954	868
954	886
954	907
954	937
954	948
954	951
954	962
954	964
954	972
954	978
954	979
955	130
955	211
955	212
955	327
955	336
955	357
955	402
955	469
955	590
955	603
955	607
955	611
955	655
955	687
955	762
955	776
955	810
955	811
955	826
955	828
955	834
955	846
955	877
955	892
955	901
955	926
955	950
955	964
955	969
955	976
955	981
955	986
955	987
955	992
955	999
955	1000
956	71
956	156
956	231
956	240
956	379
956	427
956	474
956	485
956	522
956	530
956	577
956	617
956	668
956	673
956	679
956	696
956	717
956	757
956	762
956	796
956	806
956	807
956	832
956	839
956	850
956	859
956	889
956	893
956	924
956	928
956	943
956	947
956	966
956	991
956	996
956	997
957	14
957	179
957	299
957	382
957	391
957	430
957	441
957	482
957	638
957	703
957	707
957	758
957	763
957	809
957	810
957	847
957	855
957	902
957	904
957	908
957	916
957	919
957	937
957	940
957	958
957	961
957	964
957	967
957	974
957	975
957	981
957	988
957	991
957	992
957	995
957	999
958	269
958	270
958	302
958	404
958	407
958	429
958	486
958	587
958	588
958	629
958	635
958	638
958	679
958	701
958	779
958	792
958	830
958	865
958	891
958	898
958	913
958	916
958	918
958	932
958	942
958	945
958	957
958	959
958	963
958	974
958	977
958	982
958	989
958	991
958	992
958	1000
959	56
959	61
959	104
959	114
959	245
959	285
959	477
959	505
959	551
959	633
959	641
959	661
959	692
959	713
959	826
959	831
959	849
959	863
959	870
959	878
959	898
959	910
959	917
959	940
959	942
959	946
959	958
959	972
959	979
959	980
959	984
959	985
959	988
959	989
959	990
959	996
959	998
960	127
960	190
960	199
960	250
960	256
960	295
960	300
960	329
960	371
960	399
960	409
960	433
960	538
960	590
960	612
960	700
960	732
960	749
960	784
960	837
960	864
960	879
960	907
960	911
960	913
960	925
960	930
960	931
960	961
960	965
960	978
960	982
960	990
960	993
960	995
960	996
960	1000
961	6
961	16
961	142
961	148
961	218
961	236
961	304
961	329
961	347
961	351
961	367
961	409
961	417
961	500
961	504
961	541
961	649
961	694
961	720
961	804
961	816
961	864
961	867
961	877
961	892
961	893
961	909
961	929
961	932
961	937
961	952
961	957
961	960
961	977
961	987
961	988
961	991
962	40
962	112
962	216
962	263
962	334
962	357
962	361
962	362
962	440
962	516
962	538
962	598
962	599
962	601
962	646
962	663
962	680
962	694
962	739
962	810
962	820
962	845
962	859
962	870
962	873
962	881
962	892
962	899
962	901
962	937
962	939
962	940
962	946
962	954
962	973
962	977
962	986
963	78
963	123
963	191
963	262
963	359
963	360
963	367
963	384
963	455
963	616
963	623
963	640
963	651
963	695
963	734
963	782
963	795
963	820
963	832
963	833
963	837
963	841
963	843
963	846
963	886
963	890
963	902
963	909
963	923
963	944
963	945
963	951
963	958
963	964
963	971
963	984
963	1000
964	15
964	206
964	217
964	224
964	277
964	314
964	317
964	353
964	434
964	452
964	557
964	680
964	705
964	719
964	760
964	781
964	785
964	791
964	813
964	850
964	859
964	894
964	897
964	907
964	908
964	920
964	942
964	954
964	955
964	957
964	963
964	966
964	977
964	982
964	992
964	993
964	997
965	6
965	9
965	67
965	237
965	475
965	506
965	529
965	552
965	580
965	666
965	671
965	687
965	688
965	691
965	698
965	722
965	758
965	778
965	792
965	823
965	847
965	857
965	883
965	887
965	889
965	897
965	898
965	899
965	904
965	906
965	926
965	941
965	942
965	960
965	975
965	978
965	990
966	365
966	482
966	522
966	566
966	597
966	626
966	650
966	665
966	669
966	706
966	708
966	732
966	743
966	754
966	773
966	805
966	812
966	813
966	830
966	842
966	851
966	865
966	893
966	907
966	916
966	926
966	937
966	940
966	949
966	956
966	964
966	968
966	969
966	975
966	978
966	983
966	984
967	19
967	20
967	69
967	78
967	88
967	111
967	163
967	189
967	261
967	302
967	309
967	317
967	401
967	425
967	512
967	529
967	553
967	637
967	671
967	815
967	847
967	865
967	889
967	908
967	915
967	918
967	927
967	934
967	939
967	950
967	951
967	957
967	969
967	974
967	979
967	980
967	989
967	998
968	58
968	183
968	205
968	216
968	268
968	435
968	455
968	633
968	637
968	652
968	701
968	707
968	742
968	762
968	779
968	786
968	797
968	802
968	816
968	819
968	861
968	865
968	881
968	900
968	909
968	924
968	932
968	939
968	966
968	976
968	978
968	981
968	983
968	987
968	989
968	991
968	992
968	997
969	67
969	88
969	104
969	254
969	259
969	341
969	352
969	356
969	362
969	436
969	584
969	622
969	628
969	678
969	683
969	725
969	785
969	794
969	817
969	831
969	833
969	843
969	863
969	883
969	896
969	905
969	917
969	921
969	948
969	949
969	950
969	952
969	955
969	966
969	967
969	970
969	972
969	988
970	147
970	171
970	195
970	236
970	245
970	310
970	370
970	383
970	449
970	465
970	484
970	592
970	648
970	694
970	698
970	750
970	802
970	891
970	895
970	911
970	915
970	921
970	932
970	934
970	935
970	944
970	945
970	946
970	950
970	952
970	969
970	972
970	978
970	985
970	989
970	990
970	992
970	993
970	997
971	72
971	185
971	217
971	279
971	293
971	399
971	462
971	465
971	545
971	558
971	570
971	579
971	664
971	700
971	716
971	727
971	740
971	745
971	779
971	788
971	805
971	822
971	835
971	845
971	847
971	849
971	869
971	898
971	899
971	927
971	932
971	942
971	948
971	963
971	973
971	974
971	982
971	984
971	992
971	994
972	32
972	209
972	255
972	350
972	383
972	432
972	475
972	542
972	549
972	589
972	608
972	660
972	662
972	670
972	737
972	745
972	796
972	809
972	832
972	848
972	850
972	851
972	852
972	860
972	861
972	866
972	880
972	900
972	926
972	934
972	935
972	942
972	944
972	945
972	954
972	959
972	969
972	970
972	978
972	988
972	998
973	1
973	24
973	36
973	448
973	469
973	477
973	481
973	556
973	581
973	629
973	643
973	684
973	691
973	699
973	755
973	807
973	818
973	819
973	836
973	839
973	852
973	864
973	869
973	904
973	905
973	909
973	910
973	919
973	921
973	927
973	932
973	934
973	943
973	950
973	962
973	971
973	977
973	978
973	982
973	984
973	997
974	32
974	37
974	72
974	227
974	244
974	276
974	283
974	303
974	337
974	346
974	383
974	431
974	442
974	449
974	463
974	490
974	609
974	660
974	705
974	751
974	764
974	783
974	788
974	818
974	832
974	878
974	882
974	897
974	898
974	905
974	922
974	936
974	938
974	942
974	948
974	957
974	958
974	967
974	971
974	980
974	1000
975	11
975	32
975	193
975	231
975	322
975	373
975	410
975	418
975	431
975	506
975	514
975	559
975	579
975	692
975	726
975	765
975	777
975	783
975	792
975	805
975	815
975	818
975	823
975	843
975	844
975	871
975	884
975	912
975	915
975	919
975	928
975	933
975	945
975	946
975	957
975	965
975	966
975	976
975	985
975	990
975	999
976	13
976	14
976	68
976	202
976	205
976	242
976	277
976	305
976	324
976	432
976	523
976	567
976	577
976	695
976	704
976	714
976	733
976	743
976	751
976	756
976	758
976	759
976	763
976	767
976	778
976	784
976	824
976	825
976	843
976	897
976	941
976	942
976	944
976	955
976	968
976	975
976	977
976	980
976	988
976	989
976	999
977	57
977	65
977	109
977	117
977	226
977	268
977	344
977	395
977	436
977	485
977	510
977	541
977	570
977	602
977	661
977	681
977	687
977	739
977	746
977	792
977	826
977	868
977	898
977	919
977	921
977	923
977	924
977	933
977	938
977	958
977	961
977	962
977	964
977	973
977	976
977	985
977	988
977	989
977	990
977	994
977	998
977	1000
978	128
978	139
978	182
978	201
978	241
978	248
978	311
978	317
978	373
978	404
978	407
978	436
978	500
978	525
978	539
978	545
978	547
978	559
978	574
978	580
978	631
978	693
978	727
978	754
978	779
978	801
978	808
978	816
978	853
978	915
978	947
978	951
978	954
978	960
978	965
978	966
978	968
978	970
978	972
978	973
978	992
978	993
979	38
979	75
979	136
979	201
979	312
979	317
979	418
979	447
979	512
979	595
979	610
979	621
979	641
979	648
979	693
979	723
979	724
979	745
979	792
979	808
979	826
979	851
979	854
979	866
979	885
979	890
979	891
979	906
979	912
979	926
979	927
979	943
979	950
979	951
979	954
979	959
979	967
979	981
979	988
979	990
979	992
979	996
980	51
980	92
980	208
980	319
980	348
980	456
980	479
980	567
980	585
980	586
980	587
980	590
980	612
980	614
980	688
980	716
980	736
980	784
980	806
980	817
980	825
980	834
980	860
980	863
980	887
980	897
980	901
980	904
980	917
980	924
980	931
980	946
980	947
980	951
980	953
980	959
980	967
980	974
980	976
980	991
980	996
980	999
980	1000
981	4
981	128
981	239
981	248
981	271
981	284
981	309
981	511
981	608
981	658
981	717
981	728
981	737
981	748
981	760
981	762
981	813
981	814
981	816
981	837
981	839
981	851
981	854
981	855
981	872
981	873
981	887
981	891
981	895
981	910
981	942
981	943
981	945
981	946
981	947
981	950
981	952
981	955
981	957
981	968
981	979
981	986
981	995
982	28
982	138
982	240
982	287
982	316
982	332
982	379
982	428
982	432
982	435
982	445
982	527
982	675
982	692
982	695
982	710
982	715
982	751
982	757
982	804
982	808
982	818
982	819
982	829
982	831
982	840
982	847
982	850
982	857
982	860
982	866
982	880
982	882
982	900
982	908
982	913
982	942
982	951
982	958
982	960
982	964
982	971
982	973
982	997
983	90
983	147
983	162
983	240
983	256
983	295
983	313
983	320
983	385
983	413
983	437
983	483
983	497
983	503
983	530
983	532
983	556
983	573
983	577
983	606
983	649
983	690
983	700
983	705
983	712
983	742
983	771
983	775
983	801
983	822
983	858
983	875
983	881
983	895
983	917
983	921
983	935
983	938
983	944
983	949
983	966
983	968
983	988
983	992
984	95
984	127
984	145
984	154
984	281
984	380
984	424
984	457
984	460
984	467
984	557
984	566
984	586
984	597
984	612
984	619
984	624
984	654
984	676
984	684
984	748
984	749
984	764
984	794
984	800
984	824
984	836
984	883
984	887
984	892
984	897
984	917
984	922
984	927
984	945
984	949
984	959
984	963
984	966
984	971
984	973
984	989
984	992
984	995
985	21
985	86
985	99
985	231
985	304
985	343
985	390
985	506
985	550
985	568
985	625
985	671
985	681
985	711
985	714
985	723
985	724
985	737
985	749
985	750
985	761
985	765
985	768
985	770
985	784
985	796
985	797
985	798
985	800
985	831
985	834
985	836
985	839
985	845
985	901
985	903
985	909
985	914
985	915
985	936
985	941
985	959
985	970
985	975
985	977
986	93
986	121
986	135
986	168
986	219
986	245
986	264
986	301
986	322
986	355
986	360
986	508
986	517
986	535
986	601
986	623
986	643
986	644
986	646
986	729
986	769
986	817
986	837
986	841
986	850
986	859
986	872
986	878
986	885
986	887
986	890
986	931
986	937
986	947
986	952
986	953
986	955
986	962
986	981
986	987
986	988
986	989
986	994
986	998
986	1000
987	129
987	178
987	270
987	296
987	317
987	362
987	396
987	419
987	532
987	547
987	548
987	568
987	593
987	629
987	658
987	728
987	732
987	748
987	749
987	752
987	766
987	806
987	834
987	836
987	840
987	854
987	863
987	874
987	879
987	888
987	890
987	906
987	915
987	922
987	931
987	940
987	943
987	955
987	961
987	968
987	986
987	989
987	995
987	997
987	999
988	64
988	104
988	222
988	251
988	289
988	311
988	336
988	353
988	430
988	473
988	484
988	517
988	539
988	592
988	642
988	709
988	733
988	741
988	781
988	808
988	865
988	867
988	872
988	875
988	881
988	887
988	912
988	919
988	920
988	933
988	943
988	957
988	959
988	961
988	969
988	972
988	976
988	977
988	979
988	983
988	986
988	990
988	993
988	994
988	995
989	19
989	247
989	275
989	313
989	353
989	437
989	441
989	517
989	575
989	593
989	630
989	705
989	723
989	756
989	766
989	790
989	804
989	816
989	824
989	851
989	852
989	859
989	864
989	874
989	877
989	896
989	905
989	913
989	916
989	925
989	938
989	948
989	952
989	953
989	958
989	959
989	967
989	968
989	970
989	976
989	977
989	984
989	986
989	987
989	992
989	995
990	24
990	37
990	186
990	270
990	360
990	375
990	394
990	396
990	425
990	486
990	536
990	551
990	577
990	601
990	622
990	663
990	665
990	716
990	740
990	745
990	758
990	766
990	808
990	811
990	817
990	818
990	835
990	867
990	869
990	870
990	872
990	882
990	888
990	890
990	925
990	927
990	940
990	941
990	959
990	960
990	965
990	970
990	975
990	977
990	979
990	988
990	992
991	21
991	57
991	86
991	105
991	403
991	411
991	418
991	431
991	450
991	494
991	519
991	543
991	597
991	624
991	631
991	642
991	694
991	696
991	705
991	742
991	747
991	757
991	770
991	775
991	780
991	798
991	801
991	826
991	841
991	866
991	868
991	872
991	885
991	898
991	899
991	908
991	912
991	931
991	956
991	957
991	958
991	961
991	968
991	980
991	993
991	995
991	996
992	46
992	54
992	125
992	136
992	169
992	179
992	290
992	309
992	338
992	351
992	396
992	406
992	592
992	634
992	664
992	693
992	698
992	722
992	757
992	770
992	792
992	809
992	818
992	852
992	866
992	875
992	876
992	880
992	893
992	920
992	923
992	930
992	939
992	955
992	957
992	958
992	964
992	968
992	970
992	971
992	978
992	979
992	983
992	984
992	989
992	990
992	998
993	18
993	141
993	169
993	219
993	276
993	296
993	378
993	381
993	422
993	461
993	479
993	538
993	544
993	553
993	563
993	645
993	656
993	674
993	718
993	741
993	782
993	784
993	796
993	798
993	804
993	810
993	811
993	821
993	838
993	845
993	855
993	858
993	879
993	883
993	892
993	897
993	917
993	918
993	929
993	938
993	943
993	960
993	964
993	970
993	978
993	988
993	991
993	997
994	31
994	101
994	110
994	286
994	305
994	350
994	526
994	528
994	548
994	550
994	575
994	596
994	602
994	603
994	613
994	659
994	696
994	722
994	724
994	791
994	803
994	812
994	815
994	825
994	838
994	845
994	853
994	858
994	864
994	869
994	876
994	877
994	884
994	889
994	893
994	896
994	897
994	913
994	920
994	921
994	927
994	937
994	952
994	971
994	977
994	986
994	988
994	997
995	90
995	120
995	192
995	216
995	237
995	305
995	397
995	399
995	447
995	508
995	515
995	523
995	549
995	590
995	613
995	625
995	636
995	654
995	670
995	673
995	725
995	753
995	767
995	770
995	787
995	819
995	838
995	854
995	861
995	873
995	901
995	905
995	906
995	915
995	927
995	928
995	934
995	944
995	950
995	953
995	957
995	960
995	981
995	984
995	987
995	988
995	989
995	991
996	84
996	85
996	90
996	129
996	226
996	264
996	346
996	365
996	385
996	455
996	497
996	498
996	528
996	535
996	549
996	571
996	595
996	612
996	624
996	650
996	677
996	706
996	731
996	740
996	754
996	756
996	791
996	799
996	815
996	829
996	833
996	848
996	863
996	864
996	870
996	876
996	877
996	891
996	902
996	909
996	934
996	953
996	956
996	959
996	960
996	979
996	980
996	991
996	1000
997	79
997	107
997	133
997	146
997	179
997	221
997	259
997	324
997	326
997	348
997	358
997	387
997	483
997	487
997	502
997	534
997	548
997	549
997	564
997	565
997	572
997	593
997	642
997	654
997	667
997	688
997	689
997	690
997	691
997	695
997	743
997	776
997	777
997	781
997	797
997	844
997	886
997	903
997	912
997	913
997	956
997	964
997	968
997	970
997	973
997	982
997	987
997	993
997	994
997	998
998	66
998	88
998	176
998	177
998	228
998	260
998	453
998	456
998	540
998	594
998	604
998	614
998	642
998	649
998	671
998	684
998	709
998	734
998	751
998	756
998	759
998	763
998	766
998	773
998	775
998	850
998	854
998	863
998	867
998	868
998	878
998	881
998	892
998	898
998	901
998	903
998	906
998	914
998	920
998	925
998	940
998	943
998	953
998	959
998	967
998	972
998	977
998	986
998	992
998	997
999	9
999	15
999	174
999	234
999	244
999	304
999	365
999	368
999	403
999	433
999	471
999	505
999	619
999	638
999	669
999	686
999	714
999	729
999	737
999	764
999	781
999	797
999	798
999	799
999	823
999	830
999	834
999	838
999	856
999	857
999	862
999	865
999	866
999	872
999	882
999	888
999	892
999	898
999	932
999	935
999	937
999	938
999	943
999	955
999	957
999	975
999	976
999	980
999	987
999	1000
1000	161
1000	272
1000	344
1000	392
1000	395
1000	421
1000	422
1000	468
1000	520
1000	540
1000	615
1000	639
1000	641
1000	673
1000	686
1000	689
1000	699
1000	744
1000	749
1000	783
1000	785
1000	799
1000	800
1000	803
1000	808
1000	814
1000	838
1000	842
1000	865
1000	878
1000	891
1000	892
1000	906
1000	909
1000	915
1000	918
1000	936
1000	943
1000	948
1000	951
1000	955
1000	958
1000	960
1000	963
1000	974
1000	977
1000	980
1000	986
1000	996
1000	999
