0 626
0 891
0 956
0 988
626 489
626 653
626 748
626 797
626 808
626 916
626 933
626 941
891 34
891 74
891 133
891 276
891 466
891 496
891 598
891 627
891 654
891 708
891 743
891 753
891 793
891 843
891 889
891 908
891 943
891 966
891 980
891 989
891 991
891 997
956 149
956 154
956 187
956 261
956 370
956 447
956 472
956 515
956 536
956 572
956 579
956 638
956 656
956 688
956 689
956 733
956 748
956 759
956 764
956 766
956 793
956 816
956 824
956 827
956 853
956 865
956 888
956 911
956 918
956 939
956 965
956 966
956 970
956 973
956 986
988 12
988 88
988 123
988 148
988 196
988 207
988 268
988 276
988 310
988 361
988 385
988 395
988 398
988 401
988 537
988 551
988 558
988 587
988 650
988 708
988 718
988 733
988 755
988 800
988 802
988 839
988 846
988 863
988 874
988 893
988 898
988 899
988 900
988 901
988 920
988 938
988 940
988 949
988 951
988 953
988 962
988 967
988 993
988 997
489 975
489 736
489 869
489 979
489 397
489 860
653 3
653 141
653 314
653 548
653 602
653 694
653 847
653 969
653 975
748 899
748 980
748 724
748 959
748 559
748 312
748 286
748 983
748 170
748 740
797 140
797 981
797 939
797 719
797 985
797 85
797 329
797 617
797 697
797 743
797 846
797 883
797 954
797 979
808 991
808 430
808 880
808 901
808 957
808 872
808 918
808 997
808 919
808 989
808 418
808 932
808 715
808 861
808 903
916 977
916 998
916 498
916 906
916 975
916 964
916 621
916 924
916 642
916 706
916 912
916 44
916 239
916 368
916 396
916 411
916 515
916 526
916 605
916 750
916 775
916 850
916 869
916 894
916 917
916 966
933 974
933 987
933 905
933 875
933 856
933 934
933 758
933 951
933 985
933 818
933 567
933 979
933 710
933 211
933 795
933 907
933 904
933 562
933 221
933 253
933 280
933 353
933 658
933 722
933 749
933 762
933 777
933 884
933 903
941 984
941 974
941 879
941 990
941 434
941 706
941 940
941 986
941 908
941 532
941 994
941 950
941 947
941 985
941 733
941 769
941 920
941 970
941 522
941 549
941 826
941 866
941 225
941 363
941 427
941 466
941 479
941 676
941 695
941 796
941 884
34 879
34 630
34 880
74 928
74 161
74 932
133 929
133 731
133 559
276 660
276 936
276 709
466 902
466 537
466 494
466 917
466 337
496 776
496 939
496 674
496 959
496 260
496 411
598 900
598 800
598 915
598 781
598 263
598 354
598 865
627 443
627 503
627 985
627 724
627 965
627 193
627 248
627 593
654 638
654 978
654 967
654 646
654 412
654 795
654 168
654 279
654 889
708 987
708 751
708 944
708 975
708 23
708 787
708 882
708 915
708 961
743 738
743 621
743 887
743 946
743 972
743 691
743 722
743 917
743 851
743 640
753 13
753 218
753 247
753 376
753 608
753 635
753 721
753 758
753 884
753 919
753 924
753 951
793 993
793 402
793 880
793 706
793 835
793 698
793 175
793 379
793 444
793 790
793 812
793 865
793 897
843 937
843 930
843 984
843 819
843 906
843 975
843 997
843 64
843 120
843 236
843 271
843 384
843 440
843 750
843 752
843 782
843 909
843 954
889 874
889 892
889 982
889 990
889 819
889 975
889 898
889 880
889 949
889 869
889 815
889 966
889 985
889 965
889 370
889 291
889 913
889 847
889 394
889 640
889 897
908 811
908 995
908 929
908 999
908 898
908 835
908 894
908 67
908 326
908 333
908 505
908 604
908 735
908 740
908 798
908 830
908 840
908 860
908 882
908 904
908 938
908 963
908 972
908 992
943 953
943 982
943 998
943 819
943 700
943 784
943 899
943 939
943 848
943 997
943 947
943 883
943 952
943 935
943 795
943 138
943 171
943 256
943 383
943 405
943 407
943 463
943 497
943 540
943 656
943 699
943 777
943 825
943 860
943 917
943 983
966 930
966 982
966 900
966 666
966 620
966 700
966 776
966 936
966 763
966 642
966 754
966 476
966 543
966 698
966 822
966 888
966 73
966 111
966 202
966 330
966 373
966 403
966 426
966 441
966 448
966 569
966 690
966 726
966 744
966 756
966 853
966 860
966 911
966 954
966 963
966 996
980 874
980 977
980 879
980 990
980 998
980 971
980 975
980 999
980 705
980 776
980 960
980 872
980 773
980 918
980 572
980 48
980 147
980 196
980 210
980 221
980 255
980 316
980 376
980 386
980 411
980 417
980 451
980 504
980 628
980 644
980 720
980 777
980 783
980 796
980 837
980 849
980 853
980 867
980 927
980 969
980 970
989 987
989 978
989 824
989 514
989 921
989 998
989 819
989 900
989 666
989 997
989 772
989 986
989 814
989 62
989 165
989 174
989 250
989 257
989 323
989 331
989 359
989 391
989 416
989 453
989 454
989 464
989 481
989 609
989 652
989 697
989 714
989 715
989 735
989 779
989 785
989 812
989 830
989 847
989 849
989 865
989 938
989 950
989 955
991 976
991 17
991 38
991 70
991 78
991 103
991 122
991 168
991 209
991 288
991 319
991 364
991 405
991 420
991 422
991 430
991 433
991 471
991 523
991 542
991 702
991 715
991 730
991 747
991 766
991 783
991 786
991 812
991 833
991 847
991 853
991 866
991 897
991 915
991 950
991 952
991 954
991 963
991 964
991 970
991 979
991 985
991 992
991 997
997 580
997 879
997 928
997 982
997 993
997 973
997 975
997 899
997 776
997 813
997 862
997 854
997 45
997 47
997 56
997 158
997 176
997 223
997 237
997 272
997 282
997 350
997 360
997 463
997 518
997 623
997 658
997 674
997 731
997 778
997 785
997 821
997 851
997 860
997 870
997 876
997 913
997 919
997 949
997 951
997 962
997 992
149 928
149 940
149 829
154 811
154 840
154 954
187 927
187 963
187 340
261 838
261 884
261 599
261 647
370 972
370 836
370 125
370 777
447 855
447 767
447 996
447 825
447 196
472 993
472 929
472 950
472 79
472 849
472 968
515 701
515 875
515 968
515 825
515 749
536 987
536 998
536 944
536 986
536 82
536 550
572 332
572 630
572 41
572 188
572 492
572 586
579 974
579 936
579 958
579 893
579 534
579 633
579 739
638 3
638 394
638 667
638 837
638 854
638 964
638 976
656 888
656 711
656 807
656 291
656 183
656 490
656 584
656 600
688 931
688 939
688 926
688 914
688 588
688 832
688 652
688 913
688 357
689 879
689 940
689 736
689 817
689 94
689 619
689 740
689 767
689 896
733 89
733 972
733 400
733 448
733 457
733 487
733 849
733 917
733 983
759 990
759 682
759 912
759 969
759 919
759 729
759 127
759 507
759 593
759 762
759 770
759 795
764 674
764 985
764 952
764 707
764 959
764 920
764 890
764 183
764 226
764 426
764 558
764 823
766 990
766 993
766 498
766 912
766 101
766 393
766 475
766 668
766 762
766 849
766 877
816 429
816 58
816 200
816 224
816 335
816 441
816 468
816 475
816 488
816 698
816 722
816 745
816 790
816 810
816 962
824 12
824 58
824 363
824 387
824 502
824 681
824 757
824 811
824 836
824 865
824 912
824 942
824 970
824 985
824 995
827 801
827 925
827 934
827 967
827 358
827 972
827 947
827 935
827 904
827 867
827 996
827 798
827 897
827 375
827 427
827 450
827 667
853 784
853 999
853 625
853 967
853 869
853 888
853 968
853 838
853 868
853 840
853 796
853 671
853 433
853 513
853 668
853 699
865 974
865 993
865 751
865 975
865 995
865 880
865 771
865 946
865 780
865 883
865 979
865 867
865 263
865 380
865 346
865 851
888 874
888 682
888 828
888 841
888 986
888 66
888 124
888 146
888 174
888 313
888 640
888 651
888 690
888 718
888 867
888 913
888 923
888 968
911 859
911 902
911 990
911 666
911 844
911 936
911 831
911 763
911 957
911 858
911 800
911 949
911 681
911 967
911 566
911 787
911 985
911 968
911 690
911 174
911 399
911 548
911 806
911 877
911 962
918 977
918 984
918 498
918 39
918 123
918 297
918 318
918 369
918 387
918 438
918 479
918 544
918 574
918 575
918 622
918 632
918 676
918 774
918 785
918 871
918 935
918 959
918 969
918 985
918 996
939 976
939 987
939 738
939 975
939 794
939 37
939 38
939 108
939 134
939 372
939 407
939 456
939 534
939 559
939 601
939 662
939 721
939 817
939 833
939 877
939 920
939 927
939 932
939 946
939 961
939 985
965 987
965 801
965 842
965 636
965 900
965 844
965 813
965 924
965 957
965 862
965 934
965 814
965 757
965 950
965 893
965 97
965 246
965 275
965 318
965 405
965 456
965 494
965 520
965 557
965 582
965 587
965 603
965 616
965 634
965 685
965 693
965 755
965 803
965 826
965 852
965 923
965 959
970 953
970 859
970 974
970 140
970 928
970 660
970 995
970 881
970 880
970 754
970 681
970 946
970 992
970 781
970 950
970 650
970 948
970 979
970 646
970 119
970 131
970 192
970 198
970 220
970 238
970 252
970 469
970 510
970 554
970 635
970 846
970 896
970 903
970 954
970 961
970 963
973 984
973 159
973 811
973 18
973 52
973 167
973 185
973 290
973 296
973 369
973 371
973 383
973 389
973 414
973 419
973 491
973 493
973 507
973 563
973 595
973 610
973 676
973 695
973 715
973 737
973 749
973 836
973 844
973 868
973 885
973 897
973 913
973 915
973 919
973 935
973 936
973 938
973 969
973 985
973 995
986 977
986 828
986 443
986 564
986 813
986 936
986 642
986 754
986 706
986 940
986 910
986 48
986 72
986 79
986 333
986 391
986 493
986 648
986 655
986 714
986 720
986 744
986 752
986 769
986 782
986 795
986 796
986 804
986 812
986 886
986 894
986 904
986 938
986 951
986 961
986 962
986 963
986 969
986 996
12 953
12 977
88 875
88 530
88 735
123 982
123 412
148 887
148 909
148 312
196 374
207 935
207 783
207 428
268 801
268 920
268 134
268 317
310 791
310 116
310 266
310 756
361 984
361 788
361 714
361 172
385 727
385 665
385 622
385 267
385 812
395 834
395 886
395 896
395 996
395 765
398 976
398 975
398 995
398 794
398 867
401 696
401 994
401 868
401 645
401 671
537 930
537 978
537 59
537 235
537 873
551 7
551 230
551 390
551 574
551 614
551 798
551 875
558 409
558 844
558 885
558 983
558 849
558 560
587 978
587 971
587 931
587 979
587 922
587 703
650 957
650 79
650 240
650 379
650 453
650 684
650 755
650 768
718 982
718 990
718 929
718 625
718 97
718 420
718 614
718 885
718 962
755 660
755 831
755 869
755 719
755 876
755 829
755 644
755 882
755 897
755 403
800 937
800 48
800 137
800 287
800 317
800 363
800 427
800 597
800 605
800 709
800 951
800 958
802 964
802 848
802 814
802 458
802 985
802 952
802 588
802 779
802 826
802 830
802 749
802 216
802 648
802 686
839 953
839 928
839 834
839 999
839 623
839 949
839 994
839 932
839 985
839 98
839 114
839 167
839 384
839 524
839 577
839 690
839 904
839 961
846 875
846 543
846 382
846 810
846 283
846 643
846 840
846 319
846 611
846 234
846 352
846 470
846 591
846 615
846 938
846 962
863 977
863 974
863 15
863 127
863 254
863 309
863 463
863 577
863 605
863 671
863 704
863 706
863 778
863 791
863 835
863 912
863 913
863 914
863 949
863 999
874 2
874 143
874 199
874 349
874 495
874 521
874 780
874 807
874 836
874 851
874 862
874 929
874 931
874 945
874 953
874 977
874 987
874 994
893 801
893 570
893 912
893 308
893 949
893 934
893 85
893 192
893 283
893 346
893 389
893 413
893 545
893 594
893 677
893 724
893 821
893 851
893 877
893 878
898 859
898 568
898 974
898 998
898 960
898 32
898 147
898 417
898 468
898 596
898 639
898 685
898 686
898 734
898 789
898 821
898 938
898 949
898 963
898 968
898 979
899 977
899 892
899 929
899 29
899 57
899 156
899 222
899 228
899 288
899 561
899 589
899 591
899 635
899 699
899 712
899 744
899 781
899 813
899 829
899 890
899 903
900 928
900 811
900 18
900 22
900 204
900 455
900 524
900 588
900 694
900 750
900 798
900 812
900 821
900 822
900 829
900 838
900 871
900 926
900 946
900 961
901 930
901 977
901 35
901 112
901 210
901 283
901 440
901 475
901 547
901 565
901 663
901 686
901 799
901 806
901 817
901 820
901 848
901 861
901 882
901 932
901 950
901 963
901 967
920 580
920 977
920 976
920 987
920 694
920 831
920 931
920 848
920 662
920 946
920 106
920 198
920 252
920 383
920 419
920 464
920 616
920 633
920 659
920 697
920 722
920 723
920 962
938 976
938 982
938 990
938 971
938 940
938 727
938 731
938 914
938 972
938 994
938 873
938 876
938 724
938 737
938 935
938 923
938 955
938 890
938 461
938 284
938 413
938 491
938 676
938 790
940 716
940 978
940 993
940 828
940 999
940 39
940 274
940 279
940 299
940 308
940 356
940 376
940 415
940 431
940 505
940 601
940 645
940 665
940 697
940 735
940 780
940 870
940 907
940 923
940 945
949 998
949 819
949 841
949 705
949 48
949 95
949 142
949 143
949 166
949 378
949 406
949 442
949 485
949 491
949 495
949 596
949 704
949 731
949 812
949 852
949 876
949 915
949 952
949 967
949 972
951 974
951 902
951 701
951 964
951 862
951 717
951 681
951 698
951 994
951 945
951 76
951 95
951 296
951 320
951 383
951 438
951 444
951 449
951 479
951 504
951 542
951 669
951 832
951 833
951 917
951 947
951 983
951 985
951 996
953 2
953 71
953 170
953 259
953 342
953 378
953 382
953 444
953 499
953 526
953 557
953 618
953 749
953 783
953 817
953 825
953 841
953 864
953 880
953 884
953 890
953 912
953 963
953 972
953 976
953 978
953 982
953 983
953 994
962 976
962 971
962 519
962 981
962 881
962 763
962 717
962 856
962 662
962 566
962 958
962 972
962 915
962 495
962 948
962 968
962 473
962 850
962 923
962 388
962 747
962 249
962 254
962 331
962 375
962 657
962 713
962 756
962 804
962 823
962 860
967 930
967 842
967 879
967 649
967 902
967 971
967 942
967 910
967 52
967 72
967 229
967 233
967 284
967 290
967 362
967 421
967 599
967 608
967 622
967 634
967 679
967 768
967 769
967 789
967 814
967 886
967 890
967 897
967 935
967 955
967 959
967 963
967 972
993 845
993 892
993 984
993 879
993 11
993 982
993 55
993 244
993 258
993 293
993 315
993 328
993 400
993 431
993 454
993 470
993 476
993 477
993 522
993 556
993 607
993 621
993 655
993 657
993 669
993 677
993 799
993 830
993 856
993 871
993 882
993 921
993 922
993 924
993 935
993 936
993 947
993 964
993 992
1 89
1 332
1 845
1 937
89 184
89 243
332 61
332 194
332 510
845 153
845 243
845 300
845 470
845 512
845 553
845 637
845 659
845 724
845 767
845 849
845 936
845 947
845 961
845 977
845 983
845 994
937 51
937 61
937 426
937 464
937 495
937 504
937 573
937 677
937 699
937 713
937 714
937 741
937 776
937 814
937 847
937 850
937 875
937 879
937 886
937 895
937 952
937 958
937 963
937 978
937 979
937 985
937 995
184 801
184 831
184 481
243 977
243 998
243 968
61 159
61 758
194 905
194 43
194 835
510 876
510 983
510 527
510 878
510 864
153 981
153 31
153 260
300 738
300 119
300 373
300 410
470 844
470 482
470 547
470 785
512 984
512 574
512 814
512 786
512 428
512 917
553 925
553 981
553 42
553 110
553 731
553 815
553 860
637 811
637 910
637 968
637 909
637 343
637 798
637 878
637 555
659 486
659 902
659 875
659 985
659 922
659 852
659 540
659 668
724 892
724 711
724 94
724 116
724 217
724 861
724 961
767 434
767 960
767 994
767 670
767 567
767 102
767 474
767 518
767 722
767 895
849 944
849 696
849 799
849 768
849 175
849 357
849 381
849 614
849 617
849 693
849 823
849 903
936 925
936 30
936 69
936 218
936 502
936 616
936 703
936 712
936 741
936 799
936 805
936 806
936 821
936 862
936 871
936 876
936 878
936 884
936 904
936 912
936 932
936 983
947 928
947 906
947 844
947 981
947 742
947 754
947 969
947 485
947 887
947 78
947 201
947 444
947 461
947 541
947 615
947 663
947 691
947 779
947 787
947 798
947 823
947 883
947 886
947 909
947 955
947 961
947 968
961 879
961 998
961 971
961 819
961 975
961 523
961 844
961 794
961 999
961 742
961 835
961 683
961 952
961 968
961 935
961 895
961 439
961 464
961 868
961 867
961 554
961 213
961 245
961 258
961 297
961 441
961 533
961 655
961 726
961 770
977 3
977 6
977 17
977 62
977 205
977 214
977 294
977 335
977 371
977 388
977 490
977 583
977 595
977 664
977 665
977 679
977 686
977 710
977 741
977 752
977 792
977 875
977 890
977 902
977 913
977 914
977 950
977 981
977 987
977 995
977 998
983 930
983 984
983 987
983 307
983 975
983 519
983 705
983 969
983 698
983 972
983 915
983 994
983 661
983 704
983 275
983 494
983 446
983 473
983 651
983 837
983 923
983 166
983 204
983 246
983 262
983 284
983 394
983 540
983 555
983 565
983 635
983 697
983 739
983 777
983 866
994 987
994 982
994 921
994 906
994 881
994 924
994 625
994 590
994 814
994 972
994 72
994 107
994 120
994 237
994 248
994 372
994 410
994 474
994 576
994 607
994 610
994 616
994 690
994 692
994 785
994 787
994 790
994 810
994 836
994 838
994 861
994 917
994 927
994 945
994 968
994 992
51 906
51 543
51 681
426 902
426 990
426 784
464 822
464 145
464 573
495 964
495 92
495 867
504 880
504 499
504 348
504 415
573 944
573 981
573 948
573 202
573 535
573 586
677 995
677 696
677 945
677 789
677 979
677 586
677 618
699 998
699 995
699 926
699 868
699 611
699 602
699 534
713 921
713 912
713 423
713 885
713 712
713 778
713 664
713 315
713 378
714 892
714 887
714 629
714 102
714 305
714 657
714 692
741 906
741 942
741 929
741 476
741 992
741 904
741 783
741 484
741 445
776 930
776 660
776 995
776 999
776 30
776 182
776 191
776 304
776 883
814 984
814 902
814 887
814 54
814 190
814 290
814 338
814 812
814 913
847 811
847 905
847 985
847 895
847 832
847 356
847 285
847 806
847 521
847 257
847 362
847 518
847 658
847 852
850 859
850 982
850 998
850 623
850 662
850 873
850 132
850 170
850 280
850 297
850 578
850 680
850 870
850 903
850 954
850 996
875 859
875 801
875 944
875 872
875 771
875 47
875 380
875 571
875 615
875 631
875 657
875 781
875 832
875 885
879 8
879 53
879 173
879 351
879 534
879 657
879 683
879 686
879 773
879 819
879 830
879 880
879 894
886 982
886 929
886 621
886 122
886 872
886 972
886 932
886 810
886 829
886 634
886 242
886 290
886 366
886 374
886 616
886 685
886 739
895 987
895 443
895 672
895 929
895 787
895 985
895 735
895 769
895 829
895 112
895 263
895 469
895 582
895 591
895 809
895 840
895 903
895 923
895 954
952 91
952 976
952 928
952 760
952 881
952 858
952 856
952 869
952 780
952 423
952 915
952 805
952 389
952 400
952 526
952 575
952 584
952 591
952 618
952 619
952 692
952 725
952 747
952 761
952 768
952 833
952 903
952 948
958 930
958 649
958 928
958 905
958 751
958 975
958 925
958 999
958 957
958 872
958 754
958 862
958 678
958 946
958 67
958 108
958 174
958 270
958 337
958 359
958 469
958 473
958 525
958 600
958 635
958 644
958 680
958 739
958 777
958 876
958 922
958 968
963 984
963 842
963 649
963 964
963 929
963 999
963 957
963 910
963 914
963 817
963 228
963 661
963 935
963 424
963 837
963 242
963 955
963 868
963 904
963 820
963 176
963 240
963 311
963 581
963 667
963 668
963 684
963 783
978 892
978 974
978 976
978 9
978 19
978 29
978 121
978 131
978 210
978 239
978 344
978 348
978 478
978 493
978 513
978 562
978 636
978 645
978 658
978 698
978 717
978 740
978 771
978 803
978 804
978 831
978 837
978 909
978 917
978 955
978 957
978 968
978 979
978 981
978 982
978 996
979 100
979 307
979 682
979 523
979 841
979 929
979 957
979 835
979 858
979 934
979 745
979 945
979 729
979 829
979 257
979 343
979 366
979 386
979 432
979 520
979 541
979 565
979 628
979 648
979 709
979 710
979 712
979 752
979 761
979 825
979 917
979 996
985 930
985 990
985 844
985 694
985 773
985 926
985 83
985 90
985 115
985 155
985 217
985 265
985 353
985 457
985 465
985 545
985 549
985 575
985 591
985 597
985 605
985 897
985 917
985 955
985 968
995 902
995 701
995 22
995 181
995 209
995 238
995 357
995 414
995 524
995 557
995 576
995 583
995 585
995 648
995 693
995 695
995 722
995 732
995 742
995 750
995 794
995 804
995 807
995 826
995 841
995 864
995 871
995 885
995 897
995 909
995 924
995 927
995 945
995 946
995 948
995 972
995 992
2 580
2 930
580 256
580 445
580 647
580 857
580 998
930 158
930 392
930 441
930 469
930 482
930 554
930 704
930 707
930 730
930 795
930 804
930 869
930 884
930 915
930 922
930 945
930 948
930 971
930 974
256 974
256 818
256 832
445 992
445 996
445 720
445 723
647 568
647 990
647 835
647 795
647 289
647 586
647 667
647 851
857 964
857 981
857 999
857 754
857 969
857 932
857 530
857 704
857 935
857 955
857 549
857 165
857 245
857 346
857 602
857 664
857 747
857 812
857 996
998 987
998 982
998 14
998 16
998 171
998 199
998 204
998 325
998 336
998 450
998 461
998 545
998 557
998 577
998 588
998 631
998 658
998 670
998 673
998 675
998 690
998 705
998 725
998 739
998 777
998 831
998 860
998 867
998 871
998 890
998 903
998 905
998 926
998 942
998 969
998 972
143 673
143 468
199 944
199 356
349 810
349 651
349 904
349 592
521 872
521 894
521 833
521 254
521 387
780 63
780 742
780 969
780 236
780 416
780 703
780 732
780 747
780 752
780 864
807 921
807 862
807 856
807 883
807 959
807 115
807 269
807 330
807 693
807 732
807 809
807 860
807 884
836 987
836 905
836 999
836 476
836 683
836 914
836 711
836 950
836 113
836 473
836 322
836 522
836 524
851 999
851 972
851 704
851 691
851 954
851 604
851 490
851 282
851 493
851 547
851 569
851 610
851 782
851 860
862 982
862 738
862 942
862 40
862 511
862 571
862 602
862 645
862 731
862 787
862 799
862 935
862 972
862 996
929 859
929 738
929 944
929 700
929 942
929 28
929 102
929 124
929 488
929 508
929 509
929 556
929 577
929 665
929 830
929 866
929 876
929 948
931 971
931 701
931 975
931 999
931 960
931 621
931 33
931 211
931 251
931 259
931 323
931 353
931 365
931 563
931 600
931 603
931 725
931 770
931 833
931 854
931 922
931 955
931 959
931 969
931 996
945 91
945 921
945 905
945 844
945 742
945 118
945 73
945 203
945 230
945 288
945 414
945 419
945 484
945 500
945 541
945 575
945 594
945 597
945 670
945 709
945 725
945 774
945 790
945 870
987 6
987 10
987 114
987 144
987 146
987 203
987 205
987 381
987 391
987 513
987 562
987 578
987 610
987 617
987 655
987 692
987 695
987 696
987 700
987 716
987 774
987 785
987 787
987 832
987 840
987 887
987 923
987 925
987 950
987 959
987 999
158 904
158 867
392 706
392 552
392 507
392 703
392 790
441 894
441 298
469 834
469 135
469 765
482 957
482 345
482 917
482 239
482 405
554 801
554 964
554 175
554 440
554 866
704 964
704 746
704 94
704 913
704 917
707 519
707 304
707 719
707 93
707 179
707 292
707 770
707 809
707 840
730 892
730 975
730 964
730 606
730 805
730 968
730 511
730 517
730 852
730 809
795 925
795 835
795 992
795 139
795 137
795 367
795 404
795 548
804 964
804 942
804 674
804 446
804 634
804 779
804 607
804 722
804 917
804 294
804 584
869 855
869 999
869 706
869 887
869 54
869 126
869 177
869 234
869 375
869 695
869 817
869 878
869 922
869 959
884 745
884 950
884 873
884 867
884 820
884 825
884 866
884 607
884 231
884 337
884 399
884 459
884 612
884 903
915 976
915 842
915 791
915 606
915 919
915 574
915 70
915 275
915 282
915 474
915 487
915 612
915 618
915 644
915 756
915 785
915 796
915 913
922 976
922 990
922 738
922 944
922 999
922 881
922 736
922 128
922 508
922 418
922 104
922 223
922 355
922 394
922 509
922 612
922 750
922 821
922 896
922 897
922 903
948 984
948 982
948 905
948 944
948 754
948 371
948 719
948 631
948 92
948 119
948 279
948 328
948 350
948 417
948 487
948 550
948 567
948 648
948 685
948 728
948 752
948 761
948 809
948 818
948 882
948 904
971 859
971 976
971 902
971 905
971 17
971 41
971 49
971 83
971 92
971 117
971 119
971 129
971 173
971 224
971 297
971 368
971 383
971 452
971 481
971 538
971 663
971 745
971 812
971 817
971 832
971 894
971 906
971 907
971 909
971 924
971 932
971 934
971 968
974 486
974 984
974 6
974 15
974 65
974 219
974 247
974 408
974 435
974 499
974 519
974 532
974 592
974 684
974 711
974 717
974 721
974 723
974 761
974 789
974 821
974 844
974 855
974 856
974 878
974 883
974 885
974 912
974 927
974 934
974 964
71 186
71 532
71 815
170 810
259 831
259 87
259 562
342 960
342 924
342 501
342 959
378 882
378 996
378 860
382 69
382 538
382 601
382 935
444 564
444 996
499 670
499 86
499 405
499 996
526 858
526 810
526 687
526 761
557 957
557 712
557 497
557 448
618 921
618 896
618 641
618 903
618 330
749 976
749 924
749 914
749 909
749 904
749 820
749 213
783 700
783 969
783 932
783 305
783 179
783 595
783 604
783 830
817 944
817 564
817 476
817 919
817 70
817 583
817 665
817 680
817 721
817 878
825 946
825 838
825 996
825 195
825 245
825 262
825 575
825 603
825 609
825 770
825 870
841 498
841 24
841 227
841 264
841 367
841 446
841 609
841 702
841 852
841 876
841 887
841 910
841 917
841 957
864 801
864 902
864 981
864 924
864 957
864 912
864 919
864 769
864 935
864 896
864 890
864 882
864 996
864 903
864 897
864 765
864 693
880 976
880 624
880 673
880 295
880 531
880 609
880 612
880 645
880 746
880 773
880 823
880 883
880 968
890 760
890 564
890 429
890 946
890 822
890 972
890 423
890 241
890 873
890 954
890 160
890 215
890 282
890 604
890 655
912 906
912 910
912 43
912 216
912 291
912 293
912 428
912 456
912 542
912 601
912 695
912 752
912 781
912 810
912 876
912 878
972 701
972 906
972 672
972 957
972 675
972 858
972 68
972 137
972 171
972 198
972 260
972 281
972 286
972 298
972 362
972 450
972 463
972 582
972 610
972 657
972 710
972 728
972 740
976 6
976 26
976 181
976 205
976 262
976 270
976 303
976 313
976 403
976 427
976 451
976 585
976 629
976 715
976 765
976 784
976 789
976 877
976 883
976 887
976 907
976 914
976 919
976 921
976 925
976 959
976 969
982 984
982 11
982 46
982 103
982 104
982 298
982 317
982 374
982 518
982 615
982 620
982 625
982 646
982 667
982 728
982 735
982 762
982 765
982 822
982 840
982 855
982 861
982 873
982 894
982 946
982 950
982 959
3 91
91 663
663 629
663 150
663 211
663 311
663 336
663 679
394 934
394 907
667 905
667 923
667 571
667 715
667 860
837 942
837 435
837 275
837 833
837 424
837 125
837 440
837 527
837 533
837 619
837 671
837 923
837 996
854 568
854 944
854 981
854 957
854 910
854 43
854 67
854 80
854 101
854 167
854 239
854 241
854 324
854 681
854 838
854 883
854 968
964 636
964 975
964 23
964 80
964 126
964 163
964 177
964 240
964 269
964 345
964 384
964 387
964 419
964 436
964 543
964 611
964 635
964 715
964 726
964 746
964 779
964 787
964 832
964 870
964 877
964 942
141 935
141 768
141 907
314 33
314 156
314 778
314 992
548 855
548 629
548 641
548 602
548 315
602 308
602 670
602 668
694 27
694 60
694 493
694 584
694 758
694 858
694 926
969 516
969 842
969 999
969 881
969 625
969 49
969 152
969 180
969 197
969 269
969 334
969 399
969 418
969 438
969 453
969 484
969 541
969 559
969 679
969 681
969 765
969 812
969 818
969 860
969 870
969 871
969 968
975 100
975 21
975 55
975 68
975 138
975 264
975 305
975 325
975 592
975 619
975 705
975 728
975 731
975 754
975 757
975 768
975 785
975 790
975 820
975 873
975 887
975 910
975 950
975 968
975 999
17 751
62 746
62 822
205 197
214 859
214 934
214 319
294 883
294 468
294 903
335 946
335 388
335 465
371 75
371 591
371 923
388 944
388 692
388 172
490 955
490 692
490 664
490 231
583 516
583 662
583 822
583 556
583 296
595 716
595 641
595 607
595 322
595 531
664 514
664 924
664 223
664 333
664 546
664 903
665 828
665 702
665 84
665 258
665 467
679 716
679 910
679 662
679 923
679 996
679 777
686 758
686 914
686 829
686 648
686 432
710 678
710 567
710 113
710 360
710 592
710 697
710 955
752 516
752 822
752 712
752 417
752 323
752 450
792 701
792 358
792 789
792 955
792 377
792 193
792 336
792 400
792 414
792 480
792 684
792 790
792 870
792 917
902 10
902 66
902 138
902 203
902 429
902 522
902 544
902 614
902 727
902 774
902 910
902 942
902 950
902 996
913 819
913 981
913 822
913 745
913 769
913 838
913 233
913 559
913 954
913 778
913 871
913 436
913 542
913 616
913 640
913 765
913 803
914 928
914 701
914 944
914 999
914 957
914 910
914 65
914 231
914 254
914 329
914 483
914 560
914 645
914 728
914 761
914 798
914 805
914 955
950 984
950 906
950 760
950 960
950 773
950 629
950 77
950 293
950 351
950 381
950 404
950 451
950 481
950 599
950 641
950 703
950 726
950 829
950 885
950 917
981 564
981 28
981 87
981 198
981 270
981 397
981 408
981 433
981 442
981 480
981 500
981 535
981 582
981 613
981 623
981 680
981 697
981 705
981 756
981 818
981 833
981 848
981 852
981 860
981 871
981 873
981 878
981 923
981 926
981 946
981 992
4 206
4 409
4 859
4 892
206 717
206 775
206 894
409 165
409 778
409 822
409 871
859 414
859 454
859 528
859 542
859 605
859 610
859 669
859 798
859 871
859 926
859 990
892 86
892 151
892 246
892 255
892 321
892 326
892 590
892 757
892 760
892 784
892 813
892 842
892 866
892 960
892 999
717 990
717 46
717 130
717 695
717 762
717 907
775 788
775 919
775 543
775 696
775 277
775 909
775 691
775 155
775 273
775 658
775 739
775 796
894 434
894 742
894 52
894 334
894 377
894 407
894 452
894 492
894 589
894 639
894 768
894 878
894 917
894 954
165 166
778 925
778 700
778 794
778 813
778 960
778 172
778 309
778 796
822 924
822 675
822 109
822 176
822 190
822 406
822 462
871 620
871 942
871 763
871 731
871 818
871 651
871 538
871 996
871 226
871 725
414 311
454 925
454 924
454 410
528 757
528 506
528 867
528 250
528 266
528 455
542 984
542 773
605 794
605 835
605 992
605 525
610 711
610 757
610 786
669 925
669 946
669 992
669 786
669 287
669 457
669 756
798 934
798 873
798 805
798 996
798 201
798 393
798 593
926 842
926 910
926 919
926 60
926 107
926 142
926 319
926 381
926 480
926 532
926 563
926 619
926 735
926 762
926 799
926 806
926 818
926 868
926 904
926 932
926 954
990 928
990 11
990 23
990 219
990 252
990 289
990 301
990 318
990 362
990 424
990 478
990 501
990 511
990 530
990 544
990 592
990 698
990 705
990 727
990 734
990 769
990 791
990 803
990 856
990 861
990 867
990 885
990 896
990 897
990 909
990 924
990 942
86 876
86 789
151 959
151 384
151 549
246 397
246 550
255 461
255 463
255 545
321 774
321 604
321 449
321 593
326 921
326 909
326 687
590 45
590 696
590 770
590 876
590 927
590 935
757 77
757 115
757 213
757 225
757 376
757 768
757 866
760 25
760 106
760 562
760 858
760 860
760 883
760 897
760 903
760 955
784 26
784 83
784 422
784 488
784 603
784 826
784 840
784 883
784 927
813 942
813 999
813 30
813 111
813 468
813 856
813 876
813 881
813 955
813 996
842 8
842 150
842 177
842 231
842 418
842 451
842 535
842 620
842 703
842 762
842 944
842 996
866 928
866 620
866 906
866 828
866 858
866 992
866 909
866 833
866 201
866 298
866 726
866 770
866 903
960 738
960 811
960 905
960 944
960 672
960 31
960 53
960 167
960 233
960 272
960 296
960 312
960 327
960 360
960 485
960 507
960 550
960 567
960 581
960 585
960 615
960 643
960 685
960 729
960 782
960 826
960 877
960 883
960 909
960 959
999 984
999 944
999 28
999 55
999 56
999 182
999 265
999 403
999 455
999 457
999 487
999 544
999 555
999 560
999 625
999 668
999 705
999 782
999 787
999 791
999 803
999 832
999 840
999 852
999 858
999 896
999 946
999 959
5 486
5 516
5 568
5 984
486 340
486 706
486 925
486 934
516 14
516 603
516 897
568 734
568 821
568 828
568 885
984 57
984 69
984 220
984 323
984 359
984 375
984 384
984 396
984 432
984 527
984 562
984 563
984 581
984 617
984 680
984 684
984 721
984 732
984 774
984 806
984 852
984 856
984 860
984 876
984 903
984 904
984 925
340 872
340 840
340 575
706 881
706 38
706 481
925 24
925 197
925 238
925 449
925 467
925 639
925 734
925 809
925 856
925 873
925 904
925 923
925 924
925 954
925 959
925 992
934 942
934 49
934 73
934 156
934 253
934 540
934 545
934 658
934 676
934 693
934 720
934 740
934 746
934 758
934 840
934 870
934 878
934 954
934 968
14 159
14 169
603 832
603 830
603 687
603 613
897 921
897 443
897 305
897 927
897 622
897 806
897 318
897 353
897 379
897 535
734 881
734 132
734 237
734 324
734 465
734 782
734 803
734 840
821 815
821 729
821 302
821 923
821 877
821 726
821 449
821 460
821 709
828 666
828 21
828 125
828 155
828 164
828 225
828 316
828 632
828 711
828 771
828 867
828 959
885 100
885 791
885 910
885 479
885 611
885 628
885 640
885 726
885 744
885 761
885 882
885 903
57 629
57 702
69 416
220 180
220 600
323 683
359 758
359 641
375 442
375 726
384 754
396 910
396 935
396 877
396 770
432 942
432 968
432 756
527 955
527 481
527 237
527 251
562 181
562 720
563 788
563 742
563 632
563 732
581 811
581 944
581 957
581 221
581 782
617 791
617 789
617 826
617 611
617 483
680 992
680 959
680 896
680 437
680 785
684 883
684 927
684 907
684 387
684 437
721 831
721 478
721 227
721 560
721 613
721 628
732 944
732 904
732 867
732 164
732 437
732 860
732 870
774 159
774 424
774 896
774 779
774 594
774 231
774 547
774 820
806 819
806 666
806 872
806 838
806 233
806 404
806 374
806 500
806 593
852 872
852 835
852 992
852 883
852 935
852 291
852 549
852 596
852 324
852 420
852 765
856 716
856 700
856 763
856 872
856 49
856 670
856 691
856 790
856 877
856 923
860 858
860 629
860 341
876 620
876 957
876 772
876 566
876 85
876 352
876 506
876 959
903 944
903 910
903 503
903 737
903 397
903 274
903 676
904 921
904 957
904 872
904 661
904 959
904 157
904 210
904 393
904 541
904 695
15 144
15 811
65 678
65 347
219 881
219 946
247 848
247 303
247 882
408 178
408 833
408 146
408 404
435 50
435 282
435 331
435 992
519 25
519 334
519 826
532 232
532 364
532 992
592 855
592 360
592 703
711 788
711 636
711 872
711 75
711 399
723 811
723 968
723 935
723 577
723 867
723 877
723 614
723 479
723 790
761 830
761 725
761 762
761 379
761 480
761 823
789 887
789 702
789 132
789 480
789 493
789 668
844 25
844 124
844 440
844 520
844 611
844 691
844 829
844 870
844 919
855 570
855 16
855 834
855 155
855 189
855 191
855 193
855 436
855 633
855 682
855 785
855 819
855 924
855 946
878 927
878 779
878 522
878 954
878 867
878 820
878 344
878 266
878 316
878 465
878 497
883 339
883 402
883 924
883 87
883 735
883 769
927 642
927 736
927 529
927 552
927 968
927 576
927 134
927 212
927 295
927 301
927 415
927 419
927 488
927 604
927 756
927 796
927 917
927 955
26 564
26 700
181 932
262 649
262 652
270 935
270 121
303 896
303 923
303 173
313 716
313 691
313 109
403 944
403 389
427 503
427 491
451 754
451 599
585 37
585 166
585 407
585 868
585 935
629 624
629 455
715 347
715 818
715 935
715 200
765 570
765 928
765 347
765 959
765 868
877 858
877 566
877 186
877 367
877 295
877 386
877 497
877 500
877 502
877 803
877 823
887 649
887 794
887 606
887 52
887 93
887 230
887 421
887 508
887 561
887 594
887 873
907 624
907 751
907 772
907 992
907 446
907 422
907 525
907 779
907 386
907 450
907 459
907 518
907 547
907 569
907 692
907 750
907 917
907 955
919 514
919 477
919 848
919 50
919 195
919 248
919 287
919 373
919 420
919 494
919 507
919 651
919 790
919 799
919 826
919 954
921 649
921 13
921 738
921 21
921 108
921 152
921 229
921 338
921 492
921 547
921 673
921 701
921 727
921 751
921 910
921 924
921 957
959 649
959 831
959 358
959 105
959 556
959 453
959 338
959 357
959 436
959 507
959 646
959 782
959 812
959 882
10 570
10 928
114 935
114 690
144 291
144 906
146 606
203 552
381 881
381 475
391 702
391 735
391 968
513 670
513 632
513 747
513 722
578 791
578 157
578 315
578 611
578 809
578 823
655 932
655 644
655 244
655 372
655 465
692 788
692 549
692 164
692 366
695 672
695 698
695 932
696 957
696 858
696 72
696 820
696 955
700 130
700 674
700 675
716 9
716 168
716 787
716 917
716 935
785 736
785 771
785 873
785 484
787 672
787 83
787 208
787 747
832 906
832 135
832 260
832 364
832 565
832 597
832 954
832 955
840 799
840 292
840 352
840 369
840 744
840 809
923 794
923 339
923 872
923 137
923 331
923 540
923 541
923 549
923 725
923 809
923 868
7 140
7 624
7 801
140 101
624 623
624 628
624 651
624 873
624 942
801 66
801 215
801 277
801 419
801 782
801 818
101 163
230 670
230 882
390 36
390 118
390 517
390 719
390 727
574 942
574 54
574 633
574 740
614 543
614 651
614 195
614 511
623 47
623 501
623 861
623 882
628 630
628 491
628 509
628 533
651 631
651 117
651 712
873 881
873 678
873 992
873 82
873 407
873 422
873 505
873 809
942 570
942 27
942 192
942 312
942 352
942 442
942 501
942 505
942 546
942 632
942 635
942 744
942 835
942 954
942 996
66 501
215 881
215 364
277 905
277 673
277 90
782 833
782 868
782 687
782 861
782 589
818 905
818 957
818 746
818 909
818 97
818 163
818 487
818 882
8 100
8 307
307 372
307 682
372 944
372 544
682 20
682 226
682 433
682 662
682 772
150 98
150 594
177 288
418 957
418 73
535 758
535 815
535 639
620 20
620 670
620 773
703 815
703 909
703 861
703 569
762 278
762 446
762 364
762 796
762 533
944 21
944 135
944 399
944 406
944 412
944 559
944 833
944 858
944 868
944 896
944 996
996 570
996 906
996 848
996 662
996 932
996 674
996 556
996 639
996 576
996 179
996 183
996 330
996 421
996 500
996 560
996 561
996 589
996 750
996 812
996 823
996 861
53 128
53 508
173 968
351 180
351 341
351 520
534 439
534 609
534 433
657 702
657 301
657 565
657 333
683 630
683 50
683 492
683 671
683 737
683 820
773 477
773 39
773 264
773 533
773 577
773 676
773 809
819 18
819 188
819 503
819 539
819 690
819 729
819 838
830 402
830 736
830 675
830 729
830 646
830 728
830 191
830 322
830 354
9 649
9 788
649 368
649 471
788 341
788 410
788 543
788 625
788 633
788 673
788 676
788 910
368 810
368 399
368 608
471 811
471 791
471 681
471 946
471 601
168 343
917 727
917 719
917 374
917 604
917 648
917 235
917 425
935 570
935 834
935 702
935 102
935 422
935 955
341 763
341 436
410 742
410 593
625 38
625 786
633 794
633 631
633 820
633 770
673 25
673 729
673 820
673 924
676 791
676 311
910 42
910 197
910 224
910 333
910 413
910 462
910 484
910 826
910 861
19 430
19 666
19 701
29 339
29 705
121 906
121 111
131 815
131 968
239 356
344 838
344 867
344 236
348 130
348 180
348 421
478 41
478 222
478 411
478 615
493 702
636 18
636 189
636 376
636 525
636 737
645 161
645 779
645 162
645 770
658 932
658 634
658 685
698 60
698 569
698 954
740 928
740 737
740 896
740 212
740 235
771 44
771 98
771 99
771 465
771 505
771 823
771 833
771 868
803 736
803 946
803 661
803 530
803 968
803 327
803 356
803 406
803 619
831 32
831 58
831 90
831 171
831 301
831 306
831 317
831 589
831 946
909 906
909 848
909 95
909 103
909 136
909 594
909 596
909 786
909 796
909 823
909 868
955 815
955 992
955 779
955 147
955 229
955 244
955 249
955 315
955 474
955 599
955 687
955 720
955 739
955 756
957 63
957 477
957 35
957 113
957 152
957 287
957 302
957 318
957 366
957 439
957 508
957 561
957 608
957 954
968 727
968 781
968 93
968 110
968 257
968 338
968 456
968 531
968 539
968 599
968 685
968 812
570 632
928 54
928 235
928 273
928 274
928 450
928 483
928 488
928 520
928 576
928 608
928 690
928 691
928 705
928 905
632 115
632 539
632 555
138 896
429 45
429 306
429 346
522 142
522 546
544 498
544 810
727 42
727 507
727 820
727 838
235 380
273 848
273 735
273 267
274 905
274 556
483 868
483 343
483 298
483 870
488 769
488 509
520 339
520 720
576 458
576 412
576 125
608 835
608 473
608 643
608 518
690 630
690 538
691 103
691 431
691 613
705 566
905 16
905 36
905 225
905 439
905 546
905 588
905 678
905 712
905 829
905 838
905 906
11 660
660 68
660 582
660 826
660 881
660 954
68 118
582 164
582 192
582 279
826 666
826 672
826 872
826 157
826 497
826 565
881 906
881 31
881 280
881 286
881 639
881 661
881 719
881 739
954 434
954 791
954 416
954 805
954 634
954 201
954 286
954 320
954 487
954 502
954 596
954 597
954 720
46 308
46 858
104 494
104 467
317 139
374 674
518 258
615 781
615 337
615 720
646 701
646 503
646 552
646 117
646 737
728 906
728 746
728 932
728 185
728 584
728 622
735 742
735 867
861 485
861 747
861 607
861 240
861 295
861 325
861 334
861 350
861 355
946 858
946 60
946 106
946 162
946 221
946 355
946 387
946 413
946 437
946 613
946 744
946 781
946 805
23 477
252 630
252 858
289 736
289 815
289 474
301 175
362 327
424 110
424 306
501 492
501 648
511 278
511 600
511 438
530 461
530 600
530 896
769 458
769 758
769 178
769 92
791 834
791 36
791 120
791 550
867 872
867 442
867 796
896 621
896 763
896 848
896 736
896 127
896 222
896 244
896 750
924 523
924 32
924 308
924 458
924 480
924 725
924 772
924 838
924 870
55 304
244 858
258 736
293 868
293 640
328 278
328 796
328 393
400 992
400 505
431 747
431 777
431 346
476 44
476 404
477 78
477 316
556 85
556 739
607 642
607 222
607 612
621 32
621 500
621 560
799 992
799 631
799 126
799 160
799 491
799 722
799 868
882 498
882 992
882 299
882 643
882 571
882 179
882 212
882 475
992 834
992 932
992 75
992 136
992 354
992 367
992 369
992 407
992 463
992 540
992 546
992 569
992 586
992 648
992 671
992 693
992 697
992 756
992 829
992 868
58 662
363 754
363 744
502 751
502 630
502 455
681 365
681 373
811 324
811 439
811 571
811 768
13 514
13 738
514 81
514 870
514 932
738 97
738 437
738 932
81 241
81 552
81 729
870 712
870 343
870 786
870 756
870 455
870 462
870 790
932 763
932 702
932 358
932 241
932 266
932 267
932 459
932 635
932 640
437 687
218 529
218 622
376 481
635 613
758 120
758 449
758 588
758 746
108 446
152 868
229 232
229 263
338 777
492 169
492 236
547 564
547 500
701 67
751 84
751 319
751 352
751 586
751 640
751 693
169 571
169 794
571 569
571 612
794 27
794 234
794 668
794 747
794 805
16 834
204 745
325 641
325 267
336 577
336 264
461 674
461 452
545 796
545 619
577 126
588 423
588 107
631 754
631 84
631 224
670 80
675 666
675 43
675 267
675 389
675 397
725 609
725 250
725 379
725 613
739 652
739 540
739 597
777 848
777 365
777 406
777 591
906 20
906 22
906 250
906 479
906 584
906 619
906 742
324 726
439 116
768 266
768 425
768 428
768 622
127 305
254 772
309 745
309 278
309 238
463 369
671 834
671 280
671 355
671 597
835 742
835 763
835 848
835 44
835 709
835 772
834 64
834 145
834 200
834 497
834 666
834 685
834 709
834 770
834 823
64 566
64 745
145 506
145 643
200 838
497 320
666 809
685 720
685 668
709 848
709 786
709 616
709 812
770 354
770 425
823 565
823 599
823 612
823 524
823 509
189 208
189 565
191 805
193 747
436 805
36 872
225 611
546 373
546 517
546 555
678 56
678 212
678 281
678 369
678 423
712 135
712 462
829 345
829 241
829 96
829 380
829 417
829 475
838 94
838 460
838 467
838 531
84 347
586 281
586 531
640 377
693 820
693 796
693 415
41 736
117 90
129 872
129 810
129 242
297 561
383 593
452 772
452 550
452 750
538 130
538 389
538 809
745 186
745 232
745 299
745 411
812 858
70 423
78 178
122 35
122 265
209 428
209 609
288 292
405 746
420 820
420 421
422 112
430 269
430 517
430 746
433 790
523 24
523 322
523 575
702 643
747 868
786 719
786 810
786 182
786 185
786 329
786 541
833 105
833 729
833 227
833 240
833 438
525 552
525 134
525 533
737 805
737 96
737 176
737 596
737 643
188 417
188 641
503 77
503 96
539 805
539 594
539 216
539 726
729 110
729 474
729 593
22 63
524 606
524 459
750 672
750 304
750 506
185 848
290 242
296 781
491 613
868 584
269 202
517 810
517 302
517 285
746 245
746 550
809 763
809 736
809 302
20 498
226 306
226 411
662 559
772 402
772 47
772 365
772 380
772 460
772 779
250 815
479 271
584 756
619 781
742 30
316 393
406 567
412 642
412 744
559 601
858 80
858 815
264 460
731 56
731 234
731 697
731 756
754 37
790 413
820 160
820 208
820 744
63 39
238 722
357 643
648 217
722 223
722 330
163 606
345 40
345 589
611 379
726 468
726 216
779 136
779 190
779 569
24 443
443 128
128 211
322 600
575 622
227 285
227 560
367 172
367 320
609 327
609 251
449 228
467 147
467 331
467 601
639 98
639 111
639 613
334 552
106 302
124 299
440 642
564 272
272 366
272 622
674 566
674 75
27 672
672 337
672 509
509 465
234 281
668 805
805 606
805 661
805 87
312 285
442 132
505 448
744 719
744 284
28 434
434 872
872 415
872 550
872 781
508 415
508 533
397 641
480 643
697 245
697 271
848 40
848 248
848 306
848 377
182 156
265 249
265 599
457 462
457 386
487 529
555 815
555 594
555 641
560 474
339 116
566 236
228 82
228 661
561 468
561 652
561 353
589 529
589 425
591 642
781 76
781 160
781 253
304 416
616 815
616 251
31 402
402 237
260 428
280 601
286 157
661 82
661 271
661 456
719 77
719 107
233 105
327 161
360 652
485 50
485 380
485 425
567 99
567 393
643 448
596 506
596 271
458 59
458 118
33 42
33 763
763 453
763 597
453 96
251 473
365 311
600 634
630 162
630 720
162 377
295 644
531 350
531 462
612 506
612 287
35 642
112 139
283 142
283 377
475 652
113 473
366 183
37 606
606 604
604 217
456 279
438 460
299 549
40 59
59 358
248 232
815 109
815 421
815 484
413 634
462 347
484 386
810 79
810 249
810 494
404 190
99 275
99 494
45 529
529 329
529 355
329 208
350 249
460 459
95 93
644 552
644 136
644 448
644 687
796 253
253 687
425 320
195 652
373 285
284 459
634 109
416 242
281 354
257 687
652 186
652 178
232 139
202 687
161 292
292 213
76 105
76 278
506 263
