0 690
0 824
0 899
0 918
690 415
690 872
690 880
690 892
690 898
690 941
690 956
690 978
690 997
824 33
824 279
824 385
824 421
824 439
824 485
824 527
824 606
824 609
824 861
824 875
824 899
824 918
824 989
899 119
899 146
899 279
899 341
899 433
899 439
899 490
899 495
899 501
899 527
899 609
899 666
899 720
899 757
899 861
899 894
899 917
899 918
899 948
918 48
918 93
918 119
918 328
918 341
918 385
918 433
918 485
918 490
918 501
918 519
918 527
918 544
918 665
918 666
918 707
918 730
918 787
918 861
918 989
415 170
415 872
415 978
415 633
415 815
872 898
872 941
872 859
872 880
872 892
872 23
872 129
872 512
872 804
872 848
872 883
872 908
872 917
872 952
872 956
872 978
880 674
880 941
880 9
880 859
880 126
880 262
880 336
880 566
880 617
880 633
880 715
880 781
880 892
880 914
880 963
880 978
880 999
892 898
892 941
892 985
892 986
892 9
892 494
892 496
892 497
892 633
892 641
892 657
892 715
892 781
892 820
892 848
892 967
892 978
898 3
898 127
898 195
898 262
898 463
898 494
898 543
898 651
898 657
898 703
898 706
898 781
898 831
898 848
898 859
898 941
898 944
898 978
941 3
941 674
941 28
941 126
941 135
941 494
941 496
941 502
941 633
941 638
941 651
941 782
941 800
941 804
941 848
941 859
941 903
941 928
941 960
941 970
941 973
941 978
956 993
956 989
956 784
956 869
956 864
956 62
956 107
956 242
956 246
956 399
956 412
956 426
956 437
956 458
956 460
956 554
956 561
956 569
956 586
956 607
956 611
956 736
956 738
956 763
956 767
956 769
956 988
978 674
978 859
978 919
978 23
978 781
978 28
978 126
978 129
978 135
978 195
978 262
978 496
978 502
978 512
978 543
978 617
978 651
978 657
978 663
978 715
978 721
978 804
978 809
978 815
978 839
978 848
978 853
978 870
978 912
978 960
997 994
997 945
997 740
997 989
997 999
997 888
997 990
997 524
997 326
997 68
997 938
997 992
997 106
997 122
997 128
997 183
997 233
997 234
997 245
997 325
997 332
997 339
997 340
997 352
997 386
997 398
997 443
997 487
997 500
997 510
997 523
997 545
997 567
997 609
997 619
997 644
997 668
997 691
997 709
997 722
997 766
997 768
997 797
997 801
997 822
997 826
997 875
997 877
33 229
33 966
33 721
279 64
279 239
279 707
385 707
385 271
385 439
421 884
421 999
421 935
421 419
421 569
439 979
439 485
439 591
485 229
485 957
485 665
527 861
527 707
527 867
527 802
606 917
606 975
606 555
606 969
606 911
606 241
606 643
609 984
609 861
609 146
609 467
609 490
861 995
861 966
861 48
861 64
861 341
861 423
861 433
861 500
861 501
861 665
861 707
861 813
875 948
875 995
875 854
875 954
875 984
875 925
875 468
875 278
875 924
875 111
875 499
875 741
875 779
875 809
875 814
875 816
875 853
989 996
989 951
989 913
989 214
989 32
989 740
989 79
989 94
989 128
989 149
989 326
989 339
989 387
989 413
989 443
989 455
989 523
989 524
989 545
989 552
989 566
989 567
989 644
989 668
989 691
989 709
989 712
989 716
989 722
989 766
989 768
989 790
989 797
989 822
989 877
989 938
989 944
989 992
989 999
119 146
119 213
146 965
341 280
341 666
433 513
433 277
433 666
490 920
490 825
490 665
495 588
495 964
495 732
495 847
495 644
501 674
501 969
501 665
666 707
666 974
666 940
666 665
666 736
720 735
720 123
720 400
720 475
720 484
720 517
720 584
720 765
720 808
757 886
757 909
757 983
757 972
757 929
757 830
757 159
757 507
757 537
757 578
894 395
894 836
894 838
894 979
894 900
894 694
894 913
894 618
894 990
894 716
894 735
894 639
894 173
894 292
894 362
894 538
894 563
894 739
894 874
917 981
917 998
917 954
917 29
917 825
917 102
917 202
917 534
917 555
917 640
917 643
917 656
917 704
917 746
917 753
917 831
917 887
917 911
917 969
917 975
948 19
948 881
948 39
948 50
948 113
948 137
948 147
948 168
948 318
948 378
948 387
948 478
948 512
948 603
948 652
948 655
948 749
948 766
948 779
948 809
948 814
948 925
948 954
948 984
948 992
948 995
48 605
48 727
93 947
93 944
93 299
328 947
328 980
328 950
328 376
519 961
519 827
519 932
519 220
519 265
519 532
544 881
544 995
544 954
544 984
544 730
544 844
665 686
665 938
665 742
707 998
707 64
707 448
707 717
730 995
730 954
730 946
730 55
730 156
730 754
730 814
730 866
730 877
787 15
787 216
787 565
787 687
787 786
787 802
787 902
787 937
787 940
787 957
787 965
787 998
1 172
1 225
1 290
1 843
172 574
172 850
172 912
225 509
225 723
225 850
225 912
290 552
290 599
290 850
290 982
843 5
843 116
843 163
843 729
843 782
843 790
843 853
843 868
843 871
843 901
843 902
843 908
843 926
843 959
843 987
574 943
574 914
574 953
574 830
574 936
574 541
850 981
850 970
850 231
850 43
850 71
850 110
850 273
850 333
850 365
850 509
850 664
850 752
850 908
850 912
912 928
912 170
912 231
912 599
912 686
912 453
912 877
912 664
912 110
912 509
912 161
912 181
912 273
912 319
912 333
912 365
912 552
912 577
509 793
509 110
509 333
723 879
723 773
723 307
723 520
723 118
723 227
723 515
723 755
723 769
552 599
552 181
552 273
552 708
599 30
599 71
599 226
599 664
599 888
982 961
982 986
982 920
982 293
982 954
982 862
982 827
982 952
982 751
982 52
982 890
982 82
982 96
982 101
982 143
982 148
982 152
982 265
982 275
982 288
982 310
982 338
982 390
982 461
982 465
982 532
982 579
982 630
982 649
982 689
982 696
982 729
982 774
982 805
982 806
982 835
982 865
982 932
5 947
5 980
5 985
116 534
116 987
116 901
163 855
163 832
163 227
729 564
729 987
729 790
729 199
729 655
729 695
729 755
729 812
729 959
782 984
782 972
782 871
782 987
782 697
782 257
782 926
782 191
782 790
782 812
782 959
790 697
790 877
790 926
790 901
790 902
790 198
790 462
790 493
790 949
853 985
853 564
853 871
853 987
853 697
853 926
853 922
853 901
853 902
853 613
853 959
853 801
853 746
853 493
868 928
868 970
868 303
868 91
868 192
868 261
868 406
868 414
868 454
868 531
868 598
868 671
868 675
868 803
868 834
868 839
868 873
871 63
871 98
871 404
871 469
871 697
871 746
871 795
871 811
871 841
871 844
871 901
871 902
871 926
871 959
871 987
901 961
901 889
901 887
901 987
901 926
901 137
901 239
901 267
901 282
901 374
901 377
901 404
901 422
901 746
901 902
901 959
902 702
902 669
902 987
902 147
902 248
902 267
902 404
902 451
902 462
902 493
902 511
902 695
902 745
902 746
902 959
908 996
908 942
908 49
908 855
908 53
908 138
908 227
908 255
908 280
908 351
908 394
908 417
908 441
908 484
908 630
908 659
908 780
908 799
908 809
926 991
926 954
926 988
926 698
926 987
926 697
926 257
926 858
926 98
926 267
926 274
926 374
926 422
926 493
926 653
926 695
926 745
926 812
926 959
959 947
959 882
959 504
959 987
959 697
959 257
959 770
959 958
959 482
959 604
959 613
959 223
959 239
959 264
959 267
959 374
959 419
959 462
959 525
959 568
959 571
959 695
959 746
987 504
987 564
987 63
987 553
987 98
987 223
987 239
987 257
987 258
987 317
987 351
987 374
987 404
987 409
987 422
987 451
987 462
987 479
987 550
987 571
987 631
987 695
987 697
987 712
987 745
987 746
987 764
987 778
987 812
987 829
987 949
987 950
2 243
2 793
2 943
2 981
243 82
243 897
243 931
243 996
793 799
793 808
793 845
793 860
793 882
793 883
793 903
793 921
793 976
793 986
793 991
943 94
943 186
943 220
943 256
943 332
943 355
943 394
943 409
943 479
943 515
943 551
943 582
943 641
943 703
943 748
943 801
943 819
943 839
943 914
943 923
943 924
943 936
943 953
943 981
943 994
981 12
981 58
981 74
981 101
981 103
981 186
981 220
981 271
981 313
981 332
981 355
981 370
981 409
981 427
981 445
981 530
981 641
981 648
981 658
981 703
981 744
981 747
981 748
981 795
981 801
981 856
981 865
981 878
981 905
981 914
981 924
981 946
981 953
981 994
82 961
82 890
897 977
897 996
897 933
897 54
897 876
897 103
897 402
897 416
897 423
897 654
897 713
897 754
897 786
897 802
897 817
897 885
897 910
897 931
897 988
931 977
931 996
931 903
931 335
931 990
931 786
931 743
931 153
931 232
931 270
931 489
931 513
931 570
931 610
931 647
931 681
931 731
931 750
931 754
931 771
931 780
931 826
931 910
996 980
996 7
996 529
996 977
996 50
996 54
996 83
996 92
996 95
996 224
996 232
996 270
996 284
996 322
996 373
996 402
996 416
996 423
996 450
996 489
996 513
996 583
996 610
996 647
996 654
996 660
996 672
996 681
996 731
996 743
996 750
996 754
996 755
996 771
996 781
996 786
996 815
996 876
996 885
996 893
996 910
996 936
996 944
996 974
799 855
799 53
799 91
799 181
799 246
799 351
799 417
799 441
799 484
799 630
799 659
808 995
808 984
808 955
808 968
808 770
808 832
808 718
808 724
808 731
808 809
808 765
808 733
845 903
845 986
845 991
845 882
845 914
845 976
845 952
845 580
845 893
845 974
845 883
845 921
845 518
845 860
845 712
860 903
860 986
860 991
860 882
860 565
860 967
860 976
860 466
860 936
860 988
860 893
860 775
860 883
860 921
860 577
882 903
882 986
882 991
882 11
882 167
882 195
882 281
882 451
882 464
882 580
882 733
882 775
882 883
882 921
882 976
883 903
883 986
883 991
883 995
883 976
883 934
883 893
883 775
883 270
883 442
883 473
883 577
883 815
883 921
903 8
903 432
903 442
903 489
903 522
903 619
903 762
903 775
903 796
903 893
903 921
903 976
903 986
903 991
921 986
921 991
921 963
921 976
921 972
921 893
921 810
921 573
921 373
921 775
921 658
921 492
921 285
921 349
921 455
921 568
921 577
921 619
976 980
976 986
976 991
976 854
976 35
976 121
976 167
976 281
976 285
976 294
976 314
976 388
976 429
976 442
976 464
976 517
976 568
976 573
976 580
976 619
976 719
976 775
976 809
976 821
976 870
976 893
976 968
976 972
986 970
986 8
986 31
986 35
986 97
986 121
986 161
986 167
986 216
986 285
986 314
986 373
986 388
986 429
986 442
986 444
986 464
986 568
986 573
986 577
986 580
986 619
986 703
986 713
986 737
986 775
986 852
986 864
986 893
986 964
986 991
986 995
991 980
991 977
991 8
991 35
991 97
991 111
991 121
991 161
991 190
991 216
991 281
991 285
991 314
991 337
991 373
991 388
991 402
991 429
991 442
991 464
991 528
991 568
991 573
991 577
991 580
991 617
991 619
991 652
991 679
991 737
991 775
991 893
991 975
94 838
94 979
186 936
186 791
220 744
256 993
256 906
256 949
256 602
332 819
332 264
355 994
355 260
355 801
394 616
394 280
394 630
409 994
409 953
409 470
479 405
479 974
479 971
479 680
515 879
515 773
515 937
515 864
515 549
551 962
551 304
551 974
551 971
551 747
551 436
582 994
582 74
582 198
582 600
582 819
582 907
641 994
641 881
641 936
641 74
641 440
641 924
703 914
703 994
703 936
703 795
703 230
703 558
748 588
748 914
748 994
748 953
748 751
748 936
748 932
748 856
748 288
801 994
801 993
801 953
801 924
801 891
801 856
801 271
801 637
819 994
819 953
819 936
819 432
819 924
819 866
819 142
819 478
819 744
819 745
819 831
839 702
839 928
839 970
839 772
839 593
839 873
839 971
839 191
839 193
839 347
839 671
839 803
839 834
914 12
914 101
914 505
914 558
914 637
914 648
914 692
914 693
914 792
914 856
914 890
914 924
914 936
914 953
914 994
923 985
923 11
923 919
923 920
923 306
923 330
923 418
923 476
923 497
923 516
923 556
923 571
923 589
923 661
923 662
923 713
923 777
923 820
923 826
923 870
923 907
923 922
923 955
924 994
924 995
924 964
924 953
924 936
924 697
924 102
924 182
924 440
924 445
924 465
924 541
924 637
924 648
924 676
924 744
924 856
936 994
936 999
936 973
936 953
936 58
936 70
936 142
936 198
936 346
936 361
936 403
936 445
936 648
936 795
936 950
953 977
953 994
953 999
953 46
953 123
953 182
953 198
953 346
953 432
953 445
953 530
953 541
953 637
953 647
953 715
953 752
953 856
953 958
953 971
994 970
994 12
994 70
994 100
994 185
994 313
994 318
994 348
994 389
994 396
994 432
994 440
994 445
994 530
994 541
994 557
994 571
994 635
994 637
994 648
994 744
994 767
994 795
994 815
994 856
994 891
994 900
994 951
994 998
994 999
12 204
58 973
58 396
74 667
101 944
103 828
103 930
271 933
271 744
313 212
313 800
313 856
370 983
370 972
370 692
370 857
427 980
427 965
427 999
427 673
427 662
445 746
530 893
530 795
530 331
530 637
648 612
648 784
648 396
648 805
658 966
658 806
658 621
658 816
658 761
658 254
658 660
744 795
744 187
744 269
744 558
744 750
747 821
747 974
747 971
747 676
747 230
747 253
747 269
747 622
747 632
795 988
795 100
795 294
795 348
795 440
795 826
856 706
856 224
856 988
856 969
856 348
856 389
856 346
856 461
856 558
865 961
865 927
865 952
865 751
865 890
865 905
865 143
865 223
865 288
865 310
865 390
865 465
865 608
865 649
865 805
865 932
878 928
878 951
878 995
878 954
878 984
878 999
878 925
878 85
878 203
878 378
878 456
878 514
878 603
878 655
878 675
878 741
878 796
878 809
905 726
905 916
905 965
905 951
905 946
905 337
905 521
905 842
905 827
905 673
905 667
905 957
905 140
905 595
905 296
905 734
905 815
905 823
905 940
905 960
946 27
946 927
946 945
946 79
946 105
946 133
946 199
946 259
946 272
946 286
946 295
946 438
946 469
946 477
946 653
946 698
946 724
946 728
946 762
946 778
946 802
946 844
946 849
946 933
946 973
3 674
3 961
674 426
674 804
674 859
674 939
961 42
961 162
961 209
961 232
961 241
961 338
961 414
961 465
961 591
961 636
961 649
961 670
961 696
961 710
961 711
961 751
961 805
961 806
961 827
961 835
961 890
961 929
961 932
961 952
961 977
426 988
426 767
426 174
426 750
804 859
804 973
804 974
804 848
804 262
804 531
804 543
804 617
804 657
804 771
859 9
859 252
859 435
859 500
859 617
859 657
859 781
859 836
859 848
859 915
939 17
939 20
939 118
939 132
939 167
939 193
939 311
939 401
939 470
939 518
939 546
939 547
939 559
939 626
939 663
939 685
939 688
939 752
939 788
939 849
939 863
939 876
939 895
939 951
939 988
127 933
127 973
127 783
195 848
262 711
463 995
463 954
463 137
463 282
463 779
494 906
494 129
494 835
543 739
543 537
543 617
543 651
651 832
651 911
651 960
651 633
651 715
657 781
657 794
657 629
657 630
706 483
706 886
706 962
706 964
706 36
706 41
706 251
706 842
781 979
781 23
781 468
781 502
781 617
781 797
831 977
831 825
831 975
831 969
831 911
831 935
831 704
831 480
831 688
831 567
831 635
831 656
848 626
848 135
848 496
848 503
848 523
848 715
848 725
848 949
944 947
944 980
944 985
944 963
944 740
944 542
944 968
944 498
944 950
944 80
944 99
944 154
944 250
944 298
944 336
944 506
944 550
944 597
944 602
944 742
944 752
944 794
28 214
28 933
126 942
135 240
496 715
496 637
502 838
502 715
502 687
633 954
633 937
633 150
638 886
638 964
638 738
638 158
638 252
638 259
638 528
800 966
800 792
800 909
800 983
800 929
800 990
800 381
800 735
800 653
800 725
800 852
928 6
928 702
928 191
928 347
928 357
928 380
928 406
928 414
928 454
928 511
928 558
928 593
928 803
928 811
928 834
928 849
928 873
928 890
928 895
928 970
960 965
960 694
960 937
960 673
960 957
960 922
960 595
960 145
960 261
960 266
960 342
960 350
960 361
960 379
960 473
960 488
960 533
960 557
960 572
960 662
960 672
960 734
960 764
960 802
960 817
960 823
960 940
970 6
970 702
970 39
970 91
970 175
970 191
970 347
970 357
970 380
970 406
970 414
970 454
970 505
970 511
970 531
970 593
970 598
970 671
970 772
970 803
970 823
970 834
970 873
970 886
970 919
973 979
973 993
973 945
973 933
973 42
973 73
973 133
973 159
973 235
973 236
973 249
973 286
973 295
973 305
973 380
973 383
973 437
973 438
973 469
973 477
973 698
973 728
973 762
973 778
973 783
973 844
973 849
42 83
42 952
162 751
162 459
162 661
209 520
209 932
209 649
232 977
232 717
241 979
241 639
241 739
338 965
338 827
338 890
414 998
414 380
465 952
465 835
591 925
591 890
591 806
591 932
591 288
591 578
636 807
636 773
636 864
636 826
636 769
636 755
636 408
649 952
649 692
649 890
649 352
649 696
670 881
670 952
670 972
670 114
670 275
670 711
670 835
670 932
696 827
696 952
696 890
696 822
696 911
696 711
696 613
710 395
710 858
710 108
710 540
710 134
710 213
710 538
710 758
710 841
711 827
711 952
711 120
711 353
711 806
711 932
751 952
751 47
751 424
751 579
751 646
751 835
805 827
805 952
805 890
805 893
805 806
805 932
805 152
805 275
805 389
805 556
806 983
806 732
806 952
806 958
806 148
806 461
806 835
806 932
827 39
827 310
827 532
827 678
827 835
827 877
827 932
835 913
835 952
835 932
835 816
835 273
835 579
835 777
890 881
890 952
890 52
890 408
890 532
890 579
890 614
890 704
890 932
929 700
929 886
929 909
929 983
929 869
929 972
929 692
929 56
929 240
929 295
929 317
929 456
929 469
929 510
929 525
929 537
929 601
929 689
929 741
929 774
929 857
929 990
932 962
932 624
932 952
932 148
932 265
932 461
932 532
932 579
932 719
932 758
932 761
932 820
952 984
952 52
952 96
952 143
952 152
952 196
952 310
952 390
952 475
952 525
952 576
952 597
977 7
977 529
977 83
977 92
977 95
977 224
977 284
977 322
977 416
977 583
977 610
977 642
977 647
977 667
977 668
977 681
977 725
977 743
977 750
977 754
977 771
977 786
977 825
977 876
977 885
977 910
977 971
977 995
4 395
4 714
4 818
4 884
395 737
395 837
714 17
714 164
714 620
714 652
714 858
714 906
714 934
714 935
714 979
818 66
818 69
818 164
818 397
818 605
818 612
818 681
818 708
818 858
818 885
818 913
818 934
818 935
884 66
884 81
884 115
884 344
884 419
884 492
884 605
884 627
884 654
884 708
884 858
884 886
884 907
884 934
884 935
884 940
884 965
737 889
737 46
737 358
737 539
737 797
737 798
737 821
737 837
837 889
837 975
837 798
837 821
837 841
837 742
837 758
837 212
837 429
837 538
837 539
837 600
837 623
837 687
17 807
17 951
164 934
164 935
620 41
620 143
620 652
620 779
620 858
620 934
620 935
652 773
652 627
652 935
652 324
652 345
858 677
858 605
858 849
858 81
858 492
858 569
858 579
858 708
858 756
858 934
858 935
906 900
906 962
906 993
906 942
906 727
906 988
906 69
906 138
906 260
906 312
906 459
906 488
906 528
906 634
906 719
906 810
906 811
906 904
906 949
934 612
934 964
934 605
934 990
934 627
934 81
934 115
934 165
934 266
934 324
934 397
934 424
934 676
934 708
934 756
934 840
934 841
934 885
934 935
935 612
935 593
935 553
935 627
935 113
935 130
935 266
935 345
935 419
935 492
935 550
935 569
935 704
935 708
935 722
935 756
979 16
979 836
979 838
979 26
979 61
979 134
979 173
979 275
979 292
979 316
979 362
979 369
979 457
979 562
979 563
979 596
979 615
979 618
979 639
979 646
979 694
979 716
979 739
979 759
979 874
979 913
979 930
979 940
979 992
979 995
66 954
66 627
69 993
69 335
397 955
397 453
397 756
397 708
605 985
605 419
605 436
612 21
612 424
612 462
612 756
681 993
681 786
681 910
681 678
681 885
708 966
708 569
708 587
885 529
885 963
885 876
885 786
885 743
885 590
885 750
885 910
885 513
885 814
885 423
885 754
885 771
913 838
913 26
913 134
913 173
913 263
913 316
913 369
913 375
913 457
913 579
913 596
913 618
913 639
913 646
913 716
913 874
913 999
81 411
115 140
115 811
344 967
344 851
344 867
344 764
419 704
492 266
492 569
627 320
627 343
627 424
654 529
654 993
654 909
654 876
654 910
654 647
886 10
886 21
886 158
886 396
886 400
886 425
886 586
886 587
886 615
886 699
886 732
886 842
886 847
907 947
907 919
907 920
907 922
907 639
907 661
907 165
907 826
907 306
907 367
907 442
907 467
907 497
907 516
907 589
907 713
907 777
907 820
907 870
940 980
940 726
940 965
940 998
940 937
940 673
940 667
940 957
940 873
940 823
940 261
940 572
940 296
940 350
940 368
940 558
940 643
940 672
940 684
940 802
940 815
965 726
965 15
965 296
965 337
965 350
965 375
965 379
965 413
965 448
965 521
965 565
965 615
965 650
965 664
965 734
965 802
965 895
965 937
965 955
965 957
965 974
965 984
965 998
947 80
947 122
947 196
947 250
947 287
947 371
947 416
947 464
947 486
947 550
947 595
947 602
947 624
947 780
947 794
947 821
947 829
947 909
947 945
947 950
947 980
947 985
980 65
980 76
980 80
980 99
980 117
980 178
980 188
980 342
980 371
980 435
980 498
980 511
980 542
980 550
980 575
980 590
980 597
980 602
980 624
980 742
980 765
980 780
980 794
980 829
980 852
980 950
980 985
980 995
985 6
985 43
985 76
985 84
985 99
985 117
985 122
985 154
985 155
985 178
985 196
985 205
985 287
985 298
985 342
985 371
985 435
985 498
985 506
985 542
985 550
985 597
985 602
985 621
985 624
985 694
985 780
985 794
985 829
985 922
985 930
985 968
985 984
80 257
122 196
250 950
250 803
250 870
287 700
287 829
287 671
371 846
371 188
416 915
416 450
464 766
486 67
486 139
486 764
486 813
486 867
550 188
595 998
595 667
595 957
595 783
595 136
602 999
602 950
602 829
624 24
624 43
624 780
624 950
780 993
780 950
780 829
780 742
780 205
780 336
780 597
794 950
794 829
794 786
794 742
794 506
794 205
794 548
794 759
821 836
821 889
821 61
821 669
821 798
821 212
821 600
821 629
821 756
821 841
829 942
829 950
829 84
829 107
829 159
829 336
829 742
909 881
909 25
909 792
909 226
909 317
909 403
909 408
909 537
909 567
909 596
909 653
909 675
909 725
909 774
909 851
909 972
909 983
945 889
945 27
945 927
945 73
945 236
945 259
945 286
945 295
945 305
945 387
945 438
945 469
945 604
945 718
945 728
945 762
945 783
945 844
945 849
945 933
945 938
945 972
945 999
950 993
950 65
950 498
950 76
950 96
950 178
950 188
950 298
950 336
950 342
950 454
950 506
950 571
950 597
950 625
950 739
65 498
65 626
76 697
99 881
117 911
117 742
178 823
342 251
435 915
435 154
435 742
498 334
511 933
511 873
511 671
542 43
542 157
542 366
542 742
575 964
575 425
575 797
575 699
575 400
575 444
590 967
590 990
590 176
590 594
590 471
590 684
597 785
597 298
742 750
765 955
765 968
765 776
765 731
765 407
765 691
765 476
765 517
765 628
852 984
852 983
852 972
852 692
852 990
852 857
852 774
852 688
852 678
852 689
852 364
852 525
852 578
852 601
995 919
995 19
995 20
995 22
995 55
995 113
995 203
995 215
995 238
995 278
995 282
995 384
995 456
995 468
995 473
995 478
995 481
995 503
995 532
995 560
995 603
995 626
995 741
995 749
995 809
995 814
995 826
995 854
995 863
995 866
995 925
995 954
995 984
6 702
84 585
84 664
154 89
155 963
155 526
155 412
205 323
298 535
506 125
506 362
621 862
621 411
621 867
621 175
621 274
621 309
694 836
694 838
694 23
694 618
694 716
694 759
922 919
922 920
922 955
922 109
922 306
922 330
922 418
922 467
922 489
922 497
922 516
922 589
922 661
922 713
922 724
922 777
922 820
922 826
922 870
930 585
930 900
930 222
930 693
930 828
930 85
930 645
930 138
930 210
930 263
930 291
930 299
930 315
930 359
930 360
930 366
930 393
930 441
930 548
930 785
930 791
930 847
968 807
968 321
968 44
968 955
968 123
968 144
968 184
968 194
968 302
968 334
968 359
968 372
968 390
968 431
968 476
968 517
968 584
968 604
968 718
968 724
968 733
968 735
968 770
968 776
968 822
968 832
968 891
984 962
984 881
984 854
984 954
984 22
984 37
984 51
984 128
984 160
984 203
984 228
984 238
984 278
984 318
984 456
984 473
984 499
984 503
984 573
984 603
984 675
984 741
984 779
984 809
984 814
984 866
984 893
984 925
984 992
702 598
702 772
702 783
702 873
702 974
598 772
598 788
598 828
598 803
598 454
772 16
772 35
772 406
772 671
772 770
772 803
772 834
772 873
783 927
783 933
783 698
783 849
783 114
783 659
783 762
783 778
873 983
873 990
873 91
873 357
873 406
873 531
873 671
873 779
873 834
873 857
974 998
974 304
974 405
974 893
974 104
974 125
974 184
974 218
974 230
974 253
974 297
974 410
974 436
974 474
974 491
974 614
974 622
974 625
974 632
974 676
974 680
974 683
974 763
974 971
347 642
347 834
357 216
357 276
380 834
406 879
454 405
558 541
593 39
593 398
593 803
593 834
803 927
803 531
803 671
803 778
803 834
803 847
811 900
811 962
811 993
811 942
811 391
811 701
811 719
811 776
811 810
811 949
834 889
834 382
834 440
834 531
834 603
849 927
849 933
849 284
849 73
849 295
849 305
849 382
849 477
849 778
849 844
895 951
895 966
895 963
895 788
895 855
895 626
895 197
895 863
895 752
895 221
895 311
895 470
895 546
895 547
895 559
895 663
895 685
175 958
175 833
505 916
505 45
505 368
505 682
531 431
671 493
823 204
823 998
823 937
823 992
823 667
823 957
823 833
823 557
823 629
823 662
919 11
919 306
919 330
919 411
919 418
919 467
919 516
919 554
919 589
919 613
919 661
919 713
919 777
919 820
919 826
919 870
919 920
919 969
7 529
7 700
529 864
529 874
700 215
700 226
700 678
700 830
700 972
700 983
700 990
864 293
864 642
864 807
864 879
864 773
864 47
864 86
864 152
864 168
864 283
864 549
864 755
864 769
874 993
874 983
874 618
874 887
874 716
874 896
874 739
874 292
874 316
874 369
874 457
874 563
874 596
874 646
874 759
215 881
215 925
226 983
226 857
678 792
678 983
678 990
678 830
678 258
830 889
830 792
830 983
830 972
830 990
830 57
830 124
830 317
830 614
830 774
830 857
972 966
972 983
972 45
972 56
972 87
972 124
972 317
972 403
972 408
972 507
972 578
972 601
972 653
972 689
972 692
972 725
972 753
972 774
972 779
972 938
972 990
983 25
983 792
983 87
983 114
983 166
983 171
983 240
983 258
983 314
983 403
983 451
983 508
983 510
983 525
983 537
983 569
983 578
983 594
983 653
983 662
983 692
983 756
983 774
983 857
983 969
983 988
983 990
990 807
990 792
990 692
990 56
990 124
990 166
990 171
990 219
990 240
990 251
990 258
990 323
990 381
990 403
990 408
990 507
990 510
990 525
990 537
990 578
990 601
990 653
990 669
990 689
990 725
990 759
990 774
990 857
990 957
83 876
92 876
92 278
95 962
95 583
224 50
224 750
284 68
284 910
322 420
322 583
322 434
583 975
583 754
583 771
583 817
610 889
610 786
610 745
610 910
610 771
642 13
642 86
642 206
642 392
642 879
642 964
647 792
647 743
647 513
647 691
667 998
667 565
667 746
668 999
668 942
668 888
668 876
668 938
668 768
725 381
725 857
725 971
725 510
743 504
743 876
743 549
743 110
743 750
743 910
750 876
750 270
754 954
754 876
754 910
754 640
771 975
771 798
771 910
771 699
771 489
786 784
786 86
786 450
786 910
825 29
825 522
825 589
825 635
825 704
825 753
825 798
825 887
825 911
825 969
825 975
876 721
876 54
876 365
876 450
876 628
876 650
876 910
910 937
910 536
910 228
910 255
910 319
910 402
910 547
910 672
971 304
971 975
971 405
971 958
971 863
971 125
971 474
971 184
971 218
971 230
971 253
971 297
971 410
971 436
971 491
971 526
971 614
971 622
971 625
971 632
971 676
971 680
971 683
971 699
971 709
50 204
54 753
270 453
373 169
402 513
402 776
423 428
423 489
450 581
450 97
513 242
660 966
660 840
660 816
660 796
660 309
660 325
660 617
672 937
672 957
672 817
672 755
672 684
731 955
731 776
731 475
731 302
731 372
731 562
731 584
755 807
755 879
755 773
755 307
755 769
815 998
815 521
815 937
815 650
815 957
815 379
815 662
893 97
893 161
893 292
893 429
893 568
893 619
893 775
8 677
677 263
677 299
677 366
677 645
677 693
677 785
677 791
263 846
263 689
299 828
299 846
366 785
366 791
645 585
645 828
645 85
645 570
645 768
645 785
645 870
693 585
693 59
693 245
693 359
693 559
693 570
693 785
785 828
785 846
785 992
785 120
785 315
785 325
785 791
791 585
791 222
791 753
791 846
791 539
791 548
791 570
791 663
432 70
432 768
522 975
522 75
522 656
522 688
522 969
619 592
762 954
762 927
762 933
762 844
762 286
762 429
762 541
775 911
775 234
775 695
796 966
796 967
796 721
796 217
796 958
796 833
796 331
796 349
796 449
796 644
31 337
31 915
31 963
121 975
285 695
314 319
388 431
388 812
444 588
444 964
444 851
444 847
568 403
573 151
573 778
577 949
580 52
580 866
713 920
713 854
713 826
713 870
964 483
964 21
964 308
964 36
964 131
964 158
964 177
964 251
964 400
964 425
964 528
964 581
964 615
964 643
964 699
964 732
964 769
964 789
964 842
964 846
964 847
964 988
111 889
111 153
190 958
190 354
190 816
281 112
281 789
337 998
528 308
528 842
528 699
679 915
679 963
679 303
679 896
679 526
679 761
679 360
679 592
975 862
975 705
975 842
975 753
975 57
975 508
975 887
975 102
975 106
975 168
975 202
975 391
975 480
975 559
975 635
975 640
975 643
975 656
975 688
975 704
975 911
975 969
9 726
726 194
726 497
726 687
726 802
726 817
726 998
194 431
194 724
497 920
687 998
687 957
687 867
687 817
687 802
687 556
802 998
802 650
802 265
802 372
802 488
817 998
817 616
817 187
817 315
817 375
817 379
817 556
817 734
998 204
998 363
998 15
998 140
998 148
998 187
998 210
998 296
998 350
998 361
998 375
998 378
998 443
998 448
998 466
998 521
998 533
998 537
998 556
998 557
998 565
998 572
998 601
998 650
998 662
998 673
998 733
998 734
998 828
998 937
998 955
998 957
252 789
252 813
252 847
500 992
500 766
500 722
836 16
836 239
836 292
836 369
836 562
836 570
836 596
836 646
836 759
836 838
836 958
915 34
915 77
915 78
915 189
915 200
915 207
915 259
915 303
915 329
915 407
915 412
915 446
915 447
915 592
915 601
915 718
915 896
915 963
566 999
566 788
566 938
566 992
566 877
715 166
715 424
963 916
963 38
963 78
963 88
963 149
963 180
963 200
963 207
963 301
963 323
963 329
963 360
963 407
963 412
963 446
963 447
963 526
963 592
963 680
963 758
963 760
963 896
999 32
999 740
999 72
999 79
999 149
999 183
999 233
999 237
999 245
999 339
999 340
999 352
999 398
999 407
999 413
999 438
999 443
999 455
999 487
999 535
999 545
999 567
999 644
999 691
999 709
999 712
999 722
999 766
999 768
999 797
999 822
999 888
999 938
999 955
999 992
820 920
820 967
820 826
820 487
820 870
820 777
967 954
967 30
967 67
967 104
967 136
967 157
967 185
967 234
967 244
967 276
967 291
967 300
967 434
967 452
967 471
967 592
967 594
967 608
967 764
967 789
967 813
967 822
967 841
967 851
967 867
967 891
10 229
10 483
10 588
229 24
229 761
483 400
483 847
483 988
588 251
588 732
588 789
588 891
24 862
24 966
761 862
761 840
761 816
761 274
761 428
761 535
761 607
400 482
847 933
847 615
847 732
847 789
847 480
847 682
847 587
847 699
988 481
988 784
988 869
988 62
988 75
988 107
988 169
988 174
988 242
988 246
988 248
988 277
988 310
988 327
988 399
988 430
988 437
988 458
988 460
988 554
988 561
988 576
988 586
988 607
988 611
988 631
988 643
988 736
988 738
988 763
988 767
732 842
732 41
732 233
732 581
732 904
789 842
789 581
789 131
789 179
789 376
789 587
789 661
891 136
891 185
891 234
891 244
891 276
891 312
891 364
891 434
891 536
891 594
891 608
891 745
891 764
891 813
891 867
21 308
158 846
396 359
425 29
425 349
425 842
586 784
586 430
586 763
586 460
586 562
587 842
587 615
587 581
587 770
615 838
615 41
699 842
699 376
699 541
842 36
842 474
842 581
842 904
842 942
11 920
920 165
920 330
920 418
920 430
920 458
920 467
920 470
920 471
920 589
920 661
920 777
920 826
920 870
920 925
451 812
451 571
733 955
733 735
733 770
733 832
733 949
733 475
733 584
306 798
330 460
411 862
411 628
411 840
418 235
418 870
467 272
516 969
516 717
516 870
554 869
554 623
554 763
554 631
589 916
589 199
613 504
613 211
613 422
613 745
661 182
661 870
777 863
777 826
777 870
777 655
826 165
826 870
870 296
870 563
969 900
969 705
969 753
969 508
969 887
969 555
969 102
969 106
969 151
969 202
969 455
969 540
969 545
969 635
969 640
969 643
969 656
969 688
969 689
969 704
969 911
430 208
430 399
430 763
458 487
458 561
458 576
470 951
470 863
471 851
471 822
471 244
925 881
925 854
925 954
925 37
925 316
925 468
925 499
925 503
925 548
925 673
925 675
925 779
925 863
925 866
925 938
925 992
476 955
476 832
476 410
556 673
556 957
571 812
662 957
662 557
955 321
955 937
955 44
955 420
955 144
955 372
955 431
955 475
955 584
955 604
955 684
955 718
955 724
955 735
955 770
955 816
955 832
637 828
692 49
692 689
792 25
792 171
792 601
792 810
792 866
70 650
100 879
100 217
185 608
318 481
318 809
348 142
348 449
389 993
389 182
440 769
557 474
557 187
635 887
635 822
635 911
767 740
767 784
767 869
767 992
767 73
767 611
767 631
767 736
900 18
900 90
900 260
900 334
900 339
900 701
900 717
900 727
900 810
900 904
900 942
900 949
900 954
900 962
900 993
951 40
951 77
951 118
951 132
951 193
951 197
951 272
951 401
951 518
951 546
951 547
951 559
951 626
951 663
951 685
951 712
951 752
951 788
951 863
951 937
13 293
13 807
13 879
293 841
293 879
807 283
807 343
807 520
807 769
807 773
807 862
807 879
879 206
879 343
879 520
879 728
879 741
879 769
879 773
879 810
879 812
841 335
841 108
841 540
841 179
841 358
841 538
841 539
841 600
841 758
86 549
206 854
206 392
392 283
392 653
392 736
283 520
283 855
343 769
343 352
520 47
520 309
769 268
769 773
773 14
773 228
773 718
862 105
862 217
862 331
862 449
862 472
862 600
862 721
862 833
862 957
862 958
862 966
728 927
728 933
728 844
728 358
728 778
728 656
741 954
741 137
741 756
741 809
741 814
810 993
810 942
810 130
810 546
810 717
810 776
810 904
810 949
812 553
812 745
812 264
812 275
812 404
812 632
14 268
14 363
14 916
268 305
268 319
268 916
363 150
363 235
363 916
916 45
916 60
916 141
916 150
916 189
916 211
916 235
916 247
916 294
916 297
916 356
916 534
916 682
916 749
916 832
916 966
305 927
319 682
150 320
235 682
228 954
228 481
718 832
718 144
718 584
718 776
45 534
60 356
60 446
60 524
141 942
141 189
141 247
189 682
211 356
211 320
247 356
247 475
247 675
294 534
294 524
297 632
297 680
356 993
534 368
534 524
682 993
682 320
682 867
749 881
749 854
749 954
749 124
749 144
749 655
749 675
749 701
832 89
832 735
832 770
832 302
832 514
832 776
966 962
966 254
966 309
966 367
966 382
966 428
966 449
966 472
966 482
966 507
966 512
966 535
966 560
966 628
966 673
966 721
966 833
966 840
966 938
966 958
15 585
585 120
585 210
120 846
210 846
565 26
565 90
937 521
937 34
937 145
937 361
937 375
937 466
937 488
937 533
937 572
937 680
937 734
937 814
937 957
957 927
957 90
957 846
957 650
957 140
957 145
957 183
957 202
957 361
957 448
957 684
957 814
957 904
350 265
379 578
413 877
413 352
413 533
448 466
448 857
521 32
521 596
650 656
650 734
664 231
664 686
664 453
664 181
734 993
734 564
734 533
734 622
378 387
378 603
443 238
443 992
466 37
466 684
533 933
533 684
572 261
572 813
572 614
601 904
673 40
828 869
828 59
828 85
828 393
828 477
828 570
828 846
16 838
838 457
838 562
838 596
838 618
838 629
838 759
838 888
770 89
770 735
770 230
770 724
369 855
562 739
562 759
570 846
596 739
646 716
646 316
646 333
646 759
759 549
759 739
958 727
958 716
958 560
958 217
958 105
958 112
958 129
958 309
958 331
958 349
958 354
958 382
958 428
958 472
958 482
958 512
958 628
958 816
958 833
958 866
457 938
457 683
618 27
618 584
629 889
629 669
629 758
629 269
888 740
888 44
888 72
888 233
888 325
888 487
888 567
888 628
888 691
888 768
888 797
888 877
888 887
888 992
26 481
61 669
61 798
134 639
173 480
362 739
362 563
563 716
563 603
639 484
639 797
716 67
739 307
992 740
992 669
992 326
992 851
992 68
992 938
992 87
992 149
992 192
992 221
992 233
992 237
992 245
992 325
992 339
992 340
992 398
992 455
992 523
992 545
992 567
992 640
992 644
992 683
992 712
992 722
992 766
992 822
992 863
992 877
20 854
20 954
118 863
132 863
132 738
193 752
311 540
311 863
311 518
401 788
401 866
401 863
401 510
518 863
518 404
518 685
546 854
546 547
546 559
547 788
547 345
559 863
626 752
626 863
663 788
663 863
663 491
663 685
685 788
685 758
685 449
685 478
688 753
688 887
688 911
688 249
752 788
752 304
752 197
788 40
788 248
788 462
863 722
40 238
77 446
77 560
197 96
272 927
272 933
712 822
712 797
712 722
712 709
18 170
18 962
18 993
170 686
962 38
962 56
962 98
962 109
962 208
962 289
962 353
962 377
962 391
962 459
962 508
962 634
962 701
962 717
962 719
962 727
962 833
962 904
962 942
962 949
962 993
993 38
993 109
993 130
993 201
993 208
993 219
993 260
993 289
993 312
993 334
993 353
993 377
993 386
993 391
993 459
993 477
993 611
993 634
993 701
993 717
993 719
993 727
993 904
993 942
993 949
686 30
686 333
686 365
686 453
686 855
90 59
260 942
334 904
701 942
701 904
701 774
701 201
701 561
717 942
717 904
717 949
727 942
727 904
727 938
727 949
904 942
904 634
904 160
904 289
904 353
904 719
904 774
904 949
942 38
942 109
942 133
942 219
942 326
942 377
942 386
942 634
942 813
942 949
949 798
949 459
949 719
949 208
949 219
949 267
949 289
949 312
949 377
949 386
949 391
949 538
954 854
954 37
954 51
954 384
954 473
954 503
954 655
289 428
353 321
459 840
508 57
508 911
634 104
634 244
634 536
719 201
719 345
833 721
833 887
833 659
833 156
833 331
833 349
833 535
833 628
130 237
201 545
312 840
386 814
477 927
611 911
611 169
611 576
611 631
19 321
19 881
321 123
881 78
881 147
881 282
881 387
881 499
881 514
881 779
78 896
147 176
282 156
499 756
499 473
514 238
514 867
514 384
514 456
779 896
779 866
779 809
779 814
113 866
168 887
478 854
478 866
512 840
512 816
603 814
655 854
655 760
655 814
766 822
766 768
766 676
766 797
766 399
809 854
809 866
814 866
22 504
22 889
55 71
55 581
203 300
278 854
384 851
384 675
456 854
468 51
468 760
481 866
503 491
532 253
560 254
560 382
560 840
854 938
866 160
866 675
866 722
938 68
938 192
938 221
938 237
938 398
938 523
938 545
938 644
938 709
938 722
938 822
938 877
51 304
308 376
308 869
376 523
869 784
869 36
869 169
869 242
869 277
869 460
869 576
869 607
869 738
869 763
869 768
424 324
756 324
756 345
131 410
131 604
177 705
177 49
177 855
643 887
643 911
846 222
846 59
846 548
846 746
504 553
889 46
889 179
889 212
889 269
889 335
889 358
889 539
889 623
889 798
553 887
553 63
553 745
46 335
179 758
269 798
358 160
539 669
539 417
623 927
623 798
623 213
623 758
623 600
798 153
798 213
128 877
797 822
797 877
797 192
721 105
721 461
721 840
449 472
472 840
472 576
600 669
600 538
254 740
254 367
367 393
367 428
482 840
482 112
507 784
507 510
535 354
535 816
628 816
840 108
840 112
840 354
840 608
25 222
171 857
408 689
653 857
774 200
774 525
851 67
851 104
851 291
851 300
851 452
851 608
851 631
851 764
851 813
851 867
87 381
114 857
166 207
240 857
258 689
594 157
594 276
594 398
594 452
857 174
857 236
857 266
27 927
927 159
927 249
927 346
927 383
927 493
927 698
927 709
927 778
927 844
927 877
927 933
584 625
249 933
249 259
346 911
383 933
383 844
383 724
698 933
698 63
698 365
698 778
698 844
709 740
709 877
709 549
778 933
778 844
778 302
844 933
844 133
844 561
844 625
877 740
877 79
877 691
877 768
933 199
933 236
933 422
933 438
933 469
236 760
286 705
438 632
604 517
604 724
604 776
724 517
214 340
214 768
340 896
768 183
422 695
29 705
705 151
705 393
705 640
705 753
705 911
151 704
393 315
640 764
640 656
753 704
753 887
911 887
911 555
911 381
911 106
911 480
887 57
887 480
887 488
887 555
555 62
555 72
656 745
746 564
30 231
231 896
896 855
896 88
896 180
896 207
896 301
896 329
896 360
896 412
896 526
896 592
896 616
896 760
71 453
855 49
855 53
855 139
855 227
855 255
855 351
855 417
855 659
136 176
157 867
234 452
244 683
276 608
291 867
291 764
300 368
300 813
434 867
434 813
434 736
452 420
452 763
592 760
592 407
608 867
764 536
764 813
764 364
813 536
813 867
813 301
822 72
822 691
867 176
867 536
867 364
34 303
34 784
200 760
303 407
329 412
329 816
446 447
446 622
447 760
447 274
447 301
88 405
88 760
180 760
180 758
301 526
323 760
323 360
526 145
680 738
680 625
680 683
758 153
32 740
326 64
455 644
523 221
524 320
524 368
644 691
691 374
237 487
245 776
461 390
784 75
784 107
784 246
784 736
75 62
246 248
736 738
736 607
736 437
736 576
488 684
517 697
474 125
474 614
242 327
277 607
277 460
607 253
607 631
738 399
738 437
738 561
738 763
763 248
763 288
763 399
684 324
548 315
548 359
437 631
273 695
44 420
420 372
420 431
735 89
735 156
735 776
816 354
816 274
184 676
302 776
47 307
307 549
436 676
436 632
53 564
139 417
139 659
227 441
255 280
255 351
417 441
659 616
659 441
659 630
138 616
280 616
484 616
484 630
630 616
614 410
614 622
564 264
264 695
669 540
142 536
622 625
622 683
540 108
540 538
561 327
174 327
327 364
745 223
625 218
683 410
683 676
405 491
491 632
261 218
