1	871
1	974
1	990
1	997
2	376
2	992
2	993
2	994
3	68
3	170
3	847
3	929
4	183
4	717
4	955
4	970
5	414
5	542
5	778
5	919
6	623
6	861
6	900
6	910
7	778
7	779
7	919
7	993
8	945
8	992
8	993
8	994
9	643
9	977
9	995
9	999
10	564
10	836
10	935
10	978
11	882
11	947
11	979
11	995
12	450
12	942
12	990
12	997
13	615
13	810
13	894
13	978
14	982
14	992
14	993
14	994
15	765
15	891
15	956
15	970
16	820
16	955
16	956
16	960
17	779
17	848
17	919
17	944
18	599
18	933
18	935
18	972
19	783
19	880
19	965
19	983
20	438
20	758
20	965
20	983
21	587
21	850
21	883
21	909
22	791
22	977
22	986
22	999
23	876
23	961
23	996
23	999
24	711
24	772
24	897
24	951
25	850
25	897
25	941
25	950
26	729
26	893
26	934
26	958
27	275
27	819
27	834
27	907
28	944
28	962
28	985
28	989
29	850
29	883
29	941
29	969
30	895
30	928
30	933
30	964
31	452
31	883
31	897
31	951
32	368
32	677
32	915
32	991
33	825
33	872
33	912
33	974
34	822
34	875
34	940
34	964
35	862
35	945
35	958
35	979
36	251
36	685
36	911
36	973
37	811
37	842
37	916
37	966
38	400
38	741
38	862
38	946
39	214
39	625
39	987
39	988
40	56
40	232
40	390
40	710
41	111
41	178
41	704
41	946
42	346
42	991
42	998
42	1000
43	193
43	751
43	769
43	901
44	341
44	858
44	886
44	978
45	824
45	840
45	861
45	898
46	131
46	153
46	807
46	991
47	602
47	971
47	980
47	986
48	585
48	833
48	854
48	914
49	928
49	948
49	953
49	964
50	773
50	803
50	908
50	937
51	968
51	978
51	985
51	989
52	716
52	783
52	978
52	1000
53	841
53	859
53	966
53	967
54	555
54	783
54	925
54	983
55	301
55	803
55	914
55	919
56	40
56	490
56	629
56	635
57	369
57	762
57	770
57	927
58	294
58	731
58	879
58	888
59	775
59	843
59	980
59	986
60	852
60	974
60	984
60	990
61	536
61	668
61	849
61	993
62	864
62	916
62	966
62	967
63	743
63	982
63	992
63	994
64	754
64	962
64	985
64	989
65	135
65	945
65	958
65	979
66	592
66	648
66	687
66	998
67	394
67	844
67	848
67	919
68	3
68	451
68	929
68	972
69	707
69	714
69	991
69	998
70	944
70	985
70	989
70	998
71	906
71	953
71	987
71	988
72	795
72	880
72	925
72	965
73	576
73	618
73	695
73	836
74	272
74	400
74	505
74	764
75	130
75	501
75	874
75	911
76	729
76	788
76	893
76	934
77	665
77	732
77	743
77	780
78	477
78	875
78	940
78	964
79	243
79	974
79	984
79	997
80	777
80	901
80	966
80	967
81	982
81	992
81	993
81	994
82	318
82	913
82	937
82	998
83	267
83	876
83	892
83	971
84	538
84	766
84	832
84	917
85	914
85	961
85	995
85	996
86	199
86	670
86	871
86	896
87	916
87	956
87	966
87	967
88	524
88	535
88	829
88	986
89	769
89	786
89	881
89	914
90	256
90	524
90	684
90	980
91	909
91	941
91	943
91	951
92	766
92	832
92	917
92	920
93	510
93	744
93	896
93	999
94	778
94	779
94	823
94	919
95	345
95	611
95	626
95	973
96	464
96	582
96	631
96	942
97	307
97	908
97	913
97	937
98	463
98	922
98	995
98	999
99	456
99	740
99	840
99	910
100	647
100	800
100	857
100	907
101	843
101	903
101	976
101	981
102	262
102	903
102	954
102	981
103	444
103	508
103	847
103	849
104	360
104	473
104	615
104	884
105	672
105	797
105	965
105	983
106	785
106	923
106	949
106	963
107	776
107	815
107	984
107	997
108	476
108	840
108	869
108	954
109	831
109	866
109	892
109	971
110	853
110	954
110	976
110	981
111	41
111	535
111	902
111	967
112	720
112	808
112	936
112	971
113	578
113	882
113	947
113	979
114	321
114	662
114	734
114	878
115	420
115	992
115	993
115	994
116	659
116	982
116	984
116	990
117	749
117	897
117	941
117	995
118	464
118	751
118	800
118	907
119	590
119	953
119	975
119	988
120	897
120	909
120	951
120	963
121	445
121	831
121	906
121	971
122	817
122	873
122	939
122	965
123	765
123	949
123	963
123	969
124	642
124	655
124	908
124	937
125	519
125	932
125	939
125	988
126	643
126	823
126	980
126	986
127	624
127	866
127	976
127	981
128	224
128	995
128	996
128	999
129	414
129	597
129	974
129	990
130	75
130	783
130	887
130	911
131	46
131	959
131	972
131	991
132	654
132	679
132	715
132	797
133	538
133	782
133	832
133	917
134	233
134	909
134	941
134	951
135	65
135	942
135	990
135	997
136	281
136	423
136	690
136	967
137	374
137	380
137	722
137	888
138	844
138	848
138	919
138	985
139	631
139	710
139	715
139	797
140	856
140	992
140	993
140	994
141	867
141	934
141	947
141	973
142	473
142	854
142	901
142	914
143	203
143	838
143	998
143	1000
144	420
144	715
144	797
144	937
145	903
145	953
145	954
145	976
146	347
146	371
146	753
146	986
147	882
147	947
147	958
147	979
148	551
148	766
148	825
148	917
149	342
149	392
149	972
149	975
150	184
150	775
150	854
150	914
151	220
151	923
151	949
151	969
152	915
152	949
152	963
152	969
153	46
153	975
153	987
153	988
154	644
154	649
154	662
154	978
155	588
155	885
155	980
155	986
156	652
156	804
156	908
156	913
157	691
157	693
157	825
157	917
158	297
158	431
158	936
158	971
159	883
159	908
159	913
159	937
160	401
160	454
160	925
160	983
161	386
161	597
161	675
161	797
162	830
162	945
162	947
162	979
163	219
163	275
163	597
163	961
164	424
164	795
164	980
164	986
165	942
165	974
165	984
165	990
166	616
166	638
166	974
166	984
167	959
167	976
167	981
167	991
168	968
168	984
168	990
168	997
169	828
169	884
169	911
169	968
170	3
170	451
170	769
170	849
171	822
171	921
171	963
171	969
172	994
172	995
172	996
172	999
173	922
173	961
173	995
173	999
174	755
174	905
174	932
174	939
175	644
175	684
175	879
175	888
176	297
176	850
176	941
176	951
177	505
177	741
177	862
177	938
178	41
178	309
178	815
178	886
179	809
179	916
179	966
179	967
180	754
180	847
180	885
180	929
181	829
181	843
181	885
181	980
182	719
182	761
182	891
182	952
183	4
183	719
183	790
183	955
184	150
184	609
184	829
184	980
185	235
185	803
185	844
185	991
186	726
186	950
186	968
186	989
187	852
187	984
187	990
187	997
188	729
188	926
188	927
188	931
189	613
189	940
189	980
189	986
190	767
190	785
190	817
190	905
191	977
191	995
191	996
191	999
192	950
192	962
192	968
192	989
193	43
193	741
193	756
193	801
194	293
194	915
194	921
194	969
195	496
195	644
195	879
195	888
196	406
196	881
196	901
196	914
197	818
197	867
197	929
197	973
198	638
198	723
198	975
198	987
199	86
199	695
199	734
199	987
200	717
200	766
200	917
200	981
201	858
201	982
201	991
201	1000
202	678
202	751
202	833
202	914
203	143
203	933
203	992
203	1000
204	662
204	978
204	991
204	1000
205	855
205	876
205	898
205	934
206	538
206	717
206	917
206	994
207	823
207	874
207	980
207	986
208	733
208	947
208	958
208	979
209	723
209	770
209	955
209	956
210	264
210	883
210	909
210	951
211	707
211	902
211	966
211	967
212	416
212	824
212	910
212	926
213	410
213	954
213	959
213	976
214	39
214	225
214	891
214	960
215	888
215	982
215	993
215	994
216	669
216	817
216	905
216	932
217	789
217	850
217	941
217	951
218	787
218	974
218	984
218	997
219	163
219	580
219	629
219	679
220	151
220	676
220	695
220	896
221	677
221	984
221	990
221	997
222	923
222	949
222	963
222	969
223	455
223	756
223	801
223	893
224	128
224	500
224	966
224	967
225	214
225	701
225	957
225	970
226	579
226	790
226	952
226	957
227	412
227	633
227	870
227	998
228	397
228	615
228	702
228	978
229	456
229	664
229	728
229	929
230	632
230	747
230	848
230	919
231	519
231	568
231	571
231	827
231	932
232	40
232	262
232	490
232	675
232	772
233	134
233	640
233	874
233	884
233	911
234	790
234	814
234	860
234	886
234	928
235	185
235	747
235	844
235	919
235	921
236	605
236	664
236	962
236	985
236	989
237	770
237	777
237	811
237	966
237	967
238	608
238	623
238	824
238	855
238	876
239	407
239	636
239	819
239	834
239	907
240	667
240	804
240	945
240	947
240	979
241	332
241	435
241	538
241	782
241	917
242	689
242	915
242	940
242	949
242	969
243	79
243	736
243	946
243	952
243	957
244	667
244	685
244	893
244	931
244	973
245	415
245	742
245	953
245	987
245	988
246	710
246	922
246	977
246	995
246	999
247	510
247	952
247	955
247	956
247	957
248	565
248	902
248	916
248	966
248	967
249	311
249	597
249	725
249	732
249	894
250	799
250	872
250	947
250	958
250	979
251	36
251	292
251	764
251	934
251	973
252	273
252	610
252	679
252	715
252	825
253	497
253	838
253	855
253	898
253	910
254	928
254	940
254	948
254	958
254	964
255	507
255	590
255	846
255	987
255	988
256	90
256	671
256	695
256	871
256	896
257	979
257	982
257	992
257	993
257	994
258	622
258	930
258	977
258	995
258	996
259	784
259	859
259	925
259	965
259	983
260	541
260	935
260	972
260	998
260	1000
261	882
261	885
261	945
261	958
261	979
262	102
262	232
262	675
262	687
262	797
263	844
263	942
263	974
263	990
263	997
264	210
264	806
264	949
264	963
264	969
265	425
265	595
265	713
265	801
265	862
266	642
266	854
266	881
266	901
266	914
267	83
267	831
267	906
267	936
267	971
268	798
268	874
268	884
268	887
268	911
269	820
269	890
269	923
269	963
269	969
270	662
270	666
270	879
270	888
270	952
271	400
271	425
271	764
271	827
271	862
272	74
272	595
272	614
272	690
272	957
273	252
273	314
273	597
273	629
273	976
274	294
274	666
274	812
274	879
274	888
275	27
275	163
275	610
275	686
275	710
276	558
276	923
276	949
276	963
276	969
277	443
277	836
277	972
277	995
277	1000
278	476
278	734
278	744
278	871
278	878
279	359
279	382
279	555
279	936
279	971
280	753
280	900
280	953
280	975
280	988
281	136
281	453
281	916
281	966
281	967
282	945
282	947
282	958
282	975
282	979
283	743
283	780
283	810
283	894
283	967
284	474
284	717
284	782
284	832
284	917
285	740
285	869
285	876
285	898
285	952
286	308
286	970
286	975
286	987
286	988
287	529
287	832
287	873
287	932
287	939
288	397
288	813
288	995
288	996
288	999
289	659
289	863
289	959
289	976
289	981
290	732
290	810
290	816
290	894
290	997
291	554
291	601
291	639
291	927
291	931
292	251
292	522
292	581
292	926
292	927
293	194
293	429
293	502
293	965
293	983
294	58
294	274
294	722
294	879
294	983
295	489
295	572
295	933
295	998
295	1000
296	439
296	510
296	515
296	670
296	928
297	158
297	176
297	850
297	897
297	941
298	824
298	865
298	991
298	998
298	1000
299	601
299	684
299	724
299	980
299	986
300	355
300	532
300	836
300	978
300	991
301	55
301	332
301	586
301	844
301	919
302	341
302	930
302	977
302	996
302	999
303	721
303	731
303	773
303	937
303	985
304	877
304	880
304	897
304	965
304	983
305	682
305	691
305	818
305	825
305	917
306	774
306	868
306	877
306	948
306	964
307	97
307	655
307	802
307	913
307	937
308	286
308	694
308	861
308	987
308	988
309	178
309	651
309	897
309	941
309	951
310	632
310	902
310	916
310	966
310	967
311	249
311	348
311	373
311	725
311	816
312	751
312	840
312	854
312	901
312	914
313	476
313	840
313	876
313	910
313	947
314	273
314	587
314	686
314	715
314	797
315	784
315	954
315	959
315	976
315	981
316	508
316	702
316	794
316	972
316	998
317	882
317	945
317	947
317	958
317	989
318	82
318	373
318	804
318	908
318	937
319	386
319	553
319	892
319	936
319	971
320	563
320	641
320	819
320	857
320	907
321	114
321	417
321	509
321	515
321	808
322	410
322	880
322	925
322	933
322	983
323	706
323	875
323	928
323	948
323	964
324	831
324	892
324	914
324	936
324	971
325	607
325	668
325	847
325	929
325	965
326	861
326	902
326	916
326	966
326	967
327	650
327	802
327	826
327	857
327	989
328	873
328	912
328	984
328	990
328	997
329	789
329	850
329	941
329	951
329	962
330	877
330	880
330	902
330	965
330	983
331	625
331	851
331	917
331	987
331	988
332	241
332	301
332	468
332	825
332	917
333	592
333	830
333	868
333	940
333	948
334	567
334	603
334	824
334	956
334	957
335	799
335	881
335	882
335	945
335	979
336	871
336	921
336	949
336	963
336	969
337	501
337	953
337	975
337	987
337	988
338	506
338	512
338	720
338	900
338	975
339	449
339	841
339	916
339	966
339	967
340	858
340	977
340	995
340	996
340	999
341	44
341	302
341	677
341	972
341	998
342	149
342	384
342	512
342	943
342	987
343	350
343	840
343	855
343	861
343	910
344	821
344	828
344	844
344	874
344	887
345	95
345	537
345	926
345	931
345	973
346	42
346	863
346	938
346	954
346	981
347	146
347	703
347	829
347	935
347	986
348	311
348	870
348	933
348	935
348	978
349	533
349	688
349	980
349	986
349	992
350	343
350	526
350	839
350	938
350	981
351	596
351	872
351	942
351	974
351	984
352	666
352	736
352	952
352	955
352	970
353	439
353	515
353	671
353	712
353	878
354	686
354	833
354	854
354	881
354	901
355	300
355	838
355	935
355	984
355	998
356	645
356	938
356	959
356	976
356	981
357	531
357	582
357	647
357	802
357	829
358	651
358	783
358	789
358	883
358	951
359	279
359	900
359	975
359	987
359	988
360	104
360	399
360	821
360	874
360	911
361	746
361	760
361	859
361	862
361	983
362	411
362	532
362	731
362	913
362	937
363	633
363	650
363	972
363	991
363	1000
364	863
364	899
364	938
364	959
364	976
365	900
365	907
365	953
365	975
365	987
366	573
366	890
366	949
366	963
366	969
367	815
367	926
367	956
367	957
367	960
368	32
368	592
368	732
368	933
368	978
369	57
369	710
369	818
369	893
369	931
370	790
370	860
370	917
370	960
370	970
371	146
371	694
371	900
371	975
371	988
372	387
372	615
372	725
372	780
372	816
373	311
373	318
373	711
373	810
373	894
374	137
374	380
374	644
374	676
374	888
375	518
375	700
375	859
375	925
375	983
376	2
376	821
376	884
376	887
376	911
377	889
377	926
377	931
377	934
377	973
378	419
378	806
378	867
378	934
378	973
379	678
379	796
379	827
379	932
379	939
380	137
380	374
380	690
380	879
380	888
381	544
381	845
381	974
381	990
381	997
382	279
382	906
382	931
382	936
382	971
383	526
383	615
383	742
383	780
383	894
384	342
384	392
384	879
384	953
384	988
385	646
385	771
385	893
385	927
385	973
386	161
386	319
386	629
386	679
386	797
387	372
387	520
387	947
387	958
387	979
388	607
388	664
388	753
388	754
388	847
389	694
389	928
389	940
389	948
389	964
390	40
390	789
390	909
390	941
390	951
391	776
391	782
391	974
391	990
391	997
392	149
392	384
392	793
392	975
392	988
393	900
393	952
393	953
393	975
393	987
394	67
394	842
394	890
394	921
394	963
395	648
395	856
395	972
395	978
395	998
396	472
396	750
396	873
396	905
396	939
397	228
397	288
397	972
397	991
397	998
397	1000
398	889
398	910
398	982
398	992
398	993
398	994
399	360
399	778
399	779
399	803
399	811
399	919
400	38
400	74
400	271
400	756
400	801
400	942
401	160
401	868
401	945
401	947
401	958
401	979
402	405
402	578
402	947
402	958
402	979
402	982
403	555
403	730
403	752
403	906
403	908
403	971
404	551
404	944
404	953
404	975
404	987
404	988
405	402
405	576
405	851
405	953
405	975
405	987
406	196
406	753
406	823
406	829
406	980
406	986
407	239
407	612
407	828
407	884
407	887
407	911
408	860
408	889
408	982
408	992
408	993
408	994
409	790
409	813
409	904
409	930
409	996
409	999
410	213
410	322
410	746
410	859
410	965
410	983
411	362
411	840
411	855
411	861
411	898
411	910
412	227
412	793
412	903
412	959
412	976
412	981
413	762
413	912
413	942
413	974
413	990
413	997
414	5
414	129
414	912
414	942
414	984
414	997
415	245
415	512
415	568
415	778
415	975
415	987
416	212
416	824
416	829
416	869
416	898
416	910
417	321
417	830
417	868
417	940
417	948
417	964
418	921
418	923
418	949
418	963
418	969
418	987
419	378
419	818
419	927
419	931
419	973
419	982
420	115
420	144
420	597
420	687
420	710
420	852
421	890
421	938
421	954
421	959
421	976
421	981
422	683
422	943
422	982
422	992
422	993
422	994
423	136
423	811
423	828
423	841
423	966
423	967
424	164
424	521
424	658
424	885
424	980
424	986
425	265
425	271
425	455
425	764
425	862
425	896
426	920
426	977
426	982
426	992
426	993
426	994
427	523
427	804
427	908
427	913
427	937
427	943
428	661
428	943
428	982
428	992
428	993
428	994
429	293
429	672
429	760
429	865
429	965
429	983
430	468
430	866
430	903
430	954
430	976
430	981
431	158
431	805
431	900
431	906
431	936
431	971
432	846
432	870
432	923
432	977
432	996
432	999
433	814
433	943
433	982
433	992
433	993
433	994
434	522
434	601
434	625
434	900
434	975
434	988
435	241
435	975
435	982
435	992
435	993
435	994
436	829
436	842
436	843
436	885
436	954
436	986
437	915
437	940
437	949
437	951
437	963
437	969
438	20
438	520
438	700
438	880
438	965
438	983
439	296
439	353
439	645
439	695
439	896
439	977
440	838
440	870
440	880
440	991
440	998
440	1000
441	589
441	792
441	895
441	940
441	948
441	964
442	465
442	720
442	745
442	906
442	936
442	971
443	277
443	624
443	779
443	864
443	935
443	991
444	103
444	672
444	859
444	877
444	965
444	983
445	121
445	805
445	831
445	906
445	970
445	971
446	466
446	744
446	841
446	944
446	966
446	967
447	768
447	920
447	982
447	992
447	993
447	994
448	824
448	855
448	869
448	898
448	910
448	943
449	339
449	451
449	607
449	611
449	728
449	929
450	12
450	859
450	877
450	880
450	965
450	983
451	68
451	170
451	449
451	701
451	728
451	929
452	31
452	482
452	720
452	892
452	906
452	971
453	281
453	618
453	624
453	972
453	998
453	1000
454	160
454	735
454	877
454	880
454	965
454	983
455	223
455	425
455	690
455	862
455	867
455	962
456	99
456	229
456	855
456	861
456	898
456	910
457	523
457	655
457	889
457	908
457	913
457	937
458	628
458	865
458	892
458	906
458	936
458	971
459	886
459	946
459	952
459	955
459	970
459	984
460	667
460	799
460	882
460	896
460	945
460	979
461	714
461	813
461	961
461	995
461	996
461	999
462	787
462	918
462	948
462	962
462	985
462	989
463	98
463	607
463	611
463	619
463	927
463	929
464	96
464	118
464	647
464	650
464	699
464	826
465	442
465	771
465	918
465	968
465	985
465	989
466	446
466	757
466	902
466	966
466	967
466	999
467	669
467	737
467	938
467	954
467	976
467	981
468	332
468	430
468	766
468	782
468	825
468	917
469	746
469	877
469	918
469	925
469	965
469	983
470	784
470	821
470	950
470	968
470	985
470	989
471	493
471	811
471	902
471	916
471	966
471	967
472	396
472	479
472	579
472	755
472	905
472	932
473	104
473	142
473	612
473	874
473	884
473	887
474	284
474	839
474	930
474	938
474	954
474	981
475	707
475	841
475	902
475	916
475	966
475	967
476	108
476	278
476	313
476	824
476	869
476	876
477	78
477	750
477	950
477	968
477	985
477	989
478	873
478	922
478	977
478	995
478	996
478	999
479	472
479	558
479	577
479	774
479	932
479	939
480	767
480	796
480	840
480	873
480	905
480	939
481	729
481	736
481	946
481	956
481	957
481	970
482	452
482	745
482	805
482	892
482	946
482	971
483	523
483	561
483	676
483	804
483	908
483	937
484	743
484	930
484	961
484	995
484	996
484	999
485	531
485	809
485	945
485	947
485	958
485	979
486	831
486	892
486	906
486	936
486	971
486	989
487	733
487	799
487	894
487	947
487	958
487	979
488	872
488	888
488	912
488	984
488	990
488	997
489	295
489	598
489	972
489	978
489	998
489	1000
490	56
490	232
490	686
490	687
490	797
490	878
491	582
491	824
491	859
491	925
491	965
491	983
492	783
492	925
492	965
492	973
492	981
492	983
493	471
493	826
493	834
493	857
493	907
493	921
494	656
494	767
494	982
494	992
494	993
494	994
495	496
495	649
495	722
495	765
495	879
495	888
496	195
496	495
496	586
496	722
496	888
496	897
497	253
497	508
497	861
497	869
497	876
497	898
497	971
498	687
498	879
498	915
498	921
498	923
498	949
498	969
499	917
499	920
499	943
499	982
499	992
499	993
499	994
500	224
500	777
500	841
500	902
500	936
500	966
500	967
501	75
501	337
501	943
501	982
501	992
501	993
501	994
502	293
502	700
502	783
502	859
502	942
502	965
502	983
503	660
503	811
503	841
503	902
503	916
503	966
503	967
504	716
504	846
504	933
504	978
504	991
504	998
504	1000
505	74
505	177
505	690
505	741
505	756
505	862
505	952
506	338
506	723
506	851
506	900
506	975
506	987
506	993
507	255
507	851
507	913
507	953
507	975
507	987
507	988
508	103
508	316
508	497
508	536
508	643
508	849
508	929
509	321
509	510
509	734
509	808
509	831
509	896
509	963
510	93
510	247
510	296
510	509
510	808
510	871
510	985
511	543
511	764
511	773
511	822
511	895
511	928
511	964
512	338
512	342
512	415
512	830
512	953
512	987
512	988
513	809
513	855
513	882
513	945
513	947
513	958
513	979
514	711
514	732
514	774
514	810
514	816
514	894
514	987
515	296
515	321
515	353
515	808
515	871
515	878
515	971
516	637
516	670
516	671
516	744
516	871
516	878
516	896
517	792
517	901
517	915
517	921
517	923
517	949
517	969
518	375
518	649
518	662
518	722
518	879
518	888
518	920
519	125
519	231
519	577
519	827
519	873
519	885
519	932
520	387
520	438
520	565
520	799
520	882
520	979
520	1000
521	424
521	753
521	758
521	823
521	980
521	986
521	989
522	292
522	434
522	611
522	643
522	754
522	847
522	929
523	427
523	457
523	483
523	642
523	908
523	937
523	940
524	88
524	90
524	724
524	919
524	956
524	980
524	986
525	889
525	923
525	943
525	982
525	992
525	993
525	994
526	350
526	383
526	778
526	938
526	959
526	976
526	981
527	628
527	678
527	775
527	854
527	881
527	901
527	914
528	746
528	758
528	760
528	877
528	880
528	925
528	992
529	287
529	755
529	796
529	822
529	905
529	932
529	939
530	594
530	618
530	950
530	962
530	968
530	985
530	989
531	357
531	485
531	800
531	819
531	826
531	834
531	857
532	300
532	362
532	721
532	773
532	804
532	913
532	937
533	349
533	573
533	781
533	823
533	885
533	892
533	986
534	555
534	591
534	730
534	892
534	936
534	971
534	982
535	88
535	111
535	777
535	902
535	916
535	966
535	967
536	61
536	508
536	548
536	619
536	754
536	847
536	929
537	345
537	920
537	943
537	982
537	992
537	993
537	994
538	84
538	133
538	206
538	241
538	782
538	832
538	921
539	607
539	765
539	891
539	946
539	956
539	960
539	970
540	827
540	904
540	961
540	964
540	977
540	995
540	996
541	260
541	779
541	803
541	844
541	848
541	919
541	999
542	5
542	630
542	747
542	778
542	844
542	848
542	986
543	511
543	895
543	928
543	934
543	940
543	948
543	964
544	381
544	696
544	864
544	905
544	935
544	978
544	998
545	777
545	868
545	895
545	940
545	948
545	964
545	979
546	658
546	789
546	897
546	909
546	941
546	950
546	951
547	638
547	680
547	805
547	953
547	975
547	987
547	988
548	536
548	611
548	747
548	815
548	847
548	849
548	929
549	725
549	742
549	810
549	816
549	894
549	929
549	991
550	786
550	791
550	924
550	962
550	968
550	985
550	989
551	148
551	404
551	833
551	851
551	953
551	975
551	988
552	646
552	762
552	867
552	926
552	934
552	973
552	980
553	319
553	805
553	892
553	906
553	936
553	965
553	971
554	291
554	709
554	867
554	893
554	926
554	966
554	973
555	54
555	279
555	403
555	534
555	730
555	936
555	971
556	899
556	925
556	944
556	950
556	968
556	985
556	989
557	723
557	886
557	952
557	960
557	961
557	968
557	970
558	276
558	479
558	585
558	796
558	873
558	932
558	939
559	841
559	842
559	896
559	915
559	921
559	963
559	969
560	880
560	920
560	943
560	982
560	992
560	993
560	994
561	483
561	655
561	711
561	731
561	817
561	908
561	913
562	787
562	852
562	881
562	974
562	984
562	990
562	997
563	320
563	636
563	650
563	800
563	819
563	907
563	985
564	10
564	684
564	705
564	716
564	933
564	978
564	998
565	248
565	520
565	733
565	763
565	945
565	958
565	979
566	734
566	899
566	918
566	944
566	962
566	985
566	989
567	334
567	670
567	860
567	886
567	955
567	960
567	970
568	231
568	415
568	622
568	900
568	975
568	987
568	988
569	912
569	942
569	974
569	978
569	984
569	990
569	997
570	920
570	943
570	981
570	982
570	992
570	993
570	994
571	231
571	648
571	755
571	817
571	827
571	932
571	939
572	295
572	806
572	842
572	890
572	923
572	963
572	969
573	366
573	533
573	609
573	703
573	843
573	980
573	986
574	592
574	798
574	820
574	866
574	954
574	959
574	976
574	981
575	739
575	760
575	767
575	893
575	926
575	931
575	934
575	973
576	73
576	405
576	653
576	702
576	838
576	935
576	991
576	1000
577	479
577	519
577	767
577	873
577	905
577	911
577	932
577	939
578	113
578	402
578	733
578	882
578	924
578	947
578	958
578	979
579	226
579	472
579	672
579	785
579	815
579	860
579	952
579	960
580	219
580	791
580	821
580	961
580	977
580	995
580	996
580	999
581	292
581	639
581	865
581	867
581	882
581	926
581	927
581	973
582	96
582	357
582	491
582	631
582	802
582	834
582	907
582	939
583	657
583	875
583	895
583	928
583	940
583	948
583	964
583	983
584	800
584	802
584	819
584	826
584	857
584	907
584	976
584	995
585	48
585	558
585	755
585	796
585	817
585	873
585	905
585	932
586	301
586	496
586	779
586	803
586	844
586	848
586	919
586	933
587	21
587	314
587	772
587	883
587	897
587	909
587	941
587	951
588	155
588	795
588	808
588	930
588	961
588	977
588	995
588	999
589	441
589	774
589	830
589	875
589	940
589	944
589	948
589	964
590	119
590	255
590	601
590	892
590	900
590	953
590	987
590	988
591	534
591	727
591	739
591	762
591	818
591	926
591	927
591	973
592	66
592	333
592	368
592	574
592	933
592	972
592	978
592	991
593	726
593	836
593	837
593	917
593	944
593	959
593	968
593	989
594	530
594	726
594	916
594	918
594	924
594	944
594	950
594	968
595	265
595	272
595	741
595	756
595	764
595	801
595	840
595	862
596	351
596	846
596	853
596	922
596	977
596	995
596	996
596	999
597	129
597	161
597	163
597	249
597	273
597	420
597	610
597	715
598	489
598	605
598	770
598	814
598	886
598	955
598	957
598	970
599	18
599	889
599	920
599	943
599	982
599	992
599	993
599	994
600	671
600	695
600	744
600	808
600	871
600	878
600	896
600	967
601	291
601	299
601	434
601	590
601	680
601	953
601	987
601	988
602	47
602	609
602	781
602	823
602	870
602	885
602	980
602	986
603	334
603	620
603	633
603	810
603	946
603	955
603	956
603	970
604	771
604	894
604	907
604	944
604	950
604	962
604	968
604	985
605	236
605	598
605	708
605	924
605	962
605	968
605	985
605	995
606	641
606	736
606	805
606	886
606	946
606	955
606	960
606	970
607	325
607	388
607	449
607	463
607	539
607	668
607	754
607	849
608	238
608	904
608	922
608	930
608	961
608	977
608	995
608	996
609	184
609	573
609	602
609	724
609	811
609	829
609	980
609	986
610	252
610	275
610	597
610	629
610	675
610	679
610	686
610	957
611	95
611	449
611	463
611	522
611	548
611	754
611	884
611	929
612	407
612	473
612	685
612	821
612	828
612	874
612	887
612	911
613	189
613	679
613	684
613	753
613	885
613	980
613	986
613	990
614	272
614	675
614	715
614	741
614	756
614	764
614	801
614	862
615	13
615	104
615	228
615	372
615	383
615	732
615	816
615	894
616	166
616	912
616	942
616	954
616	974
616	984
616	990
616	997
617	681
617	920
617	943
617	957
617	982
617	992
617	993
617	994
618	73
618	453
618	530
618	716
618	821
618	838
618	998
618	1000
619	463
619	536
619	668
619	728
619	792
619	847
619	929
619	996
620	603
620	814
620	860
620	946
620	956
620	957
620	970
620	974
621	729
621	762
621	806
621	893
621	927
621	931
621	934
621	973
622	258
622	568
622	638
622	851
622	953
622	975
622	987
622	988
623	6
623	238
623	802
623	840
623	861
623	869
623	876
623	910
624	127
624	443
624	453
624	858
624	865
624	972
624	978
624	1000
625	39
625	331
625	434
625	675
625	953
625	984
625	987
625	988
626	95
626	639
626	724
626	791
626	926
626	931
626	934
626	973
627	665
627	800
627	914
627	924
627	944
627	950
627	985
627	989
628	458
628	527
628	730
628	831
628	868
628	892
628	936
628	971
629	56
629	219
629	273
629	386
629	610
629	687
629	797
629	850
630	542
630	736
630	778
630	803
630	844
630	848
630	878
630	919
631	96
631	139
631	582
631	650
631	802
631	834
631	857
631	907
632	230
632	310
632	775
632	833
632	854
632	881
632	901
632	914
633	227
633	363
633	603
633	707
633	978
633	991
633	998
633	1000
634	692
634	780
634	812
634	912
634	923
634	984
634	990
634	997
635	56
635	729
635	796
635	818
635	867
635	927
635	931
635	934
636	239
636	563
636	716
636	802
636	819
636	826
636	907
636	948
637	516
637	688
637	703
637	724
637	834
637	843
637	980
637	986
638	166
638	198
638	547
638	622
638	900
638	956
638	975
638	987
638	988
639	291
639	581
639	626
639	744
639	926
639	927
639	931
639	967
639	973
640	233
640	697
640	741
640	821
640	874
640	884
640	887
640	911
640	956
641	320
641	606
641	723
641	765
641	928
641	946
641	952
641	957
641	970
642	124
642	266
642	523
642	721
642	773
642	819
642	908
642	913
642	937
643	9
643	126
643	508
643	522
643	664
643	728
643	847
643	849
643	929
644	154
644	175
644	195
644	374
644	649
644	661
644	879
644	888
644	949
645	356
645	439
645	670
645	734
645	808
645	871
645	878
645	896
645	969
646	385
646	552
646	718
646	926
646	927
646	931
646	934
646	973
646	992
647	100
647	357
647	464
647	802
647	826
647	834
647	891
647	907
647	966
648	66
648	395
648	571
648	748
648	836
648	935
648	972
648	978
648	991
649	154
649	495
649	518
649	644
649	722
649	814
649	879
649	888
649	950
650	327
650	363
650	464
650	563
650	631
650	834
650	857
650	907
650	921
651	309
651	358
651	689
651	749
651	772
651	859
651	909
651	941
651	951
652	156
652	806
652	842
652	890
652	915
652	921
652	923
652	963
652	969
653	576
653	791
653	846
653	856
653	961
653	977
653	995
653	996
653	999
654	132
654	682
654	751
654	769
654	833
654	854
654	881
654	901
654	914
655	124
655	307
655	457
655	561
655	887
655	908
655	913
655	937
655	973
656	494
656	673
656	821
656	828
656	874
656	884
656	887
656	911
656	955
657	583
657	704
657	755
657	822
657	868
657	895
657	928
657	940
657	964
658	424
658	546
658	749
658	772
658	883
658	897
658	909
658	941
658	951
659	116
659	289
659	812
659	941
659	942
659	974
659	984
659	990
659	997
660	503
660	820
660	887
660	903
660	938
660	954
660	959
660	976
660	981
661	428
661	644
661	692
661	776
661	912
661	974
661	984
661	990
661	997
662	114
662	154
662	204
662	270
662	518
662	666
662	722
662	879
662	888
663	752
663	926
663	930
663	961
663	977
663	995
663	996
663	998
663	999
664	229
664	236
664	388
664	643
664	754
664	847
664	849
664	900
664	929
665	77
665	627
665	918
665	924
665	950
665	962
665	968
665	985
665	989
666	270
666	274
666	352
666	662
666	722
666	733
666	879
666	888
666	907
667	240
667	244
667	460
667	763
667	809
667	945
667	947
667	958
667	979
668	61
668	325
668	607
668	619
668	728
668	800
668	849
668	923
668	929
669	216
669	467
669	755
669	767
669	817
669	827
669	873
669	905
669	939
670	86
670	296
670	516
670	567
670	645
670	695
670	808
670	878
670	896
671	256
671	353
671	516
671	600
671	808
671	833
671	878
671	896
671	968
672	105
672	429
672	444
672	579
672	725
672	880
672	925
672	965
672	983
673	656
673	697
673	828
673	874
673	884
673	887
673	911
673	921
673	994
674	820
674	839
674	938
674	954
674	959
674	969
674	976
674	981
674	997
675	161
675	232
675	262
675	610
675	614
675	625
675	686
675	687
675	710
676	220
676	374
676	483
676	722
676	744
676	808
676	871
676	878
676	896
677	32
677	221
677	341
677	807
677	831
677	864
677	933
677	978
677	991
678	202
678	379
678	527
678	751
678	769
678	797
678	881
678	901
678	914
679	132
679	219
679	252
679	386
679	610
679	613
679	687
679	710
679	797
680	547
680	601
680	851
680	883
680	953
680	975
680	987
680	988
680	997
681	617
681	763
681	799
681	809
681	945
681	946
681	947
681	958
681	979
682	305
682	654
682	691
682	717
682	771
682	782
682	825
682	832
682	917
683	422
683	787
683	845
683	872
683	974
683	984
683	987
683	990
683	997
684	90
684	175
684	299
684	564
684	613
684	781
684	829
684	980
684	986
685	36
685	244
685	612
685	857
685	867
685	893
685	931
685	934
685	973
686	275
686	314
686	354
686	490
686	610
686	675
686	710
686	715
686	797
686	966
687	66
687	262
687	420
687	490
687	498
687	629
687	675
687	679
687	710
687	715
688	349
688	637
688	781
688	823
688	843
688	885
688	931
688	967
688	980
688	986
689	242
689	651
689	890
689	892
689	915
689	921
689	923
689	949
689	963
689	969
690	136
690	272
690	380
690	455
690	505
690	741
690	756
690	764
690	801
690	862
691	157
691	305
691	682
691	717
691	769
691	782
691	825
691	832
691	917
691	996
692	634
692	661
692	718
692	726
692	812
692	942
692	961
692	974
692	984
692	997
693	157
693	853
693	889
693	902
693	920
693	943
693	982
693	992
693	993
693	994
694	308
694	371
694	389
694	716
694	851
694	900
694	953
694	975
694	987
694	988
695	73
695	199
695	220
695	256
695	439
695	600
695	670
695	871
695	896
695	942
696	544
696	794
696	864
696	908
696	972
696	973
696	978
696	991
696	998
696	1000
697	640
697	673
697	821
697	828
697	874
697	884
697	887
697	911
697	978
697	983
698	788
698	811
698	899
698	908
698	918
698	950
698	962
698	968
698	985
698	989
699	464
699	702
699	761
699	794
699	865
699	870
699	933
699	935
699	998
699	1000
700	375
700	438
700	502
700	746
700	765
700	877
700	925
700	951
700	965
700	983
701	225
701	451
701	886
701	933
701	946
701	955
701	956
701	957
701	960
701	970
702	228
702	316
702	576
702	699
702	747
702	794
702	847
702	972
702	998
702	1000
703	347
703	573
703	637
703	724
703	823
703	885
703	916
703	980
703	986
703	999
704	41
704	657
704	723
704	814
704	952
704	956
704	957
704	960
704	970
704	986
705	564
705	807
705	813
705	858
705	865
705	933
705	935
705	971
705	972
705	991
706	323
706	735
706	904
706	922
706	930
706	961
706	977
706	995
706	996
706	999
707	69
707	211
707	475
707	633
707	777
707	811
707	902
707	916
707	966
707	967
708	605
708	726
708	727
708	899
708	902
708	950
708	960
708	968
708	985
708	989
709	554
709	786
709	830
709	875
709	895
709	928
709	940
709	948
709	964
709	992
710	40
710	139
710	246
710	275
710	369
710	420
710	675
710	679
710	686
710	687
711	24
711	373
711	514
711	561
711	725
711	743
711	780
711	810
711	816
711	894
712	353
712	806
712	842
712	890
712	915
712	921
712	930
712	949
712	963
712	969
713	265
713	723
713	820
713	863
713	903
713	938
713	954
713	959
713	976
713	981
714	69
714	461
714	825
714	836
714	864
714	933
714	935
714	972
714	978
714	1000
715	132
715	139
715	144
715	252
715	314
715	597
715	614
715	686
715	687
715	730
716	52
716	504
716	564
716	618
716	636
716	694
716	933
716	991
716	998
716	1000
717	4
717	200
717	206
717	284
717	682
717	691
717	766
717	825
717	832
717	917
717	964
718	646
718	692
718	776
718	845
718	852
718	872
718	942
718	974
718	990
718	997
718	1000
719	182
719	183
719	746
719	854
719	860
719	946
719	952
719	955
719	956
719	960
719	970
720	112
720	338
720	442
720	452
720	730
720	745
720	805
720	831
720	911
720	936
720	971
721	303
721	532
721	642
721	731
721	771
721	773
721	804
721	908
721	913
721	937
721	986
722	137
722	294
722	495
722	496
722	518
722	649
722	662
722	666
722	676
722	816
722	879
723	198
723	209
723	506
723	557
723	641
723	704
723	713
723	886
723	952
723	957
723	970
724	299
724	524
724	609
724	626
724	637
724	703
724	781
724	843
724	975
724	980
724	986
725	249
725	311
725	372
725	549
725	672
725	711
725	732
725	742
725	743
725	894
725	948
726	186
726	593
726	594
726	692
726	708
726	924
726	944
726	960
726	962
726	985
726	989
727	591
727	708
727	750
727	751
727	788
727	899
727	924
727	944
727	950
727	962
727	985
728	229
728	449
728	451
728	619
728	643
728	668
728	820
728	847
728	849
728	922
728	929
729	26
729	76
729	188
729	481
729	621
729	635
729	739
729	907
729	926
729	931
729	934
730	403
730	534
730	555
730	628
730	715
730	720
730	805
730	843
730	892
730	906
730	971
731	58
731	303
731	362
731	561
731	721
731	773
731	804
731	908
731	913
731	928
731	937
732	77
732	249
732	290
732	368
732	514
732	615
732	725
732	742
732	810
732	816
732	890
733	208
733	487
733	565
733	578
733	666
733	799
733	809
733	894
733	945
733	958
733	979
734	114
734	199
734	278
734	509
734	566
734	645
734	744
734	808
734	871
734	878
734	879
735	454
735	706
735	776
735	812
735	845
735	872
735	912
735	942
735	984
735	990
735	997
736	243
736	352
736	481
736	606
736	630
736	891
736	952
736	956
736	957
736	959
736	960
737	467
737	793
737	798
737	866
737	903
737	922
737	954
737	959
737	970
737	976
737	981
738	819
738	835
738	853
738	889
738	920
738	943
738	973
738	982
738	992
738	993
738	994
739	575
739	591
739	729
739	762
739	832
739	893
739	926
739	927
739	934
739	973
739	980
740	99
740	285
740	824
740	855
740	861
740	869
740	876
740	891
740	898
740	910
740	982
741	38
741	177
741	193
741	505
741	595
741	614
741	640
741	690
741	801
741	862
741	882
742	245
742	383
742	549
742	725
742	732
742	743
742	780
742	810
742	816
742	894
742	925
743	63
743	77
743	283
743	484
743	711
743	725
743	742
743	780
743	810
743	816
743	894
744	93
744	278
744	446
744	516
744	600
744	639
744	676
744	734
744	871
744	878
744	896
745	442
745	482
745	720
745	805
745	831
745	892
745	906
745	936
745	968
745	971
745	996
746	361
746	410
746	469
746	528
746	700
746	719
746	760
746	920
746	925
746	949
746	965
746	983
747	230
747	235
747	542
747	548
747	702
747	778
747	779
747	803
747	844
747	848
747	888
747	919
748	648
748	788
748	837
748	899
748	918
748	924
748	944
748	954
748	962
748	968
748	985
748	989
749	117
749	651
749	658
749	772
749	773
749	779
749	789
749	850
749	883
749	909
749	941
749	951
750	396
750	477
750	727
750	837
750	864
750	899
750	924
750	944
750	962
750	968
750	985
750	989
751	43
751	118
751	202
751	312
751	654
751	678
751	727
751	775
751	833
751	881
751	901
751	914
752	403
752	663
752	791
752	795
752	856
752	904
752	905
752	961
752	977
752	995
752	996
752	999
753	146
753	280
753	388
753	406
753	521
753	613
753	781
753	829
753	843
753	885
753	980
753	986
754	64
754	180
754	388
754	522
754	536
754	607
754	611
754	664
754	849
754	929
754	941
754	990
755	174
755	472
755	529
755	571
755	585
755	657
755	669
755	767
755	827
755	932
755	934
755	939
756	193
756	223
756	400
756	505
756	595
756	614
756	690
756	764
756	801
756	862
756	868
756	994
757	466
757	835
757	853
757	889
757	920
757	943
757	966
757	982
757	992
757	993
757	994
758	20
758	521
758	528
758	760
758	783
758	859
758	869
758	877
758	884
758	925
758	965
758	983
759	846
759	851
759	904
759	922
759	930
759	961
759	977
759	981
759	984
759	995
759	996
759	999
760	361
760	429
760	528
760	575
760	746
760	758
760	783
760	877
760	922
760	925
760	965
760	983
761	182
761	699
761	768
761	856
761	904
761	922
761	930
761	961
761	977
761	995
761	996
761	999
762	57
762	413
762	552
762	591
762	621
762	739
762	818
762	867
762	926
762	927
762	968
762	973
763	565
763	667
763	681
763	788
763	789
763	799
763	809
763	882
763	945
763	947
763	958
763	979
764	74
764	251
764	271
764	425
764	511
764	595
764	614
764	690
764	756
764	801
764	862
764	964
765	15
765	123
765	495
765	539
765	641
765	700
765	886
765	891
765	946
765	952
765	955
765	970
766	84
766	92
766	148
766	200
766	468
766	717
766	782
766	825
766	832
766	917
766	969
766	973
766	984
767	190
767	480
767	494
767	575
767	577
767	669
767	755
767	796
767	817
767	905
767	932
767	939
767	963
768	447
768	761
768	795
768	804
768	813
768	856
768	866
768	930
768	961
768	977
768	995
768	996
768	999
769	43
769	89
769	170
769	654
769	678
769	691
769	775
769	833
769	854
769	881
769	901
769	909
769	914
770	57
770	209
770	237
770	598
770	790
770	814
770	891
770	915
770	946
770	952
770	956
770	957
770	960
771	385
771	465
771	604
771	682
771	721
771	784
771	837
771	899
771	918
771	924
771	962
771	968
771	989
772	24
772	232
772	587
772	651
772	658
772	749
772	883
772	897
772	909
772	941
772	951
772	963
772	999
773	50
773	303
773	511
773	532
773	642
773	721
773	731
773	749
773	804
773	883
773	908
773	913
773	937
774	306
774	479
774	514
774	589
774	786
774	822
774	875
774	895
774	928
774	940
774	948
774	964
774	997
775	59
775	150
775	527
775	632
775	751
775	769
775	781
775	833
775	854
775	866
775	881
775	901
775	914
776	107
776	391
776	661
776	718
776	735
776	872
776	880
776	942
776	945
776	974
776	984
776	990
776	997
777	80
777	237
777	500
777	535
777	545
777	707
777	811
777	841
777	902
777	916
777	966
777	967
777	977
778	5
778	7
778	94
778	399
778	415
778	526
778	542
778	630
778	747
778	803
778	844
778	848
778	983
779	7
779	17
779	94
779	399
779	443
779	541
779	586
779	747
779	749
779	844
779	848
779	919
779	974
780	77
780	283
780	372
780	383
780	634
780	711
780	742
780	743
780	810
780	816
780	894
780	913
780	999
781	533
781	602
781	684
781	688
781	724
781	753
781	775
781	823
781	843
781	885
781	887
781	980
781	986
782	133
782	241
782	284
782	391
782	468
782	538
782	682
782	691
782	766
782	825
782	832
782	917
782	955
783	19
783	52
783	54
783	130
783	358
783	492
783	502
783	758
783	760
783	877
783	925
783	965
783	983
784	259
784	315
784	470
784	771
784	848
784	899
784	918
784	944
784	950
784	962
784	968
784	985
784	989
785	106
785	190
785	579
785	790
785	814
785	860
785	891
785	946
785	956
785	957
785	960
785	970
785	987
786	89
786	550
786	709
786	774
786	822
786	830
786	861
786	868
786	875
786	895
786	928
786	948
786	949
786	964
787	218
787	462
787	562
787	683
787	801
787	812
787	845
787	852
787	912
787	942
787	982
787	984
787	990
787	997
788	76
788	698
788	727
788	748
788	763
788	793
788	899
788	918
788	924
788	944
788	950
788	968
788	985
788	989
789	217
789	329
789	358
789	390
789	546
789	749
789	763
789	850
789	883
789	897
789	909
789	941
789	951
789	959
790	183
790	226
790	234
790	370
790	409
790	770
790	785
790	924
790	946
790	955
790	956
790	957
790	960
790	963
791	22
791	550
791	580
791	626
791	653
791	752
791	813
791	846
791	904
791	911
791	922
791	961
791	996
791	999
792	441
792	517
792	619
792	806
792	842
792	888
792	890
792	895
792	915
792	921
792	923
792	949
792	963
792	969
793	392
793	412
793	737
793	788
793	798
793	839
793	866
793	903
793	938
793	954
793	959
793	976
793	981
793	992
794	316
794	696
794	699
794	702
794	865
794	870
794	909
794	933
794	946
794	972
794	978
794	990
794	991
794	1000
795	72
795	164
795	588
795	752
795	768
795	846
795	904
795	930
795	961
795	977
795	984
795	995
795	996
795	999
796	379
796	480
796	529
796	558
796	585
796	635
796	767
796	827
796	857
796	873
796	905
796	932
796	939
796	960
797	105
797	132
797	139
797	144
797	161
797	262
797	314
797	386
797	490
797	629
797	678
797	679
797	686
797	998
798	268
798	574
798	737
798	793
798	839
798	863
798	903
798	928
798	938
798	954
798	959
798	963
798	976
798	981
799	250
799	335
799	460
799	487
799	520
799	681
799	733
799	763
799	809
799	906
799	945
799	958
799	976
799	979
800	100
800	118
800	531
800	563
800	584
800	627
800	668
800	802
800	819
800	826
800	834
800	857
800	871
800	907
801	193
801	223
801	265
801	400
801	595
801	614
801	690
801	741
801	756
801	764
801	787
801	862
801	955
801	991
802	307
802	327
802	357
802	582
802	584
802	623
802	631
802	636
802	647
802	800
802	826
802	857
802	907
802	966
803	50
803	55
803	185
803	399
803	541
803	586
803	630
803	747
803	778
803	844
803	848
803	872
803	919
803	993
804	156
804	240
804	318
804	427
804	483
804	532
804	721
804	731
804	768
804	773
804	834
804	908
804	913
804	937
805	431
805	445
805	482
805	547
805	553
805	606
805	720
805	730
805	745
805	849
805	892
805	906
805	936
805	971
806	264
806	378
806	572
806	621
806	652
806	712
806	792
806	890
806	915
806	921
806	923
806	963
806	969
806	998
807	46
807	677
807	705
807	812
807	819
807	838
807	870
807	933
807	935
807	940
807	972
807	978
807	991
807	998
807	1000
808	112
808	321
808	509
808	510
808	515
808	588
808	600
808	645
808	670
808	671
808	676
808	734
808	878
808	896
808	991
809	179
809	485
809	513
809	667
809	681
809	733
809	763
809	799
809	817
809	882
809	886
809	945
809	947
809	958
809	979
810	13
810	283
810	290
810	373
810	514
810	549
810	603
810	711
810	732
810	742
810	743
810	780
810	883
810	894
810	950
811	37
811	237
811	399
811	423
811	471
811	503
811	609
811	698
811	707
811	777
811	841
811	902
811	916
811	966
811	967
812	274
812	634
812	659
812	692
812	735
812	787
812	807
812	845
812	852
812	872
812	918
812	974
812	984
812	990
812	997
813	288
813	409
813	461
813	705
813	768
813	791
813	856
813	922
813	930
813	961
813	967
813	990
813	995
813	996
813	999
814	234
814	433
814	598
814	620
814	649
814	704
814	770
814	785
814	815
814	894
814	946
814	952
814	956
814	960
814	970
815	107
815	178
815	367
815	548
815	579
815	814
815	860
815	891
815	946
815	952
815	955
815	956
815	957
815	970
815	983
816	290
816	311
816	372
816	514
816	549
816	615
816	711
816	722
816	732
816	742
816	743
816	780
816	839
816	894
816	955
817	122
817	190
817	216
817	561
817	571
817	585
817	669
817	767
817	809
817	827
817	873
817	905
817	932
817	939
817	961
818	197
818	305
818	369
818	419
818	591
818	635
818	762
818	893
818	901
818	926
818	927
818	931
818	934
818	973
818	1000
819	27
819	239
819	320
819	531
819	563
819	584
819	636
819	642
819	738
819	800
819	807
819	826
819	834
819	857
819	907
820	16
820	269
820	574
820	660
820	674
820	713
820	728
820	839
820	863
820	866
820	903
820	938
820	959
820	976
820	981
821	344
821	360
821	376
821	470
821	580
821	612
821	618
821	640
821	656
821	697
821	828
821	874
821	884
821	887
821	911
822	34
822	171
822	511
822	529
822	657
822	774
822	786
822	830
822	868
822	875
822	928
822	940
822	948
822	964
822	990
823	94
823	126
823	207
823	406
823	521
823	533
823	602
823	688
823	703
823	781
823	885
823	959
823	962
823	980
823	986
824	45
824	212
824	238
824	298
824	334
824	416
824	448
824	476
824	491
824	740
824	855
824	861
824	876
824	898
824	910
825	33
825	148
825	157
825	252
825	305
825	332
825	468
825	682
825	691
825	714
825	717
825	766
825	782
825	832
825	917
826	327
826	464
826	493
826	531
826	584
826	636
826	647
826	800
826	802
826	819
826	833
826	834
826	841
826	857
826	907
826	932
827	231
827	271
827	379
827	519
827	540
827	571
827	669
827	755
827	796
827	817
827	873
827	897
827	905
827	932
827	933
827	939
828	169
828	344
828	407
828	423
828	612
828	656
828	673
828	697
828	821
828	874
828	884
828	887
828	911
828	972
828	979
828	986
829	88
829	181
829	184
829	347
829	357
829	406
829	416
829	436
829	609
829	684
829	753
829	843
829	885
829	972
829	980
829	986
830	162
830	333
830	417
830	512
830	589
830	709
830	786
830	822
830	868
830	875
830	895
830	928
830	940
830	948
830	964
830	998
831	109
831	121
831	267
831	324
831	445
831	486
831	509
831	628
831	677
831	720
831	745
831	849
831	852
831	906
831	936
831	971
832	84
832	92
832	133
832	284
832	287
832	538
832	682
832	691
832	717
832	739
832	766
832	782
832	825
832	834
832	917
832	929
833	48
833	202
833	354
833	551
833	632
833	654
833	671
833	751
833	769
833	775
833	826
833	854
833	881
833	901
833	914
833	980
834	27
834	239
834	493
834	531
834	582
834	631
834	637
834	647
834	650
834	800
834	804
834	819
834	826
834	832
834	857
834	907
835	738
835	757
835	853
835	889
835	920
835	943
835	952
835	964
835	974
835	982
835	992
835	993
835	994
836	10
836	73
836	277
836	300
836	593
836	648
836	714
836	858
836	864
836	890
836	900
836	935
836	972
836	991
836	998
836	1000
837	593
837	748
837	750
837	771
837	873
837	899
837	909
837	918
837	924
837	944
837	950
837	962
837	968
837	985
837	989
837	990
838	143
838	253
838	355
838	440
838	576
838	618
838	807
838	854
838	865
838	870
838	933
838	935
838	991
838	995
838	998
838	1000
839	350
839	474
839	674
839	793
839	798
839	816
839	820
839	863
839	866
839	910
839	938
839	947
839	954
839	959
839	976
839	981
840	45
840	99
840	108
840	312
840	313
840	343
840	411
840	480
840	595
840	623
840	855
840	861
840	869
840	876
840	898
840	910
841	53
841	339
841	423
841	446
841	475
841	500
841	503
841	559
841	777
841	811
841	826
841	902
841	916
841	941
841	966
841	967
842	37
842	394
842	436
842	559
842	572
842	652
842	712
842	792
842	874
842	890
842	915
842	921
842	923
842	949
842	963
842	969
843	59
843	101
843	181
843	436
843	573
843	637
843	688
843	724
843	730
843	753
843	781
843	829
843	885
843	938
843	980
843	986
844	67
844	138
844	185
844	235
844	263
844	301
844	344
844	541
844	542
844	586
844	630
844	747
844	778
844	779
844	803
844	919
844	972
845	381
845	683
845	718
845	735
845	787
845	812
845	852
845	872
845	912
845	960
845	964
845	972
845	974
845	984
845	990
845	993
845	997
846	255
846	432
846	504
846	596
846	653
846	759
846	791
846	795
846	856
846	899
846	904
846	922
846	930
846	961
846	977
846	995
846	996
847	3
847	103
847	180
847	325
847	388
847	522
847	536
847	548
847	619
847	643
847	664
847	702
847	728
847	849
847	892
847	929
847	979
848	17
848	67
848	138
848	230
848	541
848	542
848	586
848	630
848	747
848	778
848	779
848	784
848	803
848	919
848	980
848	985
848	988
849	61
849	103
849	170
849	508
849	548
849	607
849	643
849	664
849	668
849	728
849	754
849	805
849	831
849	847
849	852
849	929
849	993
850	21
850	25
850	29
850	176
850	217
850	297
850	329
850	629
850	749
850	789
850	883
850	897
850	909
850	941
850	950
850	951
850	974
851	331
851	405
851	506
851	507
851	551
851	622
851	680
851	694
851	759
851	900
851	936
851	944
851	953
851	970
851	975
851	987
851	988
852	60
852	187
852	420
852	562
852	718
852	787
852	812
852	831
852	845
852	849
852	872
852	912
852	942
852	961
852	974
852	984
852	997
853	110
853	596
853	693
853	738
853	757
853	835
853	889
853	920
853	943
853	982
853	992
853	993
853	994
853	995
854	48
854	142
854	150
854	266
854	312
854	354
854	527
854	632
854	654
854	719
854	769
854	775
854	833
854	838
854	881
854	901
854	914
854	983
855	205
855	238
855	253
855	343
855	411
855	448
855	456
855	513
855	740
855	824
855	840
855	861
855	869
855	876
855	898
855	910
855	932
855	987
856	140
856	395
856	653
856	752
856	761
856	768
856	813
856	846
856	904
856	910
856	916
856	922
856	930
856	961
856	977
856	995
856	996
856	999
857	100
857	320
857	327
857	493
857	531
857	584
857	631
857	650
857	685
857	796
857	800
857	802
857	819
857	826
857	834
857	907
857	945
857	965
858	44
858	201
858	340
858	624
858	705
858	836
858	864
858	865
858	916
858	932
858	933
858	935
858	972
858	978
858	991
858	992
858	998
858	1000
859	53
859	259
859	361
859	375
859	410
859	444
859	450
859	491
859	502
859	651
859	758
859	877
859	880
859	924
859	925
859	962
859	965
859	983
860	234
860	370
860	408
860	567
860	579
860	620
860	719
860	785
860	815
860	881
860	886
860	891
860	946
860	955
860	956
860	960
860	970
860	979
861	6
861	45
861	308
861	326
861	343
861	411
861	456
861	497
861	623
861	740
861	786
861	824
861	840
861	855
861	869
861	876
861	898
861	971
862	35
862	38
862	177
862	265
862	271
862	361
862	425
862	455
862	505
862	595
862	614
862	690
862	741
862	756
862	764
862	801
862	872
862	988
863	289
863	346
863	364
863	713
863	798
863	820
863	839
863	866
863	880
863	890
863	903
863	912
863	927
863	938
863	954
863	959
863	976
863	981
864	62
864	443
864	544
864	677
864	696
864	714
864	750
864	836
864	858
864	865
864	870
864	918
864	925
864	935
864	972
864	978
864	998
864	1000
865	298
865	429
865	458
865	581
865	624
865	699
865	705
865	794
865	838
865	858
865	864
865	870
865	874
865	972
865	978
865	991
865	998
865	1000
866	109
866	127
866	430
866	574
866	737
866	768
866	775
866	793
866	820
866	839
866	863
866	871
866	903
866	938
866	954
866	959
866	976
866	981
867	141
867	197
867	378
867	455
867	552
867	554
867	581
867	635
867	685
867	762
867	893
867	927
867	931
867	934
867	940
867	956
867	973
867	992
868	306
868	333
868	401
868	417
868	545
868	628
868	657
868	756
868	786
868	822
868	830
868	875
868	895
868	928
868	940
868	948
868	964
868	996
869	108
869	285
869	416
869	448
869	476
869	497
869	623
869	740
869	758
869	840
869	855
869	861
869	876
869	898
869	910
869	955
869	970
869	982
870	227
870	348
870	432
870	440
870	602
870	699
870	794
870	807
870	838
870	864
870	865
870	893
870	933
870	978
870	986
870	991
870	998
870	1000
871	1
871	86
871	256
871	278
871	336
871	510
871	515
871	516
871	600
871	645
871	676
871	695
871	734
871	744
871	800
871	866
871	878
871	896
872	33
872	250
872	351
872	488
872	683
872	718
872	735
872	776
872	803
872	812
872	845
872	852
872	862
872	912
872	942
872	974
872	990
872	997
873	122
873	287
873	328
873	396
873	478
873	480
873	519
873	558
873	577
873	585
873	669
873	796
873	817
873	827
873	837
873	905
873	932
873	939
874	75
874	207
874	233
874	268
874	344
874	360
874	473
874	612
874	640
874	656
874	673
874	697
874	821
874	828
874	842
874	865
874	884
874	887
874	911
875	34
875	78
875	323
875	583
875	589
875	709
875	774
875	786
875	822
875	830
875	868
875	893
875	895
875	911
875	919
875	928
875	940
875	948
875	964
876	23
876	83
876	205
876	238
876	285
876	313
876	476
876	497
876	623
876	740
876	824
876	840
876	855
876	861
876	869
876	884
876	898
876	910
876	945
877	304
877	306
877	330
877	444
877	450
877	454
877	469
877	528
877	700
877	758
877	760
877	783
877	859
877	880
877	901
877	954
877	965
877	983
877	984
878	114
878	278
878	353
878	490
878	515
878	516
878	600
878	630
878	645
878	670
878	671
878	676
878	734
878	744
878	808
878	871
878	896
878	927
878	997
879	58
879	175
879	195
879	270
879	274
879	294
879	380
879	384
879	495
879	498
879	518
879	644
879	649
879	662
879	666
879	722
879	734
879	888
879	957
880	19
880	72
880	304
880	322
880	330
880	438
880	440
880	450
880	454
880	528
880	560
880	672
880	776
880	859
880	863
880	877
880	925
880	965
880	983
881	89
881	196
881	266
881	335
881	354
881	527
881	562
881	632
881	654
881	678
881	751
881	769
881	775
881	833
881	854
881	860
881	901
881	914
881	988
882	11
882	113
882	147
882	261
882	317
882	335
882	460
882	513
882	520
882	578
882	581
882	741
882	763
882	809
882	900
882	945
882	947
882	958
882	979
883	21
883	29
883	31
883	159
883	210
883	358
883	587
883	658
883	680
883	749
883	772
883	773
883	789
883	810
883	850
883	897
883	909
883	941
883	951
884	104
884	169
884	233
884	268
884	376
884	407
884	473
884	611
884	640
884	656
884	673
884	697
884	758
884	821
884	828
884	874
884	876
884	887
884	911
884	988
885	155
885	180
885	181
885	261
885	424
885	436
885	519
885	533
885	602
885	613
885	688
885	703
885	753
885	781
885	823
885	829
885	843
885	904
885	980
885	986
886	44
886	178
886	234
886	459
886	557
886	567
886	598
886	606
886	701
886	723
886	765
886	809
886	860
886	930
886	935
886	946
886	955
886	957
886	960
886	970
887	130
887	268
887	344
887	376
887	407
887	473
887	612
887	640
887	655
887	656
887	660
887	673
887	697
887	781
887	821
887	828
887	874
887	884
887	911
887	941
888	58
888	137
888	175
888	195
888	215
888	270
888	274
888	374
888	380
888	488
888	495
888	496
888	518
888	644
888	649
888	662
888	666
888	747
888	792
888	879
889	377
889	398
889	408
889	457
889	525
889	599
889	693
889	738
889	757
889	835
889	853
889	891
889	920
889	935
889	943
889	982
889	992
889	993
889	994
890	269
890	366
890	394
890	421
890	572
890	652
890	689
890	712
890	732
890	792
890	806
890	836
890	842
890	863
890	915
890	921
890	923
890	949
890	963
890	969
891	15
891	182
891	214
891	539
891	647
891	736
891	740
891	765
891	770
891	785
891	815
891	860
891	889
891	952
891	955
891	956
891	957
891	960
891	970
891	991
892	83
892	109
892	319
892	324
892	452
892	458
892	482
892	486
892	533
892	534
892	553
892	590
892	628
892	689
892	730
892	745
892	805
892	847
892	906
892	936
892	971
893	26
893	76
893	223
893	244
893	369
893	385
893	554
893	575
893	621
893	685
893	739
893	818
893	867
893	870
893	875
893	903
893	926
893	927
893	931
893	934
893	973
894	13
894	249
894	283
894	290
894	373
894	383
894	487
894	514
894	549
894	604
894	615
894	711
894	725
894	733
894	742
894	743
894	780
894	810
894	814
894	816
894	904
895	30
895	441
895	511
895	543
895	545
895	583
895	657
895	709
895	774
895	786
895	792
895	830
895	868
895	875
895	920
895	928
895	940
895	943
895	948
895	964
895	986
896	86
896	93
896	220
896	256
896	425
896	439
896	460
896	509
896	516
896	559
896	600
896	645
896	670
896	671
896	676
896	695
896	744
896	808
896	871
896	878
896	932
897	24
897	25
897	31
897	117
897	120
897	297
897	304
897	309
897	496
897	546
897	587
897	658
897	772
897	789
897	827
897	850
897	883
897	909
897	941
897	949
897	951
898	45
898	205
898	253
898	285
898	411
898	416
898	448
898	456
898	497
898	740
898	824
898	840
898	855
898	861
898	869
898	876
898	903
898	910
898	936
898	978
898	988
899	364
899	556
899	566
899	698
899	708
899	727
899	748
899	750
899	771
899	784
899	788
899	837
899	846
899	918
899	919
899	924
899	950
899	962
899	968
899	979
899	985
899	989
900	6
900	280
900	338
900	359
900	365
900	371
900	393
900	431
900	434
900	506
900	568
900	590
900	638
900	664
900	694
900	836
900	851
900	882
900	953
900	975
900	987
900	988
901	43
901	80
901	142
901	196
901	266
901	312
901	354
901	517
901	527
901	632
901	654
901	678
901	751
901	769
901	775
901	818
901	833
901	854
901	877
901	881
901	914
901	957
902	111
902	211
902	248
902	310
902	326
902	330
902	466
902	471
902	475
902	500
902	503
902	535
902	693
902	707
902	708
902	777
902	811
902	841
902	916
902	965
902	966
902	967
903	101
903	102
903	145
903	412
903	430
903	660
903	713
903	737
903	793
903	798
903	820
903	863
903	866
903	893
903	898
903	906
903	938
903	954
903	959
903	976
903	981
903	997
904	409
904	540
904	608
904	706
904	752
904	759
904	761
904	791
904	795
904	846
904	856
904	885
904	894
904	922
904	930
904	939
904	961
904	965
904	977
904	995
904	996
904	999
905	174
905	190
905	216
905	396
905	472
905	480
905	529
905	544
905	577
905	585
905	669
905	752
905	767
905	796
905	817
905	827
905	873
905	932
905	939
905	967
905	974
905	983
906	71
906	121
906	267
906	382
906	403
906	431
906	442
906	445
906	452
906	458
906	486
906	553
906	730
906	745
906	799
906	805
906	831
906	892
906	903
906	936
906	960
906	971
907	27
907	100
907	118
907	239
907	320
907	365
907	493
907	563
907	582
907	584
907	604
907	631
907	636
907	647
907	650
907	666
907	729
907	800
907	802
907	819
907	826
907	834
907	857
908	50
908	97
908	124
908	156
908	159
908	318
908	403
908	427
908	457
908	483
908	523
908	561
908	642
908	655
908	696
908	698
908	721
908	731
908	773
908	804
908	913
908	937
908	1000
909	21
909	91
909	120
909	134
909	210
909	390
909	546
909	587
909	651
909	658
909	749
909	769
909	772
909	789
909	794
909	837
909	850
909	883
909	897
909	917
909	941
909	951
909	953
910	6
910	99
910	212
910	253
910	313
910	343
910	398
910	411
910	416
910	448
910	456
910	623
910	740
910	824
910	839
910	840
910	855
910	856
910	869
910	876
910	898
910	941
910	985
911	36
911	75
911	130
911	169
911	233
911	268
911	360
911	376
911	407
911	577
911	612
911	640
911	656
911	673
911	697
911	720
911	791
911	821
911	828
911	874
911	875
911	884
911	887
912	33
912	328
912	413
912	414
912	488
912	569
912	616
912	634
912	661
912	735
912	787
912	845
912	852
912	863
912	872
912	928
912	938
912	942
912	974
912	975
912	984
912	990
912	997
913	82
913	97
913	156
913	159
913	307
913	362
913	427
913	457
913	507
913	532
913	561
913	642
913	655
913	721
913	731
913	773
913	780
913	804
913	908
913	937
913	946
913	954
913	958
914	48
914	55
914	85
914	89
914	142
914	150
914	196
914	202
914	266
914	312
914	324
914	527
914	627
914	632
914	654
914	678
914	751
914	769
914	775
914	833
914	854
914	881
914	901
914	943
915	32
915	152
915	194
915	242
915	437
915	498
915	517
915	559
915	652
915	689
915	712
915	770
915	792
915	806
915	842
915	890
915	918
915	921
915	923
915	932
915	949
915	960
915	963
915	969
916	37
916	62
916	87
916	179
916	248
916	281
916	310
916	326
916	339
916	471
916	475
916	503
916	535
916	594
916	703
916	707
916	777
916	811
916	841
916	856
916	858
916	902
916	966
916	967
917	84
917	92
917	133
917	148
917	157
917	200
917	206
917	241
917	284
917	305
917	331
917	332
917	370
917	468
917	499
917	593
917	682
917	691
917	717
917	766
917	782
917	825
917	832
917	909
918	462
918	465
918	469
918	566
918	594
918	665
918	698
918	748
918	771
918	784
918	788
918	812
918	837
918	864
918	899
918	915
918	924
918	944
918	950
918	962
918	968
918	975
918	985
918	989
919	5
919	7
919	17
919	55
919	67
919	94
919	138
919	230
919	235
919	301
919	399
919	524
919	541
919	586
919	630
919	747
919	779
919	803
919	844
919	848
919	875
919	899
919	931
919	951
920	92
920	426
920	447
920	499
920	518
920	537
920	560
920	570
920	599
920	617
920	693
920	738
920	746
920	757
920	835
920	853
920	889
920	895
920	943
920	959
920	982
920	992
920	993
920	994
921	171
921	194
921	235
921	336
921	394
921	418
921	493
921	498
921	517
921	538
921	559
921	650
921	652
921	673
921	689
921	712
921	792
921	806
921	842
921	890
921	915
921	923
921	949
921	963
921	969
922	98
922	173
922	246
922	478
922	596
922	608
922	706
922	728
922	737
922	759
922	760
922	761
922	791
922	813
922	846
922	856
922	904
922	930
922	933
922	961
922	977
922	995
922	996
922	999
922	1000
923	106
923	151
923	222
923	269
923	276
923	418
923	432
923	498
923	517
923	525
923	572
923	634
923	652
923	668
923	689
923	792
923	806
923	842
923	890
923	915
923	921
923	949
923	963
923	969
923	996
924	550
924	578
924	594
924	605
924	627
924	665
924	726
924	727
924	748
924	750
924	771
924	788
924	790
924	837
924	859
924	899
924	918
924	944
924	950
924	962
924	968
924	977
924	985
924	989
924	994
925	54
925	72
925	160
925	259
925	322
925	375
925	469
925	491
925	492
925	528
925	556
925	672
925	700
925	742
925	746
925	758
925	760
925	783
925	859
925	864
925	880
925	961
925	962
925	965
925	983
926	188
926	212
926	292
926	345
926	367
926	377
926	552
926	554
926	575
926	581
926	591
926	626
926	639
926	646
926	663
926	729
926	739
926	762
926	818
926	893
926	927
926	931
926	934
926	939
926	973
926	978
927	57
927	188
927	291
927	292
927	385
927	419
927	463
927	581
927	591
927	621
927	635
927	639
927	646
927	739
927	762
927	818
927	863
927	867
927	878
927	893
927	926
927	931
927	934
927	972
927	973
927	977
928	30
928	49
928	234
928	254
928	296
928	323
928	389
928	511
928	543
928	583
928	641
928	657
928	709
928	731
928	774
928	786
928	798
928	822
928	830
928	868
928	875
928	895
928	912
928	940
928	948
928	964
929	3
929	68
929	180
929	197
929	229
929	325
929	449
929	451
929	463
929	508
929	522
929	536
929	548
929	549
929	611
929	619
929	643
929	664
929	668
929	728
929	754
929	832
929	847
929	849
929	950
929	952
930	258
930	302
930	409
930	474
930	484
930	588
930	608
930	663
930	706
930	712
930	759
930	761
930	768
930	795
930	813
930	846
930	856
930	886
930	904
930	922
930	949
930	977
930	981
930	995
930	996
930	999
931	188
931	244
931	291
931	345
931	369
931	377
931	382
931	419
931	575
931	621
931	626
931	635
931	639
931	646
931	685
931	688
931	729
931	818
931	867
931	893
931	919
931	926
931	927
931	934
931	937
931	970
931	973
932	125
932	174
932	216
932	231
932	287
932	379
932	472
932	479
932	519
932	529
932	558
932	571
932	577
932	585
932	755
932	767
932	796
932	817
932	826
932	827
932	855
932	858
932	873
932	896
932	905
932	915
932	939
933	18
933	30
933	203
933	295
933	322
933	348
933	368
933	504
933	564
933	586
933	592
933	677
933	699
933	701
933	705
933	714
933	716
933	794
933	807
933	827
933	838
933	858
933	870
933	922
933	972
933	978
933	991
934	26
934	76
934	141
934	205
934	251
934	377
934	378
934	543
934	552
934	575
934	621
934	626
934	635
934	646
934	685
934	729
934	739
934	755
934	818
934	867
934	893
934	926
934	927
934	931
934	973
934	980
934	986
935	10
935	18
935	260
935	347
935	348
935	355
935	443
935	544
935	576
935	648
935	699
935	705
935	714
935	807
935	836
935	838
935	858
935	864
935	886
935	889
935	937
935	972
935	978
935	987
935	991
935	998
935	1000
936	112
936	158
936	267
936	279
936	319
936	324
936	382
936	431
936	442
936	458
936	486
936	500
936	534
936	553
936	555
936	628
936	720
936	745
936	805
936	831
936	851
936	892
936	898
936	906
936	947
936	971
936	999
937	50
937	82
937	97
937	124
937	144
937	159
937	303
937	307
937	318
937	362
937	427
937	457
937	483
937	523
937	532
937	642
937	655
937	721
937	731
937	773
937	804
937	908
937	913
937	931
937	935
937	948
937	959
938	177
938	346
938	350
938	356
938	364
938	421
938	467
938	474
938	526
938	660
938	674
938	713
938	793
938	798
938	820
938	839
938	843
938	863
938	866
938	903
938	912
938	951
938	954
938	958
938	959
938	976
938	981
939	122
939	125
939	174
939	287
939	379
939	396
939	479
939	480
939	529
939	558
939	571
939	577
939	582
939	669
939	755
939	767
939	796
939	817
939	827
939	873
939	904
939	905
939	926
939	932
939	981
939	987
939	988
940	34
940	78
940	189
940	242
940	254
940	333
940	389
940	417
940	437
940	441
940	523
940	543
940	545
940	583
940	589
940	657
940	709
940	774
940	807
940	822
940	830
940	867
940	868
940	875
940	895
940	928
940	948
940	964
941	25
941	29
941	91
941	117
941	134
941	176
941	217
941	297
941	309
941	329
941	390
941	546
941	587
941	651
941	658
941	659
941	749
941	754
941	772
941	789
941	841
941	850
941	883
941	887
941	897
941	909
941	910
941	951
942	12
942	96
942	135
942	165
942	263
942	351
942	400
942	413
942	414
942	502
942	569
942	616
942	659
942	692
942	695
942	718
942	735
942	776
942	787
942	852
942	872
942	912
942	972
942	974
942	984
942	990
942	994
942	997
943	91
943	342
943	422
943	427
943	428
943	433
943	448
943	499
943	501
943	525
943	537
943	560
943	570
943	599
943	617
943	693
943	738
943	757
943	835
943	853
943	889
943	895
943	914
943	920
943	982
943	992
943	993
943	994
944	17
944	28
944	70
944	404
944	446
944	556
944	566
944	589
944	593
944	594
944	604
944	627
944	726
944	727
944	748
944	750
944	784
944	788
944	837
944	851
944	918
944	924
944	950
944	962
944	968
944	985
944	989
944	995
945	8
945	35
945	65
945	162
945	240
945	261
945	282
945	317
945	335
945	401
945	460
945	485
945	513
945	565
945	667
945	681
945	733
945	763
945	776
945	799
945	809
945	857
945	876
945	882
945	947
945	958
945	970
945	979
945	996
946	38
946	41
946	243
946	459
946	481
946	482
946	539
946	603
946	606
946	620
946	641
946	681
946	701
946	719
946	765
946	770
946	785
946	790
946	794
946	814
946	815
946	860
946	886
946	913
946	952
946	955
946	956
946	957
946	960
947	11
947	113
947	141
947	147
947	162
947	208
947	240
947	250
947	282
947	313
947	317
947	387
947	401
947	402
947	485
947	487
947	513
947	578
947	667
947	681
947	763
947	809
947	839
947	882
947	936
947	945
947	953
947	958
947	979
948	49
948	254
948	306
948	323
948	333
948	389
948	417
948	441
948	462
948	543
948	545
948	583
948	589
948	636
948	709
948	725
948	774
948	786
948	822
948	830
948	868
948	875
948	895
948	928
948	937
948	940
948	959
948	964
948	975
949	106
949	123
949	151
949	152
949	222
949	242
949	264
949	276
949	336
949	366
949	418
949	437
949	498
949	517
949	644
949	689
949	712
949	746
949	786
949	792
949	842
949	890
949	897
949	915
949	921
949	923
949	930
949	963
949	969
949	979
950	25
950	186
950	192
950	470
950	477
950	530
950	546
950	556
950	594
950	604
950	627
950	649
950	665
950	698
950	708
950	727
950	784
950	788
950	810
950	837
950	850
950	899
950	918
950	924
950	929
950	944
950	962
950	968
950	985
950	989
951	24
951	31
951	91
951	120
951	134
951	176
951	210
951	217
951	309
951	329
951	358
951	390
951	437
951	546
951	587
951	651
951	658
951	700
951	749
951	772
951	789
951	850
951	883
951	897
951	909
951	919
951	938
951	941
951	981
951	991
952	182
952	226
952	243
952	247
952	270
952	285
952	352
952	393
952	459
952	505
952	557
952	579
952	641
952	704
952	719
952	723
952	736
952	765
952	770
952	814
952	815
952	835
952	891
952	929
952	946
952	955
952	956
952	957
952	960
952	970
953	49
953	71
953	119
953	145
953	245
953	280
953	337
953	365
953	384
953	393
953	404
953	405
953	507
953	512
953	547
953	551
953	590
953	601
953	622
953	625
953	680
953	694
953	851
953	900
953	909
953	947
953	967
953	975
953	977
953	987
953	988
954	102
954	108
954	110
954	145
954	213
954	315
954	346
954	421
954	430
954	436
954	467
954	474
954	574
954	616
954	660
954	674
954	713
954	737
954	748
954	793
954	798
954	839
954	863
954	866
954	877
954	903
954	913
954	938
954	959
954	976
954	981
955	4
955	16
955	183
955	209
955	247
955	352
955	459
955	567
955	598
955	603
955	606
955	656
955	701
955	719
955	765
955	782
955	790
955	801
955	815
955	816
955	860
955	869
955	886
955	891
955	946
955	952
955	956
955	957
955	960
955	970
955	989
955	995
956	15
956	16
956	87
956	209
956	247
956	334
956	367
956	481
956	524
956	539
956	603
956	620
956	638
956	640
956	701
956	704
956	719
956	736
956	770
956	785
956	790
956	814
956	815
956	860
956	867
956	891
956	946
956	952
956	955
956	960
956	970
956	1000
957	225
957	226
957	243
957	247
957	272
957	334
957	367
957	481
957	598
957	610
957	617
957	620
957	641
957	701
957	704
957	723
957	736
957	770
957	785
957	790
957	815
957	879
957	886
957	891
957	901
957	946
957	952
957	955
957	960
957	970
957	993
957	1000
958	26
958	35
958	65
958	147
958	208
958	250
958	254
958	261
958	282
958	317
958	387
958	401
958	402
958	485
958	487
958	513
958	565
958	578
958	667
958	681
958	733
958	763
958	799
958	809
958	882
958	913
958	938
958	945
958	947
958	977
958	979
958	980
958	984
959	131
959	167
959	213
959	289
959	315
959	356
959	364
959	412
959	421
959	526
959	574
959	593
959	660
959	674
959	713
959	736
959	737
959	789
959	793
959	798
959	820
959	823
959	839
959	863
959	866
959	903
959	920
959	937
959	938
959	948
959	954
959	976
959	981
960	16
960	214
960	367
960	370
960	539
960	557
960	567
960	579
960	606
960	701
960	704
960	708
960	719
960	726
960	736
960	770
960	785
960	790
960	796
960	814
960	845
960	860
960	886
960	891
960	906
960	915
960	946
960	952
960	955
960	956
960	957
960	964
960	970
961	23
961	85
961	163
961	173
961	461
961	484
961	540
961	557
961	580
961	588
961	608
961	653
961	663
961	692
961	706
961	752
961	759
961	761
961	768
961	791
961	795
961	813
961	817
961	846
961	852
961	856
961	904
961	922
961	925
961	974
961	977
961	995
961	996
961	999
962	28
962	64
962	192
962	236
962	329
962	455
962	462
962	530
962	550
962	566
962	604
962	605
962	665
962	698
962	726
962	727
962	748
962	750
962	771
962	784
962	823
962	837
962	859
962	899
962	918
962	924
962	925
962	944
962	950
962	968
962	974
962	985
962	989
962	997
963	106
963	120
963	123
963	152
963	171
963	222
963	264
963	269
963	276
963	336
963	366
963	394
963	418
963	437
963	509
963	559
963	572
963	652
963	689
963	712
963	767
963	772
963	790
963	792
963	798
963	806
963	842
963	890
963	915
963	921
963	923
963	949
963	969
963	988
964	30
964	34
964	49
964	78
964	254
964	306
964	323
964	389
964	417
964	441
964	511
964	540
964	543
964	545
964	583
964	589
964	657
964	709
964	717
964	764
964	774
964	786
964	822
964	830
964	835
964	845
964	868
964	875
964	895
964	928
964	940
964	948
964	960
964	998
965	19
965	20
965	72
965	105
965	122
965	259
965	293
965	304
965	325
965	330
965	410
965	429
965	438
965	444
965	450
965	454
965	469
965	491
965	492
965	502
965	553
965	672
965	700
965	746
965	758
965	760
965	783
965	857
965	859
965	877
965	880
965	902
965	904
965	925
965	983
965	1000
966	37
966	53
966	62
966	80
966	87
966	179
966	211
966	224
966	237
966	248
966	281
966	310
966	326
966	339
966	423
966	446
966	466
966	471
966	475
966	500
966	503
966	535
966	554
966	647
966	686
966	707
966	757
966	777
966	802
966	811
966	841
966	902
966	916
966	967
966	985
966	996
967	53
967	62
967	80
967	87
967	111
967	136
967	179
967	211
967	224
967	237
967	248
967	281
967	283
967	310
967	326
967	339
967	423
967	446
967	466
967	471
967	475
967	500
967	503
967	535
967	600
967	639
967	688
967	707
967	777
967	811
967	813
967	841
967	902
967	905
967	916
967	953
967	966
968	51
968	168
968	169
968	186
968	192
968	465
968	470
968	477
968	530
968	550
968	556
968	557
968	593
968	594
968	604
968	605
968	665
968	671
968	698
968	708
968	745
968	748
968	750
968	762
968	771
968	784
968	788
968	837
968	899
968	918
968	924
968	944
968	950
968	962
968	985
968	989
968	994
969	29
969	123
969	151
969	152
969	171
969	194
969	222
969	242
969	264
969	269
969	276
969	336
969	366
969	418
969	437
969	498
969	517
969	559
969	572
969	645
969	652
969	674
969	689
969	712
969	766
969	792
969	806
969	842
969	890
969	915
969	921
969	923
969	949
969	963
969	971
969	978
969	996
970	4
970	15
970	225
970	286
970	352
970	370
970	445
970	459
970	481
970	539
970	557
970	567
970	598
970	603
970	606
970	620
970	641
970	701
970	704
970	719
970	723
970	737
970	765
970	785
970	814
970	815
970	851
970	860
970	869
970	886
970	891
970	931
970	945
970	952
970	955
970	956
970	957
970	960
971	47
971	83
971	109
971	112
971	121
971	158
971	267
971	279
971	319
971	324
971	382
971	403
971	431
971	442
971	445
971	452
971	458
971	482
971	486
971	497
971	515
971	534
971	553
971	555
971	628
971	705
971	720
971	730
971	745
971	805
971	831
971	861
971	892
971	906
971	936
971	969
971	985
971	988
972	18
972	68
972	131
972	149
972	260
972	277
972	316
972	341
972	363
972	395
972	397
972	453
972	489
972	592
972	624
972	648
972	696
972	702
972	705
972	714
972	794
972	807
972	828
972	829
972	836
972	844
972	845
972	858
972	864
972	865
972	927
972	933
972	935
972	942
972	978
972	991
972	998
972	1000
973	36
973	95
973	141
973	197
973	244
973	251
973	345
973	377
973	378
973	385
973	419
973	492
973	552
973	554
973	575
973	581
973	591
973	621
973	626
973	639
973	646
973	655
973	685
973	696
973	738
973	739
973	762
973	766
973	818
973	867
973	893
973	926
973	927
973	931
973	934
973	989
973	998
973	999
974	1
974	33
974	60
974	79
974	129
974	165
974	166
974	218
974	263
974	351
974	381
974	391
974	413
974	562
974	569
974	616
974	620
974	659
974	661
974	683
974	692
974	718
974	776
974	779
974	812
974	835
974	845
974	850
974	852
974	872
974	905
974	912
974	942
974	961
974	962
974	984
974	990
974	991
974	997
975	119
975	149
975	153
975	198
975	280
975	282
975	286
975	337
975	338
975	359
975	365
975	371
975	392
975	393
975	404
975	405
975	415
975	434
975	435
975	506
975	507
975	547
975	551
975	568
975	622
975	638
975	680
975	694
975	724
975	851
975	900
975	912
975	918
975	948
975	953
975	987
975	988
975	990
975	992
976	101
976	110
976	127
976	145
976	167
976	213
976	273
976	289
976	315
976	356
976	364
976	412
976	421
976	430
976	467
976	526
976	574
976	584
976	660
976	674
976	713
976	737
976	793
976	798
976	799
976	820
976	839
976	863
976	866
976	903
976	938
976	954
976	959
976	979
976	980
976	981
976	989
976	994
976	1000
977	9
977	22
977	191
977	246
977	258
977	302
977	340
977	426
977	432
977	439
977	478
977	540
977	580
977	588
977	596
977	608
977	653
977	663
977	706
977	752
977	759
977	761
977	768
977	777
977	795
977	846
977	856
977	904
977	922
977	924
977	927
977	930
977	953
977	958
977	961
977	989
977	995
977	996
977	999
978	10
978	13
978	44
978	51
978	52
978	154
978	204
978	228
978	300
978	348
978	368
978	395
978	489
978	504
978	544
978	564
978	569
978	592
978	624
978	633
978	648
978	677
978	696
978	697
978	714
978	794
978	807
978	858
978	864
978	865
978	870
978	898
978	926
978	933
978	935
978	969
978	972
978	991
978	998
978	1000
979	11
979	35
979	65
979	113
979	147
979	162
979	208
979	240
979	250
979	257
979	261
979	282
979	335
979	387
979	401
979	402
979	460
979	485
979	487
979	513
979	520
979	545
979	565
979	578
979	667
979	681
979	733
979	763
979	799
979	809
979	828
979	847
979	860
979	882
979	899
979	945
979	947
979	949
979	958
979	976
980	47
980	59
980	90
980	126
980	155
980	164
980	181
980	184
980	189
980	207
980	299
980	349
980	406
980	424
980	521
980	524
980	552
980	573
980	602
980	609
980	613
980	637
980	684
980	688
980	703
980	724
980	739
980	753
980	781
980	823
980	829
980	833
980	843
980	848
980	885
980	934
980	958
980	976
980	986
980	993
981	101
981	102
981	110
981	127
981	167
981	200
981	289
981	315
981	346
981	350
981	356
981	412
981	421
981	430
981	467
981	474
981	492
981	526
981	570
981	574
981	660
981	674
981	713
981	737
981	759
981	793
981	798
981	820
981	839
981	863
981	866
981	903
981	930
981	938
981	939
981	951
981	954
981	959
981	976
981	996
982	14
982	63
982	81
982	116
982	201
982	215
982	257
982	398
982	402
982	408
982	419
982	422
982	426
982	428
982	433
982	435
982	447
982	494
982	499
982	501
982	525
982	534
982	537
982	560
982	570
982	599
982	617
982	693
982	738
982	740
982	757
982	787
982	835
982	853
982	869
982	889
982	920
982	943
982	992
982	993
982	994
983	19
983	20
983	54
983	105
983	160
983	259
983	293
983	294
983	304
983	322
983	330
983	361
983	375
983	410
983	429
983	438
983	444
983	450
983	454
983	469
983	491
983	492
983	502
983	583
983	672
983	697
983	700
983	746
983	758
983	760
983	778
983	783
983	815
983	854
983	859
983	877
983	880
983	905
983	925
983	965
983	991
984	60
984	79
984	107
984	116
984	165
984	166
984	168
984	187
984	218
984	221
984	328
984	351
984	355
984	414
984	459
984	488
984	562
984	569
984	616
984	625
984	634
984	659
984	661
984	683
984	692
984	735
984	759
984	766
984	776
984	787
984	795
984	812
984	845
984	852
984	877
984	912
984	942
984	958
984	974
984	989
984	990
984	997
985	28
985	51
985	64
985	70
985	138
985	236
985	303
985	462
985	465
985	470
985	477
985	510
985	530
985	550
985	556
985	563
985	566
985	604
985	605
985	627
985	665
985	698
985	708
985	726
985	727
985	748
985	750
985	784
985	788
985	837
985	848
985	899
985	910
985	918
985	924
985	944
985	950
985	962
985	966
985	968
985	971
985	989
986	22
986	47
986	59
986	88
986	126
986	146
986	155
986	164
986	189
986	207
986	299
986	347
986	349
986	406
986	424
986	436
986	521
986	524
986	533
986	542
986	573
986	602
986	609
986	613
986	637
986	684
986	688
986	703
986	704
986	721
986	724
986	753
986	781
986	823
986	828
986	829
986	843
986	870
986	885
986	895
986	934
986	980
986	990
987	39
987	71
987	153
987	198
987	199
987	245
987	255
987	286
987	308
987	331
987	337
987	342
987	359
987	365
987	393
987	404
987	405
987	415
987	418
987	506
987	507
987	512
987	514
987	547
987	568
987	590
987	601
987	622
987	625
987	638
987	680
987	683
987	694
987	785
987	851
987	855
987	900
987	935
987	939
987	953
987	975
987	988
987	990
988	39
988	71
988	119
988	125
988	153
988	245
988	255
988	280
988	286
988	308
988	331
988	337
988	359
988	371
988	384
988	392
988	404
988	434
988	507
988	512
988	547
988	551
988	568
988	590
988	601
988	622
988	625
988	638
988	680
988	694
988	848
988	851
988	862
988	881
988	884
988	898
988	900
988	939
988	953
988	963
988	971
988	975
988	987
989	28
989	51
989	64
989	70
989	186
989	192
989	236
989	317
989	327
989	462
989	465
989	470
989	477
989	486
989	521
989	530
989	550
989	556
989	566
989	593
989	627
989	665
989	698
989	708
989	726
989	748
989	750
989	771
989	784
989	788
989	837
989	899
989	918
989	924
989	944
989	950
989	955
989	962
989	968
989	973
989	976
989	977
989	984
989	985
990	1
990	12
990	60
990	116
990	129
990	135
990	165
990	168
990	187
990	221
990	263
990	328
990	381
990	391
990	413
990	488
990	562
990	569
990	613
990	616
990	634
990	659
990	661
990	683
990	718
990	735
990	754
990	776
990	787
990	794
990	812
990	813
990	822
990	837
990	845
990	872
990	912
990	942
990	974
990	975
990	984
990	986
990	987
990	997
991	32
991	42
991	46
991	69
991	131
991	167
991	185
991	201
991	204
991	298
991	300
991	363
991	397
991	440
991	443
991	504
991	549
991	576
991	592
991	633
991	648
991	677
991	696
991	705
991	716
991	794
991	801
991	807
991	808
991	836
991	838
991	858
991	865
991	870
991	891
991	933
991	935
991	951
991	972
991	974
991	978
991	983
991	998
991	1000
992	2
992	8
992	14
992	63
992	81
992	115
992	140
992	203
992	257
992	349
992	398
992	408
992	422
992	426
992	428
992	433
992	435
992	447
992	494
992	499
992	501
992	525
992	528
992	537
992	560
992	570
992	599
992	617
992	646
992	693
992	709
992	738
992	757
992	793
992	835
992	853
992	858
992	867
992	889
992	920
992	943
992	975
992	982
992	993
992	994
993	2
993	7
993	8
993	14
993	61
993	81
993	115
993	140
993	215
993	257
993	398
993	408
993	422
993	426
993	428
993	433
993	435
993	447
993	494
993	499
993	501
993	506
993	525
993	537
993	560
993	570
993	599
993	617
993	693
993	738
993	757
993	803
993	835
993	845
993	849
993	853
993	889
993	920
993	943
993	957
993	980
993	982
993	992
993	994
993	997
994	2
994	8
994	14
994	63
994	81
994	115
994	140
994	172
994	206
994	215
994	257
994	398
994	408
994	422
994	426
994	428
994	433
994	435
994	447
994	494
994	499
994	501
994	525
994	537
994	560
994	570
994	599
994	617
994	673
994	693
994	738
994	756
994	757
994	835
994	853
994	889
994	920
994	924
994	942
994	943
994	968
994	976
994	982
994	992
994	993
994	999
995	9
995	11
995	85
995	98
995	117
995	128
995	172
995	173
995	191
995	246
995	258
995	277
995	288
995	340
995	461
995	478
995	484
995	540
995	580
995	584
995	588
995	596
995	605
995	608
995	653
995	663
995	706
995	752
995	759
995	761
995	768
995	795
995	813
995	838
995	846
995	853
995	856
995	904
995	922
995	930
995	944
995	955
995	961
995	977
995	996
995	999
996	23
996	85
996	128
996	172
996	191
996	258
996	288
996	302
996	340
996	409
996	432
996	461
996	478
996	484
996	540
996	580
996	596
996	608
996	619
996	653
996	663
996	691
996	706
996	745
996	752
996	759
996	761
996	768
996	791
996	795
996	813
996	846
996	856
996	868
996	904
996	922
996	923
996	930
996	945
996	961
996	966
996	969
996	977
996	981
996	995
996	999
997	1
997	12
997	79
997	107
997	135
997	168
997	187
997	218
997	221
997	263
997	290
997	328
997	381
997	391
997	413
997	414
997	488
997	562
997	569
997	616
997	634
997	659
997	661
997	674
997	680
997	683
997	692
997	718
997	735
997	774
997	776
997	787
997	812
997	845
997	852
997	872
997	878
997	903
997	912
997	942
997	962
997	974
997	984
997	990
997	993
997	998
998	42
998	66
998	69
998	70
998	82
998	143
998	227
998	260
998	295
998	298
998	316
998	341
998	355
998	395
998	397
998	440
998	453
998	489
998	504
998	544
998	564
998	618
998	633
998	663
998	696
998	699
998	702
998	716
998	797
998	806
998	807
998	830
998	836
998	838
998	858
998	864
998	865
998	870
998	935
998	964
998	972
998	973
998	978
998	991
998	997
998	1000
999	9
999	22
999	23
999	93
999	98
999	128
999	172
999	173
999	191
999	246
999	288
999	302
999	340
999	409
999	432
999	461
999	466
999	478
999	484
999	541
999	580
999	588
999	596
999	653
999	663
999	703
999	706
999	752
999	759
999	761
999	768
999	772
999	780
999	791
999	795
999	813
999	856
999	904
999	922
999	930
999	936
999	961
999	973
999	977
999	994
999	995
999	996
1000	42
1000	52
1000	143
1000	201
1000	203
1000	204
1000	260
1000	277
1000	295
1000	298
1000	363
1000	397
1000	440
1000	453
1000	489
1000	504
1000	520
1000	576
1000	618
1000	624
1000	633
1000	696
1000	699
1000	702
1000	714
1000	716
1000	718
1000	794
1000	807
1000	818
1000	836
1000	838
1000	858
1000	864
1000	865
1000	870
1000	908
1000	922
1000	935
1000	956
1000	957
1000	965
1000	972
1000	976
1000	978
1000	991
1000	998
