0 614
0 928
0 949
0 991
614 71
614 680
614 749
614 799
614 850
614 883
614 907
928 252
928 256
928 290
928 302
928 324
928 368
928 482
928 506
928 539
928 592
928 619
928 623
928 681
928 751
928 802
928 836
928 849
928 869
928 881
928 899
928 903
928 935
928 949
928 988
928 991
949 108
949 252
949 256
949 360
949 398
949 420
949 482
949 514
949 539
949 611
949 613
949 640
949 672
949 681
949 751
949 836
949 869
949 881
949 899
949 903
949 927
949 944
949 978
949 988
949 989
949 991
949 996
991 52
991 83
991 97
991 108
991 217
991 252
991 256
991 290
991 324
991 360
991 368
991 375
991 398
991 399
991 445
991 447
991 482
991 514
991 539
991 556
991 592
991 611
991 613
991 619
991 623
991 640
991 672
991 681
991 685
991 687
991 751
991 768
991 802
991 836
991 858
991 869
991 881
991 899
991 903
991 947
991 988
71 993
71 642
71 907
680 993
680 41
680 57
680 358
680 416
680 481
680 759
680 807
680 883
749 832
749 993
749 907
749 637
749 753
749 807
749 883
749 759
749 809
749 219
749 799
799 654
799 980
799 850
799 965
799 489
799 807
799 883
799 759
799 829
799 227
799 583
799 665
850 654
850 832
850 993
850 959
850 41
850 77
850 203
850 364
850 444
850 583
850 638
850 809
850 860
850 883
850 907
850 967
883 908
883 832
883 993
883 901
883 638
883 907
883 637
883 218
883 129
883 489
883 300
883 665
883 750
883 759
883 777
883 809
907 654
907 832
907 993
907 986
907 964
907 99
907 144
907 147
907 248
907 300
907 428
907 444
907 572
907 637
907 665
907 759
907 807
907 826
252 988
252 993
256 988
256 773
290 988
290 180
290 368
302 896
302 921
302 954
302 653
324 988
324 852
324 903
368 988
368 266
482 988
482 51
482 685
482 903
506 994
506 933
506 120
506 461
506 616
506 717
539 988
539 869
539 921
539 528
592 988
592 869
592 905
592 836
592 881
592 751
619 988
619 869
619 540
619 964
619 899
619 685
623 988
623 726
623 903
623 899
623 881
623 398
681 988
681 869
681 836
681 926
681 102
681 881
681 899
751 988
751 999
751 869
751 573
751 640
751 881
751 556
751 613
802 871
802 969
802 669
802 864
802 975
802 724
802 873
802 839
802 777
802 854
802 886
802 646
836 974
836 988
836 97
836 108
836 464
836 514
836 611
836 640
836 662
836 685
836 881
836 899
849 989
849 30
849 113
849 187
849 266
849 275
849 276
849 439
849 449
849 491
849 517
849 569
849 620
849 708
849 729
849 862
849 941
869 988
869 19
869 211
869 445
869 447
869 672
869 806
869 818
869 881
869 899
869 903
881 988
881 976
881 977
881 903
881 899
881 347
881 514
881 556
881 611
881 685
881 686
899 988
899 933
899 937
899 903
899 445
899 897
899 143
899 205
899 447
899 556
899 611
899 613
899 672
899 685
903 996
903 988
903 968
903 83
903 217
903 238
903 419
903 447
903 611
903 613
903 640
903 672
903 685
903 920
935 62
935 726
935 853
935 92
935 98
935 152
935 154
935 160
935 162
935 291
935 327
935 337
935 350
935 417
935 442
935 457
935 465
935 490
935 516
935 544
935 573
935 652
935 773
935 788
935 794
935 833
988 885
988 9
988 40
988 83
988 97
988 217
988 360
988 398
988 445
988 447
988 514
988 556
988 599
988 611
988 613
988 635
988 640
988 672
988 685
988 765
988 784
988 876
988 904
108 940
360 424
360 672
398 632
398 640
420 994
420 740
420 977
420 503
420 717
514 992
514 983
611 983
613 970
613 975
640 821
640 163
672 939
672 880
672 556
927 901
927 938
927 575
927 718
927 986
927 709
927 820
927 944
927 964
927 56
927 114
927 125
927 130
927 273
927 455
927 462
927 494
927 713
927 746
927 774
927 785
927 813
927 861
927 948
927 978
944 843
944 575
944 718
944 986
944 50
944 125
944 141
944 339
944 453
944 462
944 463
944 494
944 545
944 620
944 624
944 657
944 713
944 746
944 764
944 785
944 823
944 856
944 861
944 915
944 918
944 978
978 998
978 575
978 718
978 986
978 709
978 820
978 964
978 821
978 785
978 204
978 81
978 774
978 130
978 273
978 299
978 356
978 400
978 421
978 453
978 462
978 463
978 467
978 545
978 624
978 657
978 713
978 716
978 746
978 817
978 822
978 823
978 861
978 873
978 906
978 918
989 979
989 11
989 960
989 971
989 25
989 53
989 54
989 61
989 73
989 100
989 118
989 151
989 171
989 193
989 197
989 262
989 270
989 335
989 344
989 361
989 385
989 431
989 454
989 480
989 483
989 484
989 492
989 502
989 579
989 595
989 615
989 629
989 741
989 746
989 761
989 769
989 772
989 796
989 840
989 905
989 911
996 6
996 934
996 20
996 49
996 123
996 161
996 166
996 179
996 183
996 197
996 199
996 209
996 239
996 241
996 254
996 257
996 321
996 342
996 430
996 448
996 464
996 528
996 546
996 562
996 563
996 667
996 668
996 670
996 688
996 718
996 744
996 795
996 800
996 801
996 829
996 860
996 875
996 889
996 891
996 906
996 909
996 939
996 947
996 948
996 958
52 755
52 767
52 846
83 961
97 942
217 957
375 959
375 963
375 824
375 888
399 987
399 921
399 983
399 954
399 827
445 93
445 782
447 690
556 495
685 931
685 879
687 997
687 939
687 953
687 919
687 880
687 890
687 627
687 858
687 580
768 963
768 755
768 846
768 787
768 793
768 826
768 797
768 195
768 327
768 387
768 504
768 730
858 981
858 987
858 909
858 980
858 931
858 997
858 968
858 967
858 939
858 953
858 919
858 498
858 868
858 890
858 663
858 721
947 843
947 407
947 934
947 889
947 34
947 430
947 875
947 49
947 123
947 179
947 257
947 342
947 668
947 670
947 688
947 795
947 800
947 801
947 813
947 829
947 860
947 891
947 906
947 926
947 958
947 964
1 735
1 908
1 979
1 984
735 137
735 336
735 603
735 631
735 656
735 732
735 826
735 879
735 937
735 951
735 992
908 64
908 313
908 388
908 486
908 527
908 548
908 555
908 601
908 642
908 651
908 658
908 716
908 731
908 791
908 874
908 911
908 959
908 979
908 980
908 984
908 990
979 15
979 67
979 131
979 142
979 145
979 177
979 200
979 208
979 222
979 313
979 315
979 355
979 388
979 401
979 418
979 439
979 486
979 497
979 519
979 527
979 548
979 555
979 601
979 651
979 658
979 698
979 706
979 731
979 791
979 867
979 874
979 906
979 911
979 970
979 973
979 980
979 984
979 986
984 15
984 67
984 131
984 142
984 145
984 158
984 177
984 200
984 222
984 315
984 355
984 388
984 401
984 418
984 486
984 497
984 527
984 548
984 555
984 601
984 636
984 642
984 651
984 658
984 682
984 698
984 706
984 731
984 790
984 791
984 874
984 902
984 911
984 931
984 932
984 936
984 980
984 994
137 937
137 105
137 737
336 973
336 951
336 937
336 811
603 971
603 951
603 879
603 737
603 180
603 631
603 711
631 723
631 951
631 937
631 542
631 811
631 779
631 671
656 951
656 937
656 879
656 625
656 793
656 811
656 809
656 671
732 723
732 951
732 937
732 819
732 705
732 477
732 352
732 566
732 671
732 711
826 755
826 767
826 846
826 965
826 85
826 106
826 787
826 793
826 113
826 387
826 446
826 504
826 730
879 951
879 937
879 37
879 819
879 146
879 425
879 477
879 542
879 585
879 671
879 710
879 711
879 737
879 764
879 792
879 811
937 946
937 540
937 723
937 951
937 31
937 37
937 86
937 124
937 180
937 247
937 262
937 425
937 625
937 671
937 711
937 737
937 811
937 819
937 859
951 27
951 723
951 110
951 124
951 247
951 285
951 306
951 352
951 424
951 542
951 585
951 600
951 625
951 671
951 711
951 811
951 819
951 882
951 911
951 926
951 929
992 973
992 14
992 924
992 44
992 46
992 48
992 105
992 155
992 211
992 229
992 233
992 264
992 281
992 400
992 443
992 485
992 518
992 531
992 534
992 541
992 549
992 559
992 581
992 596
992 702
992 703
992 734
992 762
992 780
992 783
992 814
992 842
992 851
992 865
992 889
992 893
992 895
992 904
992 906
992 916
992 917
992 995
992 998
64 353
64 635
64 783
313 980
313 811
313 911
388 980
388 714
388 874
486 980
486 905
486 519
486 911
527 980
527 478
527 911
527 874
548 980
548 954
548 911
548 401
555 980
555 892
555 911
555 874
601 980
601 698
601 844
601 874
601 497
642 980
642 287
642 355
642 731
642 791
642 911
651 980
651 956
651 791
651 911
651 874
651 658
658 914
658 980
658 701
658 911
658 874
716 812
716 997
716 718
716 986
716 709
716 299
716 339
716 817
716 861
731 980
731 706
731 791
731 781
731 242
731 650
731 911
791 985
791 980
791 698
791 912
791 706
791 194
791 497
791 911
874 980
874 698
874 932
874 878
874 706
874 873
874 519
874 911
874 315
874 401
874 710
911 924
911 980
911 698
911 842
911 643
911 706
911 418
911 497
959 863
959 20
959 938
959 43
959 58
959 74
959 153
959 168
959 210
959 232
959 260
959 437
959 451
959 483
959 496
959 608
959 624
959 634
959 661
959 671
959 675
959 710
959 813
959 824
959 859
959 888
959 894
959 936
959 963
959 966
980 981
980 15
980 67
980 142
980 145
980 158
980 177
980 200
980 222
980 315
980 329
980 355
980 401
980 418
980 497
980 519
980 698
980 706
980 929
980 936
980 958
980 967
990 976
990 982
990 999
990 825
990 31
990 962
990 66
990 68
990 94
990 163
990 192
990 236
990 243
990 310
990 329
990 382
990 386
990 414
990 500
990 501
990 509
990 512
990 561
990 564
990 577
990 584
990 594
990 597
990 632
990 645
990 677
990 692
990 720
990 725
990 755
990 763
990 767
990 803
990 810
990 942
990 948
990 950
990 968
15 320
67 344
131 661
131 706
142 489
145 278
177 321
200 926
208 867
208 719
208 792
222 372
315 453
355 934
401 993
418 945
418 738
439 862
439 175
439 529
439 729
497 970
519 698
519 816
519 286
698 24
698 167
706 707
706 163
706 409
867 828
867 896
867 922
867 111
867 271
867 316
867 479
867 618
867 694
867 711
867 729
867 750
867 752
867 765
867 898
867 954
867 983
906 863
906 889
906 871
906 875
906 860
906 801
906 891
906 958
906 829
906 179
906 241
906 342
906 546
906 668
906 688
906 744
906 795
906 800
970 655
970 413
970 59
970 87
970 599
970 948
970 60
970 103
970 140
970 249
970 259
970 272
970 318
970 319
970 326
970 419
970 465
970 509
970 532
970 537
970 547
970 552
970 571
970 590
970 660
970 667
970 669
970 748
970 762
970 876
970 882
970 918
970 932
973 10
973 28
973 44
973 70
973 155
973 157
973 229
973 261
973 264
973 312
973 406
973 504
973 531
973 534
973 549
973 558
973 596
973 633
973 702
973 703
973 748
973 782
973 806
973 814
973 865
973 893
973 895
973 904
973 916
973 917
973 924
973 995
973 998
986 981
986 885
986 29
986 682
986 56
986 81
986 114
986 141
986 148
986 309
986 338
986 356
986 440
986 453
986 455
986 463
986 476
986 494
986 545
986 568
986 624
986 657
986 667
986 709
986 713
986 746
986 774
986 785
986 817
986 820
986 822
986 823
986 870
986 875
986 893
986 918
986 964
158 994
158 382
636 728
636 411
636 776
636 841
636 783
636 733
636 308
636 265
682 29
682 338
682 713
682 785
682 794
682 822
682 823
682 918
790 999
790 929
790 912
790 969
790 478
790 789
790 172
790 421
790 554
790 777
790 854
790 902
790 975
902 845
902 871
902 912
902 913
902 969
902 967
902 922
902 870
902 349
902 975
902 873
902 806
902 920
902 291
902 488
902 526
902 550
902 641
902 746
902 777
902 886
931 981
931 644
931 987
931 909
931 985
931 22
931 55
931 65
931 498
931 523
931 567
931 607
931 659
931 663
931 697
931 721
931 808
931 868
931 880
931 890
931 919
931 939
931 953
931 997
932 655
932 413
932 599
932 948
932 60
932 178
932 249
932 259
932 311
932 369
932 417
932 419
932 509
932 532
932 537
932 547
932 552
932 590
932 660
932 667
932 734
932 759
932 876
932 882
936 938
936 963
936 831
936 962
936 808
936 626
936 894
936 813
936 824
936 661
936 153
936 888
936 429
936 437
936 451
936 475
936 483
936 496
936 507
936 608
936 634
936 710
936 805
936 859
994 4
994 843
994 955
994 24
994 75
994 91
994 120
994 121
994 190
994 226
994 245
994 251
994 258
994 284
994 287
994 317
994 343
994 390
994 405
994 452
994 493
994 503
994 587
994 648
994 655
994 664
994 669
994 700
994 715
994 717
994 739
994 740
994 753
994 754
994 863
994 872
994 913
994 933
994 942
994 963
994 969
994 977
2 36
2 756
2 812
2 981
36 473
36 786
36 961
756 366
756 674
756 678
756 786
756 805
756 808
756 905
756 925
756 943
756 968
756 975
812 84
812 518
812 574
812 598
812 610
812 758
812 805
812 905
812 925
812 943
812 968
812 972
812 985
981 7
981 10
981 22
981 65
981 156
981 194
981 201
981 223
981 323
981 330
981 331
981 346
981 354
981 374
981 378
981 427
981 438
981 452
981 469
981 521
981 523
981 604
981 644
981 659
981 736
981 848
981 868
981 880
981 890
981 909
981 919
981 939
981 953
981 987
981 997
981 998
473 515
473 844
473 855
473 965
473 972
786 11
786 304
786 505
786 542
786 574
786 742
786 784
786 925
786 943
786 961
786 968
786 985
961 993
961 971
961 985
961 21
961 943
961 40
961 72
961 76
961 89
961 212
961 274
961 304
961 370
961 394
961 505
961 520
961 551
961 598
961 610
961 674
961 678
961 690
961 742
961 752
961 758
961 805
961 808
961 844
961 905
961 940
961 968
366 909
366 997
366 939
366 890
674 985
674 852
674 943
674 968
674 950
674 805
674 742
674 574
678 985
678 38
678 89
678 381
678 659
678 742
678 808
678 968
805 985
805 943
805 758
805 505
805 968
805 897
805 322
805 444
805 742
808 985
808 943
808 40
808 393
808 436
808 610
808 648
808 905
808 925
808 968
905 985
905 943
905 968
905 925
905 54
905 212
905 235
905 358
905 393
905 394
905 436
905 491
905 520
905 610
905 690
905 742
925 985
925 84
925 943
925 968
925 47
925 297
925 76
925 104
925 235
925 322
925 370
925 436
925 487
925 520
925 574
925 610
925 679
925 690
925 742
925 780
925 838
943 999
943 21
943 38
943 45
943 47
943 72
943 89
943 274
943 322
943 390
943 394
943 574
943 598
943 634
943 690
943 702
943 758
943 846
943 968
968 985
968 598
968 758
968 40
968 45
968 74
968 152
968 235
968 297
968 322
968 370
968 393
968 394
968 436
968 520
968 551
968 574
968 645
968 690
968 742
968 810
975 605
975 630
975 845
975 871
975 929
975 912
975 913
975 969
975 569
975 478
975 789
975 606
975 864
975 191
975 220
975 333
975 488
975 526
975 554
975 560
975 572
975 622
975 641
975 720
975 724
975 775
975 806
975 827
975 839
975 854
975 886
975 920
84 21
84 625
518 998
518 995
518 895
518 260
518 865
574 985
574 365
598 985
598 33
598 690
598 956
610 985
610 917
610 810
758 985
758 962
758 33
758 304
758 546
758 551
758 742
972 701
972 221
972 726
972 515
972 745
972 844
972 878
972 65
972 133
972 201
972 219
972 240
972 280
972 325
972 345
972 377
972 383
972 409
972 414
972 524
972 536
972 538
972 563
972 586
972 594
972 617
972 627
972 633
972 639
972 691
972 779
972 816
972 915
972 965
985 987
985 14
985 21
985 33
985 38
985 45
985 47
985 72
985 89
985 189
985 212
985 235
985 274
985 297
985 304
985 358
985 370
985 374
985 394
985 436
985 479
985 505
985 551
985 690
985 742
985 795
985 852
7 644
7 930
7 987
10 987
10 909
22 575
22 997
65 523
156 904
156 997
156 939
194 987
194 997
201 997
201 919
223 987
223 997
223 855
323 997
323 109
323 880
323 939
330 987
330 939
330 919
330 545
331 987
331 997
331 840
331 868
346 999
346 962
346 942
346 950
354 987
354 997
354 880
354 444
374 997
374 939
374 953
378 914
378 957
378 825
378 779
427 987
427 997
427 637
427 880
427 868
438 852
438 198
438 286
438 459
438 704
452 987
452 909
452 848
452 997
469 987
469 997
469 505
469 833
469 919
521 987
521 997
521 953
521 657
521 868
521 890
523 987
523 909
523 997
523 941
604 987
604 997
604 916
604 923
604 939
604 953
604 880
644 877
644 880
644 890
644 919
644 953
644 987
659 987
659 909
659 997
659 875
659 939
659 953
736 885
736 945
736 946
736 887
736 892
736 798
736 694
736 425
736 686
736 762
736 780
848 960
848 16
848 666
848 134
848 169
848 176
848 205
848 216
848 267
848 286
848 295
848 345
848 434
848 566
848 578
848 852
868 987
868 909
868 997
868 876
868 807
868 953
868 919
868 504
868 880
868 380
868 663
868 886
868 890
880 987
880 909
880 998
880 963
880 997
880 877
880 939
880 953
880 380
880 890
890 955
890 987
890 997
890 820
890 939
890 953
890 919
890 567
890 855
890 500
890 607
890 721
909 987
909 402
909 580
909 607
909 638
909 641
909 721
909 918
909 919
909 939
909 953
909 977
909 997
919 987
919 997
919 939
919 953
919 213
919 298
919 367
919 402
919 404
919 567
919 591
919 663
919 721
919 775
939 987
939 997
939 271
939 431
939 580
939 612
939 624
939 663
939 721
939 953
953 987
953 997
953 853
953 866
953 185
953 298
953 325
953 402
953 498
953 562
953 567
953 580
953 607
953 663
953 725
987 55
987 100
987 298
987 380
987 402
987 415
987 498
987 580
987 607
987 652
987 663
987 721
987 875
987 923
987 963
987 997
997 945
997 999
997 998
997 55
997 298
997 380
997 402
997 472
997 498
997 516
997 567
997 580
997 607
997 663
997 770
997 774
997 831
997 892
998 933
998 14
998 924
998 28
998 44
998 46
998 48
998 70
998 105
998 157
998 165
998 211
998 261
998 281
998 320
998 400
998 443
998 485
998 531
998 534
998 549
998 558
998 559
998 581
998 596
998 663
998 702
998 703
998 734
998 762
998 782
998 814
998 834
998 865
998 893
998 895
998 916
998 917
998 921
998 956
998 995
3 728
3 885
3 945
3 946
728 174
728 299
728 303
728 411
728 535
728 647
728 733
728 834
728 841
885 112
885 173
885 265
885 283
885 511
885 582
885 686
885 694
885 717
885 757
885 780
885 798
885 861
885 887
885 892
885 945
885 946
945 98
945 126
945 173
945 185
945 213
945 265
945 279
945 283
945 301
945 370
945 435
945 511
945 582
945 686
945 694
945 757
945 772
945 780
945 798
945 887
945 892
945 898
945 946
946 98
946 112
946 126
946 185
946 213
946 218
946 265
946 283
946 301
946 435
946 511
946 568
946 579
946 582
946 683
946 686
946 694
946 741
946 757
946 780
946 798
946 887
946 892
174 745
174 202
174 733
299 785
299 774
303 722
303 745
303 833
303 814
411 27
411 136
411 635
411 841
535 575
535 776
535 841
535 282
535 609
535 149
647 930
647 722
647 776
647 834
647 635
647 107
647 140
647 833
733 974
733 722
733 841
733 745
733 353
733 922
733 833
733 328
834 35
834 722
834 42
834 149
834 202
834 263
834 277
834 353
834 415
834 545
834 609
834 635
834 783
841 35
841 722
841 776
841 263
841 328
841 379
841 385
841 455
841 628
841 643
841 745
841 833
112 887
112 414
173 993
173 892
265 892
283 798
283 538
511 887
511 892
511 798
511 586
582 887
582 609
582 892
582 757
582 686
686 887
686 757
686 450
686 780
694 887
694 892
694 798
694 380
694 780
717 700
717 977
717 782
717 251
717 468
717 600
717 754
757 887
757 896
757 892
757 798
757 703
757 435
757 780
780 887
780 892
780 798
780 596
798 776
798 819
798 803
798 892
798 279
861 820
861 964
861 785
861 774
861 918
861 576
861 309
861 356
861 475
861 476
861 545
861 568
861 746
887 960
887 860
887 98
887 213
887 279
887 301
887 391
887 435
887 512
887 892
892 955
892 983
892 185
892 279
892 301
892 435
892 873
126 917
126 485
279 629
301 554
435 954
772 960
772 971
772 761
772 769
772 741
772 151
772 262
772 402
772 526
772 579
772 840
898 828
898 896
898 922
898 921
898 983
898 778
898 954
898 159
898 230
898 288
898 362
898 416
898 628
898 653
898 665
898 695
898 750
898 765
898 792
898 827
898 837
218 993
218 90
568 918
568 822
568 777
568 476
579 960
579 971
579 769
579 741
579 840
683 384
683 896
683 922
683 983
683 954
683 837
683 525
683 765
683 827
741 960
741 971
741 761
741 118
741 480
741 502
741 840
741 950
4 843
4 955
4 974
843 73
843 75
843 132
843 179
843 245
843 468
843 600
843 616
843 664
843 669
843 715
843 818
843 977
955 23
955 50
955 116
955 121
955 189
955 226
955 287
955 317
955 396
955 405
955 493
955 503
955 600
955 616
955 648
955 669
955 700
955 740
955 753
955 754
955 818
955 863
955 872
955 933
955 963
955 974
974 135
974 138
974 176
974 186
974 215
974 242
974 246
974 269
974 347
974 392
974 426
974 433
974 456
974 522
974 602
974 671
974 689
974 697
974 712
974 764
974 770
974 804
974 831
974 847
974 851
974 857
974 870
974 910
974 940
974 956
974 966
974 976
73 960
73 769
75 626
75 587
132 128
132 669
132 715
245 863
245 503
245 804
468 999
468 977
468 284
468 754
600 863
600 933
600 664
600 773
616 977
616 872
616 563
616 503
616 493
664 977
664 872
664 954
664 119
664 287
664 461
664 648
669 740
669 933
669 753
669 818
715 863
715 933
715 952
715 977
715 753
715 284
715 690
715 822
818 621
818 740
818 863
818 977
818 941
818 872
818 830
818 189
818 258
818 343
818 493
977 999
977 621
977 933
977 23
977 700
977 24
977 120
977 128
977 188
977 284
977 287
977 318
977 343
977 390
977 405
977 461
977 493
977 503
977 587
977 612
977 648
977 753
977 754
977 872
977 918
977 965
23 700
23 761
50 820
50 964
116 933
116 272
116 753
121 933
121 769
189 621
226 999
226 933
317 933
317 810
317 493
396 78
396 69
396 529
396 708
396 910
405 754
405 760
405 390
493 872
503 583
648 863
648 933
648 343
648 795
700 863
700 373
700 639
700 753
700 872
740 13
740 62
740 128
740 754
740 846
740 863
740 872
753 921
753 125
753 190
753 754
754 872
754 251
754 443
754 730
863 13
863 190
863 390
863 872
863 923
863 933
863 941
872 621
872 933
872 900
872 587
872 91
872 310
872 461
872 739
872 855
933 13
933 24
933 190
933 251
933 258
933 362
933 461
933 587
933 608
933 859
933 962
963 20
963 938
963 32
963 43
963 58
963 210
963 232
963 341
963 437
963 451
963 475
963 483
963 495
963 496
963 507
963 508
963 608
963 626
963 632
963 661
963 675
963 813
963 824
963 859
963 888
963 894
135 857
135 956
135 602
138 851
138 770
138 910
176 666
176 434
186 966
186 423
186 697
215 832
215 940
215 956
242 940
242 884
242 870
246 969
246 923
246 956
246 712
269 966
269 923
269 199
269 689
347 831
347 770
347 910
392 923
392 956
392 870
392 910
392 546
426 966
426 857
426 602
426 870
426 314
433 851
433 929
433 857
433 910
433 847
456 831
456 870
456 326
456 332
456 847
522 940
522 127
522 281
522 322
522 804
522 870
602 884
602 941
602 923
602 857
602 956
671 625
671 737
689 940
689 966
689 871
689 956
689 870
689 770
689 910
689 458
697 884
697 956
697 770
697 910
697 198
697 395
697 571
712 940
712 966
712 884
712 917
712 956
712 910
712 729
712 391
712 847
764 771
764 851
764 940
764 966
764 857
764 870
764 910
764 395
764 847
770 831
770 884
770 956
770 423
770 615
770 847
770 910
804 831
804 940
804 966
804 884
804 913
804 923
804 857
804 956
804 293
804 524
804 847
831 26
831 406
831 870
831 884
831 910
831 923
831 940
831 956
831 966
847 934
847 835
847 940
847 966
847 923
847 956
847 870
847 910
847 897
847 476
851 26
851 104
851 127
851 164
851 423
851 474
851 819
851 838
851 857
851 923
851 940
851 956
851 966
857 982
857 940
857 966
857 923
857 109
857 270
857 410
857 547
857 910
857 956
870 940
870 966
870 884
870 923
870 956
870 578
870 136
870 423
910 982
910 966
910 884
910 923
910 956
910 958
910 293
910 386
910 474
910 814
940 26
940 95
940 332
940 474
940 480
940 571
940 704
940 839
940 884
940 923
940 956
940 966
956 666
956 966
956 884
956 769
956 923
956 109
956 415
956 423
956 474
956 571
966 26
966 92
966 104
966 127
966 293
966 332
966 391
966 395
966 474
966 550
966 571
966 755
966 845
966 884
966 917
966 921
966 923
976 12
976 499
976 148
976 182
976 236
976 243
976 268
976 293
976 310
976 329
976 357
976 561
976 564
976 570
976 577
976 584
976 594
976 597
976 612
976 632
976 650
976 677
976 692
976 725
976 763
976 788
976 803
976 923
976 942
976 950
976 962
976 967
976 982
976 999
91 763
91 587
120 406
251 628
258 621
258 359
284 231
343 914
390 621
587 767
587 793
655 39
655 537
655 590
655 670
655 882
655 948
739 738
739 384
739 513
739 771
739 901
739 684
739 707
739 854
739 679
739 615
913 889
913 845
913 929
913 39
913 912
913 192
913 560
913 572
913 584
913 641
913 724
913 789
913 807
913 839
913 854
913 873
913 886
913 920
913 967
913 969
942 499
942 982
942 999
942 995
942 94
942 182
942 203
942 230
942 236
942 289
942 329
942 462
942 500
942 561
942 564
942 577
942 597
942 645
942 650
942 692
942 803
942 810
942 950
969 845
969 39
969 912
969 143
969 220
969 231
969 300
969 437
969 488
969 530
969 560
969 590
969 606
969 607
969 641
969 646
969 724
969 775
969 777
969 789
969 806
969 839
969 864
969 873
969 886
969 920
969 958
969 967
5 605
5 693
5 699
5 738
605 513
605 618
605 684
605 699
605 707
605 771
693 19
693 615
693 649
693 679
693 684
693 738
693 901
693 960
693 971
699 422
699 432
699 585
699 615
699 707
699 771
699 876
699 901
738 167
738 373
738 432
738 513
738 649
738 679
738 774
738 901
513 18
513 679
513 759
513 901
618 912
618 896
618 954
618 570
618 695
618 653
684 384
684 901
684 19
684 241
684 373
684 422
684 817
707 901
707 19
707 372
707 432
707 538
707 615
707 649
771 18
771 60
771 372
771 422
771 615
771 649
771 679
771 895
771 901
615 901
649 993
649 901
649 995
649 167
649 679
679 384
679 901
679 967
901 18
901 384
901 167
901 372
901 373
901 422
901 432
901 763
901 866
901 995
960 993
960 11
960 25
960 61
960 100
960 171
960 193
960 197
960 262
960 270
960 335
960 361
960 385
960 431
960 454
960 480
960 484
960 502
960 629
960 745
960 761
960 769
960 840
960 864
960 938
960 971
971 957
971 11
971 25
971 53
971 54
971 100
971 118
971 171
971 193
971 197
971 236
971 274
971 335
971 344
971 361
971 385
971 431
971 454
971 480
971 492
971 502
971 595
971 629
971 761
971 769
971 840
971 952
971 962
422 372
422 356
432 719
432 373
585 723
585 124
585 247
585 711
585 737
876 599
876 948
876 748
876 552
876 882
876 103
876 178
876 249
876 318
876 363
876 419
876 509
876 547
876 660
876 667
774 964
774 81
774 90
774 462
774 822
774 918
6 244
6 407
6 934
244 187
244 276
244 729
244 941
407 403
407 800
407 889
407 958
934 115
934 199
934 209
934 254
934 257
934 430
934 448
934 464
934 481
934 528
934 562
934 643
934 670
934 744
934 795
934 800
934 829
934 860
934 875
934 891
934 958
934 995
187 941
187 250
276 941
276 491
276 837
729 862
729 569
729 941
729 593
729 620
729 708
941 78
941 862
941 69
941 569
941 175
941 181
941 188
941 214
941 266
941 275
941 277
941 449
941 491
941 517
941 529
941 593
941 708
941 830
941 954
403 835
403 957
403 952
403 743
403 622
800 891
800 958
800 950
800 744
800 304
800 668
800 670
800 721
800 795
889 914
889 17
889 123
889 241
889 257
889 528
889 562
889 670
889 688
889 744
889 801
889 829
889 860
889 891
889 958
958 995
958 875
958 860
958 801
958 891
958 123
958 166
958 183
958 209
958 227
958 239
958 254
958 321
958 448
958 464
958 562
958 670
958 688
958 742
958 744
958 795
958 829
115 860
115 844
115 891
199 801
209 567
254 860
254 237
257 536
430 832
430 34
430 891
448 595
448 668
448 765
464 891
464 829
481 993
481 82
481 147
481 807
481 809
528 860
528 737
528 795
562 408
562 668
643 353
643 783
643 119
643 609
643 225
643 833
670 832
670 860
670 829
744 875
744 948
744 793
744 239
744 241
744 795
795 875
795 860
795 801
795 515
829 860
829 801
829 891
829 166
829 391
829 546
829 777
860 875
860 49
860 106
860 239
875 34
875 161
875 183
875 529
875 546
875 668
875 688
875 801
875 891
891 982
891 801
891 161
891 321
891 457
891 460
891 534
891 546
891 668
891 688
995 924
995 320
995 904
995 28
995 155
995 157
995 211
995 229
995 260
995 261
995 264
995 281
995 312
995 342
995 364
995 400
995 406
995 442
995 443
995 531
995 534
995 558
995 581
995 584
995 596
995 702
995 703
995 726
995 734
995 762
995 782
995 814
995 865
995 893
995 895
995 916
995 917
20 938
49 221
161 501
166 796
183 268
239 912
321 801
342 688
563 878
563 816
563 965
563 207
667 948
667 882
667 326
667 532
667 590
668 828
668 915
688 983
688 371
718 29
718 170
718 434
718 463
718 822
718 964
801 56
801 458
801 886
948 815
948 59
948 599
948 103
948 140
948 178
948 259
948 318
948 326
948 369
948 419
948 465
948 509
948 537
948 552
948 660
948 663
948 748
948 882
930 88
930 101
930 139
930 196
930 224
930 237
930 250
930 255
930 311
930 314
930 359
930 395
930 410
930 450
930 461
930 471
930 557
930 747
930 766
930 781
930 824
930 838
930 866
930 897
930 926
877 723
877 51
877 821
877 228
877 234
877 305
877 441
877 510
877 526
877 533
877 662
877 673
877 676
877 705
877 784
877 842
877 856
877 900
88 557
88 828
88 866
101 55
101 866
101 926
139 926
139 633
139 897
196 253
196 466
196 838
224 866
224 896
224 565
237 747
237 838
237 781
250 926
250 897
250 781
255 856
255 926
255 191
255 781
311 926
311 897
311 292
314 926
314 897
314 766
359 866
359 926
359 766
395 923
395 675
410 866
410 926
410 897
410 412
450 926
450 897
450 466
450 838
471 926
471 897
471 292
471 381
471 524
557 298
557 838
557 866
557 897
557 926
747 893
747 866
747 926
747 897
747 160
747 292
747 412
747 766
747 781
747 838
766 763
766 866
766 926
766 897
766 191
766 565
766 781
766 827
766 838
781 866
781 926
781 897
781 838
781 565
781 264
824 952
824 938
824 894
824 130
824 210
824 437
824 507
824 508
824 675
824 859
824 888
838 334
838 866
838 926
838 897
838 895
838 381
838 565
866 982
866 191
866 466
866 565
866 897
866 926
897 334
897 412
897 446
897 454
897 466
897 565
926 334
926 381
926 412
926 466
926 641
415 783
415 609
415 833
498 308
498 559
580 865
580 721
607 532
652 573
652 516
652 773
652 417
652 553
652 794
652 544
721 871
721 954
923 884
923 785
923 95
923 109
923 293
923 305
923 332
8 815
8 835
8 914
8 957
815 133
815 460
815 543
815 589
815 727
815 743
815 760
815 796
815 825
815 859
815 914
815 952
815 957
835 470
835 543
835 576
835 589
835 692
835 727
835 743
835 760
835 825
835 914
835 952
835 957
835 982
914 184
914 285
914 351
914 487
914 507
914 543
914 589
914 622
914 727
914 743
914 760
914 779
914 796
914 825
914 920
914 952
914 957
957 17
957 150
957 184
957 335
957 351
957 389
957 404
957 460
957 470
957 487
957 543
957 576
957 589
957 622
957 691
957 709
957 711
957 727
957 743
957 760
957 779
957 796
957 825
957 952
133 515
133 965
460 952
460 551
460 779
543 952
543 737
543 727
589 825
589 952
589 259
589 727
727 825
727 952
727 734
727 796
727 696
743 952
743 576
743 275
743 404
743 487
743 544
743 779
760 952
760 893
760 389
760 779
760 404
760 470
760 561
796 825
796 952
796 389
796 285
796 404
796 487
796 622
796 779
825 17
825 141
825 470
825 576
825 622
825 888
825 952
859 938
859 626
859 894
859 813
859 888
859 341
859 495
859 496
859 508
859 675
859 710
952 17
952 184
952 285
952 351
952 389
952 404
952 470
952 487
952 576
952 622
952 675
952 769
952 779
952 886
470 560
576 184
576 779
692 982
692 999
692 803
692 714
692 704
692 561
982 12
982 31
982 148
982 230
982 243
982 268
982 357
982 382
982 386
982 484
982 500
982 501
982 561
982 564
982 577
982 584
982 594
982 612
982 630
982 632
982 645
982 650
982 677
982 714
982 720
982 725
982 787
982 803
982 950
982 962
982 967
982 999
285 351
351 823
487 779
507 938
507 168
507 210
622 750
779 389
920 845
920 871
920 929
920 912
920 916
920 625
920 967
920 789
920 983
920 864
920 724
920 873
920 231
920 421
920 530
920 554
920 641
920 775
920 839
150 999
150 803
150 714
335 840
389 151
691 844
691 878
691 79
691 240
691 673
691 816
691 915
691 965
709 37
709 309
709 817
709 822
709 823
709 964
711 819
711 811
711 477
9 654
9 832
9 993
654 57
654 278
654 282
654 495
654 993
832 90
832 144
832 248
832 489
832 638
832 759
832 775
832 993
993 41
993 42
993 57
993 72
993 77
993 82
993 90
993 129
993 144
993 147
993 203
993 227
993 248
993 300
993 350
993 364
993 371
993 428
993 444
993 489
993 583
993 637
993 638
993 665
993 759
993 807
993 809
993 916
57 638
278 364
278 583
278 809
282 745
282 107
282 609
495 938
495 894
495 437
144 516
248 809
248 650
489 129
489 227
638 637
638 665
638 809
759 147
759 227
759 288
775 630
775 871
775 929
775 714
775 864
775 854
775 886
775 646
599 59
599 249
599 882
635 776
635 122
635 308
635 558
765 896
765 922
765 983
765 954
765 773
765 792
765 479
765 752
784 821
784 900
784 441
784 705
784 856
784 842
784 896
784 228
784 533
784 662
904 924
904 16
904 70
904 261
904 264
904 312
904 406
904 558
904 559
904 677
904 734
904 748
904 782
904 814
904 865
904 893
904 916
904 917
41 193
42 364
42 397
77 428
77 893
82 134
82 637
129 807
203 809
300 583
350 726
350 794
350 544
371 397
371 807
371 665
428 397
428 676
428 809
444 809
583 807
583 634
637 570
637 807
665 397
665 807
665 864
807 900
807 809
809 723
809 549
916 924
916 46
916 206
916 229
916 232
916 233
916 400
916 558
916 581
916 702
916 734
916 762
916 792
916 814
916 893
916 895
916 917
641 871
641 724
918 575
918 884
918 820
918 964
918 785
918 922
918 114
918 339
918 463
918 476
918 657
918 746
918 817
918 822
918 823
28 884
44 701
70 491
155 789
157 734
229 967
261 294
312 924
312 53
406 895
504 846
504 797
504 294
531 917
531 893
531 387
534 924
534 233
549 233
549 558
549 865
596 917
596 895
596 762
633 844
633 878
633 965
633 325
633 536
633 855
702 924
702 69
702 814
702 895
703 924
703 917
703 782
703 814
703 393
748 60
748 259
748 509
748 547
748 590
748 794
748 882
782 893
782 734
782 895
782 206
782 510
782 865
806 845
806 929
806 967
806 864
806 873
806 231
806 490
806 839
806 854
806 886
814 924
814 917
814 893
814 214
814 581
865 924
865 917
865 893
865 816
865 485
865 895
865 281
865 488
865 762
893 924
893 917
893 206
893 295
893 485
893 559
893 762
893 895
895 999
895 776
895 917
895 734
895 165
895 361
895 443
895 581
895 762
917 924
917 320
917 884
917 48
917 485
917 559
917 734
917 762
924 14
924 30
924 76
924 105
924 165
924 260
924 320
924 369
924 449
924 581
924 915
505 38
505 393
542 625
542 86
542 725
742 352
25 78
61 761
61 785
171 149
262 492
270 484
270 840
361 454
385 484
385 492
431 761
431 629
454 344
480 882
480 595
484 53
484 840
502 840
502 492
502 597
629 48
629 595
629 769
629 840
745 63
745 122
745 149
745 783
745 833
761 86
761 151
761 595
761 769
769 54
769 840
840 195
840 459
840 492
840 595
864 929
864 912
864 967
864 830
864 170
864 421
864 554
864 695
864 777
864 854
938 43
938 74
938 153
938 168
938 212
938 232
938 247
938 429
938 451
938 483
938 634
938 710
938 813
938 817
938 853
938 888
938 894
118 340
236 950
274 393
344 595
492 533
962 499
962 999
962 862
962 31
962 68
962 182
962 230
962 268
962 338
962 357
962 382
962 386
962 500
962 501
962 512
962 594
962 612
962 677
962 714
962 720
962 725
962 763
962 803
962 810
962 878
962 950
483 722
483 675
746 964
746 494
746 822
746 440
12 499
12 999
499 833
499 950
499 999
999 66
999 68
999 94
999 181
999 243
999 268
999 289
999 310
999 357
999 382
999 386
999 500
999 501
999 512
999 564
999 577
999 584
999 594
999 612
999 632
999 645
999 650
999 714
999 720
999 725
999 763
999 787
999 803
999 810
999 950
833 776
833 783
833 588
833 122
833 225
833 263
950 763
950 921
950 803
950 632
950 714
950 382
950 159
950 163
950 182
950 333
950 512
950 584
950 597
950 612
950 720
950 725
950 810
148 632
243 822
310 645
329 612
357 292
561 577
564 297
564 714
570 922
570 159
570 752
570 827
577 696
577 725
584 810
594 803
594 650
597 797
597 677
597 720
632 810
650 501
650 720
677 714
677 501
677 645
677 341
725 386
725 720
763 66
763 645
763 714
763 810
788 726
788 853
788 573
788 896
788 773
788 160
788 337
788 417
788 457
788 490
788 544
788 794
803 871
803 114
803 289
967 630
967 845
967 871
967 929
967 93
967 102
967 172
967 333
967 367
967 421
967 488
967 526
967 550
967 560
967 606
967 724
967 777
967 830
967 854
967 873
967 886
230 810
500 810
630 32
630 93
630 676
630 854
630 886
645 810
720 789
720 512
787 755
787 767
787 846
787 85
787 195
787 253
787 466
787 541
787 730
787 797
66 204
68 441
94 789
181 266
181 277
289 842
289 810
512 339
13 621
621 154
154 853
154 92
62 726
62 853
128 117
846 755
846 767
846 253
846 327
846 446
846 541
846 730
846 793
846 797
846 983
362 921
362 954
362 696
608 894
608 888
608 429
608 710
30 78
30 862
76 358
165 888
260 443
369 532
369 590
449 569
449 275
449 620
581 306
915 701
915 844
915 878
915 816
915 965
915 348
915 414
915 207
915 219
915 280
915 325
915 455
915 524
915 536
915 586
915 617
915 627
915 639
915 653
915 855
33 929
45 413
47 297
235 964
358 551
394 854
436 965
479 983
479 628
479 827
551 206
690 520
852 16
852 666
852 169
852 216
852 267
852 286
852 295
852 434
852 459
852 472
852 566
852 646
852 704
46 884
233 722
400 734
485 882
541 755
541 106
541 793
541 797
559 490
762 794
783 722
783 776
783 821
783 379
783 839
842 821
842 900
842 441
842 705
842 856
842 96
842 207
842 458
842 510
842 533
842 673
842 676
921 828
921 896
921 922
921 111
921 164
921 271
921 316
921 363
921 416
921 591
921 628
921 719
921 750
921 752
921 837
921 954
929 845
929 871
929 143
929 170
929 291
929 333
929 560
929 724
929 789
929 819
929 830
929 839
929 873
929 912
16 666
666 295
666 472
666 566
666 578
666 820
295 704
472 134
472 169
472 205
566 578
566 704
566 459
578 267
578 134
578 198
578 888
820 43
820 453
820 467
820 494
820 657
820 822
820 964
169 267
205 704
216 828
216 434
267 79
286 704
345 878
345 965
345 617
434 459
459 704
646 871
646 789
646 873
646 488
646 526
704 198
141 964
888 894
888 813
888 153
888 376
888 475
888 496
888 508
888 634
888 675
888 710
675 661
675 710
886 871
886 830
886 724
886 839
886 554
886 572
886 777
886 421
886 508
18 384
817 964
817 494
817 517
817 823
817 657
817 440
817 624
817 713
538 701
538 844
538 965
538 855
74 232
168 417
247 540
429 894
429 813
429 530
451 661
451 752
634 894
634 813
634 508
710 894
710 661
813 626
813 894
813 96
813 341
813 475
853 726
853 162
853 263
853 337
853 417
853 442
853 457
853 490
853 544
853 573
853 773
853 794
894 58
894 175
894 341
894 467
894 475
894 496
894 508
894 620
894 792
58 626
496 571
624 822
624 455
661 626
661 811
32 845
32 871
626 525
625 819
520 567
520 708
752 828
752 983
752 750
752 792
752 695
752 827
844 63
844 348
844 383
844 414
844 627
844 639
844 816
844 878
575 455
575 964
964 912
964 56
964 81
964 125
964 307
964 338
964 356
964 440
964 453
964 462
964 545
964 657
964 713
964 822
964 823
964 965
516 726
516 773
516 794
639 878
639 816
639 965
639 617
639 463
86 819
188 862
188 517
318 465
965 701
965 221
965 515
965 878
965 79
965 816
965 280
965 348
965 377
965 383
965 409
965 414
965 524
965 536
965 586
965 593
965 617
965 713
965 855
884 95
884 104
884 127
884 391
164 416
164 750
423 627
474 778
819 540
819 37
819 110
819 146
819 811
95 107
332 553
571 391
839 912
839 873
839 291
839 316
839 550
839 617
839 854
92 573
550 830
550 873
550 777
755 253
755 730
755 767
755 793
845 540
845 34
845 291
845 488
845 606
845 830
845 912
27 540
27 723
540 306
723 424
723 425
723 811
136 202
136 225
306 110
306 737
424 811
424 737
424 425
425 778
811 124
811 180
811 719
110 379
352 737
352 477
882 413
882 87
882 272
882 319
882 326
882 532
882 547
882 660
882 854
442 573
442 160
442 544
726 773
726 794
29 334
334 412
412 377
338 273
713 588
713 823
713 476
785 130
785 467
785 823
794 773
794 337
794 457
794 490
822 695
823 878
823 204
823 273
823 339
823 708
170 912
309 983
309 657
440 552
440 467
494 80
862 175
862 214
862 266
862 277
862 517
862 529
862 547
862 569
862 593
862 708
862 873
113 767
113 797
275 708
491 214
491 620
517 529
517 593
569 69
620 593
620 708
708 983
708 529
277 593
593 228
873 871
873 830
873 606
873 220
873 560
737 530
878 701
878 63
878 146
878 207
878 219
878 240
878 586
878 855
192 912
192 830
509 319
767 327
767 387
767 446
767 730
767 793
871 220
871 530
871 854
871 912
93 478
676 821
676 900
676 856
676 340
676 228
676 662
854 830
854 383
854 526
854 530
606 111
606 231
606 249
830 912
830 478
830 102
830 162
830 333
912 39
912 143
912 172
912 349
912 367
912 530
724 204
724 525
789 349
789 554
789 572
789 777
35 722
35 776
722 107
722 379
776 379
776 588
776 896
588 119
588 122
588 202
588 308
588 328
896 828
896 99
896 238
896 296
896 363
896 696
896 827
896 837
896 922
896 954
896 983
263 328
353 954
609 119
609 234
328 319
628 922
628 983
628 553
628 837
515 63
515 409
855 701
855 221
855 816
855 325
855 377
855 383
855 409
855 590
855 627
146 477
477 337
792 922
792 983
792 750
792 363
792 695
792 827
792 837
381 292
537 465
537 591
537 660
172 349
349 273
367 572
367 777
572 900
152 573
152 773
416 922
416 983
397 240
397 922
240 816
922 828
922 99
922 238
922 316
922 565
922 591
922 695
922 696
922 719
922 750
922 778
922 983
467 797
701 348
701 816
348 103
816 79
816 457
816 524
413 272
413 319
272 140
106 85
856 821
856 900
856 441
856 80
856 705
856 96
856 234
856 305
856 340
856 510
856 662
856 837
307 99
307 837
307 954
307 983
51 821
51 900
821 510
821 533
821 662
821 673
821 705
821 900
900 80
900 96
900 228
900 234
900 340
900 441
900 458
900 510
900 533
900 662
900 673
900 705
900 730
510 305
533 673
662 673
662 458
673 234
673 305
673 660
705 80
705 340
705 458
705 837
730 793
730 797
730 446
253 387
793 85
793 195
793 294
793 797
327 797
387 294
446 797
797 294
797 827
983 828
983 111
983 117
983 238
983 280
983 288
983 296
983 316
983 363
983 365
983 376
983 553
983 591
983 653
983 696
983 719
983 750
983 778
983 837
983 954
525 828
525 778
525 365
525 376
59 87
87 552
552 532
178 296
419 660
465 660
773 162
773 490
409 383
627 617
627 586
586 536
586 617
954 828
954 117
954 778
954 159
954 271
954 408
954 553
954 591
954 653
954 695
954 827
954 837
308 225
280 377
524 536
837 778
837 296
837 719
837 376
837 827
238 828
828 365
828 408
828 827
365 591
408 778
408 719
408 288
827 778
827 553
478 102
296 719
696 778
696 719
696 376
696 591
695 271
695 653
719 750
750 653
778 117
778 553
288 653
