1	86
1	300
1	492
1	707
2	245
2	340
2	500
2	813
3	213
3	337
3	718
3	975
4	370
4	923
4	962
4	995
5	406
5	503
5	839
5	938
6	325
6	782
6	914
6	985
7	675
7	945
7	955
7	981
8	614
8	712
8	980
8	990
9	654
9	851
9	863
9	979
10	390
10	471
10	871
10	935
11	527
11	916
11	968
11	979
12	701
12	773
12	824
12	998
13	244
13	316
13	891
13	958
14	416
14	801
14	849
14	969
15	236
15	309
15	826
15	946
16	546
16	807
16	827
16	982
17	476
17	799
17	932
17	942
18	64
18	366
18	472
18	979
19	245
19	714
19	727
19	953
20	386
20	833
20	905
20	948
21	719
21	723
21	996
21	997
22	42
22	879
22	909
22	988
23	850
23	958
23	969
23	999
24	94
24	496
24	700
24	709
25	370
25	477
25	723
25	922
26	43
26	312
26	779
26	820
27	645
27	922
27	942
27	998
28	495
28	612
28	615
28	673
29	751
29	845
29	877
29	902
30	61
30	790
30	886
30	993
31	856
31	857
31	952
31	957
32	327
32	777
32	891
32	997
33	469
33	563
33	826
33	885
34	119
34	265
34	690
34	750
35	356
35	407
35	803
35	990
36	336
36	832
36	890
36	921
37	281
37	377
37	903
37	955
38	551
38	702
38	824
38	969
39	51
39	98
39	887
39	911
40	135
40	769
40	902
40	965
41	788
41	898
41	986
41	990
42	22
42	449
42	751
42	973
43	26
43	423
43	909
43	975
44	828
44	911
44	954
44	968
45	114
45	347
45	775
45	917
46	618
46	773
46	884
46	950
47	404
47	622
47	779
47	951
48	489
48	978
48	989
48	999
49	780
49	926
49	954
49	991
50	724
50	917
50	964
50	982
51	39
51	419
51	938
51	971
52	143
52	448
52	478
52	966
53	173
53	259
53	984
53	990
54	363
54	756
54	835
54	989
55	148
55	686
55	906
55	932
56	314
56	800
56	981
56	982
57	744
57	789
57	826
57	932
58	791
58	908
58	957
58	984
59	602
59	903
59	944
59	989
60	370
60	768
60	953
60	967
61	30
61	540
61	855
61	885
62	464
62	536
62	987
62	1000
63	613
63	630
63	942
63	943
64	18
64	509
64	542
64	956
65	309
65	778
65	958
65	966
66	685
66	769
66	927
66	1000
67	156
67	393
67	855
67	974
68	212
68	351
68	524
68	543
69	194
69	480
69	919
69	959
70	792
70	952
70	962
70	970
71	590
71	976
71	988
71	994
72	78
72	360
72	597
72	885
73	605
73	958
73	978
73	999
74	384
74	944
74	986
74	993
75	603
75	918
75	978
75	999
76	724
76	846
76	964
76	967
77	794
77	888
77	984
77	990
78	72
78	158
78	328
78	872
79	361
79	604
79	752
79	954
80	221
80	703
80	944
80	989
81	803
81	973
81	976
81	996
82	760
82	830
82	871
82	979
83	100
83	755
83	945
83	990
84	716
84	726
84	784
84	995
85	656
85	679
85	951
85	967
86	1
86	548
86	725
86	962
87	581
87	653
87	682
87	825
88	545
88	587
88	674
88	986
89	454
89	546
89	995
89	1000
90	271
90	673
90	851
90	854
91	287
91	375
91	806
91	872
92	793
92	855
92	875
92	949
93	388
93	881
93	955
93	995
94	24
94	476
94	969
94	992
95	317
95	568
95	867
95	976
96	423
96	855
96	963
96	977
97	169
97	192
97	830
97	997
98	39
98	897
98	961
98	972
99	712
99	873
99	904
99	989
100	83
100	661
100	748
100	992
101	282
101	346
101	789
101	997
102	256
102	688
102	862
102	983
103	700
103	832
103	954
103	976
104	271
104	953
104	974
104	986
105	824
105	951
105	988
105	999
106	752
106	886
106	982
106	997
107	548
107	928
107	962
107	998
108	477
108	591
108	719
108	870
109	266
109	753
109	875
109	880
110	842
110	956
110	980
110	999
111	586
111	664
111	856
111	913
112	935
112	988
112	991
112	996
113	763
113	797
113	815
113	923
114	45
114	519
114	652
114	972
115	934
115	945
115	969
115	979
116	210
116	715
116	966
116	981
117	179
117	650
117	808
117	861
118	563
118	590
118	793
118	970
119	34
119	780
119	901
119	995
120	263
120	467
120	971
120	996
121	725
121	843
121	881
121	975
122	393
122	805
122	970
122	993
123	261
123	834
123	865
123	965
124	912
124	978
124	992
124	999
125	406
125	597
125	819
125	856
126	141
126	423
126	716
126	975
127	622
127	763
127	830
127	976
128	241
128	786
128	963
128	995
129	888
129	925
129	934
129	947
130	604
130	899
130	956
130	984
131	615
131	817
131	988
131	994
132	912
132	980
132	989
132	990
133	796
133	877
133	994
133	999
134	349
134	531
134	987
134	988
135	40
135	308
135	520
135	845
136	187
136	541
136	545
136	730
137	470
137	642
137	808
137	892
138	729
138	742
138	905
138	954
139	403
139	786
139	938
139	967
140	162
140	321
140	665
140	925
141	126
141	444
141	609
141	979
142	425
142	593
142	714
142	970
143	52
143	398
143	857
143	947
144	524
144	846
144	945
144	946
145	224
145	946
145	956
145	993
146	787
146	925
146	940
146	979
147	427
147	957
147	993
147	997
148	55
148	887
148	901
148	903
149	570
149	743
149	774
149	993
150	166
150	664
150	837
150	981
151	298
151	466
151	669
151	994
152	758
152	895
152	987
152	991
153	596
153	779
153	814
153	938
154	398
154	883
154	972
154	989
155	533
155	852
155	941
155	987
156	67
156	687
156	781
156	855
157	716
157	811
157	946
157	980
158	78
158	643
158	692
158	936
159	667
159	834
159	894
159	953
160	358
160	802
160	839
160	901
161	799
161	878
161	879
161	992
162	140
162	931
162	965
162	991
163	573
163	894
163	942
163	998
164	885
164	911
164	978
164	999
165	898
165	949
165	988
165	992
166	150
166	653
166	802
166	807
167	671
167	779
167	928
167	986
168	237
168	926
168	927
168	973
169	97
169	188
169	683
169	885
170	473
170	737
170	937
170	997
171	435
171	860
171	863
171	956
172	761
172	787
172	981
172	993
173	53
173	703
173	978
173	999
174	852
174	866
174	977
174	1000
175	524
175	786
175	876
175	958
176	552
176	686
176	811
176	828
177	596
177	663
177	976
177	996
178	911
178	978
178	983
178	999
179	117
179	868
179	925
179	956
180	772
180	783
180	879
180	994
181	672
181	747
181	917
181	953
182	787
182	799
182	816
182	921
183	296
183	948
183	966
183	992
184	756
184	780
184	870
184	914
185	662
185	726
185	976
185	999
186	506
186	733
186	986
186	990
187	136
187	397
187	687
187	797
188	169
188	905
188	921
188	991
189	344
189	415
189	699
189	987
190	852
190	954
190	958
190	995
191	952
191	956
191	971
191	977
192	97
192	416
192	865
192	931
193	599
193	638
193	895
193	970
194	69
194	311
194	825
194	933
195	439
195	523
195	807
195	985
196	332
196	951
196	968
196	1000
197	430
197	588
197	968
197	1000
198	787
198	936
198	965
198	978
199	568
199	701
199	869
199	977
200	744
200	753
200	766
200	973
201	581
201	603
201	638
201	778
202	452
202	819
202	857
202	954
203	289
203	775
203	862
203	1000
204	653
204	674
204	958
204	999
205	206
205	548
205	954
205	991
206	205
206	578
206	804
206	897
207	738
207	778
207	914
207	997
208	534
208	630
208	713
208	985
209	792
209	827
209	907
209	926
210	116
210	811
210	825
210	969
211	711
211	926
211	965
211	967
212	68
212	403
212	960
212	995
213	3
213	452
213	860
213	984
214	458
214	693
214	782
214	816
215	594
215	676
215	819
215	965
216	319
216	365
216	630
216	990
217	506
217	715
217	821
217	907
218	521
218	562
218	894
218	962
219	877
219	886
219	949
219	975
220	761
220	826
220	882
220	906
221	80
221	877
221	950
221	994
222	532
222	788
222	814
222	891
223	668
223	838
223	870
223	873
224	145
224	637
224	738
224	870
225	354
225	473
225	643
225	978
226	474
226	841
226	894
226	962
227	456
227	578
227	779
227	998
228	723
228	880
228	899
228	920
229	284
229	831
229	899
229	990
230	347
230	756
230	784
230	991
231	508
231	556
231	708
231	779
232	738
232	765
232	820
232	888
233	585
233	827
233	893
233	995
234	552
234	651
234	853
234	899
235	503
235	709
235	763
235	977
236	15
236	810
236	984
236	990
237	168
237	634
237	912
237	989
238	519
238	670
238	956
238	970
239	661
239	726
239	765
239	965
240	637
240	738
240	915
240	935
240	993
241	128
241	658
241	730
241	867
241	984
242	666
242	965
242	967
242	984
242	990
243	383
243	758
243	944
243	982
243	997
244	13
244	495
244	796
244	871
244	987
245	2
245	19
245	396
245	689
245	929
246	382
246	897
246	953
246	966
246	974
247	602
247	791
247	922
247	925
247	965
248	379
248	650
248	703
248	965
248	995
249	543
249	584
249	976
249	991
249	996
250	644
250	720
250	941
250	971
250	987
251	660
251	814
251	906
251	991
251	996
252	712
252	763
252	816
252	938
252	999
253	785
253	875
253	907
253	984
253	990
254	300
254	567
254	764
254	821
254	995
255	470
255	629
255	700
255	811
255	878
256	102
256	318
256	349
256	360
256	971
257	264
257	574
257	604
257	949
257	992
258	280
258	427
258	472
258	905
258	946
259	53
259	337
259	417
259	884
259	997
260	742
260	856
260	922
260	971
260	985
261	123
261	375
261	536
261	600
261	895
262	748
262	914
262	926
262	939
262	971
263	120
263	402
263	694
263	719
263	982
264	257
264	441
264	854
264	925
264	981
265	34
265	389
265	654
265	712
265	987
266	109
266	888
266	934
266	955
266	973
267	358
267	522
267	870
267	942
267	972
268	367
268	460
268	848
268	902
268	966
269	809
269	912
269	941
269	984
269	990
270	919
270	939
270	964
270	974
270	993
271	90
271	104
271	539
271	675
271	749
272	532
272	803
272	932
272	938
272	975
273	738
273	808
273	861
273	933
273	981
274	328
274	799
274	888
274	934
274	955
275	633
275	665
275	860
275	896
275	923
276	301
276	530
276	706
276	912
276	989
277	300
277	643
277	730
277	781
277	938
278	605
278	684
278	728
278	783
278	987
279	395
279	409
279	881
279	934
279	977
280	258
280	295
280	700
280	793
280	833
281	37
281	809
281	945
281	955
281	978
282	101
282	688
282	740
282	892
282	927
283	813
283	912
283	931
283	981
283	984
284	229
284	710
284	817
284	864
284	988
285	465
285	585
285	830
285	872
285	936
286	606
286	677
286	864
286	875
286	984
287	91
287	846
287	861
287	913
287	975
288	433
288	655
288	734
288	910
288	988
289	203
289	657
289	663
289	980
289	994
290	333
290	762
290	796
290	871
290	987
291	599
291	725
291	743
291	938
291	993
292	433
292	609
292	698
292	932
292	986
293	805
293	814
293	857
293	931
293	935
294	341
294	497
294	964
294	970
294	971
295	280
295	312
295	338
295	901
295	912
296	183
296	413
296	811
296	905
296	955
297	734
297	788
297	880
297	897
297	950
298	151
298	831
298	915
298	934
298	988
299	541
299	549
299	800
299	953
299	981
300	1
300	254
300	277
300	876
300	938
301	276
301	711
301	755
301	806
301	955
302	368
302	410
302	765
302	841
302	949
303	618
303	729
303	735
303	950
303	996
304	406
304	563
304	620
304	658
304	997
305	625
305	640
305	843
305	886
305	996
306	344
306	560
306	687
306	951
306	970
307	731
307	753
307	904
307	989
307	997
308	135
308	882
308	942
308	970
308	993
309	15
309	65
309	496
309	566
309	772
310	821
310	866
310	907
310	967
310	1000
311	194
311	373
311	618
311	783
311	797
312	26
312	295
312	330
312	356
312	951
313	673
313	845
313	873
313	988
313	994
314	56
314	616
314	976
314	986
314	998
315	751
315	774
315	869
315	992
315	1000
316	13
316	466
316	559
316	748
316	754
317	95
317	440
317	883
317	912
317	989
318	256
318	575
318	576
318	944
318	989
319	216
319	600
319	705
319	921
319	987
320	785
320	866
320	891
320	975
320	995
321	140
321	531
321	571
321	589
321	987
322	751
322	821
322	885
322	905
322	987
323	442
323	646
323	806
323	953
323	969
324	835
324	854
324	870
324	904
324	995
325	6
325	534
325	546
325	942
325	986
326	424
326	617
326	956
326	957
326	979
327	32
327	725
327	925
327	961
327	975
328	78
328	274
328	494
328	886
328	937
329	465
329	692
329	708
329	902
329	994
330	312
330	447
330	745
330	897
330	905
331	729
331	772
331	785
331	863
331	865
332	196
332	855
332	859
332	983
332	990
333	290
333	448
333	663
333	787
333	983
334	395
334	781
334	784
334	836
334	944
335	659
335	858
335	887
335	906
335	972
336	36
336	677
336	786
336	875
336	984
337	3
337	259
337	428
337	790
337	887
338	295
338	655
338	889
338	944
338	989
339	353
339	518
339	697
339	929
339	995
340	2
340	532
340	930
340	936
340	996
341	294
341	724
341	846
341	872
341	983
342	741
342	804
342	917
342	960
342	980
343	486
343	595
343	928
343	946
343	980
344	189
344	306
344	363
344	570
344	728
345	421
345	502
345	756
345	895
345	980
346	101
346	714
346	948
346	960
346	993
347	45
347	230
347	901
347	968
347	1000
348	438
348	472
348	683
348	836
348	915
349	134
349	256
349	735
349	900
349	988
350	564
350	650
350	814
350	847
350	960
351	68
351	634
351	826
351	864
351	965
352	444
352	649
352	969
352	979
352	980
353	339
353	512
353	918
353	931
353	961
354	225
354	402
354	757
354	852
354	999
355	536
355	580
355	648
355	795
355	845
356	35
356	312
356	623
356	788
356	990
357	404
357	707
357	868
357	894
357	923
358	160
358	267
358	736
358	975
358	985
359	647
359	677
359	832
359	921
359	943
360	72
360	256
360	365
360	456
360	717
361	79
361	451
361	593
361	642
361	985
362	627
362	724
362	838
362	964
362	982
363	54
363	344
363	587
363	702
363	892
364	736
364	803
364	845
364	885
364	975
365	216
365	360
365	693
365	766
365	862
366	18
366	791
366	954
366	978
366	999
367	268
367	700
367	731
367	900
367	903
368	302
368	670
368	970
368	977
368	992
369	604
369	767
369	907
369	908
369	995
370	4
370	25
370	60
370	684
370	921
371	433
371	444
371	633
371	919
371	960
372	493
372	588
372	651
372	743
372	927
373	311
373	557
373	783
373	803
373	893
374	410
374	501
374	581
374	903
374	979
375	91
375	261
375	816
375	953
375	990
376	593
376	692
376	731
376	942
376	980
377	37
377	725
377	842
377	976
377	991
378	458
378	609
378	925
378	954
378	985
379	248
379	688
379	716
379	895
379	939
380	408
380	581
380	883
380	919
380	989
381	834
381	882
381	968
381	973
381	978
382	246
382	930
382	968
382	976
382	996
383	243
383	476
383	695
383	718
383	959
384	74
384	476
384	491
384	808
384	998
385	859
385	870
385	899
385	913
385	985
386	20
386	534
386	564
386	805
386	995
387	691
387	698
387	702
387	817
387	977
388	93
388	530
388	926
388	927
388	1000
389	265
389	805
389	852
389	960
389	983
390	10
390	606
390	759
390	946
390	967
391	786
391	879
391	886
391	958
391	999
392	834
392	894
392	954
392	962
392	978
393	67
393	122
393	414
393	766
393	953
394	477
394	796
394	813
394	936
394	965
395	279
395	334
395	432
395	991
395	998
396	245
396	599
396	616
396	783
396	923
397	187
397	970
397	981
397	993
397	998
398	143
398	154
398	725
398	866
398	994
399	464
399	472
399	790
399	886
399	996
400	772
400	842
400	914
400	978
400	999
401	719
401	830
401	891
401	943
401	997
402	263
402	354
402	800
402	894
402	962
403	139
403	212
403	908
403	995
403	999
404	47
404	357
404	835
404	926
404	992
405	502
405	809
405	921
405	966
405	998
406	5
406	125
406	304
406	634
406	841
407	35
407	598
407	692
407	911
407	915
407	976
408	380
408	515
408	582
408	944
408	967
408	989
409	279
409	420
409	649
409	959
409	960
409	974
410	302
410	374
410	857
410	896
410	923
410	942
411	642
411	653
411	701
411	717
411	763
411	968
412	565
412	827
412	927
412	984
412	996
412	1000
413	296
413	683
413	905
413	950
413	951
413	974
414	393
414	839
414	924
414	940
414	971
414	983
415	189
415	457
415	463
415	756
415	791
415	853
416	14
416	192
416	809
416	930
416	963
416	991
417	259
417	429
417	766
417	908
417	982
417	997
418	732
418	827
418	947
418	954
418	963
418	976
419	51
419	788
419	964
419	971
419	984
419	995
420	409
420	526
420	865
420	931
420	946
420	988
421	345
421	585
421	624
421	666
421	773
421	948
422	558
422	693
422	872
422	967
422	971
422	990
423	43
423	96
423	126
423	844
423	891
423	998
424	326
424	476
424	502
424	714
424	952
424	969
425	142
425	512
425	574
425	834
425	893
425	924
426	730
426	796
426	908
426	918
426	923
426	962
427	147
427	258
427	653
427	924
427	971
427	993
428	337
428	435
428	682
428	864
428	996
428	1000
429	417
429	679
429	848
429	860
429	884
429	901
430	197
430	571
430	734
430	845
430	923
430	962
431	675
431	749
431	941
431	949
431	969
431	974
432	395
432	553
432	608
432	891
432	963
432	996
433	288
433	292
433	371
433	770
433	974
433	980
434	622
434	697
434	706
434	804
434	932
434	998
435	171
435	428
435	555
435	885
435	973
435	1000
436	801
436	832
436	884
436	941
436	942
436	947
437	863
437	910
437	931
437	942
437	998
437	1000
438	348
438	452
438	768
438	926
438	945
438	952
439	195
439	511
439	542
439	636
439	950
439	961
440	317
440	454
440	658
440	906
440	963
440	985
441	264
441	450
441	857
441	860
441	952
441	958
442	323
442	513
442	649
442	928
442	950
442	969
443	837
443	909
443	917
443	976
443	996
443	1000
444	141
444	352
444	371
444	925
444	969
444	979
445	578
445	744
445	885
445	905
445	937
445	979
446	667
446	679
446	774
446	805
446	820
446	848
447	330
447	520
447	586
447	674
447	817
447	898
448	52
448	333
448	811
448	919
448	924
448	983
449	42
449	759
449	848
449	901
449	933
449	980
450	441
450	498
450	828
450	973
450	979
450	1000
451	361
451	470
451	504
451	861
451	965
451	993
452	202
452	213
452	438
452	857
452	883
452	951
453	705
453	758
453	958
453	975
453	978
453	999
454	89
454	440
454	741
454	880
454	920
454	985
455	521
455	579
455	799
455	812
455	912
455	947
456	227
456	360
456	680
456	715
456	901
456	976
457	415
457	633
457	659
457	844
457	874
457	965
458	214
458	378
458	632
458	690
458	925
458	995
459	462
459	707
459	898
459	923
459	957
459	962
460	268
460	514
460	790
460	883
460	886
460	975
461	670
461	812
461	922
461	943
461	989
461	990
462	459
462	564
462	629
462	673
462	874
462	898
463	415
463	577
463	698
463	926
463	939
463	967
464	62
464	399
464	789
464	955
464	982
464	997
465	285
465	329
465	624
465	782
465	908
465	929
466	151
466	316
466	790
466	886
466	904
466	986
467	120
467	468
467	578
467	930
467	944
467	963
468	467
468	724
468	826
468	849
468	945
468	993
469	33
469	851
469	981
469	985
469	993
469	994
470	137
470	255
470	451
470	471
470	711
470	970
471	10
471	470
471	596
471	605
471	816
471	969
472	18
472	258
472	348
472	399
472	850
472	898
473	170
473	225
473	822
473	840
473	940
473	983
474	226
474	632
474	733
474	815
474	971
474	986
475	748
475	806
475	916
475	935
475	964
475	984
476	17
476	94
476	383
476	384
476	424
476	930
477	25
477	108
477	394
477	729
477	921
477	969
478	52
478	809
478	896
478	933
478	939
478	966
479	883
479	907
479	962
479	963
479	976
479	991
480	69
480	698
480	862
480	881
480	955
480	999
481	737
481	852
481	958
481	981
481	983
481	999
482	737
482	869
482	874
482	936
482	965
482	992
483	624
483	736
483	851
483	869
483	897
483	931
484	516
484	552
484	713
484	904
484	984
484	990
485	669
485	849
485	870
485	888
485	955
485	996
486	343
486	494
486	625
486	932
486	971
486	986
487	535
487	560
487	883
487	944
487	989
487	993
488	605
488	846
488	954
488	963
488	969
488	976
489	48
489	683
489	805
489	873
489	980
489	983
490	661
490	723
490	803
490	844
490	966
490	997
491	384
491	744
491	766
491	885
491	951
491	984
492	1
492	737
492	872
492	887
492	951
492	985
493	372
493	805
493	841
493	926
493	983
493	985
494	328
494	486
494	739
494	872
494	937
494	977
495	28
495	244
495	652
495	893
495	977
495	983
496	24
496	309
496	595
496	880
496	952
496	956
497	294
497	641
497	844
497	876
497	938
497	982
498	450
498	623
498	786
498	838
498	924
498	988
499	647
499	761
499	772
499	844
499	898
499	902
500	2
500	655
500	777
500	783
500	891
500	897
501	374
501	667
501	721
501	949
501	969
501	979
502	345
502	405
502	424
502	592
502	844
502	990
503	5
503	235
503	727
503	747
503	938
503	1000
504	451
504	693
504	858
504	904
504	944
504	989
505	715
505	829
505	837
505	885
505	979
505	989
506	186
506	217
506	613
506	770
506	833
506	929
507	614
507	786
507	788
507	868
507	876
507	900
507	930
508	231
508	509
508	590
508	844
508	870
508	920
508	941
509	64
509	508
509	513
509	525
509	769
509	964
509	969
510	590
510	667
510	755
510	791
510	871
510	934
510	945
511	439
511	521
511	554
511	852
511	958
511	978
511	999
512	353
512	425
512	866
512	869
512	936
512	937
512	961
513	442
513	509
513	611
513	851
513	908
513	979
513	987
514	460
514	789
514	858
514	918
514	959
514	972
514	974
515	408
515	581
515	665
515	688
515	860
515	896
515	942
516	484
516	541
516	771
516	837
516	939
516	981
516	993
517	707
517	839
517	881
517	964
517	968
517	973
517	1000
518	339
518	758
518	850
518	896
518	912
518	944
518	989
519	114
519	238
519	527
519	718
519	757
519	851
519	979
520	135
520	447
520	592
520	767
520	778
520	825
520	948
521	218
521	455
521	511
521	917
521	919
521	953
521	974
522	267
522	810
522	847
522	959
522	974
522	982
522	994
523	195
523	611
523	910
523	922
523	928
523	956
523	986
524	68
524	144
524	175
524	906
524	924
524	930
524	971
525	509
525	819
525	858
525	865
525	960
525	961
525	972
526	420
526	606
526	694
526	800
526	890
526	933
526	950
527	11
527	519
527	628
527	852
527	861
527	969
527	979
528	629
528	660
528	674
528	676
528	712
528	876
528	936
529	643
529	845
529	906
529	976
529	987
529	991
529	996
530	276
530	388
530	914
530	958
530	978
530	983
530	999
531	134
531	321
531	599
531	648
531	871
531	894
531	919
532	222
532	272
532	340
532	736
532	916
532	974
532	975
533	155
533	896
533	908
533	909
533	910
533	929
533	995
534	208
534	325
534	386
534	688
534	698
534	970
534	998
535	487
535	791
535	909
535	948
535	963
535	991
535	996
536	62
536	261
536	355
536	836
536	902
536	920
536	925
537	792
537	880
537	899
537	919
537	981
537	984
537	1000
538	733
538	842
538	950
538	961
538	968
538	970
538	998
539	271
539	593
539	735
539	778
539	822
539	962
539	966
540	61
540	592
540	826
540	837
540	867
540	885
540	977
541	136
541	299
541	516
541	635
541	970
541	978
541	998
542	64
542	439
542	860
542	906
542	954
542	996
542	997
543	68
543	249
543	601
543	818
543	859
543	889
543	992
544	597
544	626
544	708
544	906
544	969
544	988
544	994
545	88
545	136
545	709
545	711
545	779
545	898
545	905
546	16
546	89
546	325
546	616
546	660
546	736
546	913
547	638
547	736
547	866
547	947
547	973
547	999
547	1000
548	86
548	107
548	205
548	814
548	958
548	978
548	999
549	299
549	629
549	811
549	836
549	844
549	860
549	963
550	619
550	672
550	885
550	887
550	959
550	972
550	974
551	38
551	584
551	620
551	959
551	977
551	983
551	992
552	176
552	234
552	484
552	700
552	905
552	910
552	957
553	432
553	612
553	738
553	871
553	873
553	920
553	987
554	511
554	632
554	732
554	922
554	928
554	933
554	998
555	435
555	722
555	878
555	889
555	971
555	992
555	993
556	231
556	652
556	765
556	795
556	804
556	814
556	909
557	373
557	559
557	738
557	943
557	953
557	970
557	993
558	422
558	746
558	774
558	905
558	964
558	969
558	972
559	316
559	557
559	746
559	939
559	957
559	959
559	967
560	306
560	487
560	787
560	819
560	852
560	870
560	873
561	751
561	762
561	809
561	874
561	916
561	938
561	949
562	218
562	708
562	745
562	822
562	866
562	974
562	1000
563	33
563	118
563	304
563	794
563	846
563	948
563	981
564	350
564	386
564	462
564	576
564	957
564	967
564	971
565	412
565	672
565	799
565	880
565	910
565	933
565	943
566	309
566	598
566	607
566	690
566	949
566	977
566	992
567	254
567	640
567	814
567	829
567	888
567	933
567	947
568	95
568	199
568	589
568	900
568	963
568	982
568	991
569	573
569	635
569	691
569	859
569	897
569	951
569	988
570	149
570	344
570	644
570	920
570	941
570	987
570	995
571	321
571	430
571	767
571	834
571	923
571	931
571	962
572	691
572	724
572	740
572	768
572	773
572	830
572	998
573	163
573	569
573	693
573	908
573	934
573	951
573	985
573	988
574	257
574	425
574	623
574	830
574	864
574	889
574	918
574	973
575	318
575	888
575	909
575	963
575	966
575	986
575	991
575	996
576	318
576	564
576	640
576	803
576	843
576	916
576	940
576	975
577	463
577	704
577	821
577	968
577	971
577	973
577	991
577	1000
578	206
578	227
578	445
578	467
578	634
578	715
578	748
578	781
579	455
579	586
579	760
579	847
579	958
579	978
579	994
579	999
580	355
580	650
580	666
580	831
580	836
580	847
580	953
580	974
581	87
581	201
581	374
581	380
581	515
581	690
581	835
581	927
582	408
582	715
582	772
582	781
582	863
582	946
582	980
582	992
583	778
583	806
583	892
583	915
583	916
583	955
583	972
583	984
584	249
584	551
584	685
584	740
584	966
584	977
584	992
584	999
585	233
585	285
585	421
585	672
585	897
585	911
585	949
585	995
586	111
586	447
586	579
586	644
586	828
586	958
586	978
586	999
587	88
587	363
587	689
587	785
587	852
587	958
587	978
587	999
588	197
588	372
588	798
588	799
588	922
588	933
588	971
588	995
589	321
589	568
589	592
589	800
589	920
589	941
589	952
589	987
590	71
590	118
590	508
590	510
590	871
590	890
590	920
590	987
591	108
591	611
591	872
591	914
591	918
591	920
591	985
591	992
592	502
592	520
592	540
592	589
592	608
592	922
592	926
592	966
593	142
593	361
593	376
593	539
593	658
593	848
593	937
593	985
594	215
594	694
594	754
594	813
594	918
594	924
594	959
594	983
595	343
595	496
595	731
595	794
595	804
595	935
595	992
595	999
596	153
596	177
596	471
596	727
596	766
596	851
596	969
596	979
597	72
597	125
597	544
597	669
597	671
597	881
597	934
597	945
598	407
598	566
598	853
598	896
598	917
598	963
598	991
598	996
599	193
599	291
599	396
599	531
599	732
599	815
599	856
599	993
600	261
600	319
600	696
600	740
600	895
600	941
600	970
600	972
601	543
601	836
601	853
601	874
601	877
601	898
601	900
601	987
602	59
602	247
602	712
602	842
602	876
602	931
602	961
602	981
603	75
603	201
603	680
603	720
603	751
603	835
603	860
603	884
604	79
604	130
604	257
604	369
604	856
604	914
604	937
604	947
605	73
605	278
605	471
605	488
605	630
605	675
605	969
605	979
606	286
606	390
606	526
606	662
606	816
606	890
606	936
606	991
607	566
607	646
607	794
607	888
607	934
607	945
607	955
607	994
608	432
608	592
608	808
608	845
608	879
608	896
608	948
608	966
609	141
609	292
609	378
609	720
609	862
609	868
609	884
609	925
610	653
610	776
610	794
610	808
610	845
610	891
610	946
610	981
611	513
611	523
611	591
611	909
611	943
611	954
611	976
611	996
612	28
612	553
612	665
612	734
612	879
612	896
612	992
612	994
613	63
613	506
613	691
613	848
613	849
613	928
613	942
613	975
614	8
614	507
614	667
614	676
614	762
614	847
614	913
614	938
615	28
615	131
615	775
615	919
615	959
615	960
615	974
615	992
616	314
616	396
616	546
616	708
616	793
616	932
616	986
616	998
617	326
617	715
617	743
617	749
617	809
617	969
617	979
617	997
618	46
618	303
618	311
618	661
618	842
618	851
618	961
618	987
619	550
619	639
619	801
619	860
619	867
619	908
619	932
619	995
620	304
620	551
620	801
620	838
620	899
620	982
620	983
620	997
621	875
621	880
621	918
621	956
621	958
621	971
621	984
621	990
622	47
622	127
622	434
622	676
622	712
622	786
622	899
622	964
623	356
623	498
623	574
623	776
623	787
623	857
623	930
623	989
624	421
624	465
624	483
624	688
624	806
624	883
624	886
624	966
625	305
625	486
625	871
625	877
625	895
625	932
625	942
625	998
626	544
626	629
626	654
626	665
626	682
626	951
626	988
626	994
627	362
627	750
627	761
627	764
627	798
627	849
627	955
627	982
628	527
628	728
628	774
628	823
628	858
628	895
628	920
628	941
629	255
629	462
629	528
629	549
629	626
629	714
629	811
629	931
630	63
630	208
630	216
630	605
630	674
630	875
630	956
630	990
631	697
631	856
631	872
631	956
631	963
631	969
631	985
631	991
632	458
632	474
632	554
632	657
632	872
632	915
632	986
632	998
633	275
633	371
633	457
633	705
633	744
633	812
633	922
633	943
634	237
634	351
634	406
634	578
634	636
634	864
634	893
634	963
635	541
635	569
635	776
635	861
635	964
635	970
635	993
635	1000
636	439
636	634
636	831
636	846
636	890
636	897
636	965
636	984
637	224
637	240
637	824
637	876
637	881
637	887
637	935
637	946
638	193
638	201
638	547
638	895
638	897
638	920
638	941
638	987
639	619
639	671
639	746
639	809
639	818
639	867
639	929
639	946
640	305
640	567
640	576
640	656
640	680
640	736
640	893
640	972
640	975
641	497
641	652
641	763
641	786
641	876
641	881
641	891
641	915
641	955
642	137
642	361
642	411
642	753
642	878
642	887
642	949
642	976
642	1000
643	158
643	225
643	277
643	529
643	779
643	897
643	931
643	950
643	965
644	250
644	570
644	586
644	655
644	796
644	895
644	974
644	987
644	996
645	27
645	713
645	722
645	724
645	758
645	822
645	880
645	984
645	990
646	323
646	607
646	863
646	884
646	933
646	939
646	943
646	947
646	966
647	359
647	499
647	697
647	742
647	784
647	836
647	868
647	874
647	951
648	355
648	531
648	695
648	862
648	937
648	957
648	964
648	967
648	997
649	352
649	409
649	442
649	685
649	722
649	730
649	859
649	883
649	977
650	117
650	248
650	350
650	580
650	696
650	766
650	797
650	902
650	959
651	234
651	372
651	774
651	848
651	882
651	901
651	902
651	946
651	961
652	114
652	495
652	556
652	641
652	864
652	873
652	918
652	940
652	953
653	87
653	166
653	204
653	411
653	427
653	610
653	970
653	973
653	993
654	9
654	265
654	626
654	690
654	826
654	854
654	896
654	925
654	975
655	288
655	338
655	500
655	644
655	702
655	912
655	914
655	982
655	989
656	85
656	640
656	734
656	840
656	851
656	951
656	974
656	988
656	994
657	289
657	632
657	739
657	772
657	914
657	915
657	980
657	996
657	999
658	241
658	304
658	440
658	593
658	723
658	823
658	913
658	914
658	980
659	335
659	457
659	752
659	761
659	826
659	974
659	982
659	986
659	997
660	251
660	528
660	546
660	676
660	778
660	876
660	938
660	939
660	951
661	100
661	239
661	490
661	618
661	745
661	822
661	845
661	892
661	973
662	185
662	606
662	707
662	726
662	827
662	920
662	961
662	965
662	989
663	177
663	289
663	333
663	674
663	762
663	887
663	916
663	956
663	980
664	111
664	150
664	764
664	769
664	780
664	867
664	929
664	991
664	995
665	140
665	275
665	515
665	612
665	626
665	725
665	757
665	866
665	925
666	242
666	421
666	580
666	812
666	880
666	899
666	954
666	984
666	990
667	159
667	446
667	501
667	510
667	614
667	883
667	904
667	912
667	989
668	223
668	731
668	740
668	762
668	899
668	913
668	916
668	948
668	972
669	151
669	485
669	597
669	711
669	752
669	786
669	881
669	923
669	945
670	238
670	368
670	461
670	828
670	832
670	863
670	870
670	903
670	980
671	167
671	597
671	639
671	821
671	833
671	849
671	867
671	900
671	995
672	181
672	550
672	565
672	585
672	867
672	898
672	908
672	929
672	995
673	28
673	90
673	313
673	462
673	755
673	831
673	962
673	964
673	988
674	88
674	204
674	447
674	528
674	630
674	663
674	734
674	836
674	844
675	7
675	271
675	431
675	605
675	716
675	824
675	867
675	969
675	979
676	215
676	528
676	614
676	622
676	660
676	781
676	788
676	825
676	974
677	286
677	336
677	359
677	801
677	819
677	875
677	984
677	990
677	993
678	711
678	733
678	745
678	878
678	914
678	916
678	928
678	986
678	998
679	85
679	429
679	446
679	769
679	855
679	902
679	907
679	919
679	939
680	456
680	603
680	640
680	688
680	752
680	789
680	982
680	997
680	999
681	746
681	793
681	805
681	837
681	926
681	939
681	966
681	973
681	993
682	87
682	428
682	626
682	717
682	810
682	882
682	968
682	970
682	973
683	169
683	348
683	413
683	489
683	784
683	825
683	889
683	910
683	939
684	278
684	370
684	729
684	746
684	764
684	922
684	943
684	947
684	1000
685	66
685	584
685	649
685	815
685	874
685	897
685	972
685	977
685	992
686	55
686	176
686	817
686	854
686	907
686	915
686	984
686	986
686	998
687	156
687	187
687	306
687	734
687	739
687	776
687	877
687	954
687	994
688	102
688	282
688	379
688	515
688	534
688	624
688	680
688	740
688	845
689	245
689	587
689	743
689	777
689	812
689	840
689	843
689	885
689	891
690	34
690	458
690	566
690	581
690	654
690	719
690	746
690	750
690	868
690	973
691	387
691	569
691	572
691	613
691	733
691	913
691	933
691	954
691	986
691	994
692	158
692	329
692	376
692	407
692	849
692	863
692	903
692	910
692	921
692	935
693	214
693	365
693	422
693	504
693	573
693	854
693	877
693	988
693	993
693	994
694	263
694	526
694	594
694	744
694	752
694	849
694	875
694	886
694	982
694	997
695	383
695	648
695	793
695	868
695	901
695	948
695	956
695	964
695	967
695	971
696	600
696	650
696	757
696	763
696	905
696	959
696	960
696	972
696	987
696	995
697	339
697	434
697	631
697	647
697	807
697	823
697	851
697	898
697	914
697	985
698	292
698	387
698	463
698	480
698	534
698	910
698	916
698	924
698	975
698	998
699	189
699	707
699	747
699	753
699	771
699	905
699	920
699	949
699	977
699	992
700	24
700	103
700	255
700	280
700	367
700	552
700	742
700	767
700	846
700	994
701	12
701	199
701	411
701	789
701	869
701	878
701	964
701	968
701	977
701	992
702	38
702	363
702	387
702	655
702	735
702	758
702	904
702	944
702	950
702	974
703	80
703	173
703	248
703	889
703	930
703	963
703	976
703	987
703	991
703	996
704	577
704	745
704	840
704	848
704	856
704	907
704	912
704	958
704	973
704	1000
705	319
705	453
705	633
705	829
705	832
705	838
705	840
705	921
705	933
705	944
706	276
706	434
706	770
706	804
706	817
706	910
706	932
706	969
706	986
706	990
707	1
707	357
707	459
707	517
707	662
707	699
707	730
707	817
707	962
707	980
708	231
708	329
708	544
708	562
708	616
708	848
708	879
708	894
708	988
708	994
709	24
709	235
709	545
709	742
709	758
709	874
709	898
709	929
709	963
709	996
710	284
710	728
710	875
710	893
710	903
710	918
710	940
710	966
710	983
710	987
711	211
711	301
711	470
711	545
711	669
711	678
711	833
711	888
711	945
711	955
712	8
712	99
712	252
712	265
712	528
712	602
712	622
712	923
712	938
712	961
713	208
713	484
713	645
713	791
713	909
713	929
713	941
713	984
713	990
713	998
714	19
714	142
714	346
714	424
714	629
714	777
714	794
714	939
714	981
714	993
715	116
715	217
715	456
715	505
715	578
715	582
715	617
715	781
715	837
715	943
716	84
716	126
716	157
716	379
716	675
716	764
716	810
716	833
716	973
716	995
717	360
717	411
717	682
717	760
717	825
717	830
717	859
717	889
717	949
717	992
718	3
718	383
718	519
718	805
718	850
718	851
718	869
718	957
718	969
718	979
719	21
719	108
719	263
719	401
719	690
719	734
719	760
719	831
719	859
719	997
720	250
720	603
720	609
720	814
720	835
720	868
720	964
720	969
720	995
720	998
721	501
721	732
721	831
721	877
721	879
721	910
721	930
721	951
721	955
721	977
721	994
722	555
722	645
722	649
722	753
722	842
722	851
722	900
722	941
722	949
722	977
722	992
723	21
723	25
723	228
723	490
723	658
723	762
723	795
723	892
723	916
723	948
723	999
724	50
724	76
724	341
724	362
724	468
724	572
724	645
724	830
724	911
724	982
724	997
725	86
725	121
725	291
725	327
725	377
725	398
725	665
725	841
725	854
725	860
725	896
726	84
726	185
726	239
726	662
726	842
726	847
726	949
726	961
726	965
726	972
726	997
727	19
727	503
727	596
727	750
727	761
727	871
727	887
727	890
727	917
727	959
727	972
728	278
728	344
728	628
728	710
728	790
728	796
728	910
728	911
728	916
728	941
728	987
729	138
729	303
729	331
729	477
729	684
729	741
729	785
729	798
729	879
729	933
729	963
730	136
730	241
730	277
730	426
730	649
730	707
730	797
730	923
730	927
730	961
730	962
731	307
731	367
731	376
731	595
731	668
731	832
731	872
731	874
731	900
731	931
731	980
732	418
732	554
732	599
732	721
732	782
732	800
732	879
732	951
732	957
732	988
732	994
733	186
733	474
733	538
733	678
733	691
733	765
733	853
733	925
733	991
733	997
733	998
734	288
734	297
734	430
734	612
734	656
734	674
734	687
734	719
734	764
734	831
734	994
735	303
735	349
735	539
735	702
735	813
735	863
735	900
735	946
735	956
735	980
735	991
736	358
736	364
736	483
736	532
736	546
736	547
736	640
736	803
736	821
736	843
736	887
737	170
737	481
737	482
737	492
737	847
737	858
737	913
737	914
737	937
737	985
737	997
738	207
738	224
738	232
738	240
738	273
738	553
738	557
738	823
738	870
738	913
738	989
739	494
739	657
739	687
739	784
739	882
739	900
739	911
739	946
739	956
739	959
739	980
740	282
740	572
740	584
740	600
740	668
740	688
740	799
740	806
740	892
740	966
740	999
741	342
741	454
741	729
741	775
741	812
741	832
741	884
741	947
741	962
741	994
741	996
742	138
742	260
742	647
742	700
742	709
742	811
742	821
742	844
742	950
742	956
742	971
743	149
743	291
743	372
743	617
743	689
743	769
743	802
743	824
743	834
743	901
743	902
744	57
744	200
744	445
744	491
744	633
744	694
744	781
744	837
744	854
744	883
744	910
745	330
745	562
745	661
745	678
745	704
745	754
745	757
745	865
745	907
745	968
745	1000
746	558
746	559
746	639
746	681
746	684
746	690
746	778
746	904
746	952
746	957
746	967
747	181
747	503
747	699
747	824
747	889
747	935
747	962
747	977
747	992
747	996
747	1000
748	100
748	262
748	316
748	475
748	578
748	809
748	822
748	823
748	845
748	898
748	916
749	271
749	431
749	617
749	869
749	922
749	931
749	951
749	956
749	969
749	972
749	979
750	34
750	627
750	690
750	727
750	828
750	950
750	953
750	960
750	972
750	974
750	990
751	29
751	42
751	315
751	322
751	561
751	603
751	802
751	848
751	902
751	960
751	962
752	79
752	106
752	659
752	669
752	680
752	694
752	789
752	863
752	876
752	924
752	997
753	109
753	200
753	307
753	642
753	699
753	722
753	855
753	898
753	929
753	949
753	992
754	316
754	594
754	745
754	783
754	899
754	906
754	930
754	954
754	985
754	991
754	996
755	83
755	301
755	510
755	673
755	862
755	868
755	888
755	934
755	939
755	945
755	999
756	54
756	184
756	230
756	345
756	415
756	784
756	844
756	874
756	898
756	928
756	956
756	993
757	354
757	519
757	665
757	696
757	745
757	858
757	919
757	944
757	959
757	960
757	972
757	975
758	152
758	243
758	453
758	518
758	645
758	702
758	709
758	812
758	883
758	904
758	912
758	944
759	390
759	449
759	900
759	911
759	915
759	923
759	946
759	953
759	965
759	980
759	983
759	994
760	82
760	579
760	717
760	719
760	789
760	818
760	849
760	919
760	934
760	970
760	982
760	997
761	172
761	220
761	499
761	627
761	659
761	727
761	830
761	902
761	909
761	977
761	982
761	997
762	290
762	561
762	614
762	663
762	668
762	723
762	812
762	815
762	822
762	946
762	948
762	966
763	113
763	127
763	235
763	252
763	411
763	641
763	696
763	853
763	876
763	923
763	938
763	979
764	254
764	627
764	664
764	684
764	716
764	734
764	780
764	819
764	908
764	922
764	929
764	956
765	232
765	239
765	302
765	556
765	733
765	779
765	838
765	845
765	851
765	854
765	868
765	986
766	200
766	365
766	393
766	417
766	491
766	596
766	650
766	798
766	837
766	885
766	978
766	998
767	369
767	520
767	571
767	700
767	777
767	821
767	833
767	884
767	908
767	929
767	940
767	995
768	60
768	438
768	572
768	775
768	861
768	952
768	960
768	964
768	971
768	973
768	978
768	997
769	40
769	66
769	509
769	664
769	679
769	743
769	782
769	802
769	813
769	859
769	901
769	994
770	433
770	506
770	706
770	821
770	858
770	884
770	909
770	917
770	946
770	959
770	972
770	974
771	516
771	699
771	794
771	857
771	861
771	878
771	890
771	953
771	970
771	981
771	983
771	993
772	180
772	309
772	331
772	400
772	499
772	582
772	657
772	785
772	956
772	976
772	979
772	998
773	12
773	46
773	421
773	572
773	852
773	879
773	910
773	922
773	928
773	942
773	969
773	986
774	149
774	315
774	446
774	558
774	628
774	651
774	776
774	802
774	857
774	901
774	959
774	997
775	45
775	203
775	615
775	741
775	768
775	875
775	926
775	946
775	957
775	964
775	966
775	971
776	610
776	623
776	635
776	687
776	774
776	802
776	840
776	841
776	850
776	893
776	896
776	918
777	32
777	500
777	689
777	714
777	767
777	810
777	843
777	891
777	892
777	919
777	975
777	993
778	65
778	201
778	207
778	520
778	539
778	583
778	660
778	746
778	884
778	892
778	909
778	916
779	26
779	47
779	153
779	167
779	227
779	231
779	545
779	643
779	765
779	820
779	889
779	931
779	969
780	49
780	119
780	184
780	664
780	764
780	821
780	833
780	874
780	929
780	943
780	981
780	982
780	988
781	156
781	277
781	334
781	578
781	582
781	676
781	715
781	744
781	837
781	885
781	951
781	976
781	992
782	6
782	214
782	465
782	732
782	769
782	877
782	929
782	951
782	971
782	988
782	994
782	996
782	999
783	180
783	278
783	311
783	373
783	396
783	500
783	754
783	800
783	808
783	854
783	861
783	975
783	981
784	84
784	230
784	334
784	647
784	683
784	739
784	756
784	853
784	905
784	965
784	977
784	987
784	999
785	253
785	320
785	331
785	587
785	729
785	772
785	854
785	887
785	907
785	911
785	935
785	956
785	980
786	128
786	139
786	175
786	336
786	391
786	498
786	507
786	622
786	641
786	669
786	876
786	938
786	983
787	146
787	172
787	182
787	198
787	333
787	560
787	623
787	829
787	831
787	850
787	887
787	918
787	983
788	41
788	222
788	297
788	356
788	419
788	507
788	676
788	880
788	899
788	943
788	984
788	990
788	991
789	57
789	101
789	464
789	514
789	680
789	701
789	752
789	760
789	834
789	838
789	873
789	982
789	993
790	30
790	337
790	399
790	460
790	466
790	728
790	869
790	871
790	904
790	948
790	961
790	975
790	986
791	58
791	247
791	366
791	415
791	510
791	535
791	713
791	792
791	820
791	939
791	964
791	967
791	971
792	70
792	209
792	537
792	791
792	817
792	859
792	916
792	920
792	952
792	957
792	967
792	971
792	986
793	92
793	118
793	280
793	616
793	681
793	695
793	807
793	926
793	939
793	952
793	964
793	971
793	997
794	77
794	563
794	595
794	607
794	610
794	714
794	771
794	819
794	895
794	970
794	973
794	981
794	993
795	355
795	556
795	723
795	806
795	849
795	869
795	878
795	892
795	893
795	916
795	948
795	966
795	996
796	133
796	244
796	290
796	394
796	426
796	644
796	728
796	849
796	895
796	923
796	941
796	945
796	987
797	113
797	187
797	311
797	650
797	730
797	834
797	862
797	880
797	894
797	923
797	936
797	957
797	962
798	588
798	627
798	729
798	766
798	799
798	829
798	921
798	929
798	933
798	936
798	943
798	963
798	983
799	17
799	161
799	182
799	274
799	455
799	565
799	588
799	740
799	798
799	808
799	943
799	976
799	991
800	56
800	299
800	402
800	526
800	589
800	732
800	783
800	808
800	838
800	914
800	970
800	981
800	993
801	14
801	436
801	619
801	620
801	677
801	826
801	830
801	850
801	855
801	887
801	982
801	986
801	997
802	160
802	166
802	743
802	751
802	769
802	774
802	776
802	877
802	901
802	902
802	916
802	947
802	989
803	35
803	81
803	272
803	364
803	373
803	490
803	576
803	736
803	806
803	866
803	886
803	975
803	982
804	206
804	342
804	434
804	556
804	595
804	706
804	825
804	865
804	897
804	931
804	936
804	937
804	965
805	122
805	293
805	386
805	389
805	446
805	489
805	493
805	681
805	718
805	818
805	840
805	902
805	983
806	91
806	301
806	323
806	475
806	583
806	624
806	740
806	795
806	803
806	815
806	932
806	948
806	966
806	1000
807	16
807	166
807	195
807	697
807	793
807	856
807	872
807	873
807	934
807	937
807	978
807	981
807	985
807	997
808	117
808	137
808	273
808	384
808	608
808	610
808	783
808	799
808	800
808	873
808	941
808	945
808	952
808	970
809	269
809	281
809	405
809	416
809	478
809	561
809	617
809	639
809	748
809	916
809	948
809	963
809	966
809	972
810	236
810	522
810	682
810	716
810	777
810	860
810	882
810	907
810	927
810	968
810	973
810	975
810	988
810	1000
811	157
811	176
811	210
811	255
811	296
811	448
811	549
811	629
811	742
811	874
811	947
811	961
811	971
811	987
812	455
812	461
812	633
812	666
812	689
812	741
812	758
812	762
812	897
812	904
812	921
812	922
812	935
812	947
813	2
813	283
813	394
813	594
813	735
813	769
813	820
813	865
813	867
813	930
813	931
813	936
813	950
813	961
814	153
814	222
814	251
814	293
814	350
814	548
814	556
814	567
814	720
814	835
814	857
814	925
814	984
814	987
815	113
815	474
815	599
815	685
815	762
815	806
815	824
815	855
815	878
815	889
815	977
815	985
815	992
815	996
816	182
816	214
816	252
816	375
816	471
816	606
816	847
816	919
816	953
816	959
816	960
816	972
816	976
816	982
817	131
817	284
817	387
817	447
817	686
817	706
817	707
817	792
817	860
817	910
817	932
817	967
817	986
817	998
818	543
818	639
818	760
818	805
818	819
818	840
818	841
818	850
818	864
818	865
818	872
818	882
818	940
818	992
819	125
819	202
819	215
819	525
819	560
819	677
819	764
819	794
819	818
819	840
819	846
819	926
819	963
819	983
820	26
820	232
820	446
820	779
820	791
820	813
820	854
820	857
820	896
820	908
820	914
820	925
820	974
820	996
821	217
821	254
821	310
821	322
821	577
821	671
821	736
821	742
821	767
821	770
821	780
821	829
821	867
821	970
821	995
822	473
822	539
822	562
822	645
822	661
822	748
822	762
822	892
822	915
822	916
822	928
822	933
822	948
822	966
822	977
823	628
823	658
823	697
823	738
823	748
823	825
823	856
823	870
823	913
823	937
823	958
823	964
823	967
823	982
823	985
824	12
824	38
824	105
824	637
824	675
824	743
824	747
824	815
824	859
824	878
824	949
824	952
824	977
824	992
824	996
825	87
825	194
825	210
825	520
825	676
825	683
825	717
825	804
825	823
825	842
825	861
825	970
825	981
825	985
825	993
826	15
826	33
826	57
826	220
826	351
826	468
826	540
826	654
826	659
826	801
826	840
826	849
826	893
826	935
826	997
827	16
827	209
827	233
827	412
827	418
827	662
827	866
827	882
827	907
827	911
827	927
827	968
827	971
827	973
827	990
828	44
828	176
828	450
828	586
828	670
828	750
828	839
828	881
828	907
828	927
828	934
828	950
828	968
828	973
828	1000
829	505
829	567
829	705
829	787
829	798
829	821
829	884
829	891
829	922
829	939
829	943
829	947
829	962
829	967
829	987
830	82
830	97
830	127
830	285
830	401
830	572
830	574
830	717
830	724
830	761
830	801
830	868
830	968
830	982
830	997
831	229
831	298
831	580
831	636
831	673
831	719
831	721
831	734
831	787
831	877
831	897
831	968
831	988
831	994
831	1000
832	36
832	103
832	359
832	436
832	670
832	705
832	731
832	741
832	871
832	877
832	921
832	922
832	947
832	966
832	989
833	20
833	280
833	506
833	671
833	711
833	716
833	767
833	780
833	845
833	862
833	889
833	899
833	957
833	973
833	995
834	123
834	159
834	381
834	392
834	425
834	571
834	743
834	789
834	797
834	883
834	894
834	923
834	962
834	979
834	989
835	54
835	324
835	404
835	581
835	603
835	720
835	814
835	868
835	896
835	906
835	924
835	928
835	962
835	970
835	986
836	334
836	348
836	536
836	549
836	580
836	601
836	647
836	674
836	853
836	898
836	938
836	955
836	964
836	968
836	981
837	150
837	443
837	505
837	516
837	540
837	681
837	715
837	744
837	766
837	781
837	878
837	883
837	885
837	905
837	961
838	223
838	362
838	498
838	620
838	705
838	765
838	789
838	800
838	846
838	850
838	873
838	918
838	924
838	927
838	940
838	993
839	5
839	160
839	414
839	517
839	828
839	865
839	882
839	900
839	905
839	907
839	915
839	927
839	928
839	968
839	973
839	1000
840	473
840	656
840	689
840	704
840	705
840	776
840	805
840	818
840	819
840	826
840	846
840	918
840	924
840	926
840	934
840	959
841	226
841	302
841	406
841	493
841	725
841	776
841	818
841	864
841	873
841	893
841	925
841	940
841	973
841	985
841	989
841	997
842	110
842	377
842	400
842	538
842	602
842	618
842	722
842	726
842	825
842	869
842	936
842	940
842	961
842	965
842	986
842	994
843	121
843	305
843	576
843	689
843	736
843	777
843	854
843	869
843	886
843	915
843	921
843	945
843	948
843	975
843	993
843	994
844	423
844	457
844	490
844	497
844	499
844	502
844	508
844	549
844	674
844	742
844	756
844	853
844	898
844	908
844	912
844	933
845	29
845	135
845	313
845	355
845	364
845	430
845	529
845	608
845	610
845	661
845	688
845	748
845	765
845	833
845	892
845	948
846	76
846	144
846	287
846	341
846	488
846	563
846	636
846	700
846	819
846	838
846	840
846	890
846	893
846	918
846	940
846	943
847	350
847	522
847	579
847	580
847	614
847	726
847	737
847	816
847	943
847	953
847	954
847	960
847	972
847	974
847	978
847	998
848	268
848	429
848	446
848	449
848	593
848	613
848	651
848	704
848	708
848	751
848	893
848	901
848	902
848	927
848	944
848	992
849	14
849	468
849	485
849	613
849	627
849	671
849	692
849	694
849	760
849	795
849	796
849	826
849	938
849	953
849	982
849	997
850	23
850	472
850	518
850	718
850	776
850	787
850	801
850	818
850	838
850	863
850	873
850	918
850	940
850	957
850	983
850	991
851	9
851	90
851	469
851	483
851	513
851	519
851	596
851	618
851	656
851	697
851	718
851	722
851	765
851	969
851	979
851	980
852	155
852	174
852	190
852	354
852	389
852	481
852	511
852	527
852	560
852	587
852	773
852	875
852	917
852	958
852	978
852	999
853	234
853	415
853	598
853	601
853	733
853	763
853	784
853	836
853	844
853	859
853	874
853	876
853	905
853	970
853	974
853	988
853	994
854	90
854	264
854	324
854	654
854	686
854	693
854	725
854	744
854	765
854	783
854	785
854	820
854	843
854	868
854	886
854	925
854	984
855	61
855	67
855	92
855	96
855	156
855	332
855	679
855	753
855	801
855	815
855	889
855	918
855	922
855	940
855	949
855	977
855	996
856	31
856	111
856	125
856	260
856	599
856	604
856	631
856	704
856	807
856	823
856	867
856	872
856	937
856	960
856	985
856	989
856	991
857	31
857	143
857	202
857	293
857	410
857	441
857	452
857	623
857	771
857	774
857	814
857	820
857	896
857	934
857	935
857	950
857	965
858	335
858	504
858	514
858	525
858	628
858	737
858	757
858	770
858	883
858	917
858	935
858	953
858	960
858	970
858	972
858	991
858	999
859	332
859	385
859	543
859	569
859	649
859	717
859	719
859	769
859	792
859	824
859	853
859	889
859	894
859	938
859	949
859	975
859	977
860	171
860	213
860	275
860	429
860	441
860	515
860	542
860	549
860	603
860	619
860	725
860	810
860	817
860	868
860	896
860	924
860	953
861	117
861	273
861	287
861	451
861	527
861	635
861	768
861	771
861	783
861	825
861	937
861	949
861	957
861	970
861	981
861	986
861	999
862	102
862	203
862	365
862	480
862	609
862	648
862	755
862	797
862	833
862	892
862	913
862	926
862	930
862	939
862	952
862	957
862	967
863	9
863	171
863	331
863	437
863	582
863	646
863	670
863	692
863	735
863	752
863	850
863	911
863	946
863	949
863	955
863	956
863	978
863	988
864	284
864	286
864	351
864	428
864	574
864	634
864	652
864	818
864	841
864	924
864	927
864	929
864	961
864	962
864	965
864	983
864	985
864	995
865	123
865	192
865	331
865	420
865	525
865	745
865	804
865	813
865	818
865	839
865	866
865	890
865	900
865	922
865	924
865	950
865	961
865	965
866	174
866	310
866	320
866	398
866	512
866	547
866	562
866	665
866	803
866	827
866	865
866	882
866	936
866	968
866	973
866	982
866	996
866	1000
867	95
867	241
867	540
867	619
867	639
867	664
867	671
867	672
867	675
867	813
867	821
867	856
867	875
867	908
867	921
867	943
867	965
867	995
868	179
868	357
868	507
868	609
868	647
868	690
868	695
868	720
868	755
868	765
868	830
868	835
868	854
868	860
868	884
868	896
868	976
868	995
869	199
869	315
869	482
869	483
869	512
869	701
869	718
869	749
869	790
869	795
869	842
869	843
869	890
869	897
869	936
869	961
869	965
869	967
870	108
870	184
870	223
870	224
870	267
870	324
870	385
870	485
870	508
870	560
870	670
870	738
870	823
870	914
870	937
870	983
870	985
870	989
871	10
871	82
871	244
871	290
871	510
871	531
871	553
871	590
871	625
871	727
871	790
871	832
871	895
871	920
871	941
871	962
871	987
871	989
872	78
872	91
872	285
872	341
872	422
872	492
872	494
872	591
872	631
872	632
872	731
872	807
872	818
872	856
872	937
872	940
872	979
872	985
873	99
873	223
873	313
873	489
873	553
873	560
873	652
873	789
873	807
873	808
873	838
873	841
873	850
873	895
873	910
873	918
873	924
873	935
873	983
874	457
874	462
874	482
874	561
874	601
874	647
874	685
874	709
874	731
874	756
874	780
874	811
874	853
874	905
874	917
874	942
874	958
874	980
874	1000
875	92
875	109
875	253
875	286
875	336
875	621
875	630
875	677
875	694
875	710
875	775
875	852
875	867
875	899
875	931
875	934
875	947
875	984
875	990
876	175
876	300
876	497
876	507
876	528
876	602
876	637
876	641
876	660
876	752
876	763
876	786
876	853
876	909
876	924
876	938
876	949
876	958
876	987
877	29
877	133
877	219
877	221
877	601
877	625
877	687
877	693
877	721
877	782
877	802
877	831
877	832
877	901
877	930
877	951
877	953
877	983
877	988
878	161
878	255
878	555
878	642
878	678
878	701
878	771
878	795
878	815
878	824
878	837
878	918
878	919
878	941
878	949
878	977
878	985
878	989
878	992
879	22
879	161
879	180
879	391
879	608
879	612
879	708
879	721
879	729
879	732
879	773
879	890
879	892
879	948
879	951
879	957
879	965
879	988
879	994
880	109
880	228
880	297
880	454
880	496
880	537
880	565
880	621
880	645
880	666
880	788
880	797
880	896
880	899
880	962
880	976
880	984
880	990
880	994
881	93
881	121
881	279
881	480
881	517
881	597
881	637
881	641
881	669
881	828
881	888
881	899
881	909
881	927
881	934
881	945
881	955
881	977
881	998
882	220
882	308
882	381
882	651
882	682
882	739
882	810
882	818
882	827
882	839
882	866
882	906
882	927
882	942
882	967
882	968
882	973
882	985
882	1000
883	154
883	317
883	380
883	452
883	460
883	479
883	487
883	624
883	649
883	667
883	744
883	758
883	834
883	837
883	858
883	904
883	912
883	944
883	989
884	46
884	259
884	429
884	436
884	603
884	609
884	646
884	741
884	767
884	770
884	778
884	829
884	868
884	921
884	922
884	933
884	943
884	947
884	957
885	33
885	61
885	72
885	164
885	169
885	322
885	364
885	435
885	445
885	491
885	505
885	540
885	550
885	689
885	766
885	781
885	837
885	945
885	978
886	30
886	106
886	219
886	305
886	328
886	391
886	399
886	460
886	466
886	624
886	694
886	803
886	843
886	854
886	891
886	920
886	975
886	980
886	981
887	39
887	148
887	335
887	337
887	492
887	550
887	637
887	642
887	663
887	727
887	736
887	785
887	787
887	801
887	903
887	935
887	956
887	959
887	980
888	77
888	129
888	232
888	266
888	274
888	485
888	567
888	575
888	607
888	711
888	755
888	881
888	941
888	945
888	955
888	966
888	968
888	980
888	988
889	338
889	543
889	555
889	574
889	683
889	703
889	717
889	747
889	779
889	815
889	833
889	855
889	859
889	915
889	958
889	977
889	985
889	992
889	993
890	36
890	526
890	590
890	606
890	636
890	727
890	771
890	846
890	865
890	869
890	879
890	931
890	936
890	950
890	959
890	961
890	964
890	980
890	988
891	13
891	32
891	222
891	320
891	401
891	423
891	432
891	500
891	610
891	641
891	689
891	777
891	829
891	886
891	903
891	917
891	936
891	975
891	990
891	994
892	137
892	282
892	363
892	583
892	661
892	723
892	740
892	777
892	778
892	795
892	822
892	845
892	862
892	879
892	913
892	931
892	936
892	948
892	962
892	995
893	233
893	373
893	425
893	495
893	634
893	640
893	710
893	776
893	795
893	826
893	841
893	846
893	848
893	924
893	932
893	940
893	948
893	958
893	983
893	990
894	159
894	163
894	218
894	226
894	357
894	392
894	402
894	531
894	708
894	797
894	834
894	859
894	923
894	926
894	934
894	949
894	954
894	962
894	968
894	993
895	152
895	193
895	261
895	345
895	379
895	600
895	625
895	628
895	638
895	644
895	794
895	796
895	871
895	873
895	903
895	935
895	941
895	951
895	958
895	987
896	275
896	410
896	478
896	515
896	518
896	533
896	598
896	608
896	612
896	654
896	725
896	776
896	820
896	835
896	857
896	860
896	868
896	880
896	944
896	1000
897	98
897	206
897	246
897	297
897	330
897	483
897	500
897	569
897	585
897	636
897	638
897	643
897	685
897	804
897	812
897	831
897	869
897	950
897	965
897	980
898	41
898	165
898	447
898	459
898	462
898	472
898	499
898	545
898	601
898	672
898	697
898	709
898	748
898	753
898	756
898	836
898	844
898	904
898	952
898	961
899	130
899	228
899	229
899	234
899	385
899	537
899	620
899	622
899	666
899	668
899	754
899	788
899	833
899	875
899	880
899	881
899	947
899	984
899	990
899	1000
900	349
900	367
900	507
900	568
900	601
900	671
900	722
900	731
900	735
900	739
900	759
900	839
900	865
900	911
900	915
900	935
900	940
900	956
900	983
900	998
901	119
901	148
901	160
901	295
901	347
901	429
901	449
901	456
901	651
901	695
901	743
901	769
901	774
901	802
901	848
901	877
901	902
901	971
901	987
901	997
902	29
902	40
902	268
902	329
902	499
902	536
902	650
902	651
902	679
902	743
902	751
902	761
902	802
902	805
902	848
902	901
902	958
902	972
902	981
902	983
902	991
903	37
903	59
903	148
903	367
903	374
903	670
903	692
903	710
903	887
903	891
903	895
903	911
903	915
903	935
903	936
903	950
903	956
903	963
903	969
903	980
903	990
904	99
904	307
904	324
904	466
904	484
904	504
904	667
904	702
904	746
904	758
904	790
904	812
904	883
904	898
904	912
904	943
904	944
904	975
904	984
904	989
904	995
905	20
905	138
905	188
905	258
905	296
905	322
905	330
905	413
905	445
905	545
905	552
905	558
905	696
905	699
905	784
905	837
905	839
905	853
905	874
905	972
905	998
906	55
906	220
906	251
906	335
906	440
906	524
906	529
906	542
906	544
906	754
906	835
906	882
906	909
906	930
906	954
906	964
906	976
906	986
906	991
906	995
906	996
907	209
907	217
907	253
907	310
907	369
907	479
907	679
907	686
907	704
907	745
907	785
907	810
907	827
907	828
907	839
907	913
907	929
907	932
907	968
907	973
907	982
908	58
908	369
908	403
908	417
908	426
908	465
908	513
908	533
908	573
908	619
908	672
908	764
908	767
908	820
908	844
908	867
908	929
908	960
908	961
908	993
908	995
909	22
909	43
909	443
909	533
909	535
909	556
909	575
909	611
909	713
909	761
909	770
909	778
909	876
909	881
909	906
909	925
909	930
909	954
909	963
909	976
909	991
909	996
910	288
910	437
910	523
910	533
910	552
910	565
910	683
910	692
910	698
910	706
910	721
910	728
910	744
910	773
910	817
910	873
910	928
910	932
910	942
910	986
910	997
910	998
911	39
911	44
911	164
911	178
911	407
911	585
911	724
911	728
911	739
911	759
911	785
911	827
911	863
911	900
911	903
911	915
911	917
911	928
911	935
911	964
911	980
911	987
912	124
912	132
912	237
912	269
912	276
912	283
912	295
912	317
912	455
912	518
912	655
912	667
912	704
912	758
912	844
912	883
912	904
912	936
912	944
912	959
912	981
912	1000
913	111
913	287
913	385
913	546
913	614
913	658
913	668
913	691
913	737
913	738
913	823
913	862
913	892
913	907
913	914
913	917
913	937
913	940
913	960
913	963
913	985
913	998
914	6
914	184
914	207
914	262
914	400
914	530
914	591
914	604
914	655
914	657
914	658
914	678
914	697
914	737
914	800
914	820
914	870
914	913
914	916
914	917
914	985
914	987
915	240
915	298
915	348
915	407
915	583
915	632
915	641
915	657
915	686
915	759
915	822
915	839
915	843
915	889
915	900
915	903
915	911
915	935
915	946
915	956
915	980
915	991
916	11
916	475
916	532
916	561
916	576
916	583
916	663
916	668
916	678
916	698
916	723
916	728
916	748
916	778
916	792
916	795
916	802
916	809
916	822
916	914
916	920
916	966
917	45
917	50
917	181
917	342
917	443
917	521
917	598
917	727
917	770
917	852
917	858
917	874
917	891
917	911
917	913
917	914
917	919
917	953
917	960
917	972
917	974
917	984
917	996
918	75
918	353
918	426
918	514
918	574
918	591
918	594
918	621
918	652
918	710
918	776
918	787
918	838
918	840
918	846
918	850
918	855
918	873
918	878
918	939
918	940
918	967
918	972
919	69
919	270
919	371
919	380
919	448
919	521
919	531
919	537
919	615
919	679
919	757
919	760
919	777
919	816
919	878
919	917
919	934
919	953
919	959
919	960
919	972
919	974
919	976
920	228
920	454
920	508
920	536
920	553
920	570
920	589
920	590
920	591
920	628
920	638
920	662
920	699
920	792
920	871
920	886
920	916
920	941
920	967
920	972
920	980
920	981
920	987
921	36
921	182
921	188
921	319
921	359
921	370
921	405
921	477
921	692
921	705
921	798
921	812
921	832
921	843
921	867
921	884
921	925
921	933
921	947
921	950
921	960
921	990
921	1000
922	25
922	27
922	247
922	260
922	461
922	523
922	554
922	588
922	592
922	633
922	684
922	749
922	764
922	773
922	812
922	829
922	832
922	855
922	865
922	884
922	933
922	943
922	947
923	4
923	113
923	275
923	357
923	396
923	410
923	426
923	430
923	459
923	571
923	669
923	712
923	730
923	759
923	763
923	796
923	797
923	834
923	894
923	962
923	966
923	974
923	978
923	988
924	414
924	425
924	427
924	448
924	498
924	524
924	594
924	698
924	752
924	835
924	838
924	840
924	860
924	864
924	865
924	873
924	876
924	893
924	935
924	947
924	955
924	961
924	983
924	995
925	129
925	140
925	146
925	179
925	247
925	264
925	327
925	378
925	444
925	458
925	536
925	609
925	654
925	665
925	733
925	814
925	820
925	841
925	854
925	909
925	921
925	945
925	960
925	986
926	49
926	168
926	209
926	211
926	262
926	388
926	404
926	438
926	463
926	493
926	592
926	681
926	775
926	793
926	819
926	840
926	862
926	894
926	944
926	952
926	957
926	964
926	971
926	992
927	66
927	168
927	282
927	372
927	388
927	412
927	581
927	730
927	810
927	827
927	828
927	838
927	839
927	848
927	864
927	881
927	882
927	944
927	951
927	952
927	968
927	973
927	982
927	1000
928	107
928	167
928	343
928	442
928	523
928	554
928	613
928	678
928	756
928	773
928	822
928	835
928	839
928	910
928	911
928	930
928	932
928	942
928	968
928	986
928	989
928	995
928	998
928	1000
929	245
929	339
929	465
929	506
929	533
929	639
929	664
929	672
929	709
929	713
929	753
929	764
929	767
929	780
929	782
929	798
929	864
929	907
929	908
929	934
929	952
929	987
929	995
929	996
930	340
930	382
930	416
930	467
930	476
930	507
930	524
930	623
930	703
930	721
930	754
930	813
930	862
930	877
930	906
930	909
930	928
930	933
930	954
930	963
930	972
930	976
930	996
930	999
931	162
931	192
931	283
931	293
931	353
931	420
931	437
931	483
931	571
931	602
931	629
931	643
931	731
931	749
931	779
931	804
931	813
931	875
931	890
931	892
931	933
931	942
931	950
931	951
932	17
932	55
932	57
932	272
932	292
932	434
932	486
932	616
932	619
932	625
932	706
932	806
932	817
932	893
932	907
932	910
932	928
932	949
932	950
932	978
932	985
932	986
932	992
932	994
932	998
933	194
933	273
933	449
933	478
933	526
933	554
933	565
933	567
933	588
933	646
933	691
933	705
933	729
933	798
933	822
933	844
933	884
933	921
933	922
933	930
933	931
933	943
933	947
933	961
933	983
934	115
934	129
934	266
934	274
934	279
934	298
934	510
934	573
934	597
934	607
934	755
934	760
934	807
934	828
934	840
934	857
934	875
934	881
934	894
934	919
934	929
934	936
934	945
934	955
934	975
935	10
935	112
935	240
935	293
935	475
935	595
935	637
935	692
935	747
935	785
935	812
935	826
935	857
935	858
935	873
935	887
935	895
935	900
935	903
935	911
935	915
935	924
935	939
935	979
935	980
936	158
936	198
936	285
936	340
936	394
936	482
936	512
936	528
936	606
936	797
936	798
936	804
936	813
936	842
936	866
936	869
936	890
936	891
936	892
936	903
936	912
936	934
936	950
936	961
936	994
937	170
937	328
937	445
937	494
937	512
937	593
937	604
937	648
937	737
937	804
937	807
937	823
937	856
937	861
937	870
937	872
937	913
937	953
937	954
937	959
937	971
937	983
937	985
937	991
937	992
938	5
938	51
938	139
938	153
938	252
938	272
938	277
938	291
938	300
938	497
938	503
938	561
938	614
938	660
938	712
938	763
938	786
938	836
938	849
938	859
938	876
938	950
938	957
938	967
938	977
938	982
939	262
939	270
939	379
939	463
939	478
939	516
939	559
939	646
939	660
939	679
939	681
939	683
939	714
939	755
939	791
939	793
939	829
939	862
939	918
939	935
939	941
939	952
939	957
939	964
939	967
939	971
940	146
940	414
940	473
940	576
940	652
940	710
940	767
940	818
940	838
940	841
940	842
940	846
940	850
940	855
940	872
940	893
940	900
940	913
940	918
940	960
940	973
940	981
940	983
940	988
940	990
940	994
941	155
941	250
941	269
941	431
941	436
941	508
941	570
941	589
941	600
941	628
941	638
941	713
941	722
941	728
941	796
941	808
941	871
941	878
941	888
941	895
941	920
941	939
941	959
941	962
941	979
941	999
942	17
942	27
942	63
942	163
942	267
942	308
942	325
942	376
942	410
942	436
942	437
942	515
942	613
942	625
942	773
942	874
942	882
942	910
942	928
942	931
942	954
942	961
942	968
942	973
942	986
942	998
943	63
943	359
943	401
943	461
943	557
943	565
943	611
943	633
943	646
943	684
943	715
943	780
943	788
943	798
943	799
943	829
943	846
943	847
943	867
943	884
943	904
943	922
943	933
943	947
943	952
943	972
943	975
944	59
944	74
944	80
944	243
944	318
944	334
944	338
944	408
944	467
944	487
944	504
944	518
944	702
944	705
944	757
944	758
944	848
944	883
944	896
944	904
944	912
944	926
944	927
944	962
944	970
944	989
944	994
945	7
945	83
945	115
945	144
945	281
945	438
945	468
945	510
945	597
945	607
945	669
945	711
945	755
945	796
945	808
945	843
945	881
945	885
945	888
945	925
945	934
945	955
945	965
945	984
945	985
945	986
945	992
945	997
946	15
946	144
946	145
946	157
946	258
946	343
946	390
946	420
946	582
946	610
946	637
946	639
946	651
946	735
946	739
946	759
946	762
946	770
946	775
946	863
946	915
946	956
946	973
946	974
946	975
946	976
946	980
946	991
947	129
947	143
947	418
947	436
947	455
947	547
947	567
947	604
947	646
947	684
947	741
947	802
947	811
947	812
947	829
947	832
947	875
947	884
947	899
947	921
947	922
947	924
947	933
947	943
947	952
947	968
947	979
947	1000
948	20
948	183
948	346
948	421
948	520
948	535
948	563
948	608
948	668
948	695
948	723
948	762
948	790
948	795
948	806
948	809
948	822
948	843
948	845
948	879
948	892
948	893
948	958
948	963
948	966
948	970
948	975
948	993
949	92
949	165
949	219
949	257
949	302
949	431
949	501
949	561
949	566
949	585
949	642
949	699
949	717
949	722
949	726
949	753
949	824
949	855
949	859
949	861
949	863
949	876
949	878
949	894
949	932
949	977
949	989
949	990
949	992
950	46
950	221
950	297
950	303
950	413
950	439
950	442
950	526
950	538
950	643
950	702
950	742
950	750
950	813
950	828
950	857
950	865
950	890
950	897
950	903
950	921
950	931
950	932
950	936
950	938
950	961
950	965
950	970
950	977
951	47
951	85
951	105
951	196
951	306
951	312
951	413
951	452
951	491
951	492
951	569
951	573
951	626
951	647
951	656
951	660
951	721
951	732
951	749
951	781
951	782
951	877
951	879
951	895
951	927
951	931
951	967
951	988
951	994
952	31
952	70
952	191
952	424
952	438
952	441
952	496
952	589
952	746
952	768
952	792
952	793
952	808
952	824
952	862
952	898
952	926
952	927
952	929
952	939
952	943
952	947
952	957
952	963
952	964
952	967
952	971
952	991
952	998
953	19
953	60
953	104
953	159
953	181
953	246
953	299
953	323
953	375
953	393
953	521
953	557
953	580
953	652
953	750
953	759
953	771
953	816
953	847
953	849
953	858
953	860
953	877
953	917
953	919
953	937
953	959
953	973
953	974
953	981
954	44
954	49
954	79
954	103
954	138
954	190
954	202
954	205
954	366
954	378
954	392
954	418
954	488
954	542
954	611
954	666
954	687
954	691
954	754
954	847
954	894
954	906
954	909
954	930
954	937
954	942
954	963
954	969
954	976
954	991
954	996
955	7
955	37
955	93
955	266
955	274
955	281
955	296
955	301
955	464
955	480
955	485
955	583
955	607
955	627
955	641
955	711
955	721
955	836
955	863
955	881
955	888
955	924
955	934
955	945
955	967
955	978
955	979
955	982
955	983
955	985
955	994
956	64
956	110
956	130
956	145
956	171
956	179
956	191
956	238
956	326
956	496
956	523
956	621
956	630
956	631
956	663
956	695
956	735
956	739
956	742
956	749
956	756
956	764
956	772
956	785
956	863
956	887
956	900
956	903
956	915
956	946
956	977
957	31
957	58
957	147
957	326
957	459
957	552
957	559
957	564
957	648
957	718
957	732
957	746
957	775
957	792
957	797
957	833
957	850
957	861
957	862
957	879
957	884
957	926
957	938
957	939
957	952
957	960
957	964
957	967
957	971
957	974
957	985
958	13
958	23
958	65
958	73
958	175
958	190
958	204
958	391
958	441
958	453
958	481
958	511
958	530
958	548
958	579
958	586
958	587
958	621
958	704
958	823
958	852
958	874
958	876
958	889
958	893
958	895
958	902
958	948
958	960
958	968
958	978
958	998
958	999
959	69
959	383
959	409
959	514
959	522
959	550
959	551
959	559
959	594
959	615
959	650
959	696
959	727
959	739
959	757
959	770
959	774
959	816
959	840
959	887
959	890
959	912
959	919
959	937
959	941
959	953
959	960
959	972
959	974
959	975
959	976
959	986
959	988
960	212
960	342
960	346
960	350
960	371
960	389
960	409
960	525
960	615
960	696
960	750
960	751
960	757
960	768
960	816
960	847
960	856
960	858
960	908
960	913
960	917
960	919
960	921
960	925
960	940
960	957
960	958
960	959
960	964
960	972
960	974
960	976
960	982
961	98
961	327
961	353
961	439
961	512
961	525
961	538
961	602
961	618
961	651
961	662
961	712
961	726
961	730
961	790
961	811
961	813
961	837
961	842
961	864
961	865
961	869
961	890
961	898
961	908
961	924
961	933
961	936
961	942
961	950
961	965
961	976
961	984
962	4
962	70
962	86
962	107
962	218
962	226
962	392
962	402
962	426
962	430
962	459
962	479
962	539
962	571
962	673
962	707
962	730
962	741
962	747
962	751
962	797
962	829
962	834
962	835
962	864
962	871
962	880
962	892
962	894
962	923
962	941
962	944
962	979
963	96
963	128
963	416
963	418
963	432
963	440
963	467
963	479
963	488
963	535
963	549
963	568
963	575
963	598
963	631
963	634
963	703
963	709
963	729
963	798
963	809
963	819
963	903
963	909
963	913
963	930
963	948
963	952
963	954
963	964
963	976
963	985
963	991
963	996
964	50
964	76
964	270
964	294
964	362
964	419
964	475
964	509
964	517
964	558
964	622
964	635
964	648
964	673
964	695
964	701
964	720
964	768
964	775
964	791
964	793
964	823
964	836
964	890
964	906
964	911
964	926
964	939
964	952
964	957
964	960
964	963
964	967
964	971
964	984
965	40
965	123
965	162
965	198
965	211
965	215
965	239
965	242
965	247
965	248
965	351
965	394
965	451
965	457
965	482
965	636
965	643
965	662
965	726
965	759
965	784
965	804
965	842
965	857
965	864
965	865
965	867
965	869
965	879
965	897
965	945
965	950
965	961
965	978
965	988
965	999
966	52
966	65
966	116
966	183
966	246
966	268
966	405
966	478
966	490
966	539
966	575
966	584
966	592
966	608
966	624
966	646
966	681
966	710
966	740
966	762
966	775
966	795
966	806
966	809
966	822
966	832
966	888
966	916
966	923
966	948
966	975
966	977
966	985
966	988
966	989
966	998
967	60
967	76
967	85
967	139
967	211
967	242
967	310
967	390
967	408
967	422
967	463
967	559
967	564
967	648
967	695
967	746
967	791
967	792
967	817
967	823
967	829
967	862
967	869
967	882
967	918
967	920
967	938
967	939
967	951
967	952
967	955
967	957
967	964
967	971
967	973
967	986
968	11
968	44
968	196
968	197
968	347
968	381
968	382
968	411
968	517
968	538
968	577
968	682
968	701
968	745
968	810
968	827
968	828
968	830
968	831
968	836
968	839
968	866
968	882
968	888
968	894
968	907
968	927
968	928
968	942
968	947
968	958
968	973
968	975
968	989
968	990
968	992
968	998
968	1000
969	14
969	23
969	38
969	94
969	115
969	210
969	323
969	352
969	424
969	431
969	442
969	444
969	471
969	477
969	488
969	501
969	509
969	527
969	544
969	558
969	596
969	605
969	617
969	631
969	675
969	706
969	718
969	720
969	749
969	773
969	779
969	851
969	903
969	954
969	974
969	978
969	979
969	980
970	70
970	118
970	122
970	142
970	193
970	238
970	294
970	306
970	308
970	368
970	397
970	470
970	534
970	538
970	541
970	557
970	600
970	635
970	653
970	682
970	760
970	771
970	794
970	800
970	808
970	821
970	825
970	835
970	853
970	858
970	861
970	944
970	948
970	950
970	972
970	981
970	992
970	993
971	51
971	120
971	191
971	250
971	256
971	260
971	262
971	294
971	414
971	419
971	422
971	427
971	474
971	486
971	524
971	555
971	564
971	577
971	588
971	621
971	695
971	742
971	768
971	775
971	782
971	791
971	792
971	793
971	811
971	827
971	901
971	926
971	937
971	939
971	952
971	957
971	964
971	967
971	974
972	98
972	114
972	154
972	267
972	335
972	514
972	525
972	550
972	558
972	583
972	600
972	640
972	668
972	685
972	696
972	726
972	727
972	749
972	750
972	757
972	770
972	809
972	816
972	847
972	858
972	902
972	905
972	917
972	918
972	919
972	920
972	930
972	943
972	959
972	960
972	970
972	974
972	991
972	1000
973	42
973	81
973	168
973	200
973	266
973	381
973	435
973	450
973	517
973	547
973	574
973	577
973	653
973	661
973	681
973	682
973	690
973	704
973	716
973	768
973	794
973	810
973	827
973	828
973	833
973	839
973	841
973	866
973	882
973	907
973	927
973	940
973	942
973	946
973	953
973	967
973	968
973	989
973	1000
974	67
974	104
974	246
974	270
974	409
974	413
974	431
974	433
974	514
974	521
974	522
974	532
974	550
974	562
974	580
974	615
974	644
974	656
974	659
974	676
974	702
974	750
974	770
974	820
974	847
974	853
974	917
974	919
974	923
974	946
974	953
974	957
974	959
974	960
974	969
974	971
974	972
974	977
974	993
975	3
975	43
975	121
975	126
975	219
975	272
975	287
975	320
975	327
975	358
975	364
975	453
975	460
975	532
975	576
975	613
975	640
975	654
975	698
975	757
975	777
975	783
975	790
975	803
975	810
975	843
975	859
975	886
975	891
975	904
975	934
975	943
975	946
975	948
975	959
975	966
975	968
975	982
975	986
976	71
976	81
976	95
976	103
976	127
976	177
976	185
976	249
976	314
976	377
976	382
976	407
976	418
976	443
976	456
976	479
976	488
976	529
976	611
976	642
976	703
976	772
976	781
976	799
976	816
976	868
976	880
976	906
976	909
976	919
976	930
976	946
976	954
976	959
976	960
976	961
976	963
976	979
976	991
977	96
977	174
977	191
977	199
977	235
977	279
977	368
977	387
977	494
977	495
977	540
977	551
977	566
977	584
977	649
977	685
977	699
977	701
977	721
977	722
977	747
977	761
977	784
977	815
977	822
977	824
977	855
977	859
977	878
977	881
977	889
977	938
977	949
977	950
977	956
977	966
977	974
977	979
977	983
977	992
978	48
978	73
978	75
978	124
978	164
978	173
978	178
978	198
978	225
978	281
978	366
978	381
978	392
978	400
978	453
978	511
978	530
978	541
978	548
978	579
978	586
978	587
978	766
978	768
978	807
978	847
978	852
978	863
978	885
978	923
978	932
978	955
978	958
978	965
978	969
978	979
978	981
978	982
978	988
978	999
979	9
979	11
979	18
979	82
979	115
979	141
979	146
979	326
979	352
979	374
979	444
979	445
979	450
979	501
979	505
979	513
979	519
979	527
979	596
979	605
979	617
979	675
979	718
979	749
979	763
979	772
979	834
979	851
979	872
979	935
979	941
979	947
979	955
979	962
979	969
979	976
979	977
979	978
979	998
979	999
980	8
980	110
980	132
980	157
980	289
980	342
980	343
980	345
980	352
980	376
980	433
980	449
980	489
980	582
980	657
980	658
980	663
980	670
980	707
980	731
980	735
980	739
980	759
980	785
980	851
980	874
980	886
980	887
980	888
980	890
980	897
980	903
980	911
980	915
980	920
980	935
980	946
980	969
980	984
980	985
981	7
981	56
981	116
981	150
981	172
981	264
981	273
981	283
981	299
981	397
981	469
981	481
981	516
981	537
981	563
981	602
981	610
981	714
981	771
981	780
981	783
981	794
981	800
981	807
981	825
981	836
981	861
981	886
981	902
981	912
981	920
981	940
981	953
981	970
981	978
981	982
981	989
981	991
981	993
981	1000
982	16
982	50
982	56
982	106
982	243
982	263
982	362
982	417
982	464
982	497
982	522
982	568
982	620
982	627
982	655
982	659
982	680
982	694
982	724
982	760
982	761
982	780
982	789
982	801
982	803
982	816
982	823
982	830
982	849
982	866
982	907
982	927
982	938
982	955
982	960
982	975
982	978
982	981
982	984
982	994
982	997
983	102
983	178
983	332
983	333
983	341
983	389
983	414
983	448
983	473
983	481
983	489
983	493
983	495
983	530
983	551
983	594
983	620
983	710
983	759
983	771
983	786
983	787
983	798
983	805
983	819
983	850
983	864
983	870
983	873
983	877
983	893
983	900
983	902
983	924
983	933
983	937
983	940
983	955
983	977
983	997
983	998
984	53
984	58
984	77
984	130
984	213
984	236
984	241
984	242
984	253
984	269
984	283
984	286
984	336
984	412
984	419
984	475
984	484
984	491
984	537
984	583
984	621
984	636
984	645
984	666
984	677
984	686
984	713
984	788
984	814
984	854
984	875
984	880
984	899
984	904
984	917
984	945
984	961
984	964
984	980
984	982
984	990
984	997
985	6
985	195
985	208
985	260
985	358
985	361
985	378
985	385
985	440
985	454
985	469
985	492
985	493
985	573
985	591
985	593
985	631
985	697
985	737
985	754
985	807
985	815
985	823
985	825
985	841
985	856
985	864
985	870
985	872
985	878
985	882
985	889
985	913
985	914
985	932
985	937
985	945
985	955
985	957
985	963
985	966
985	980
986	41
986	74
986	88
986	104
986	167
986	186
986	292
986	314
986	325
986	466
986	474
986	486
986	523
986	575
986	616
986	632
986	659
986	678
986	686
986	691
986	706
986	765
986	773
986	790
986	792
986	801
986	817
986	835
986	842
986	861
986	906
986	910
986	925
986	928
986	932
986	942
986	945
986	959
986	967
986	975
986	987
986	995
986	998
987	62
987	134
987	152
987	155
987	189
987	244
987	250
987	265
987	278
987	290
987	319
987	321
987	322
987	513
987	529
987	553
987	570
987	589
987	590
987	601
987	618
987	638
987	644
987	696
987	703
987	710
987	728
987	784
987	796
987	811
987	814
987	829
987	871
987	876
987	895
987	901
987	911
987	914
987	920
987	929
987	986
987	998
987	1000
988	22
988	71
988	105
988	112
988	131
988	134
988	165
988	284
988	288
988	298
988	313
988	349
988	420
988	498
988	544
988	569
988	573
988	626
988	656
988	673
988	693
988	708
988	732
988	780
988	782
988	810
988	831
988	853
988	863
988	877
988	879
988	888
988	890
988	923
988	940
988	951
988	959
988	965
988	966
988	978
988	991
988	993
988	994
988	996
989	48
989	54
989	59
989	80
989	99
989	132
989	154
989	237
989	276
989	307
989	317
989	318
989	338
989	380
989	408
989	461
989	487
989	504
989	505
989	518
989	623
989	655
989	662
989	667
989	738
989	802
989	832
989	834
989	841
989	856
989	870
989	871
989	878
989	883
989	904
989	928
989	944
989	949
989	966
989	968
989	973
989	981
989	990
989	997
990	8
990	35
990	41
990	53
990	77
990	83
990	132
990	186
990	216
990	229
990	236
990	242
990	253
990	269
990	332
990	356
990	375
990	422
990	461
990	484
990	502
990	621
990	630
990	645
990	666
990	677
990	706
990	713
990	750
990	788
990	827
990	875
990	880
990	891
990	893
990	899
990	903
990	921
990	940
990	949
990	968
990	984
990	989
990	995
990	999
991	49
991	112
991	152
991	162
991	188
991	205
991	230
991	249
991	251
991	377
991	395
991	416
991	479
991	529
991	535
991	568
991	575
991	577
991	598
991	606
991	631
991	664
991	703
991	733
991	735
991	754
991	788
991	799
991	850
991	856
991	858
991	902
991	906
991	909
991	915
991	937
991	946
991	952
991	954
991	963
991	972
991	976
991	981
991	988
991	996
992	94
992	100
992	124
992	161
992	165
992	183
992	257
992	315
992	368
992	404
992	482
992	543
992	551
992	555
992	566
992	582
992	584
992	591
992	595
992	612
992	615
992	685
992	699
992	701
992	717
992	722
992	747
992	753
992	781
992	815
992	818
992	824
992	848
992	878
992	889
992	926
992	932
992	937
992	945
992	949
992	968
992	970
992	977
992	997
992	998
993	30
993	74
993	122
993	145
993	147
993	149
993	172
993	240
993	270
993	291
993	308
993	346
993	397
993	427
993	451
993	468
993	469
993	487
993	516
993	555
993	557
993	599
993	635
993	653
993	677
993	681
993	693
993	714
993	756
993	771
993	777
993	789
993	794
993	800
993	825
993	838
993	843
993	889
993	894
993	908
993	948
993	970
993	974
993	981
993	988
994	71
994	131
994	133
994	151
994	180
994	221
994	289
994	313
994	329
994	398
994	469
994	522
994	544
994	579
994	607
994	612
994	626
994	656
994	687
994	691
994	693
994	700
994	708
994	721
994	732
994	734
994	741
994	759
994	769
994	782
994	831
994	842
994	843
994	853
994	879
994	880
994	891
994	932
994	936
994	940
994	944
994	951
994	955
994	982
994	988
994	995
995	4
995	84
995	89
995	93
995	119
995	128
995	190
995	212
995	233
995	248
995	254
995	320
995	324
995	339
995	369
995	386
995	403
995	419
995	458
995	533
995	570
995	585
995	588
995	619
995	664
995	671
995	672
995	696
995	716
995	720
995	767
995	821
995	833
995	864
995	867
995	868
995	892
995	904
995	906
995	908
995	924
995	928
995	929
995	986
995	990
995	994
995	996
996	21
996	81
996	112
996	120
996	177
996	249
996	251
996	303
996	305
996	340
996	382
996	399
996	412
996	428
996	432
996	443
996	485
996	529
996	535
996	542
996	575
996	598
996	611
996	644
996	657
996	703
996	709
996	741
996	747
996	754
996	782
996	795
996	815
996	820
996	824
996	855
996	866
996	906
996	909
996	917
996	929
996	930
996	954
996	963
996	988
996	991
996	995
997	21
997	32
997	97
997	101
997	106
997	147
997	170
997	207
997	243
997	259
997	304
997	307
997	401
997	417
997	464
997	490
997	542
997	617
997	620
997	648
997	659
997	680
997	694
997	719
997	724
997	726
997	733
997	737
997	752
997	760
997	761
997	768
997	774
997	793
997	801
997	807
997	826
997	830
997	841
997	849
997	901
997	910
997	945
997	982
997	983
997	984
997	989
997	992
998	12
998	27
998	107
998	163
998	227
998	314
998	384
998	395
998	397
998	405
998	423
998	434
998	437
998	534
998	538
998	541
998	554
998	572
998	616
998	625
998	632
998	678
998	686
998	698
998	713
998	720
998	733
998	766
998	772
998	817
998	847
998	881
998	900
998	905
998	910
998	913
998	928
998	932
998	942
998	952
998	958
998	966
998	968
998	979
998	983
998	986
998	987
998	992
999	23
999	48
999	73
999	75
999	105
999	110
999	124
999	133
999	164
999	173
999	178
999	185
999	204
999	252
999	354
999	366
999	391
999	400
999	403
999	453
999	480
999	481
999	511
999	530
999	547
999	548
999	579
999	584
999	586
999	587
999	595
999	657
999	680
999	723
999	740
999	755
999	782
999	784
999	852
999	858
999	861
999	930
999	941
999	958
999	965
999	978
999	979
999	990
1000	62
1000	66
1000	89
1000	174
1000	196
1000	197
1000	203
1000	310
1000	315
1000	347
1000	388
1000	412
1000	428
1000	435
1000	437
1000	443
1000	450
1000	503
1000	517
1000	537
1000	547
1000	562
1000	577
1000	635
1000	642
1000	684
1000	704
1000	745
1000	747
1000	806
1000	810
1000	828
1000	831
1000	839
1000	866
1000	874
1000	882
1000	896
1000	899
1000	912
1000	921
1000	927
1000	928
1000	947
1000	968
1000	972
1000	973
1000	981
1000	987
