1	467
1	868
1	935
1	986
2	386
2	865
2	987
2	990
3	12
3	532
3	651
3	956
4	231
4	901
4	939
4	979
5	685
5	714
5	727
5	999
6	134
6	254
6	484
6	622
7	830
7	956
7	988
7	997
8	622
8	907
8	916
8	987
9	43
9	317
9	631
9	813
10	752
10	843
10	913
10	981
11	910
11	911
11	931
11	939
12	3
12	411
12	538
12	979
13	61
13	231
13	699
13	712
14	731
14	851
14	921
14	923
15	346
15	400
15	506
15	990
16	81
16	504
16	746
16	991
17	347
17	540
17	994
17	997
18	29
18	582
18	803
18	998
19	53
19	507
19	655
19	880
20	127
20	179
20	890
20	944
21	748
21	895
21	896
21	965
22	346
22	914
22	949
22	966
23	584
23	614
23	915
23	979
24	493
24	900
24	910
24	980
25	265
25	266
25	407
25	981
26	477
26	755
26	879
26	994
27	357
27	821
27	903
27	928
28	213
28	856
28	896
28	906
29	18
29	677
29	931
29	995
30	408
30	649
30	831
30	851
31	317
31	319
31	870
31	965
32	660
32	784
32	853
32	979
33	610
33	950
33	996
33	1000
34	154
34	490
34	560
34	999
35	542
35	973
35	974
35	995
36	331
36	645
36	923
36	945
37	63
37	540
37	567
37	973
38	153
38	220
38	686
38	739
39	403
39	499
39	813
39	906
40	148
40	516
40	703
40	988
41	592
41	835
41	932
41	996
42	732
42	789
42	882
42	906
43	9
43	951
43	959
43	975
44	652
44	782
44	804
44	907
45	315
45	756
45	808
45	995
46	844
46	948
46	954
46	962
47	193
47	705
47	828
47	959
48	581
48	685
48	820
48	895
49	455
49	589
49	655
49	724
50	137
50	884
50	961
50	994
51	559
51	673
51	736
51	802
52	833
52	852
52	952
52	983
53	19
53	93
53	331
53	940
54	559
54	606
54	932
54	999
55	606
55	637
55	975
55	985
56	898
56	946
56	965
56	974
57	132
57	398
57	639
57	959
58	848
58	876
58	896
58	935
59	593
59	607
59	905
59	984
60	744
60	791
60	901
60	975
61	13
61	532
61	672
61	886
62	580
62	756
62	839
62	995
63	37
63	291
63	325
63	629
64	344
64	778
64	965
64	969
65	349
65	836
65	927
65	939
66	790
66	795
66	807
66	915
67	267
67	345
67	721
67	939
68	83
68	643
68	818
68	993
69	642
69	945
69	960
69	998
70	681
70	816
70	928
70	1000
71	504
71	835
71	934
71	943
72	101
72	237
72	843
72	983
73	605
73	709
73	931
73	965
74	390
74	484
74	771
74	959
75	155
75	576
75	930
75	997
76	661
76	795
76	983
76	993
77	252
77	509
77	995
77	998
78	443
78	562
78	652
78	857
79	323
79	796
79	919
79	972
80	715
80	903
80	935
80	945
81	16
81	337
81	929
81	940
82	388
82	625
82	754
82	970
83	68
83	417
83	631
83	888
84	127
84	540
84	655
84	827
85	449
85	485
85	790
85	986
86	702
86	836
86	859
86	985
87	589
87	756
87	935
87	976
88	452
88	801
88	919
88	993
89	588
89	612
89	859
89	890
90	110
90	756
90	810
90	864
91	388
91	554
91	682
91	993
92	336
92	643
92	687
92	852
93	53
93	156
93	916
93	993
94	593
94	957
94	974
94	993
95	247
95	572
95	972
95	983
96	134
96	401
96	516
96	765
97	670
97	726
97	861
97	982
98	413
98	678
98	877
98	977
99	861
99	970
99	989
99	991
100	446
100	461
100	962
100	991
101	72
101	433
101	600
101	910
102	228
102	620
102	868
102	985
103	270
103	573
103	815
103	946
104	813
104	861
104	898
104	975
105	471
105	595
105	880
105	954
106	614
106	678
106	847
106	947
107	335
107	495
107	518
107	616
108	337
108	459
108	614
108	796
109	486
109	557
109	601
109	1000
110	90
110	799
110	902
110	960
111	569
111	764
111	912
111	997
112	402
112	853
112	914
112	969
113	779
113	887
113	904
113	991
114	602
114	708
114	825
114	963
115	741
115	857
115	869
115	989
116	584
116	824
116	945
116	984
117	873
117	916
117	945
117	997
118	232
118	766
118	855
118	859
119	405
119	845
119	977
119	979
120	334
120	833
120	870
120	985
121	435
121	815
121	822
121	929
122	874
122	924
122	941
122	978
123	632
123	712
123	898
123	990
124	225
124	361
124	768
124	843
125	511
125	893
125	952
125	977
126	581
126	723
126	975
126	998
127	20
127	84
127	933
127	949
128	564
128	827
128	832
128	986
129	269
129	470
129	780
129	868
130	674
130	713
130	894
130	927
131	615
131	881
131	927
131	999
132	57
132	649
132	802
132	849
133	523
133	804
133	889
133	942
134	6
134	96
134	881
134	954
135	776
135	926
135	935
135	975
136	484
136	897
136	923
136	954
137	50
137	222
137	732
137	998
138	304
138	472
138	603
138	943
139	788
139	821
139	908
139	913
140	173
140	568
140	881
140	912
141	334
141	759
141	843
141	885
142	430
142	459
142	608
142	1000
143	879
143	883
143	949
143	998
144	667
144	854
144	905
144	967
145	418
145	542
145	601
145	789
146	364
146	803
146	891
146	1000
147	589
147	599
147	775
147	914
148	40
148	527
148	887
148	952
149	402
149	479
149	718
149	932
150	437
150	671
150	915
150	963
151	421
151	443
151	842
151	955
152	709
152	844
152	877
152	993
153	38
153	626
153	992
153	997
154	34
154	190
154	357
154	972
155	75
155	934
155	955
155	994
156	93
156	730
156	970
156	1000
157	813
157	949
157	961
157	983
158	741
158	761
158	876
158	925
159	739
159	791
159	818
159	841
160	833
160	964
160	988
160	995
161	618
161	794
161	962
161	969
162	483
162	584
162	690
162	986
163	444
163	751
163	906
163	984
164	368
164	648
164	884
164	983
165	586
165	731
165	981
165	995
166	558
166	833
166	897
166	998
167	381
167	760
167	885
167	1000
168	478
168	623
168	793
168	983
169	821
169	855
169	979
169	998
170	480
170	617
170	871
170	930
171	323
171	380
171	684
171	842
172	258
172	267
172	332
172	798
173	140
173	233
173	740
173	786
174	534
174	806
174	953
174	980
175	424
175	702
175	802
175	967
176	467
176	532
176	896
176	933
177	466
177	771
177	831
177	856
178	872
178	921
178	969
178	984
179	20
179	602
179	745
179	958
180	773
180	799
180	962
180	985
181	196
181	927
181	966
181	994
182	560
182	812
182	908
182	970
183	652
183	853
183	910
183	994
184	205
184	896
184	918
184	978
185	428
185	624
185	692
185	769
186	555
186	647
186	718
186	800
187	402
187	530
187	561
187	918
188	341
188	529
188	964
188	978
189	202
189	758
189	782
189	845
190	154
190	242
190	867
190	993
191	533
191	601
191	831
191	877
192	552
192	600
192	825
192	986
193	47
193	590
193	828
193	950
194	651
194	789
194	901
194	987
195	880
195	886
195	956
195	989
196	181
196	628
196	749
196	897
197	667
197	833
197	873
197	994
198	237
198	714
198	892
198	998
199	548
199	642
199	891
199	960
200	771
200	874
200	929
200	989
201	208
201	788
201	842
201	898
202	189
202	682
202	888
202	968
203	324
203	333
203	929
203	933
204	307
204	679
204	785
204	991
205	184
205	589
205	871
205	985
206	855
206	896
206	902
206	905
207	675
207	735
207	914
207	998
208	201
208	690
208	738
208	890
209	281
209	630
209	980
209	994
210	813
210	940
210	981
210	996
211	827
211	888
211	910
211	988
212	261
212	373
212	882
212	939
213	28
213	812
213	829
213	987
214	480
214	584
214	748
214	795
215	520
215	556
215	716
215	979
216	473
216	810
216	908
216	961
217	638
217	650
217	935
217	990
218	434
218	763
218	907
218	989
219	349
219	781
219	973
219	983
220	38
220	300
220	447
220	912
221	560
221	895
221	942
221	995
222	137
222	618
222	679
222	918
223	416
223	895
223	939
223	959
224	596
224	829
224	850
224	895
225	124
225	390
225	825
225	969
226	417
226	466
226	935
226	989
227	368
227	460
227	501
227	928
228	102
228	557
228	666
228	901
229	410
229	842
229	915
229	980
230	413
230	500
230	940
230	949
230	999
231	4
231	13
231	501
231	573
231	856
232	118
232	507
232	644
232	782
232	784
233	173
233	254
233	604
233	811
233	962
234	902
234	954
234	985
234	989
234	999
235	804
235	815
235	862
235	948
235	994
236	354
236	829
236	878
236	919
236	952
237	72
237	198
237	434
237	723
237	883
238	291
238	661
238	765
238	925
238	986
239	321
239	593
239	809
239	869
239	934
240	531
240	745
240	975
240	988
240	999
241	809
241	810
241	828
241	898
241	983
242	190
242	673
242	836
242	957
242	959
243	301
243	327
243	524
243	658
243	1000
244	506
244	572
244	767
244	907
244	979
245	539
245	773
245	785
245	925
245	928
246	664
246	744
246	889
246	917
246	971
247	95
247	529
247	792
247	928
247	1000
248	257
248	372
248	463
248	700
248	726
249	631
249	662
249	829
249	923
249	965
250	531
250	685
250	867
250	956
250	960
251	454
251	740
251	830
251	957
251	961
252	77
252	407
252	595
252	816
252	826
253	630
253	828
253	857
253	950
253	976
254	6
254	233
254	702
254	748
254	965
255	648
255	663
255	747
255	749
255	898
256	389
256	522
256	556
256	919
256	948
257	248
257	459
257	601
257	719
257	924
258	172
258	860
258	958
258	968
258	970
259	285
259	397
259	583
259	763
259	992
260	467
260	521
260	756
260	948
260	963
261	212
261	673
261	929
261	975
261	992
262	389
262	626
262	643
262	644
262	857
263	285
263	411
263	810
263	814
263	1000
264	484
264	650
264	768
264	971
264	976
265	25
265	452
265	766
265	824
265	980
266	25
266	716
266	909
266	928
266	965
267	67
267	172
267	797
267	943
267	979
268	699
268	887
268	920
268	991
268	994
269	129
269	344
269	371
269	387
269	841
270	103
270	865
270	886
270	974
270	991
271	452
271	598
271	679
271	879
271	956
272	479
272	634
272	718
272	773
272	800
273	412
273	611
273	884
273	927
273	999
274	438
274	839
274	959
274	993
274	998
275	375
275	731
275	799
275	931
275	976
276	371
276	545
276	876
276	901
276	998
277	543
277	784
277	799
277	884
277	985
278	704
278	778
278	819
278	961
278	969
279	307
279	423
279	621
279	760
279	865
280	313
280	663
280	749
280	768
280	828
281	209
281	726
281	736
281	822
281	848
282	405
282	732
282	759
282	934
282	951
283	327
283	401
283	576
283	605
283	695
284	423
284	468
284	918
284	948
284	977
285	259
285	263
285	376
285	503
285	635
286	462
286	672
286	861
286	929
286	947
287	441
287	585
287	593
287	879
287	978
288	514
288	605
288	921
288	940
288	951
289	527
289	882
289	972
289	979
289	986
290	653
290	748
290	916
290	930
290	978
291	63
291	238
291	972
291	974
291	976
292	611
292	815
292	866
292	938
292	974
293	435
293	617
293	712
293	775
293	958
294	335
294	601
294	743
294	860
294	985
295	689
295	706
295	824
295	915
295	955
296	368
296	741
296	757
296	932
296	992
297	328
297	362
297	683
297	736
297	869
298	539
298	889
298	901
298	912
298	993
299	694
299	710
299	771
299	972
299	998
300	220
300	473
300	838
300	923
300	967
301	243
301	560
301	929
301	976
301	988
302	468
302	920
302	924
302	937
302	978
303	404
303	501
303	746
303	930
303	998
304	138
304	408
304	667
304	878
304	996
305	422
305	454
305	627
305	721
305	793
306	814
306	900
306	941
306	987
306	989
307	204
307	279
307	539
307	541
307	643
308	326
308	607
308	734
308	802
308	836
309	689
309	714
309	744
309	970
309	985
310	820
310	854
310	955
310	990
310	997
311	336
311	737
311	759
311	862
311	964
312	693
312	924
312	938
312	948
312	959
313	280
313	830
313	874
313	890
313	925
314	414
314	519
314	691
314	901
314	987
315	45
315	546
315	689
315	810
315	864
316	550
316	733
316	835
316	901
316	992
317	9
317	31
317	909
317	966
317	990
318	383
318	695
318	723
318	861
318	900
319	31
319	414
319	697
319	787
319	893
320	420
320	749
320	761
320	933
320	997
321	239
321	426
321	681
321	689
321	908
322	408
322	909
322	963
322	979
322	983
323	79
323	171
323	894
323	904
323	982
324	203
324	351
324	426
324	577
324	711
325	63
325	442
325	759
325	822
325	947
326	308
326	774
326	816
326	829
326	932
327	243
327	283
327	831
327	953
327	966
328	297
328	816
328	832
328	977
328	998
329	798
329	916
329	937
329	967
329	973
330	538
330	839
330	843
330	860
330	985
331	36
331	53
331	708
331	888
331	970
332	172
332	557
332	669
332	689
332	803
333	203
333	441
333	557
333	887
333	916
334	120
334	141
334	548
334	876
334	960
335	107
335	294
335	360
335	738
335	906
336	92
336	311
336	591
336	707
336	959
337	81
337	108
337	727
337	744
337	947
338	415
338	559
338	785
338	799
338	816
339	748
339	842
339	964
339	996
339	1000
340	551
340	677
340	895
340	982
340	989
341	188
341	455
341	630
341	914
341	993
342	485
342	647
342	780
342	894
342	954
343	408
343	613
343	686
343	947
343	956
344	64
344	269
344	894
344	939
344	987
345	67
345	457
345	926
345	972
345	980
346	15
346	22
346	697
346	713
346	867
347	17
347	524
347	803
347	945
347	960
348	614
348	908
348	955
348	957
348	975
349	65
349	219
349	398
349	620
349	992
350	405
350	753
350	781
350	783
350	868
351	324
351	738
351	796
351	834
351	911
352	756
352	845
352	928
352	950
352	990
353	587
353	767
353	792
353	840
353	907
354	236
354	517
354	649
354	895
354	967
355	709
355	866
355	960
355	967
355	987
356	571
356	580
356	834
356	953
356	970
357	27
357	154
357	898
357	925
357	963
358	385
358	785
358	819
358	955
358	959
359	362
359	646
359	913
359	917
359	966
360	335
360	510
360	753
360	841
360	914
361	124
361	673
361	874
361	879
361	944
362	297
362	359
362	628
362	861
362	900
363	808
363	853
363	906
363	960
363	998
364	146
364	566
364	586
364	848
364	929
365	377
365	392
365	763
365	801
365	826
366	731
366	876
366	931
366	951
366	973
367	517
367	676
367	693
367	973
367	982
368	164
368	227
368	296
368	675
368	984
369	498
369	575
369	654
369	839
369	991
370	404
370	419
370	808
370	861
370	870
371	269
371	276
371	540
371	882
371	927
372	248
372	500
372	869
372	944
372	947
373	212
373	537
373	827
373	982
373	1000
374	459
374	664
374	869
374	890
374	994
375	275
375	812
375	828
375	950
375	966
376	285
376	519
376	755
376	990
376	999
377	365
377	841
377	868
377	958
377	987
378	510
378	665
378	800
378	831
378	984
379	513
379	818
379	898
379	903
379	932
380	171
380	817
380	878
380	946
380	993
381	167
381	617
381	718
381	939
381	994
382	599
382	639
382	742
382	806
382	968
383	318
383	514
383	944
383	957
383	998
384	583
384	590
384	824
384	876
384	937
385	358
385	892
385	894
385	983
385	994
386	2
386	485
386	738
386	752
386	953
387	269
387	502
387	705
387	962
387	992
387	993
388	82
388	91
388	582
388	636
388	903
388	959
389	256
389	262
389	562
389	858
389	941
389	992
390	74
390	225
390	432
390	939
390	970
390	977
391	704
391	772
391	823
391	865
391	890
391	972
392	365
392	544
392	690
392	752
392	820
392	913
393	434
393	734
393	851
393	892
393	948
393	979
394	468
394	552
394	785
394	821
394	825
394	865
395	685
395	770
395	920
395	922
395	963
395	997
396	568
396	881
396	885
396	928
396	941
396	947
397	259
397	570
397	645
397	660
397	693
397	724
398	57
398	349
398	689
398	777
398	907
398	926
399	421
399	430
399	521
399	728
399	888
399	910
400	15
400	533
400	767
400	956
400	985
400	990
401	96
401	283
401	433
401	785
401	885
401	919
402	112
402	149
402	187
402	437
402	877
402	880
403	39
403	594
403	798
403	884
403	974
403	975
404	303
404	370
404	738
404	852
404	870
404	981
405	119
405	282
405	350
405	930
405	995
405	1000
406	436
406	520
406	656
406	683
406	706
406	965
407	25
407	252
407	623
407	870
407	909
407	913
408	30
408	304
408	322
408	343
408	678
408	812
409	504
409	587
409	772
409	775
409	898
409	966
410	229
410	498
410	539
410	748
410	775
410	984
411	12
411	263
411	834
411	892
411	967
411	984
412	273
412	824
412	840
412	847
412	966
412	988
413	98
413	230
413	681
413	760
413	937
413	975
414	314
414	319
414	616
414	669
414	747
414	939
415	338
415	657
415	961
415	976
415	991
415	992
416	223
416	777
416	805
416	922
416	958
416	975
417	83
417	226
417	723
417	827
417	940
417	988
418	145
418	669
418	793
418	898
418	977
418	999
419	370
419	553
419	838
419	917
419	919
419	944
420	320
420	531
420	785
420	894
420	946
420	954
421	151
421	399
421	836
421	840
421	886
421	922
422	305
422	788
422	808
422	887
422	963
422	981
423	279
423	284
423	867
423	961
423	963
423	1000
424	175
424	505
424	657
424	715
424	956
424	977
425	579
425	617
425	902
425	927
425	980
425	999
426	321
426	324
426	658
426	902
426	974
426	990
427	517
427	550
427	570
427	604
427	777
427	942
428	185
428	580
428	754
428	946
428	948
428	985
429	534
429	746
429	763
429	836
429	967
429	984
430	142
430	399
430	595
430	644
430	728
430	816
431	578
431	684
431	694
431	846
431	869
431	971
432	390
432	552
432	794
432	884
432	893
432	937
433	101
433	401
433	474
433	568
433	612
433	891
434	218
434	237
434	393
434	830
434	856
434	919
435	121
435	293
435	661
435	818
435	911
435	951
436	406
436	561
436	718
436	777
436	967
436	994
437	150
437	402
437	518
437	733
437	754
437	963
438	274
438	450
438	917
438	924
438	944
438	993
439	690
439	747
439	788
439	828
439	921
439	945
440	718
440	823
440	826
440	894
440	979
440	999
441	287
441	333
441	561
441	920
441	954
441	976
442	325
442	517
442	774
442	814
442	880
442	968
443	78
443	151
443	751
443	874
443	897
443	998
444	163
444	735
444	873
444	897
444	950
444	968
445	709
445	866
445	919
445	924
445	957
445	993
446	100
446	578
446	651
446	656
446	737
446	810
447	220
447	598
447	789
447	887
447	945
447	967
448	477
448	687
448	692
448	760
448	785
448	983
449	85
449	658
449	739
449	811
449	847
449	957
450	438
450	626
450	692
450	702
450	831
450	996
451	842
451	892
451	921
451	957
451	960
451	999
452	88
452	265
452	271
452	859
452	882
452	917
453	465
453	481
453	536
453	815
453	873
453	953
454	251
454	305
454	602
454	665
454	720
454	793
455	49
455	341
455	863
455	908
455	963
455	986
456	538
456	719
456	885
456	894
456	943
456	966
457	345
457	650
457	723
457	742
457	836
457	961
458	693
458	922
458	926
458	933
458	978
458	989
459	108
459	142
459	257
459	374
459	547
459	905
460	227
460	593
460	805
460	848
460	854
460	926
461	100
461	603
461	883
461	924
461	969
461	995
462	286
462	562
462	627
462	803
462	917
462	935
463	248
463	559
463	722
463	846
463	955
463	999
464	496
464	541
464	642
464	762
464	797
464	810
465	453
465	680
465	813
465	926
465	936
465	990
466	177
466	226
466	500
466	716
466	917
466	982
467	1
467	176
467	260
467	787
467	942
467	997
468	284
468	302
468	394
468	597
468	696
468	735
469	521
469	613
469	666
469	732
469	822
469	988
470	129
470	488
470	761
470	839
470	968
470	991
471	105
471	527
471	708
471	770
471	847
471	938
472	138
472	528
472	729
472	920
472	978
472	988
473	216
473	300
473	814
473	840
473	924
473	976
474	433
474	858
474	860
474	904
474	978
474	983
475	861
475	873
475	902
475	963
475	965
475	996
476	653
476	707
476	801
476	957
476	967
476	976
477	26
477	448
477	483
477	696
477	791
477	848
478	168
478	553
478	617
478	844
478	905
478	967
479	149
479	272
479	651
479	834
479	850
479	903
480	170
480	214
480	629
480	922
480	924
480	966
481	453
481	655
481	693
481	754
481	757
481	791
482	633
482	792
482	830
482	967
482	975
482	977
483	162
483	477
483	568
483	676
483	757
483	912
484	6
484	74
484	136
484	264
484	517
484	757
485	85
485	342
485	386
485	568
485	740
485	789
486	109
486	730
486	875
486	907
486	923
486	981
487	531
487	615
487	908
487	915
487	968
487	986
488	470
488	732
488	788
488	837
488	850
488	914
489	536
489	635
489	791
489	821
489	863
489	909
490	34
490	507
490	749
490	881
490	944
490	961
491	538
491	773
491	854
491	889
491	967
491	986
492	508
492	702
492	879
492	936
492	990
492	999
493	24
493	688
493	719
493	779
493	970
493	986
494	562
494	602
494	668
494	696
494	915
494	974
495	107
495	498
495	592
495	688
495	689
495	965
496	464
496	515
496	590
496	800
496	948
496	964
497	526
497	583
497	593
497	630
497	743
497	898
498	369
498	410
498	495
498	725
498	809
498	949
498	978
499	39
499	545
499	674
499	837
499	896
499	917
499	989
500	230
500	372
500	466
500	643
500	854
500	878
500	935
501	227
501	231
501	303
501	836
501	848
501	867
501	950
502	387
502	569
502	647
502	869
502	886
502	962
502	972
503	285
503	787
503	793
503	915
503	923
503	961
503	962
504	16
504	71
504	409
504	775
504	900
504	926
504	967
505	424
505	535
505	547
505	748
505	749
505	866
505	954
506	15
506	244
506	835
506	854
506	859
506	915
506	944
507	19
507	232
507	490
507	773
507	775
507	882
507	989
508	492
508	551
508	637
508	708
508	805
508	982
508	993
509	77
509	592
509	684
509	711
509	797
509	976
509	986
510	360
510	378
510	725
510	742
510	846
510	895
510	963
511	125
511	512
511	607
511	831
511	901
511	958
511	993
512	511
512	609
512	751
512	791
512	871
512	958
512	994
513	379
513	660
513	699
513	801
513	921
513	972
513	995
514	288
514	383
514	547
514	829
514	840
514	928
514	952
515	496
515	569
515	737
515	739
515	861
515	897
515	997
516	40
516	96
516	567
516	618
516	838
516	899
516	972
517	354
517	367
517	427
517	442
517	484
517	860
517	985
518	107
518	437
518	552
518	864
518	885
518	900
518	930
519	314
519	376
519	904
519	919
519	949
519	976
519	997
520	215
520	406
520	631
520	652
520	733
520	764
520	856
521	260
521	399
521	469
521	524
521	709
521	844
521	870
522	256
522	582
522	688
522	889
522	910
522	992
522	994
523	133
523	599
523	785
523	807
523	917
523	952
523	968
524	243
524	347
524	521
524	628
524	657
524	878
524	921
525	739
525	798
525	826
525	942
525	952
525	984
525	989
526	497
526	700
526	818
526	934
526	972
526	991
526	997
527	148
527	289
527	471
527	824
527	936
527	948
527	994
528	472
528	711
528	759
528	818
528	916
528	928
528	955
529	188
529	247
529	574
529	717
529	724
529	950
529	970
530	187
530	680
530	793
530	825
530	904
530	950
530	988
531	240
531	250
531	420
531	487
531	668
531	920
531	975
532	3
532	61
532	176
532	879
532	882
532	896
532	916
533	191
533	400
533	640
533	755
533	874
533	924
533	982
534	174
534	429
534	595
534	845
534	859
534	889
534	978
535	505
535	595
535	931
535	936
535	971
535	996
535	997
536	453
536	489
536	546
536	843
536	844
536	901
536	904
537	373
537	904
537	911
537	913
537	932
537	938
537	969
538	12
538	330
538	456
538	491
538	685
538	724
538	837
539	245
539	298
539	307
539	410
539	820
539	834
539	915
540	17
540	37
540	84
540	371
540	886
540	892
540	992
541	307
541	464
541	904
541	930
541	931
541	991
541	998
542	35
542	145
542	707
542	774
542	911
542	932
542	962
543	277
543	571
543	673
543	807
543	925
543	968
543	977
544	392
544	645
544	806
544	900
544	913
544	933
544	952
545	276
545	499
545	689
545	831
545	832
545	882
545	977
546	315
546	536
546	641
546	759
546	885
546	988
546	999
547	459
547	505
547	514
547	664
547	709
547	899
547	905
548	199
548	334
548	578
548	814
548	874
548	894
548	981
549	783
549	847
549	877
549	893
549	949
549	956
549	964
550	316
550	427
550	564
550	870
550	934
550	984
550	991
551	340
551	508
551	581
551	650
551	741
551	935
551	982
552	192
552	394
552	432
552	518
552	740
552	832
552	999
553	419
553	478
553	626
553	813
553	901
553	985
553	987
554	91
554	606
554	780
554	841
554	898
554	950
554	977
555	186
555	701
555	703
555	888
555	939
555	941
555	981
556	215
556	256
556	620
556	828
556	881
556	944
556	985
557	109
557	228
557	332
557	333
557	587
557	764
557	781
558	166
558	653
558	684
558	777
558	807
558	862
558	933
559	51
559	54
559	338
559	463
559	642
559	768
559	941
560	34
560	182
560	221
560	301
560	613
560	657
560	906
561	187
561	436
561	441
561	662
561	706
561	867
561	934
562	78
562	389
562	462
562	494
562	792
562	867
562	924
563	619
563	887
563	897
563	900
563	941
563	949
563	995
564	128
564	550
564	623
564	633
564	897
564	993
564	1000
565	634
565	742
565	800
565	870
565	934
565	972
565	991
566	364
566	607
566	803
566	823
566	932
566	956
566	980
566	999
567	37
567	516
567	853
567	895
567	924
567	948
567	972
567	985
568	140
568	396
568	433
568	483
568	485
568	763
568	937
568	940
569	111
569	502
569	515
569	580
569	657
569	887
569	967
569	986
570	397
570	427
570	885
570	889
570	943
570	961
570	966
570	969
571	356
571	543
571	605
571	655
571	823
571	945
571	952
571	977
572	95
572	244
572	586
572	651
572	768
572	805
572	968
572	995
573	103
573	231
573	611
573	620
573	717
573	797
573	822
573	943
574	529
574	653
574	937
574	963
574	969
574	973
574	978
574	992
575	369
575	728
575	729
575	747
575	816
575	825
575	860
575	908
576	75
576	283
576	670
576	805
576	890
576	911
576	916
576	998
577	324
577	800
577	890
577	908
577	941
577	946
577	949
577	980
578	431
578	446
578	548
578	785
578	798
578	876
578	896
578	997
579	425
579	712
579	794
579	857
579	870
579	934
579	942
579	987
580	62
580	356
580	428
580	569
580	725
580	762
580	804
580	976
581	48
581	126
581	551
581	586
581	729
581	808
581	944
581	973
582	18
582	388
582	522
582	681
582	708
582	846
582	872
582	887
583	259
583	384
583	497
583	946
583	960
583	991
583	992
583	996
584	23
584	116
584	162
584	214
584	826
584	949
584	960
584	973
585	287
585	734
585	778
585	838
585	864
585	881
585	975
585	988
586	165
586	364
586	572
586	581
586	600
586	882
586	969
586	971
587	353
587	409
587	557
587	654
587	874
587	927
587	939
587	971
588	89
588	691
588	716
588	743
588	811
588	891
588	981
588	986
589	49
589	87
589	147
589	205
589	623
589	777
589	938
589	964
590	193
590	384
590	496
590	715
590	727
590	765
590	889
590	951
591	336
591	606
591	788
591	803
591	897
591	956
591	964
591	966
592	41
592	495
592	509
592	631
592	759
592	832
592	995
592	997
593	59
593	94
593	239
593	287
593	460
593	497
593	655
593	900
594	403
594	720
594	815
594	903
594	928
594	962
594	971
594	1000
595	105
595	252
595	430
595	534
595	535
595	643
595	821
595	926
596	224
596	736
596	841
596	913
596	953
596	960
596	967
596	987
597	468
597	619
597	766
597	798
597	869
597	945
597	948
597	985
598	271
598	447
598	745
598	822
598	873
598	888
598	953
598	996
599	147
599	382
599	523
599	613
599	632
599	921
599	945
599	974
600	101
600	192
600	586
600	611
600	733
600	808
600	966
600	992
601	109
601	145
601	191
601	257
601	294
601	838
601	974
601	990
602	114
602	179
602	454
602	494
602	793
602	833
602	859
602	911
603	138
603	461
603	662
603	724
603	846
603	860
603	951
603	970
604	233
604	427
604	634
604	716
604	830
604	879
604	906
604	958
605	73
605	283
605	288
605	571
605	642
605	852
605	967
605	990
606	54
606	55
606	554
606	591
606	647
606	837
606	930
606	963
607	59
607	308
607	511
607	566
607	944
607	977
607	985
607	995
608	142
608	827
608	851
608	864
608	894
608	940
608	983
608	986
609	512
609	745
609	825
609	936
609	957
609	972
609	977
609	987
610	33
610	642
610	754
610	822
610	852
610	896
610	987
610	995
611	273
611	292
611	573
611	600
611	722
611	822
611	973
611	992
612	89
612	433
612	742
612	810
612	835
612	842
612	936
612	996
613	343
613	469
613	560
613	599
613	753
613	872
613	916
613	992
614	23
614	106
614	108
614	348
614	876
614	904
614	917
614	967
615	131
615	487
615	739
615	950
615	956
615	958
615	970
615	982
616	107
616	414
616	853
616	893
616	948
616	978
616	985
616	986
617	170
617	293
617	381
617	425
617	478
617	666
617	966
617	981
618	161
618	222
618	516
618	762
618	868
618	899
618	930
618	935
619	563
619	597
619	656
619	705
619	850
619	884
619	918
619	978
620	102
620	349
620	556
620	573
620	683
620	731
620	896
620	897
621	279
621	778
621	803
621	870
621	877
621	883
621	904
621	984
622	6
622	8
622	694
622	701
622	761
622	787
622	930
622	950
623	168
623	407
623	564
623	589
623	683
623	694
623	871
623	988
624	185
624	667
624	670
624	796
624	937
624	955
624	958
624	983
625	82
625	631
625	770
625	862
625	945
625	952
625	987
625	997
626	153
626	262
626	450
626	553
626	757
626	795
626	936
626	999
627	305
627	462
627	750
627	795
627	895
627	964
627	987
627	997
628	196
628	362
628	524
628	878
628	896
628	937
628	941
628	947
629	63
629	480
629	675
629	912
629	941
629	976
629	978
629	991
630	209
630	253
630	341
630	497
630	740
630	883
630	889
630	958
631	9
631	83
631	249
631	520
631	592
631	625
631	892
631	993
632	123
632	599
632	813
632	814
632	882
632	903
632	932
632	962
633	482
633	564
633	646
633	784
633	827
633	937
633	983
633	991
634	272
634	565
634	604
634	857
634	926
634	941
634	961
634	971
635	285
635	489
635	794
635	804
635	816
635	904
635	911
635	944
636	388
636	751
636	752
636	822
636	839
636	848
636	855
636	925
637	55
637	508
637	669
637	884
637	913
637	949
637	980
637	999
638	217
638	823
638	891
638	919
638	966
638	969
638	982
638	989
639	57
639	382
639	800
639	885
639	938
639	960
639	979
639	982
639	1000
640	533
640	696
640	712
640	810
640	823
640	843
640	856
640	860
640	956
641	546
641	737
641	766
641	800
641	808
641	810
641	826
641	845
641	876
642	69
642	199
642	464
642	559
642	605
642	610
642	645
642	650
642	943
643	68
643	92
643	262
643	307
643	500
643	595
643	766
643	896
643	981
644	232
644	262
644	430
644	700
644	752
644	907
644	928
644	987
644	998
645	36
645	397
645	544
645	642
645	774
645	878
645	926
645	959
645	979
646	359
646	633
646	702
646	724
646	789
646	799
646	848
646	981
646	987
647	186
647	342
647	502
647	606
647	746
647	842
647	944
647	996
647	999
648	164
648	255
648	811
648	859
648	903
648	908
648	995
648	999
648	1000
649	30
649	132
649	354
649	663
649	717
649	803
649	847
649	850
649	878
650	217
650	264
650	457
650	551
650	642
650	719
650	774
650	831
650	840
651	3
651	194
651	446
651	479
651	572
651	728
651	871
651	926
651	977
652	44
652	78
652	183
652	520
652	716
652	764
652	919
652	973
652	995
653	290
653	476
653	558
653	574
653	696
653	799
653	871
653	998
653	999
654	369
654	587
654	674
654	740
654	787
654	906
654	933
654	937
654	939
655	19
655	49
655	84
655	481
655	571
655	593
655	878
655	926
655	938
656	406
656	446
656	619
656	700
656	762
656	787
656	858
656	943
656	951
657	415
657	424
657	524
657	560
657	569
657	773
657	796
657	954
657	1000
658	243
658	426
658	449
658	751
658	783
658	844
658	869
658	880
658	927
659	683
659	723
659	766
659	822
659	878
659	904
659	905
659	914
659	921
660	32
660	397
660	513
660	835
660	836
660	890
660	931
660	966
660	987
661	76
661	238
661	435
661	742
661	783
661	851
661	879
661	925
661	945
662	249
662	561
662	603
662	770
662	814
662	920
662	925
662	973
662	978
663	255
663	280
663	649
663	688
663	697
663	730
663	803
663	877
663	997
664	246
664	374
664	547
664	875
664	943
664	944
664	950
664	960
664	996
665	378
665	454
665	707
665	866
665	895
665	923
665	928
665	972
665	1000
666	228
666	469
666	617
666	674
666	817
666	899
666	913
666	977
666	994
667	144
667	197
667	304
667	624
667	685
667	737
667	973
667	974
667	996
668	494
668	531
668	744
668	856
668	870
668	894
668	963
668	968
668	975
669	332
669	414
669	418
669	637
669	770
669	840
669	938
669	964
669	968
670	97
670	576
670	624
670	790
670	867
670	890
670	906
670	980
670	982
671	150
671	827
671	843
671	902
671	907
671	948
671	956
671	958
671	992
672	61
672	286
672	760
672	835
672	858
672	929
672	957
672	965
672	974
673	51
673	242
673	261
673	361
673	543
673	698
673	708
673	778
673	975
674	130
674	499
674	654
674	666
674	763
674	899
674	936
674	976
674	997
675	207
675	368
675	629
675	697
675	829
675	894
675	898
675	900
675	972
676	367
676	483
676	678
676	757
676	873
676	877
676	975
676	981
676	993
677	29
677	340
677	830
677	832
677	876
677	877
677	930
677	957
677	973
678	98
678	106
678	408
678	676
678	685
678	761
678	941
678	956
678	965
679	204
679	222
679	271
679	765
679	809
679	819
679	880
679	934
679	962
680	465
680	530
680	765
680	805
680	835
680	899
680	904
680	952
680	971
681	70
681	321
681	413
681	582
681	779
681	807
681	915
681	979
681	988
682	91
682	202
682	800
682	830
682	858
682	901
682	907
682	909
682	974
683	297
683	406
683	620
683	623
683	659
683	829
683	891
683	914
683	984
684	171
684	431
684	509
684	558
684	761
684	765
684	787
684	857
684	922
685	5
685	48
685	250
685	395
685	538
685	667
685	678
685	741
685	948
685	963
686	38
686	343
686	717
686	790
686	811
686	847
686	850
686	953
686	968
686	990
687	92
687	448
687	717
687	733
687	809
687	810
687	833
687	849
687	878
687	910
688	493
688	495
688	522
688	663
688	730
688	774
688	798
688	905
688	912
688	988
689	295
689	309
689	315
689	321
689	332
689	398
689	495
689	545
689	832
689	979
690	162
690	208
690	392
690	439
690	905
690	948
690	952
690	972
690	983
690	997
691	314
691	588
691	769
691	802
691	847
691	879
691	886
691	895
691	911
691	987
692	185
692	448
692	450
692	702
692	747
692	827
692	943
692	951
692	980
692	990
693	312
693	367
693	397
693	458
693	481
693	818
693	855
693	884
693	894
693	960
694	299
694	431
694	622
694	623
694	805
694	826
694	845
694	950
694	959
694	969
695	283
695	318
695	696
695	763
695	935
695	946
695	947
695	949
695	964
695	977
696	468
696	477
696	494
696	640
696	653
696	695
696	806
696	822
696	843
696	990
697	319
697	346
697	663
697	675
697	720
697	881
697	891
697	912
697	931
697	991
698	673
698	718
698	798
698	814
698	863
698	871
698	917
698	944
698	947
698	968
699	13
699	268
699	513
699	745
699	749
699	817
699	866
699	964
699	973
699	999
700	248
700	526
700	644
700	656
700	781
700	890
700	954
700	959
700	977
700	999
701	555
701	622
701	730
701	747
701	762
701	807
701	867
701	872
701	967
701	984
702	86
702	175
702	254
702	450
702	492
702	646
702	692
702	953
702	983
702	1000
703	40
703	555
703	819
703	820
703	860
703	915
703	923
703	962
703	970
703	987
704	278
704	391
704	729
704	764
704	794
704	836
704	921
704	978
704	985
704	986
705	47
705	387
705	619
705	817
705	862
705	863
705	952
705	957
705	970
705	971
706	295
706	406
706	561
706	804
706	875
706	936
706	978
706	984
706	995
706	996
707	336
707	476
707	542
707	665
707	720
707	762
707	862
707	891
707	960
707	998
708	114
708	331
708	471
708	508
708	582
708	673
708	714
708	881
708	887
708	978
709	73
709	152
709	355
709	445
709	521
709	547
709	891
709	895
709	954
709	996
710	299
710	734
710	763
710	824
710	836
710	906
710	913
710	948
710	951
710	990
711	324
711	509
711	528
711	721
711	746
711	898
711	911
711	920
711	940
711	969
712	13
712	123
712	293
712	579
712	640
712	719
712	883
712	912
712	938
712	953
713	130
713	346
713	746
713	758
713	825
713	951
713	976
713	988
713	993
713	996
714	5
714	198
714	309
714	708
714	743
714	778
714	943
714	946
714	952
714	1000
715	80
715	424
715	590
715	764
715	772
715	777
715	790
715	827
715	863
715	880
715	895
716	215
716	266
716	466
716	588
716	604
716	652
716	773
716	821
716	886
716	929
716	951
717	529
717	573
717	649
717	686
717	687
717	839
717	853
717	858
717	926
717	990
717	991
718	149
718	186
718	272
718	381
718	436
718	440
718	698
718	726
718	861
718	895
718	999
719	257
719	456
719	493
719	650
719	712
719	791
719	855
719	856
719	944
719	950
719	971
720	454
720	594
720	697
720	707
720	737
720	862
720	868
720	910
720	982
720	988
720	989
721	67
721	305
721	711
721	722
721	804
721	885
721	923
721	956
721	963
721	965
721	993
722	463
722	611
722	721
722	736
722	758
722	850
722	869
722	910
722	980
722	987
722	999
723	126
723	237
723	318
723	417
723	457
723	659
723	741
723	790
723	851
723	900
723	919
724	49
724	397
724	529
724	538
724	603
724	646
724	880
724	966
724	983
724	988
724	993
725	498
725	510
725	580
725	750
725	804
725	836
725	857
725	886
725	927
725	960
725	991
726	97
726	248
726	281
726	718
726	746
726	762
726	845
726	901
726	923
726	936
726	996
727	5
727	337
727	590
727	796
727	851
727	873
727	913
727	954
727	959
727	963
727	989
728	399
728	430
728	575
728	651
728	850
728	925
728	938
728	945
728	974
728	981
728	993
729	472
729	575
729	581
729	704
729	772
729	837
729	918
729	940
729	973
729	986
729	996
730	156
730	486
730	663
730	688
730	701
730	828
730	900
730	907
730	933
730	938
730	960
731	14
731	165
731	275
731	366
731	620
731	937
731	938
731	951
731	956
731	982
731	994
732	42
732	137
732	282
732	469
732	488
732	841
732	916
732	918
732	960
732	964
732	978
733	316
733	437
733	520
733	600
733	687
733	760
733	797
733	809
733	937
733	944
733	949
734	308
734	393
734	585
734	710
734	844
734	908
734	938
734	946
734	962
734	980
734	988
735	207
735	444
735	468
735	759
735	878
735	914
735	940
735	948
735	958
735	970
735	996
736	51
736	281
736	297
736	596
736	722
736	764
736	784
736	901
736	914
736	936
736	999
737	311
737	446
737	515
737	641
737	667
737	720
737	829
737	927
737	962
737	980
737	999
738	208
738	335
738	351
738	386
738	404
738	870
738	883
738	921
738	973
738	974
738	1000
739	38
739	159
739	449
739	515
739	525
739	615
739	743
739	774
739	898
739	943
739	996
740	173
740	251
740	485
740	552
740	630
740	654
740	844
740	959
740	967
740	985
740	994
741	115
741	158
741	296
741	551
741	685
741	723
741	780
741	790
741	910
741	951
741	994
742	382
742	457
742	510
742	565
742	612
742	661
742	756
742	804
742	902
742	915
742	985
743	294
743	497
743	588
743	714
743	739
743	757
743	766
743	831
743	943
743	976
743	977
744	60
744	246
744	309
744	337
744	668
744	824
744	886
744	935
744	939
744	993
744	996
745	179
745	240
745	598
745	609
745	699
745	922
745	926
745	946
745	952
745	999
745	1000
746	16
746	303
746	429
746	647
746	711
746	713
746	726
746	764
746	811
746	876
746	899
746	996
747	255
747	414
747	439
747	575
747	692
747	701
747	870
747	901
747	945
747	978
747	997
747	1000
748	21
748	214
748	254
748	290
748	339
748	410
748	505
748	849
748	919
748	932
748	936
748	997
749	196
749	255
749	280
749	320
749	490
749	505
749	699
749	759
749	866
749	953
749	969
749	987
750	627
750	725
750	794
750	807
750	853
750	871
750	907
750	934
750	965
750	969
750	975
750	994
751	163
751	443
751	512
751	636
751	658
751	771
751	812
751	880
751	916
751	959
751	988
751	992
752	10
752	386
752	392
752	636
752	644
752	856
752	907
752	910
752	947
752	959
752	974
752	991
753	350
753	360
753	613
753	793
753	847
753	864
753	941
753	959
753	968
753	977
753	985
753	1000
754	82
754	428
754	437
754	481
754	610
754	829
754	871
754	913
754	919
754	936
754	938
754	953
755	26
755	376
755	533
755	768
755	772
755	809
755	814
755	815
755	940
755	979
755	989
755	996
756	45
756	62
756	87
756	90
756	260
756	352
756	742
756	805
756	841
756	894
756	927
756	958
757	296
757	481
757	483
757	484
757	626
757	676
757	743
757	768
757	837
757	916
757	953
757	990
758	189
758	713
758	722
758	765
758	841
758	847
758	854
758	891
758	933
758	970
758	971
758	996
759	141
759	282
759	311
759	325
759	528
759	546
759	592
759	735
759	749
759	783
759	865
759	942
760	167
760	279
760	413
760	448
760	672
760	733
760	806
760	848
760	851
760	902
760	940
760	986
761	158
761	320
761	470
761	622
761	678
761	684
761	762
761	770
761	949
761	972
761	993
761	994
762	464
762	580
762	618
762	656
762	701
762	707
762	726
762	761
762	788
762	836
762	862
762	971
763	218
763	259
763	365
763	429
763	568
763	674
763	695
763	710
763	766
763	892
763	910
763	990
764	111
764	520
764	557
764	652
764	704
764	715
764	736
764	746
764	793
764	910
764	935
764	957
765	96
765	238
765	590
765	679
765	680
765	684
765	758
765	791
765	841
765	945
765	988
765	996
766	118
766	265
766	597
766	641
766	643
766	659
766	743
766	763
766	804
766	831
766	987
766	989
767	244
767	353
767	400
767	818
767	850
767	867
767	891
767	910
767	918
767	923
767	961
767	963
768	124
768	264
768	280
768	559
768	572
768	755
768	757
768	783
768	853
768	951
768	966
768	976
769	185
769	691
769	779
769	781
769	906
769	915
769	921
769	926
769	945
769	960
769	986
769	995
770	395
770	471
770	625
770	662
770	669
770	761
770	830
770	842
770	862
770	881
770	956
770	994
771	74
771	177
771	200
771	299
771	751
771	783
771	857
771	869
771	877
771	939
771	946
771	974
772	391
772	409
772	715
772	729
772	755
772	838
772	937
772	943
772	951
772	973
772	995
772	998
773	180
773	245
773	272
773	491
773	507
773	657
773	716
773	830
773	834
773	876
773	980
773	985
773	989
774	326
774	442
774	542
774	645
774	650
774	688
774	739
774	817
774	865
774	889
774	931
774	958
774	981
775	147
775	293
775	409
775	410
775	504
775	507
775	812
775	823
775	843
775	851
775	933
775	977
775	979
776	135
776	786
776	794
776	842
776	849
776	858
776	865
776	875
776	890
776	946
776	974
776	978
776	991
777	398
777	416
777	427
777	436
777	558
777	589
777	715
777	953
777	957
777	970
777	989
777	992
777	995
778	64
778	278
778	585
778	621
778	673
778	714
778	872
778	891
778	893
778	982
778	984
778	985
778	998
779	113
779	493
779	681
779	769
779	796
779	798
779	869
779	892
779	901
779	942
779	984
779	991
779	994
780	129
780	342
780	554
780	741
780	822
780	840
780	877
780	886
780	944
780	951
780	953
780	961
780	990
781	219
781	350
781	557
781	700
781	769
781	792
781	872
781	903
781	908
781	913
781	966
781	977
781	986
782	44
782	189
782	232
782	802
782	803
782	818
782	845
782	868
782	889
782	903
782	909
782	918
782	961
783	350
783	549
783	658
783	661
783	759
783	768
783	771
783	856
783	862
783	868
783	883
783	924
783	931
784	32
784	232
784	277
784	633
784	736
784	805
784	810
784	828
784	829
784	938
784	961
784	982
784	999
785	204
785	245
785	338
785	358
785	394
785	401
785	420
785	448
785	523
785	578
785	873
785	967
785	995
786	173
786	776
786	811
786	860
786	873
786	875
786	880
786	893
786	934
786	962
786	992
786	997
786	1000
787	319
787	467
787	503
787	622
787	654
787	656
787	684
787	788
787	826
787	846
787	869
787	950
787	974
788	139
788	201
788	422
788	439
788	488
788	591
788	762
788	787
788	811
788	934
788	940
788	957
788	998
789	42
789	145
789	194
789	447
789	485
789	646
789	808
789	858
789	872
789	900
789	933
789	984
789	999
790	66
790	85
790	670
790	686
790	715
790	723
790	741
790	812
790	824
790	845
790	883
790	905
790	989
791	60
791	159
791	477
791	481
791	489
791	512
791	719
791	765
791	813
791	892
791	982
791	990
791	993
792	247
792	353
792	482
792	562
792	781
792	851
792	854
792	862
792	866
792	893
792	974
792	979
792	997
793	168
793	305
793	418
793	454
793	503
793	530
793	602
793	753
793	764
793	862
793	922
793	949
793	968
794	161
794	432
794	579
794	635
794	704
794	750
794	776
794	800
794	926
794	973
794	974
794	987
794	991
795	66
795	76
795	214
795	626
795	627
795	857
795	899
795	918
795	919
795	933
795	941
795	950
795	965
795	972
796	79
796	108
796	351
796	624
796	657
796	727
796	779
796	848
796	874
796	892
796	930
796	944
796	980
796	990
797	267
797	464
797	509
797	573
797	733
797	881
797	888
797	912
797	933
797	935
797	940
797	947
797	964
797	971
798	172
798	329
798	403
798	525
798	578
798	597
798	688
798	698
798	779
798	816
798	887
798	922
798	947
798	1000
799	110
799	180
799	275
799	277
799	338
799	646
799	653
799	820
799	829
799	831
799	851
799	980
799	985
799	998
800	186
800	272
800	378
800	496
800	565
800	577
800	639
800	641
800	682
800	794
800	844
800	917
800	923
800	991
801	88
801	365
801	476
801	513
801	837
801	850
801	866
801	879
801	886
801	888
801	909
801	920
801	938
801	965
802	51
802	132
802	175
802	308
802	691
802	782
802	830
802	909
802	920
802	931
802	932
802	958
802	971
802	988
803	18
803	146
803	332
803	347
803	462
803	566
803	591
803	621
803	649
803	663
803	782
803	809
803	882
803	935
804	44
804	133
804	235
804	580
804	635
804	706
804	721
804	725
804	742
804	766
804	866
804	940
804	953
804	991
805	416
805	460
805	508
805	572
805	576
805	680
805	694
805	756
805	784
805	846
805	891
805	923
805	952
805	989
806	174
806	382
806	544
806	696
806	760
806	864
806	910
806	917
806	938
806	942
806	954
806	967
806	974
806	986
807	66
807	523
807	543
807	558
807	681
807	701
807	750
807	838
807	851
807	858
807	896
807	945
807	964
807	967
808	45
808	363
808	370
808	422
808	581
808	600
808	641
808	789
808	936
808	940
808	955
808	971
808	980
808	999
809	239
809	241
809	498
809	679
809	687
809	733
809	755
809	803
809	835
809	838
809	908
809	935
809	953
809	1000
810	90
810	216
810	241
810	263
810	315
810	446
810	464
810	612
810	640
810	641
810	687
810	784
810	859
810	933
811	233
811	449
811	588
811	648
811	686
811	746
811	786
811	788
811	840
811	863
811	918
811	945
811	968
811	989
811	994
812	182
812	213
812	375
812	408
812	751
812	775
812	790
812	838
812	942
812	965
812	976
812	980
812	984
812	985
812	992
813	9
813	39
813	104
813	157
813	210
813	465
813	553
813	632
813	791
813	856
813	882
813	920
813	971
813	988
813	998
814	263
814	306
814	442
814	473
814	548
814	632
814	662
814	698
814	755
814	815
814	925
814	944
814	947
814	969
814	973
815	103
815	121
815	235
815	292
815	453
815	594
815	755
815	814
815	833
815	846
815	917
815	923
815	936
815	943
815	944
816	70
816	252
816	326
816	328
816	338
816	430
816	575
816	635
816	798
816	820
816	906
816	946
816	949
816	994
816	998
817	380
817	666
817	699
817	705
817	774
817	818
817	840
817	883
817	884
817	925
817	937
817	962
817	973
817	975
817	976
818	68
818	159
818	379
818	435
818	526
818	528
818	693
818	767
818	782
818	817
818	893
818	915
818	917
818	942
818	956
819	278
819	358
819	679
819	703
819	871
819	885
819	899
819	919
819	930
819	946
819	947
819	954
819	978
819	981
819	999
820	48
820	310
820	392
820	539
820	703
820	799
820	816
820	850
820	865
820	879
820	896
820	903
820	930
820	979
820	1000
821	27
821	139
821	169
821	394
821	489
821	595
821	716
821	826
821	846
821	848
821	868
821	870
821	934
821	997
821	1000
822	121
822	281
822	325
822	469
822	573
822	598
822	610
822	611
822	636
822	659
822	696
822	780
822	874
822	875
822	947
823	391
823	440
823	566
823	571
823	638
823	640
823	775
823	893
823	896
823	902
823	917
823	957
823	963
823	979
823	987
824	116
824	265
824	295
824	384
824	412
824	527
824	710
824	744
824	790
824	855
824	912
824	936
824	971
824	980
824	999
825	114
825	192
825	225
825	394
825	530
825	575
825	609
825	713
825	904
825	936
825	938
825	974
825	975
825	982
825	984
826	252
826	365
826	440
826	525
826	584
826	641
826	694
826	787
826	821
826	846
826	900
826	934
826	943
826	990
826	996
827	84
827	128
827	211
827	373
827	417
827	608
827	633
827	671
827	692
827	715
827	860
827	936
827	965
827	978
827	983
828	47
828	193
828	241
828	253
828	280
828	375
828	439
828	556
828	730
828	784
828	839
828	907
828	940
828	960
828	994
829	213
829	224
829	236
829	249
829	326
829	514
829	675
829	683
829	737
829	754
829	784
829	799
829	919
829	931
829	1000
830	7
830	251
830	313
830	434
830	482
830	604
830	677
830	682
830	770
830	773
830	802
830	843
830	892
830	908
830	967
831	30
831	177
831	191
831	327
831	378
831	450
831	511
831	545
831	650
831	743
831	766
831	799
831	836
831	927
831	985
832	128
832	328
832	545
832	552
832	592
832	677
832	689
832	839
832	861
832	890
832	911
832	946
832	967
832	982
832	992
833	52
833	120
833	160
833	166
833	197
833	602
833	687
833	815
833	840
833	844
833	897
833	927
833	950
833	954
833	983
834	351
834	356
834	411
834	479
834	539
834	773
834	848
834	874
834	878
834	949
834	972
834	981
834	986
834	990
834	995
835	41
835	71
835	316
835	506
835	612
835	660
835	672
835	680
835	809
835	879
835	909
835	910
835	935
835	946
835	984
836	65
836	86
836	242
836	308
836	421
836	429
836	457
836	501
836	660
836	704
836	710
836	725
836	762
836	831
836	841
836	967
837	488
837	499
837	538
837	606
837	729
837	757
837	801
837	858
837	867
837	871
837	882
837	922
837	945
837	951
837	963
837	987
838	300
838	419
838	516
838	585
838	601
838	772
838	807
838	809
838	812
838	870
838	872
838	880
838	957
838	962
838	968
838	970
839	62
839	274
839	330
839	369
839	470
839	636
839	717
839	828
839	832
839	951
839	964
839	972
839	974
839	982
839	994
839	999
840	353
840	412
840	421
840	473
840	514
840	650
840	669
840	780
840	811
840	817
840	833
840	875
840	877
840	905
840	929
840	968
841	159
841	269
841	360
841	377
841	554
841	596
841	732
841	756
841	758
841	765
841	836
841	893
841	914
841	957
841	958
841	970
842	151
842	171
842	201
842	229
842	339
842	451
842	612
842	647
842	770
842	776
842	871
842	891
842	968
842	970
842	976
842	996
843	10
843	72
843	124
843	141
843	330
843	536
843	640
843	671
843	696
843	775
843	830
843	971
843	975
843	981
843	994
843	1000
844	46
844	152
844	478
844	521
844	536
844	658
844	734
844	740
844	800
844	833
844	899
844	902
844	914
844	927
844	952
844	961
845	119
845	189
845	352
845	534
845	641
845	694
845	726
845	782
845	790
845	899
845	909
845	938
845	977
845	982
845	986
845	990
846	431
846	463
846	510
846	582
846	603
846	787
846	805
846	815
846	821
846	826
846	850
846	904
846	912
846	921
846	934
846	994
847	106
847	412
847	449
847	471
847	549
847	649
847	686
847	691
847	753
847	758
847	919
847	921
847	934
847	964
847	968
847	991
848	58
848	281
848	364
848	460
848	477
848	501
848	636
848	646
848	760
848	796
848	821
848	834
848	885
848	926
848	958
848	970
849	132
849	687
849	748
849	776
849	877
849	886
849	895
849	908
849	922
849	935
849	943
849	951
849	966
849	976
849	988
849	998
850	224
850	479
850	488
850	619
850	649
850	686
850	722
850	728
850	767
850	801
850	820
850	846
850	888
850	918
850	925
850	965
850	993
851	14
851	30
851	393
851	608
851	661
851	723
851	727
851	760
851	775
851	792
851	799
851	807
851	872
851	893
851	958
851	977
851	996
852	52
852	92
852	404
852	605
852	610
852	855
852	920
852	924
852	925
852	944
852	955
852	963
852	965
852	967
852	984
852	993
852	1000
853	32
853	112
853	183
853	363
853	567
853	616
853	717
853	750
853	768
853	917
853	923
853	953
853	965
853	981
853	983
853	990
853	994
854	144
854	310
854	460
854	491
854	500
854	506
854	758
854	792
854	864
854	908
854	928
854	961
854	976
854	988
854	991
854	992
854	998
855	118
855	169
855	206
855	636
855	693
855	719
855	824
855	852
855	873
855	883
855	885
855	897
855	904
855	931
855	959
855	968
855	982
856	28
856	177
856	231
856	434
856	520
856	640
856	668
856	719
856	752
856	783
856	813
856	863
856	873
856	909
856	920
856	945
856	950
857	78
857	115
857	253
857	262
857	579
857	634
857	684
857	725
857	771
857	795
857	907
857	911
857	916
857	928
857	972
857	981
857	988
858	389
858	474
858	656
858	672
858	682
858	717
858	776
858	789
858	807
858	837
858	860
858	911
858	968
858	991
858	995
858	996
858	998
859	86
859	89
859	118
859	452
859	506
859	534
859	602
859	648
859	810
859	871
859	915
859	926
859	935
859	942
859	952
859	957
859	1000
860	258
860	294
860	330
860	474
860	517
860	575
860	603
860	640
860	703
860	786
860	827
860	858
860	875
860	888
860	889
860	983
860	998
861	97
861	99
861	104
861	286
861	318
861	362
861	370
861	475
861	515
861	718
861	832
861	887
861	900
861	929
861	955
861	962
861	981
862	235
862	311
862	558
862	625
862	705
862	707
862	720
862	762
862	770
862	783
862	792
862	793
862	885
862	923
862	956
862	989
862	998
863	455
863	489
863	698
863	705
863	715
863	811
863	856
863	865
863	904
863	916
863	920
863	938
863	953
863	978
863	982
863	988
863	1000
864	90
864	315
864	518
864	585
864	608
864	753
864	806
864	854
864	867
864	880
864	889
864	905
864	911
864	954
864	961
864	989
864	994
865	2
865	270
865	279
865	391
865	394
865	759
865	774
865	776
865	820
865	863
865	869
865	889
865	898
865	921
865	930
865	949
865	980
865	1000
866	292
866	355
866	445
866	505
866	665
866	699
866	749
866	792
866	801
866	804
866	888
866	933
866	941
866	945
866	957
866	961
866	987
866	996
867	190
867	250
867	346
867	423
867	501
867	561
867	562
867	670
867	701
867	767
867	837
867	864
867	963
867	968
867	973
867	990
867	996
867	997
868	1
868	102
868	129
868	350
868	377
868	618
868	720
868	782
868	783
868	821
868	881
868	889
868	906
868	942
868	945
868	953
868	955
868	987
869	115
869	239
869	297
869	372
869	374
869	431
869	502
869	597
869	658
869	722
869	771
869	779
869	787
869	865
869	889
869	922
869	957
869	998
870	31
870	120
870	370
870	404
870	407
870	521
870	550
870	565
870	579
870	621
870	668
870	738
870	747
870	821
870	838
870	964
870	969
870	971
871	170
871	205
871	512
871	623
871	651
871	653
871	698
871	750
871	754
871	819
871	837
871	842
871	859
871	942
871	947
871	952
871	969
871	999
872	178
872	582
872	613
872	701
872	778
872	781
872	789
872	838
872	851
872	873
872	886
872	930
872	973
872	976
872	982
872	984
872	986
872	988
873	117
873	197
873	444
873	453
873	475
873	598
873	676
873	727
873	785
873	786
873	855
873	856
873	872
873	902
873	927
873	958
873	994
873	995
874	122
874	200
874	313
874	361
874	443
874	533
874	548
874	587
874	796
874	822
874	834
874	916
874	934
874	945
874	951
874	977
874	981
874	983
875	486
875	664
875	706
875	776
875	786
875	822
875	840
875	860
875	883
875	902
875	925
875	937
875	951
875	955
875	964
875	972
875	973
875	975
875	995
876	58
876	158
876	276
876	334
876	366
876	384
876	578
876	614
876	641
876	677
876	746
876	773
876	912
876	943
876	956
876	963
876	966
876	967
876	993
877	98
877	152
877	191
877	402
877	549
877	621
877	663
877	676
877	677
877	771
877	780
877	840
877	849
877	887
877	937
877	970
877	978
877	992
877	1000
878	236
878	304
878	380
878	500
878	524
878	628
878	645
878	649
878	655
878	659
878	687
878	735
878	834
878	888
878	896
878	911
878	921
878	954
878	957
879	26
879	143
879	271
879	287
879	361
879	492
879	532
879	604
879	661
879	691
879	801
879	820
879	835
879	911
879	913
879	921
879	961
879	971
879	987
880	19
880	105
880	195
880	402
880	442
880	658
880	679
880	715
880	724
880	751
880	786
880	838
880	864
880	946
880	950
880	969
880	987
880	988
880	991
881	131
881	134
881	140
881	396
881	490
881	556
881	585
881	697
881	708
881	770
881	797
881	868
881	897
881	936
881	938
881	943
881	959
881	961
881	980
882	42
882	212
882	289
882	371
882	452
882	507
882	532
882	545
882	586
882	632
882	803
882	813
882	837
882	898
882	912
882	934
882	961
882	969
882	971
883	143
883	237
883	461
883	621
883	630
883	712
883	738
883	783
883	790
883	817
883	855
883	875
883	892
883	908
883	937
883	955
883	962
883	974
883	995
884	50
884	164
884	273
884	277
884	403
884	432
884	619
884	637
884	693
884	817
884	902
884	908
884	914
884	920
884	924
884	932
884	947
884	979
884	985
884	993
885	141
885	167
885	396
885	401
885	456
885	518
885	546
885	570
885	639
885	721
885	819
885	848
885	855
885	862
885	941
885	955
885	957
885	970
885	975
885	981
886	61
886	195
886	270
886	421
886	502
886	540
886	691
886	716
886	725
886	744
886	780
886	801
886	849
886	872
886	932
886	955
886	958
886	968
886	984
886	998
887	113
887	148
887	268
887	333
887	422
887	447
887	563
887	569
887	582
887	708
887	798
887	861
887	877
887	911
887	922
887	940
887	941
887	942
887	965
887	998
888	83
888	202
888	211
888	331
888	399
888	555
888	598
888	797
888	801
888	850
888	860
888	866
888	878
888	891
888	913
888	917
888	939
888	952
888	965
888	996
889	133
889	246
889	298
889	491
889	522
889	534
889	570
889	590
889	630
889	774
889	782
889	860
889	864
889	865
889	868
889	869
889	899
889	931
889	949
889	963
890	20
890	89
890	208
890	313
890	374
890	391
890	576
890	577
890	660
890	670
890	700
890	776
890	832
890	926
890	927
890	931
890	935
890	952
890	976
890	986
891	146
891	199
891	433
891	588
891	638
891	683
891	697
891	707
891	709
891	758
891	767
891	778
891	805
891	842
891	888
891	922
891	939
891	986
891	990
891	996
892	198
892	385
892	393
892	411
892	451
892	540
892	631
892	763
892	779
892	791
892	796
892	830
892	883
892	893
892	894
892	923
892	924
892	953
892	957
892	976
893	125
893	319
893	432
893	549
893	616
893	778
893	786
893	792
893	818
893	823
893	841
893	851
893	892
893	930
893	959
893	974
893	979
893	990
893	995
893	997
894	130
894	323
894	342
894	344
894	385
894	420
894	440
894	456
894	548
894	608
894	668
894	675
894	693
894	756
894	892
894	929
894	938
894	952
894	953
894	954
894	975
895	21
895	48
895	221
895	223
895	224
895	340
895	354
895	510
895	567
895	627
895	665
895	691
895	709
895	715
895	718
895	849
895	903
895	921
895	922
895	928
895	1000
896	21
896	28
896	58
896	176
896	184
896	206
896	499
896	532
896	578
896	610
896	620
896	628
896	643
896	807
896	820
896	823
896	878
896	901
896	953
896	975
896	979
897	136
897	166
897	196
897	443
897	444
897	515
897	563
897	564
897	591
897	620
897	833
897	855
897	881
897	912
897	959
897	961
897	967
897	971
897	982
897	995
897	997
898	56
898	104
898	123
898	201
898	241
898	255
898	357
898	379
898	409
898	418
898	497
898	554
898	675
898	711
898	739
898	865
898	882
898	902
898	922
898	943
898	957
899	516
899	547
899	618
899	666
899	674
899	680
899	746
899	795
899	819
899	844
899	845
899	889
899	905
899	952
899	954
899	958
899	962
899	966
899	988
899	990
899	992
900	24
900	306
900	318
900	362
900	504
900	518
900	544
900	563
900	593
900	675
900	723
900	730
900	789
900	826
900	861
900	929
900	932
900	934
900	974
900	983
900	986
901	4
901	60
901	194
901	228
901	276
901	298
901	314
901	316
901	511
901	536
901	553
901	682
901	726
901	736
901	747
901	779
901	896
901	911
901	939
901	970
901	971
902	110
902	206
902	234
902	425
902	426
902	475
902	671
902	742
902	760
902	823
902	844
902	873
902	875
902	884
902	898
902	911
902	920
902	927
902	928
902	970
902	991
903	27
903	80
903	379
903	388
903	479
903	594
903	632
903	648
903	781
903	782
903	820
903	895
903	919
903	921
903	930
903	980
903	982
903	985
903	987
903	990
903	1000
904	113
904	323
904	474
904	519
904	530
904	536
904	537
904	541
904	614
904	621
904	635
904	659
904	680
904	825
904	846
904	855
904	863
904	914
904	947
904	985
904	989
905	59
905	144
905	206
905	459
905	478
905	547
905	659
905	688
905	690
905	790
905	840
905	864
905	899
905	906
905	915
905	954
905	959
905	971
905	975
905	992
905	993
906	28
906	39
906	42
906	163
906	335
906	363
906	560
906	604
906	654
906	670
906	710
906	769
906	816
906	868
906	905
906	941
906	955
906	960
906	961
906	964
906	989
907	8
907	44
907	218
907	244
907	353
907	398
907	486
907	644
907	671
907	682
907	730
907	750
907	752
907	828
907	857
907	908
907	916
907	934
907	948
907	995
907	997
908	139
908	182
908	216
908	321
908	348
908	455
908	487
908	575
908	577
908	648
908	734
908	781
908	809
908	830
908	849
908	854
908	883
908	884
908	907
908	940
908	966
908	986
909	266
909	317
909	322
909	407
909	489
909	682
909	782
909	801
909	802
909	835
909	845
909	856
909	929
909	932
909	961
909	969
909	971
909	976
909	983
909	984
909	988
909	990
910	11
910	24
910	101
910	183
910	211
910	399
910	522
910	687
910	720
910	722
910	741
910	752
910	763
910	764
910	767
910	806
910	835
910	925
910	935
910	971
910	975
910	992
911	11
911	351
911	435
911	537
911	542
911	576
911	602
911	635
911	691
911	711
911	832
911	857
911	858
911	864
911	878
911	879
911	887
911	901
911	902
911	939
911	978
911	987
912	111
912	140
912	220
912	298
912	483
912	629
912	688
912	697
912	712
912	797
912	824
912	846
912	876
912	882
912	897
912	913
912	955
912	958
912	959
912	972
912	996
912	999
913	10
913	139
913	359
913	392
913	407
913	537
913	544
913	596
913	637
913	666
913	710
913	727
913	754
913	781
913	879
913	888
913	912
913	937
913	954
913	968
913	987
913	998
913	1000
914	22
914	112
914	147
914	207
914	341
914	360
914	488
914	659
914	683
914	735
914	736
914	841
914	844
914	884
914	904
914	916
914	939
914	948
914	950
914	972
914	985
914	995
914	997
915	23
915	66
915	150
915	229
915	295
915	487
915	494
915	503
915	506
915	539
915	681
915	703
915	742
915	769
915	818
915	859
915	905
915	925
915	946
915	968
915	972
915	985
915	992
916	8
916	93
916	117
916	290
916	329
916	333
916	528
916	532
916	576
916	613
916	732
916	751
916	757
916	857
916	863
916	874
916	907
916	914
916	925
916	959
916	963
916	972
916	985
917	246
917	359
917	419
917	438
917	452
917	462
917	466
917	499
917	523
917	614
917	698
917	800
917	806
917	815
917	818
917	823
917	853
917	888
917	930
917	944
917	945
917	996
917	997
918	184
918	187
918	222
918	284
918	619
918	729
918	732
918	767
918	782
918	795
918	811
918	850
918	924
918	933
918	946
918	947
918	949
918	955
918	964
918	974
918	977
918	978
918	995
919	79
919	88
919	236
919	256
919	401
919	419
919	434
919	445
919	519
919	638
919	652
919	723
919	748
919	754
919	795
919	819
919	829
919	847
919	903
919	920
919	966
919	982
919	989
920	268
920	302
920	395
920	441
920	472
920	531
920	662
920	711
920	801
920	802
920	813
920	852
920	856
920	863
920	884
920	902
920	919
920	923
920	925
920	956
920	977
920	980
920	984
920	993
921	14
921	178
921	288
921	439
921	451
921	513
921	524
921	599
921	659
921	704
921	738
921	769
921	846
921	847
921	865
921	878
921	879
921	895
921	903
921	928
921	930
921	955
921	962
921	1000
922	395
922	416
922	421
922	458
922	480
922	684
922	745
922	793
922	798
922	837
922	849
922	869
922	887
922	891
922	895
922	898
922	931
922	939
922	944
922	984
922	991
922	995
922	997
922	998
923	14
923	36
923	136
923	249
923	300
923	486
923	503
923	665
923	703
923	721
923	726
923	767
923	800
923	805
923	815
923	853
923	862
923	892
923	920
923	951
923	974
923	979
923	994
923	997
924	122
924	257
924	302
924	312
924	438
924	445
924	461
924	473
924	480
924	533
924	562
924	567
924	783
924	852
924	884
924	892
924	918
924	925
924	931
924	940
924	959
924	972
924	993
924	999
925	158
925	238
925	245
925	313
925	357
925	543
925	636
925	661
925	662
925	728
925	814
925	817
925	850
925	852
925	875
925	910
925	915
925	916
925	920
925	924
925	956
925	959
925	980
925	992
926	135
926	345
926	398
926	458
926	460
926	465
926	504
926	595
926	634
926	645
926	651
926	655
926	717
926	745
926	769
926	794
926	848
926	859
926	890
926	931
926	942
926	952
926	956
926	977
926	999
927	65
927	130
927	131
927	181
927	273
927	371
927	425
927	587
927	658
927	725
927	737
927	756
927	831
927	833
927	844
927	873
927	890
927	902
927	929
927	932
927	945
927	951
927	954
927	984
927	997
928	27
928	70
928	227
928	245
928	247
928	266
928	352
928	396
928	514
928	528
928	594
928	644
928	665
928	854
928	857
928	895
928	902
928	921
928	930
928	936
928	939
928	950
928	956
928	966
928	996
929	81
929	121
929	200
929	203
929	261
929	286
929	301
929	364
929	672
929	716
929	840
929	861
929	894
929	900
929	909
929	927
929	938
929	941
929	972
929	975
929	988
929	989
929	991
929	993
929	995
930	75
930	170
930	290
930	303
930	405
930	518
930	541
930	606
930	618
930	622
930	677
930	796
930	819
930	820
930	865
930	872
930	893
930	903
930	917
930	921
930	928
930	969
930	981
930	982
930	992
931	11
931	29
931	73
931	275
931	366
931	535
931	541
931	660
931	697
931	774
931	783
931	802
931	829
931	855
931	889
931	890
931	922
931	924
931	926
931	933
931	954
931	959
931	991
931	994
931	1000
932	41
932	54
932	149
932	296
932	326
932	379
932	537
932	542
932	566
932	632
932	748
932	802
932	884
932	886
932	900
932	909
932	927
932	961
932	966
932	969
932	970
932	971
932	979
932	987
932	991
933	127
933	176
933	203
933	320
933	458
933	544
933	558
933	654
933	730
933	758
933	775
933	789
933	795
933	797
933	810
933	866
933	918
933	931
933	947
933	949
933	950
933	964
933	978
933	984
933	987
934	71
934	155
934	239
934	282
934	526
934	550
934	561
934	565
934	579
934	679
934	750
934	786
934	788
934	821
934	826
934	846
934	847
934	874
934	882
934	900
934	907
934	954
934	964
934	979
934	997
935	1
935	58
935	80
935	87
935	135
935	217
935	226
935	462
935	500
935	551
935	618
935	695
935	744
935	764
935	797
935	803
935	809
935	835
935	849
935	859
935	890
935	910
935	954
935	958
935	977
935	998
936	465
936	492
936	527
936	535
936	609
936	612
936	626
936	674
936	706
936	726
936	736
936	748
936	754
936	808
936	815
936	824
936	825
936	827
936	881
936	928
936	960
936	980
936	997
936	998
936	999
936	1000
937	302
937	329
937	384
937	413
937	432
937	568
937	574
937	624
937	628
937	633
937	654
937	731
937	733
937	772
937	817
937	875
937	877
937	883
937	913
937	942
937	980
937	983
937	986
937	991
937	995
937	997
938	292
938	312
938	471
938	537
938	589
938	639
938	655
938	669
938	712
938	728
938	730
938	731
938	734
938	754
938	784
938	801
938	806
938	825
938	845
938	863
938	881
938	894
938	929
938	941
938	994
938	995
939	4
939	11
939	65
939	67
939	212
939	223
939	344
939	381
939	390
939	414
939	555
939	587
939	654
939	744
939	771
939	888
939	891
939	901
939	911
939	914
939	922
939	928
939	948
939	973
939	987
939	998
940	53
940	81
940	210
940	230
940	288
940	417
940	568
940	608
940	711
940	729
940	735
940	755
940	760
940	788
940	797
940	804
940	808
940	828
940	887
940	908
940	924
940	942
940	943
940	970
940	985
940	986
941	122
941	306
941	389
941	396
941	555
941	559
941	563
941	577
941	628
941	629
941	634
941	678
941	753
941	795
941	866
941	885
941	887
941	906
941	929
941	938
941	952
941	967
941	975
941	981
941	983
941	989
942	133
942	221
942	427
942	467
942	525
942	579
942	759
942	779
942	806
942	812
942	818
942	859
942	868
942	871
942	887
942	926
942	937
942	940
942	947
942	952
942	957
942	959
942	972
942	973
942	981
942	992
942	993
943	71
943	138
943	267
943	456
943	570
943	573
943	642
943	656
943	664
943	692
943	714
943	739
943	743
943	772
943	815
943	826
943	849
943	876
943	881
943	898
943	940
943	944
943	966
943	980
943	982
943	986
943	989
943	998
944	20
944	361
944	372
944	383
944	419
944	438
944	490
944	506
944	556
944	581
944	607
944	635
944	647
944	664
944	698
944	719
944	733
944	780
944	796
944	814
944	815
944	852
944	917
944	922
944	943
944	955
944	963
944	973
945	36
945	69
945	80
945	116
945	117
945	347
945	439
945	447
945	571
945	597
945	599
945	625
945	661
945	728
945	747
945	765
945	769
945	807
945	811
945	837
945	856
945	866
945	868
945	874
945	917
945	927
945	958
945	964
946	56
946	103
946	380
946	420
946	428
946	577
946	583
946	695
946	714
946	734
946	745
946	771
946	776
946	816
946	819
946	832
946	835
946	880
946	915
946	918
946	950
946	951
946	962
946	976
946	986
946	988
946	992
946	997
947	106
947	286
947	325
947	337
947	343
947	372
947	396
947	628
947	695
947	698
947	752
947	797
947	798
947	814
947	819
947	822
947	871
947	884
947	904
947	918
947	933
947	942
947	960
947	964
947	978
947	982
947	996
947	997
948	46
948	235
948	256
948	260
948	284
948	312
948	393
948	428
948	496
948	527
948	567
948	597
948	616
948	671
948	685
948	690
948	710
948	735
948	907
948	914
948	939
948	957
948	968
948	983
948	991
948	995
948	997
948	999
949	22
949	127
949	143
949	157
949	230
949	498
949	519
949	549
949	563
949	577
949	584
949	637
949	695
949	733
949	761
949	793
949	816
949	834
949	865
949	889
949	918
949	933
949	955
949	962
949	964
949	978
949	980
949	996
950	33
950	193
950	253
950	352
950	375
950	444
950	501
950	529
950	530
950	554
950	615
950	622
950	664
950	694
950	719
950	787
950	795
950	833
950	856
950	880
950	914
950	928
950	933
950	946
950	955
950	958
950	965
950	970
950	996
951	43
951	282
951	288
951	366
951	435
951	590
951	603
951	656
951	692
951	710
951	713
951	716
951	731
951	741
951	768
951	772
951	780
951	837
951	839
951	849
951	874
951	875
951	923
951	927
951	946
951	953
951	962
951	990
951	999
952	52
952	125
952	148
952	236
952	514
952	523
952	525
952	544
952	571
952	625
952	680
952	690
952	705
952	714
952	745
952	805
952	844
952	859
952	871
952	888
952	890
952	894
952	899
952	926
952	941
952	942
952	957
952	958
952	960
953	174
953	327
953	356
953	386
953	453
953	596
953	598
953	686
953	702
953	712
953	749
953	754
953	757
953	777
953	780
953	804
953	809
953	853
953	863
953	868
953	892
953	894
953	896
953	951
953	965
953	970
953	980
953	986
953	990
954	46
954	105
954	134
954	136
954	234
954	342
954	420
954	441
954	505
954	657
954	700
954	709
954	727
954	806
954	819
954	833
954	864
954	878
954	894
954	899
954	905
954	913
954	927
954	931
954	934
954	935
954	958
954	962
954	981
954	997
955	151
955	155
955	295
955	310
955	348
955	358
955	463
955	528
955	624
955	808
955	852
955	861
955	868
955	875
955	883
955	885
955	886
955	906
955	912
955	918
955	921
955	944
955	949
955	950
955	962
955	973
955	976
955	981
955	989
955	995
956	3
956	7
956	195
956	250
956	271
956	343
956	400
956	424
956	549
956	566
956	591
956	615
956	640
956	671
956	678
956	721
956	731
956	770
956	818
956	862
956	876
956	920
956	925
956	926
956	928
956	965
956	970
956	984
956	994
956	998
957	94
957	242
957	251
957	348
957	383
957	445
957	449
957	451
957	476
957	609
957	672
957	677
957	705
957	764
957	777
957	788
957	823
957	838
957	841
957	859
957	866
957	869
957	878
957	885
957	892
957	898
957	942
957	948
957	952
957	970
957	981
958	179
958	258
958	293
958	377
958	416
958	511
958	512
958	604
958	615
958	624
958	630
958	671
958	735
958	756
958	774
958	802
958	841
958	848
958	851
958	873
958	886
958	899
958	912
958	935
958	945
958	950
958	952
958	954
958	962
958	970
958	974
959	43
959	47
959	57
959	74
959	223
959	242
959	274
959	312
959	336
959	358
959	388
959	645
959	694
959	700
959	727
959	740
959	751
959	752
959	753
959	855
959	881
959	893
959	897
959	905
959	912
959	916
959	924
959	925
959	931
959	942
959	999
960	69
960	110
960	199
960	250
960	334
960	347
960	355
960	363
960	451
960	583
960	584
960	596
960	639
960	664
960	693
960	707
960	725
960	730
960	732
960	769
960	828
960	906
960	936
960	947
960	952
960	964
960	974
960	977
960	979
960	982
960	1000
961	50
961	157
961	216
961	251
961	278
961	415
961	423
961	457
961	490
961	503
961	570
961	634
961	767
961	780
961	782
961	784
961	844
961	854
961	864
961	866
961	879
961	881
961	882
961	897
961	906
961	909
961	932
961	969
961	971
961	972
961	995
962	46
962	100
962	161
962	180
962	233
962	387
962	502
962	503
962	542
962	594
962	632
962	679
962	703
962	734
962	737
962	786
962	817
962	838
962	861
962	883
962	899
962	921
962	946
962	949
962	951
962	954
962	955
962	958
962	972
962	983
962	998
963	114
963	150
963	260
963	322
963	357
963	395
963	422
963	423
963	437
963	455
963	475
963	510
963	574
963	606
963	668
963	685
963	721
963	727
963	767
963	823
963	837
963	852
963	867
963	876
963	889
963	916
963	944
963	969
963	986
963	989
963	1000
964	160
964	188
964	311
964	339
964	496
964	549
964	589
964	591
964	627
964	669
964	695
964	699
964	732
964	797
964	807
964	839
964	847
964	870
964	875
964	906
964	918
964	933
964	934
964	945
964	947
964	949
964	960
964	978
964	983
964	994
964	995
964	999
965	21
965	31
965	56
965	64
965	73
965	249
965	254
965	266
965	406
965	475
965	495
965	672
965	678
965	721
965	750
965	795
965	801
965	812
965	827
965	850
965	852
965	853
965	887
965	888
965	950
965	953
965	956
965	978
965	986
965	987
965	994
965	1000
966	22
966	181
966	317
966	327
966	359
966	375
966	409
966	412
966	456
966	480
966	570
966	591
966	600
966	617
966	638
966	660
966	724
966	768
966	781
966	849
966	876
966	899
966	908
966	919
966	928
966	932
966	943
966	977
966	986
966	987
966	990
966	996
967	144
967	175
967	300
967	329
967	354
967	355
967	411
967	429
967	436
967	447
967	476
967	478
967	482
967	491
967	504
967	569
967	596
967	605
967	614
967	701
967	740
967	785
967	806
967	807
967	830
967	832
967	836
967	852
967	876
967	897
967	941
967	982
968	202
968	258
968	382
968	442
968	444
968	470
968	487
968	523
968	543
968	572
968	668
968	669
968	686
968	698
968	753
968	793
968	811
968	838
968	840
968	842
968	847
968	855
968	858
968	867
968	886
968	913
968	915
968	948
968	969
968	971
968	981
968	990
969	64
969	112
969	161
969	178
969	225
969	278
969	461
969	537
969	570
969	574
969	586
969	638
969	694
969	711
969	749
969	750
969	814
969	870
969	871
969	880
969	882
969	909
969	930
969	932
969	961
969	963
969	968
969	971
969	984
969	985
969	986
969	989
969	995
970	82
970	99
970	156
970	182
970	258
970	309
970	331
970	356
970	390
970	493
970	529
970	603
970	615
970	703
970	705
970	735
970	758
970	777
970	838
970	841
970	842
970	848
970	877
970	885
970	901
970	902
970	932
970	940
970	950
970	953
970	956
970	957
970	958
971	246
971	264
971	431
971	535
971	586
971	587
971	594
971	634
971	680
971	705
971	719
971	758
971	762
971	797
971	802
971	808
971	813
971	824
971	843
971	870
971	879
971	882
971	897
971	901
971	905
971	909
971	910
971	932
971	961
971	968
971	969
971	973
971	980
971	999
972	79
972	95
972	154
972	289
972	291
972	299
972	345
972	391
972	502
972	513
972	516
972	526
972	565
972	567
972	609
972	665
972	675
972	690
972	761
972	795
972	834
972	839
972	857
972	875
972	912
972	914
972	915
972	916
972	924
972	929
972	942
972	961
972	962
972	997
973	35
973	37
973	219
973	329
973	366
973	367
973	574
973	581
973	584
973	611
973	652
973	662
973	667
973	677
973	699
973	729
973	738
973	772
973	794
973	814
973	817
973	867
973	872
973	875
973	939
973	942
973	944
973	955
973	971
973	975
973	979
973	981
973	992
973	995
974	35
974	56
974	94
974	270
974	291
974	292
974	403
974	426
974	494
974	599
974	601
974	667
974	672
974	682
974	728
974	738
974	752
974	771
974	776
974	787
974	792
974	794
974	806
974	825
974	839
974	883
974	893
974	900
974	918
974	923
974	958
974	960
974	984
974	991
975	43
975	55
975	60
975	104
975	126
975	135
975	240
975	261
975	348
975	403
975	413
975	416
975	482
975	531
975	585
975	668
975	673
975	676
975	750
975	817
975	825
975	843
975	875
975	885
975	894
975	896
975	905
975	910
975	929
975	941
975	973
975	976
975	981
975	999
976	87
976	253
976	264
976	275
976	291
976	301
976	415
976	441
976	473
976	476
976	509
976	519
976	580
976	629
976	674
976	713
976	743
976	768
976	812
976	817
976	842
976	849
976	854
976	872
976	890
976	892
976	909
976	946
976	955
976	975
976	988
976	991
976	992
976	993
977	98
977	119
977	125
977	284
977	328
977	390
977	418
977	424
977	482
977	543
977	545
977	554
977	571
977	607
977	609
977	651
977	666
977	695
977	700
977	743
977	753
977	775
977	781
977	845
977	851
977	874
977	918
977	920
977	926
977	935
977	960
977	966
977	979
977	981
977	992
978	122
978	184
978	188
978	287
978	290
978	302
978	458
978	472
978	474
978	498
978	534
978	574
978	616
978	619
978	629
978	662
978	704
978	706
978	708
978	732
978	747
978	776
978	819
978	827
978	863
978	877
978	911
978	918
978	933
978	947
978	949
978	964
978	965
978	982
978	984
979	4
979	12
979	23
979	32
979	119
979	169
979	215
979	244
979	267
979	289
979	322
979	393
979	440
979	639
979	645
979	681
979	689
979	755
979	775
979	792
979	820
979	823
979	884
979	893
979	896
979	923
979	932
979	934
979	960
979	973
979	977
979	980
979	993
979	996
979	998
980	24
980	174
980	209
980	229
980	265
980	345
980	425
980	566
980	577
980	637
980	670
980	692
980	722
980	734
980	737
980	773
980	796
980	799
980	808
980	812
980	824
980	865
980	881
980	903
980	920
980	925
980	936
980	937
980	943
980	949
980	953
980	971
980	979
980	993
980	999
981	10
981	25
981	165
981	210
981	404
981	422
981	486
981	548
981	555
981	588
981	617
981	643
981	646
981	676
981	728
981	774
981	819
981	834
981	843
981	853
981	857
981	861
981	874
981	885
981	930
981	941
981	942
981	954
981	955
981	957
981	968
981	973
981	975
981	977
981	983
981	994
982	97
982	323
982	340
982	367
982	373
982	466
982	508
982	533
982	551
982	615
982	638
982	639
982	670
982	720
982	731
982	778
982	784
982	791
982	825
982	832
982	839
982	845
982	855
982	863
982	872
982	897
982	903
982	919
982	930
982	943
982	947
982	960
982	967
982	978
982	989
982	997
982	1000
983	52
983	72
983	76
983	95
983	157
983	164
983	168
983	219
983	241
983	322
983	385
983	448
983	474
983	608
983	624
983	633
983	690
983	702
983	724
983	827
983	833
983	853
983	860
983	874
983	900
983	909
983	937
983	941
983	948
983	962
983	964
983	981
983	988
983	989
983	992
983	994
983	997
984	59
984	116
984	163
984	178
984	368
984	378
984	410
984	411
984	429
984	525
984	550
984	621
984	683
984	701
984	706
984	778
984	779
984	789
984	812
984	825
984	835
984	852
984	872
984	886
984	909
984	920
984	922
984	927
984	933
984	956
984	969
984	974
984	978
984	987
984	989
984	998
984	999
985	55
985	86
985	102
985	120
985	180
985	205
985	234
985	277
985	294
985	309
985	330
985	400
985	428
985	517
985	553
985	556
985	567
985	597
985	607
985	616
985	704
985	740
985	742
985	753
985	773
985	778
985	799
985	812
985	831
985	884
985	903
985	904
985	914
985	915
985	916
985	940
985	969
985	997
986	1
986	85
986	128
986	162
986	192
986	238
986	289
986	455
986	487
986	491
986	493
986	509
986	569
986	588
986	608
986	616
986	704
986	729
986	760
986	769
986	781
986	806
986	834
986	845
986	872
986	890
986	891
986	900
986	908
986	937
986	940
986	943
986	946
986	953
986	963
986	965
986	966
986	969
986	989
986	995
987	2
987	8
987	194
987	213
987	306
987	314
987	344
987	355
987	377
987	553
987	579
987	596
987	609
987	610
987	625
987	627
987	644
987	646
987	660
987	691
987	703
987	722
987	749
987	766
987	794
987	823
987	837
987	866
987	868
987	879
987	880
987	903
987	911
987	913
987	932
987	933
987	939
987	965
987	966
987	984
988	7
988	40
988	160
988	211
988	240
988	301
988	412
988	417
988	469
988	472
988	530
988	546
988	585
988	623
988	681
988	688
988	713
988	720
988	724
988	734
988	751
988	765
988	802
988	813
988	849
988	854
988	857
988	863
988	872
988	880
988	899
988	909
988	929
988	946
988	976
988	983
988	990
988	992
988	997
988	998
989	99
989	115
989	195
989	200
989	218
989	226
989	234
989	306
989	340
989	458
989	499
989	507
989	525
989	638
989	720
989	727
989	755
989	766
989	773
989	777
989	790
989	805
989	811
989	862
989	864
989	904
989	906
989	919
989	929
989	941
989	943
989	955
989	963
989	969
989	982
989	983
989	984
989	986
989	992
989	993
989	999
990	2
990	15
990	123
990	217
990	310
990	317
990	352
990	376
990	400
990	426
990	465
990	492
990	601
990	605
990	686
990	692
990	696
990	710
990	717
990	757
990	763
990	780
990	791
990	796
990	826
990	834
990	845
990	853
990	867
990	891
990	893
990	899
990	903
990	909
990	951
990	953
990	966
990	968
990	988
990	991
990	992
991	16
991	99
991	100
991	113
991	204
991	268
991	270
991	369
991	415
991	470
991	526
991	541
991	550
991	565
991	583
991	629
991	633
991	697
991	717
991	725
991	752
991	776
991	779
991	794
991	800
991	804
991	847
991	854
991	858
991	880
991	902
991	922
991	929
991	931
991	932
991	937
991	948
991	974
991	976
991	990
991	1000
992	153
992	259
992	261
992	296
992	316
992	349
992	387
992	389
992	415
992	522
992	540
992	574
992	583
992	600
992	611
992	613
992	671
992	751
992	777
992	786
992	812
992	832
992	854
992	877
992	899
992	905
992	910
992	915
992	925
992	930
992	942
992	946
992	973
992	976
992	977
992	983
992	988
992	989
992	990
992	993
992	996
992	998
993	68
993	76
993	88
993	91
993	93
993	94
993	152
993	190
993	274
993	298
993	341
993	380
993	387
993	438
993	445
993	508
993	511
993	564
993	631
993	676
993	713
993	721
993	724
993	728
993	744
993	761
993	791
993	850
993	852
993	876
993	884
993	905
993	920
993	924
993	929
993	942
993	976
993	979
993	980
993	989
993	992
993	1000
994	17
994	26
994	50
994	155
994	181
994	183
994	197
994	209
994	235
994	268
994	374
994	381
994	385
994	436
994	512
994	522
994	527
994	666
994	731
994	740
994	741
994	750
994	761
994	770
994	779
994	811
994	816
994	828
994	839
994	843
994	846
994	853
994	864
994	873
994	923
994	931
994	938
994	956
994	964
994	965
994	981
994	983
994	997
995	29
995	35
995	45
995	62
995	77
995	160
995	165
995	221
995	405
995	461
995	513
995	563
995	572
995	592
995	607
995	610
995	648
995	652
995	706
995	769
995	772
995	777
995	785
995	834
995	858
995	873
995	875
995	883
995	893
995	897
995	907
995	914
995	918
995	922
995	929
995	937
995	938
995	948
995	955
995	961
995	964
995	969
995	973
995	986
996	33
996	41
996	210
996	304
996	339
996	450
996	475
996	535
996	583
996	598
996	612
996	647
996	664
996	667
996	706
996	709
996	713
996	726
996	729
996	735
996	739
996	744
996	746
996	755
996	758
996	765
996	826
996	842
996	851
996	858
996	866
996	867
996	888
996	891
996	912
996	917
996	928
996	947
996	949
996	950
996	966
996	979
996	992
996	998
997	7
997	17
997	75
997	111
997	117
997	153
997	310
997	320
997	395
997	467
997	515
997	519
997	526
997	535
997	578
997	592
997	625
997	627
997	663
997	674
997	690
997	747
997	748
997	786
997	792
997	821
997	867
997	893
997	897
997	907
997	914
997	917
997	922
997	923
997	927
997	934
997	936
997	937
997	946
997	947
997	948
997	954
997	972
997	982
997	983
997	985
997	988
997	994
998	18
998	69
998	77
998	126
998	137
998	143
998	166
998	169
998	198
998	207
998	274
998	276
998	299
998	303
998	328
998	363
998	383
998	443
998	541
998	576
998	644
998	653
998	707
998	772
998	778
998	788
998	799
998	813
998	816
998	849
998	854
998	858
998	860
998	862
998	869
998	886
998	887
998	913
998	922
998	935
998	936
998	939
998	943
998	956
998	962
998	979
998	984
998	988
998	992
998	996
999	5
999	34
999	54
999	131
999	230
999	234
999	240
999	273
999	376
999	418
999	425
999	440
999	451
999	463
999	492
999	546
999	552
999	566
999	626
999	637
999	647
999	648
999	653
999	699
999	700
999	718
999	722
999	736
999	737
999	745
999	784
999	789
999	808
999	819
999	824
999	839
999	871
999	912
999	924
999	926
999	936
999	948
999	951
999	959
999	964
999	971
999	975
999	980
999	984
999	989
1000	33
1000	70
1000	109
1000	142
1000	146
1000	156
1000	167
1000	243
1000	247
1000	263
1000	339
1000	373
1000	405
1000	423
1000	564
1000	594
1000	639
1000	648
1000	657
1000	665
1000	702
1000	714
1000	738
1000	745
1000	747
1000	753
1000	786
1000	798
1000	809
1000	820
1000	821
1000	829
1000	843
1000	852
1000	859
1000	863
1000	865
1000	877
1000	895
1000	903
1000	913
1000	921
1000	931
1000	936
1000	960
1000	963
1000	965
1000	982
1000	991
1000	993
