1	942
1	944
1	987
1	992
2	661
2	854
2	883
2	909
3	944
3	955
3	960
3	964
4	871
4	983
4	993
4	1000
5	460
5	795
5	913
5	981
6	670
6	673
6	758
6	929
7	500
7	606
7	824
7	906
8	261
8	680
8	908
8	917
9	791
9	874
9	959
9	968
10	483
10	525
10	743
10	827
11	303
11	924
11	946
11	954
12	98
12	576
12	744
12	780
13	98
13	466
13	722
13	873
14	988
14	996
14	997
14	998
15	240
15	541
15	803
15	861
16	702
16	935
16	965
16	970
17	984
17	988
17	996
17	998
18	593
18	688
18	824
18	906
19	606
19	852
19	865
19	906
20	705
20	932
20	947
20	971
21	911
21	978
21	979
21	989
22	257
22	578
22	629
22	823
23	419
23	544
23	888
23	948
24	662
24	883
24	909
24	945
25	983
25	994
25	995
25	1000
26	925
26	976
26	986
26	990
27	79
27	958
27	992
27	999
28	974
28	978
28	979
28	989
29	831
29	837
29	956
29	971
30	220
30	519
30	730
30	931
31	748
31	975
31	977
31	991
32	977
32	980
32	985
32	991
33	662
33	733
33	883
33	909
34	625
34	797
34	843
34	886
35	107
35	688
35	865
35	906
36	100
36	614
36	842
36	880
37	988
37	996
37	997
37	998
38	520
38	543
38	666
38	875
39	150
39	924
39	946
39	954
40	147
40	312
40	488
40	742
41	771
41	827
41	839
41	843
42	512
42	571
42	637
42	886
43	974
43	978
43	979
43	989
44	802
44	891
44	931
44	956
45	730
45	857
45	858
45	931
46	145
46	530
46	777
46	999
47	988
47	996
47	997
47	998
48	935
48	953
48	965
48	970
49	641
49	830
49	946
49	954
50	887
50	955
50	960
50	964
51	520
51	543
51	558
51	992
52	758
52	927
52	935
52	970
53	592
53	975
53	980
53	991
54	737
54	807
54	821
54	898
55	890
55	892
55	897
55	899
56	617
56	812
56	941
56	948
57	404
57	977
57	978
57	979
58	317
58	615
58	638
58	839
59	410
59	686
59	906
59	951
60	746
60	857
60	891
60	931
61	877
61	890
61	897
61	899
62	254
62	487
62	712
62	909
63	886
63	949
63	958
63	992
64	713
64	976
64	986
64	990
65	257
65	508
65	676
65	844
66	869
66	994
66	995
66	1000
67	466
67	744
67	873
67	903
68	988
68	996
68	997
68	998
69	938
69	976
69	986
69	990
70	830
70	924
70	946
70	954
71	441
71	874
71	959
71	968
72	974
72	978
72	979
72	989
73	289
73	935
73	965
73	970
74	633
74	882
74	912
74	961
75	115
75	994
75	995
75	1000
76	491
76	869
76	929
76	978
77	938
77	976
77	986
77	990
78	146
78	680
78	941
78	948
79	27
79	701
79	792
79	952
80	578
80	667
80	777
80	844
81	984
81	997
81	998
81	1000
82	344
82	659
82	750
82	903
83	880
83	977
83	980
83	991
84	314
84	996
84	997
84	998
85	370
85	620
85	663
85	742
86	972
86	980
86	985
86	991
87	763
87	870
87	939
87	940
88	889
88	976
88	986
88	990
89	877
89	890
89	897
89	899
90	749
90	904
90	905
90	934
91	460
91	716
91	836
91	968
92	486
92	795
92	922
92	951
93	233
93	522
93	820
93	863
94	368
94	802
94	891
94	931
95	400
95	667
95	676
95	999
96	913
96	963
96	992
96	999
97	312
97	742
97	767
97	863
98	12
98	13
98	176
98	873
99	406
99	690
99	839
99	900
100	36
100	345
100	360
100	880
101	949
101	963
101	987
101	999
102	497
102	820
102	901
102	952
103	977
103	980
103	985
103	991
104	711
104	919
104	937
104	964
105	420
105	905
105	911
105	921
106	713
106	747
106	879
106	917
107	35
107	852
107	865
107	906
108	527
108	715
108	788
108	945
109	670
109	902
109	959
109	968
110	775
110	878
110	921
110	934
111	950
111	960
111	964
111	978
112	147
112	801
112	842
112	880
113	131
113	646
113	702
113	863
114	592
114	698
114	733
114	883
115	75
115	896
115	900
115	929
116	984
116	996
116	997
116	998
117	919
117	955
117	960
117	964
118	457
118	890
118	897
118	899
119	984
119	996
119	997
119	998
120	545
120	576
120	722
120	873
121	503
121	904
121	911
121	934
122	191
122	944
122	960
122	964
123	912
123	932
123	933
123	947
124	550
124	904
124	911
124	934
125	933
125	947
125	956
125	971
126	977
126	993
126	995
126	1000
127	822
127	976
127	986
127	990
128	925
128	976
128	986
128	990
129	858
129	891
129	931
129	972
130	937
130	950
130	960
130	964
131	113
131	702
131	742
131	820
132	870
132	939
132	940
132	954
133	968
133	978
133	979
133	989
134	275
134	303
134	946
134	954
135	825
135	862
135	908
135	917
136	348
136	582
136	782
136	921
137	648
137	861
137	901
137	952
138	795
138	872
138	893
138	922
139	429
139	618
139	752
139	864
140	667
140	823
140	844
140	999
141	715
141	735
141	880
141	945
142	616
142	858
142	891
142	931
143	722
143	744
143	780
143	873
144	716
144	819
144	959
144	968
145	46
145	219
145	262
145	823
146	78
146	287
146	806
146	940
147	40
147	112
147	488
147	863
148	983
148	993
148	994
148	1000
149	730
149	802
149	858
149	931
150	39
150	735
150	826
150	945
151	614
151	801
151	826
151	842
152	981
152	986
152	987
152	992
153	913
153	963
153	987
153	999
154	267
154	576
154	780
154	873
155	573
155	761
155	887
155	961
156	858
156	885
156	891
156	931
157	838
157	974
157	978
157	989
158	650
158	715
158	945
158	957
159	240
159	453
159	510
159	952
160	703
160	763
160	936
160	940
161	942
161	944
161	950
161	955
162	629
162	777
162	844
162	986
163	859
163	988
163	997
163	998
164	825
164	908
164	917
164	919
165	556
165	828
165	901
165	952
166	768
166	861
166	901
166	952
167	263
167	417
167	814
167	929
168	845
168	854
168	877
168	897
169	410
169	852
169	865
169	906
170	925
170	984
170	997
170	998
171	975
171	977
171	985
171	991
172	584
172	861
172	901
172	952
173	645
173	833
173	893
173	951
174	690
174	927
174	965
174	970
175	925
175	976
175	986
175	990
176	98
176	447
176	744
176	873
177	229
177	319
177	733
177	883
178	245
178	788
178	801
178	945
179	984
179	996
179	997
179	998
180	425
180	893
180	922
180	951
181	983
181	993
181	994
181	1000
182	350
182	663
182	666
182	767
183	352
183	651
183	727
183	961
184	726
184	759
184	842
184	945
185	935
185	953
185	965
185	970
186	338
186	944
186	955
186	964
187	824
187	852
187	865
187	906
188	423
188	702
188	720
188	863
189	726
189	788
189	801
189	945
190	312
190	565
190	742
190	863
191	122
191	730
191	857
191	931
192	919
192	950
192	960
192	964
193	988
193	996
193	997
193	998
194	329
194	565
194	820
194	863
195	831
195	896
195	900
195	929
196	868
196	959
196	986
196	990
197	823
197	987
197	992
197	999
198	371
198	797
198	886
198	937
199	503
199	904
199	921
199	934
200	993
200	994
200	995
200	1000
201	590
201	872
201	922
201	951
202	669
202	884
202	922
202	951
203	977
203	980
203	985
203	991
204	830
204	855
204	866
204	954
205	264
205	842
205	945
205	960
206	977
206	980
206	985
206	991
207	219
207	400
207	490
207	719
208	806
208	867
208	936
208	939
209	590
209	888
209	941
209	948
210	984
210	988
210	996
210	997
211	817
211	924
211	946
211	954
212	462
212	867
212	870
212	876
213	443
213	761
213	925
213	961
214	905
214	994
214	995
214	1000
215	845
215	918
215	986
215	990
216	608
216	649
216	663
216	729
217	798
217	978
217	979
217	989
218	425
218	980
218	985
218	991
219	145
219	207
219	292
219	629
220	30
220	858
220	891
220	931
221	881
221	932
221	947
221	971
222	849
222	900
222	929
222	958
223	430
223	923
223	932
223	971
224	323
224	744
224	780
224	873
225	993
225	994
225	995
225	1000
226	459
226	980
226	985
226	991
227	944
227	950
227	955
227	960
228	646
228	742
228	820
228	863
229	177
229	308
229	712
229	909
230	418
230	782
230	904
230	921
231	977
231	980
231	985
231	991
232	673
232	869
232	896
232	900
232	929
233	93
233	702
233	742
233	820
233	885
234	695
234	892
234	927
234	965
234	970
235	710
235	763
235	936
235	939
235	940
236	626
236	732
236	933
236	956
236	971
237	878
237	881
237	904
237	911
237	934
238	395
238	988
238	996
238	997
238	998
239	715
239	791
239	859
239	959
239	968
240	15
240	159
240	494
240	901
240	952
241	843
241	983
241	993
241	995
241	1000
242	697
242	769
242	783
242	808
242	827
243	297
243	601
243	775
243	878
243	905
244	806
244	876
244	936
244	939
244	940
245	178
245	614
245	759
245	945
245	961
246	546
246	564
246	879
246	908
246	917
247	340
247	792
247	901
247	921
247	952
248	506
248	789
248	936
248	939
248	940
249	295
249	415
249	472
249	786
249	954
250	892
250	927
250	953
250	965
250	970
251	786
251	817
251	908
251	946
251	954
252	878
252	904
252	905
252	921
252	934
253	749
253	755
253	888
253	941
253	948
254	62
254	712
254	760
254	883
254	909
255	813
255	974
255	978
255	979
255	989
256	937
256	944
256	950
256	955
256	964
257	22
257	65
257	262
257	676
257	823
258	372
258	858
258	891
258	931
258	974
259	563
259	579
259	817
259	946
259	954
260	984
260	988
260	996
260	997
260	998
261	8
261	488
261	702
261	742
261	863
262	145
262	257
262	490
262	697
262	844
263	167
263	309
263	598
263	685
263	898
264	205
264	412
264	715
264	759
264	880
265	473
265	751
265	756
265	860
265	948
266	881
266	923
266	932
266	947
266	971
267	154
267	275
267	539
267	654
267	744
268	907
268	918
268	976
268	986
268	990
269	786
269	817
269	830
269	924
269	946
270	274
270	681
270	755
270	888
270	948
271	975
271	977
271	980
271	985
271	991
272	714
272	943
272	974
272	979
272	989
273	554
273	739
273	804
273	912
273	961
274	270
274	336
274	860
274	941
274	948
275	134
275	267
275	722
275	780
275	873
276	321
276	536
276	571
276	690
276	843
277	803
277	935
277	953
277	965
277	970
278	975
278	977
278	980
278	985
278	991
279	498
279	591
279	824
279	865
279	906
280	546
280	770
280	862
280	908
280	917
281	519
281	776
281	782
281	905
281	934
282	398
282	399
282	807
282	815
282	903
283	445
283	975
283	977
283	985
283	991
284	854
284	877
284	890
284	897
284	899
285	313
285	384
285	836
285	959
285	968
286	486
286	872
286	884
286	893
286	922
287	146
287	867
287	876
287	939
287	953
288	895
288	942
288	981
288	992
288	999
289	73
289	563
289	924
289	946
289	954
290	724
290	849
290	869
290	896
290	998
291	643
291	699
291	712
291	883
291	909
292	219
292	414
292	530
292	823
292	928
293	866
293	958
293	981
293	992
293	999
294	812
294	860
294	888
294	941
294	948
295	249
295	529
295	706
295	910
295	946
296	984
296	988
296	996
296	997
296	998
297	243
297	775
297	878
297	904
297	905
298	601
298	911
298	921
298	934
298	960
299	704
299	877
299	890
299	897
299	899
300	682
300	822
300	976
300	986
300	990
301	659
301	737
301	821
301	903
301	918
302	316
302	728
302	833
302	884
302	951
303	11
303	134
303	924
303	946
303	954
304	923
304	940
304	947
304	956
304	971
305	819
305	897
305	902
305	959
305	968
306	795
306	833
306	872
306	893
306	951
307	548
307	731
307	769
307	808
307	864
308	229
308	521
308	662
308	760
308	909
309	263
309	737
309	807
309	898
309	903
310	770
310	825
310	879
310	908
310	917
311	689
311	854
311	890
311	897
311	899
312	40
312	97
312	190
312	646
312	820
313	285
313	836
313	853
313	959
313	968
314	84
314	935
314	953
314	965
314	970
315	674
315	882
315	887
315	912
315	961
316	302
316	537
316	728
316	893
316	951
317	58
317	444
317	690
317	740
317	797
318	748
318	943
318	974
318	978
318	989
319	177
319	661
319	662
319	788
319	909
320	368
320	802
320	858
320	891
320	932
321	276
321	993
321	994
321	995
321	1000
322	730
322	857
322	858
322	891
322	931
323	224
323	539
323	545
323	780
323	873
324	983
324	993
324	994
324	995
324	1000
325	679
325	862
325	879
325	908
325	917
326	828
326	891
326	926
326	953
326	970
327	342
327	795
327	893
327	922
327	951
328	481
328	988
328	996
328	997
328	998
329	194
329	702
329	742
329	820
329	863
330	734
330	904
330	905
330	921
330	934
331	638
331	736
331	771
331	884
331	886
332	530
332	629
332	676
332	697
332	777
333	436
333	694
333	861
333	901
333	952
334	855
334	918
334	976
334	986
334	990
335	531
335	579
335	665
335	946
335	954
336	274
336	787
336	812
336	941
336	948
337	442
337	632
337	659
337	898
337	903
338	186
338	680
338	787
338	941
338	948
339	975
339	977
339	980
339	985
339	991
340	247
340	684
340	901
340	952
340	998
341	881
341	933
341	947
341	956
341	971
342	327
342	401
342	853
342	902
342	968
343	932
343	933
343	947
343	956
343	971
344	82
344	598
344	725
344	807
344	903
345	100
345	759
345	826
345	880
345	945
346	640
346	685
346	725
346	737
346	898
347	373
347	388
347	759
347	801
347	945
348	136
348	776
348	878
348	911
348	939
349	984
349	988
349	996
349	997
349	998
350	182
350	663
350	687
350	729
350	875
351	785
351	831
351	869
351	896
351	929
352	183
352	507
352	947
352	956
352	971
353	391
353	632
353	723
353	750
353	846
354	983
354	993
354	994
354	995
354	1000
355	728
355	884
355	893
355	922
355	951
356	688
356	824
356	852
356	865
356	906
357	749
357	751
357	888
357	941
357	948
358	542
358	860
358	902
358	959
358	968
359	760
359	983
359	993
359	994
359	1000
360	100
360	881
360	932
360	956
360	971
361	984
361	988
361	996
361	997
361	998
362	923
362	932
362	933
362	965
362	971
363	398
363	750
363	807
363	846
363	903
364	420
364	717
364	911
364	921
364	934
365	790
365	926
365	953
365	965
365	970
366	866
366	934
366	981
366	992
366	999
367	943
367	974
367	978
367	979
367	989
368	94
368	320
368	857
368	858
368	891
369	511
369	868
369	976
369	986
369	990
370	85
370	601
370	608
370	663
370	875
371	198
371	405
371	804
371	882
371	961
372	258
372	616
372	857
372	891
372	931
373	347
373	892
373	935
373	953
373	965
373	970
374	464
374	710
374	806
374	936
374	939
374	940
375	504
375	727
375	927
375	953
375	965
375	970
376	982
376	983
376	993
376	994
376	995
376	1000
377	928
377	984
377	988
377	996
377	997
377	998
378	743
378	752
378	783
378	808
378	827
378	864
379	717
379	782
379	878
379	905
379	926
379	934
380	678
380	871
380	974
380	978
380	979
380	989
381	630
381	699
381	739
381	745
381	887
381	961
382	490
382	578
382	664
382	777
382	823
382	844
383	982
383	983
383	993
383	994
383	995
383	1000
384	285
384	693
384	853
384	902
384	959
384	968
385	650
385	715
385	735
385	801
385	880
385	945
386	577
386	881
386	947
386	954
386	956
386	971
387	942
387	984
387	988
387	996
387	997
387	998
388	347
388	735
388	801
388	842
388	880
388	945
389	556
389	944
389	950
389	955
389	960
389	964
390	763
390	867
390	870
390	936
390	939
390	940
391	353
391	737
391	815
391	846
391	898
391	978
392	983
392	985
392	993
392	994
392	995
392	1000
393	783
393	984
393	988
393	996
393	997
393	998
394	640
394	725
394	815
394	821
394	898
394	903
395	238
395	592
395	593
395	733
395	883
395	909
396	635
396	798
396	974
396	978
396	979
396	989
397	952
397	983
397	993
397	994
397	995
397	1000
398	282
398	363
398	807
398	815
398	903
398	953
399	282
399	532
399	685
399	846
399	898
399	969
400	95
400	207
400	578
400	664
400	823
400	867
401	342
401	850
401	874
401	903
401	959
401	968
402	775
402	782
402	878
402	904
402	911
402	934
403	629
403	937
403	950
403	955
403	960
403	964
404	57
404	943
404	974
404	978
404	979
404	989
405	371
405	781
405	882
405	887
405	961
405	963
406	99
406	536
406	771
406	797
406	839
406	843
407	892
407	926
407	927
407	953
407	965
407	970
408	449
408	868
408	925
408	938
408	976
408	990
409	612
409	728
409	872
409	884
409	922
409	951
410	59
410	169
410	833
410	852
410	865
410	906
411	803
411	926
411	935
411	953
411	965
411	970
412	264
412	614
412	650
412	788
412	801
412	945
413	520
413	663
413	676
413	687
413	729
413	875
414	292
414	490
414	523
414	629
414	664
414	844
415	249
415	433
415	706
415	709
415	946
415	954
416	918
416	925
416	938
416	976
416	986
416	990
417	167
417	785
417	831
417	896
417	900
417	929
418	230
418	878
418	904
418	905
418	921
418	934
419	23
419	871
419	943
419	974
419	979
419	989
420	105
420	364
420	776
420	878
420	904
420	911
421	713
421	825
421	862
421	879
421	908
421	917
422	836
422	850
422	859
422	902
422	959
422	968
423	188
423	488
423	646
423	820
423	863
423	949
424	928
424	984
424	988
424	996
424	997
424	998
425	180
425	218
425	458
425	478
425	884
425	951
426	692
426	796
426	831
426	869
426	900
426	929
427	518
427	728
427	833
427	884
427	893
427	951
428	660
428	937
428	944
428	950
428	955
428	964
429	139
429	675
429	769
429	808
429	827
429	864
430	223
430	881
430	923
430	933
430	947
430	971
431	735
431	913
431	949
431	981
431	987
431	999
432	684
432	713
432	825
432	862
432	908
432	917
433	415
433	817
433	913
433	924
433	946
433	954
434	627
434	641
434	709
434	786
434	954
434	975
435	556
435	684
435	701
435	792
435	901
435	952
436	333
436	492
436	497
436	648
436	861
436	952
437	930
437	943
437	974
437	978
437	979
437	989
438	838
438	848
438	974
438	978
438	979
438	989
439	515
439	686
439	824
439	852
439	865
439	906
440	928
440	984
440	988
440	996
440	997
440	998
441	71
441	708
441	710
441	936
441	939
441	940
442	337
442	638
442	736
442	740
442	771
442	843
443	213
443	644
443	672
443	745
443	887
443	961
444	317
444	716
444	853
444	874
444	959
444	968
445	283
445	675
445	700
445	752
445	808
445	834
446	829
446	923
446	932
446	933
446	956
446	971
447	176
447	539
447	545
447	654
447	836
447	873
448	716
448	791
448	850
448	902
448	959
448	968
449	408
449	825
449	862
449	879
449	908
449	917
450	675
450	870
450	876
450	936
450	939
450	940
451	878
451	919
451	937
451	950
451	955
451	960
452	739
452	943
452	974
452	978
452	979
452	989
453	159
453	510
453	694
453	701
453	861
453	952
454	942
454	949
454	981
454	987
454	992
454	999
455	700
455	848
455	974
455	978
455	979
455	989
456	982
456	983
456	993
456	994
456	995
456	1000
457	118
457	958
457	963
457	981
457	987
457	999
458	425
458	478
458	560
458	617
458	922
458	951
459	226
459	866
459	981
459	987
459	992
459	999
460	5
460	91
460	942
460	958
460	987
460	999
461	751
461	758
461	787
461	888
461	941
461	948
462	212
462	564
462	806
462	870
462	936
462	940
463	928
463	984
463	988
463	996
463	997
463	998
464	374
464	816
464	867
464	936
464	939
464	940
465	606
465	686
465	824
465	852
465	865
465	906
466	13
466	67
466	539
466	744
466	873
466	927
467	571
467	736
467	771
467	843
467	875
467	886
468	668
468	706
468	709
468	924
468	946
468	954
469	611
469	793
469	881
469	947
469	956
469	971
470	686
470	796
470	814
470	896
470	900
470	929
471	636
471	798
471	974
471	978
471	979
471	989
472	249
472	627
472	786
472	830
472	924
472	954
473	265
473	871
473	943
473	978
473	979
473	989
474	984
474	988
474	993
474	996
474	997
474	998
475	599
475	796
475	831
475	849
475	869
475	896
476	785
476	983
476	993
476	994
476	995
476	1000
477	832
477	892
477	926
477	927
477	944
477	965
478	425
478	458
478	669
478	872
478	951
478	953
479	566
479	896
479	938
479	976
479	986
479	990
480	958
480	963
480	981
480	987
480	992
480	999
481	328
481	805
481	854
481	877
481	890
481	897
481	899
482	857
482	982
482	983
482	993
482	994
482	995
482	1000
483	10
483	590
483	756
483	860
483	888
483	941
483	948
484	515
484	595
484	760
484	859
484	874
484	959
484	968
485	896
485	926
485	927
485	935
485	953
485	965
485	970
486	92
486	286
486	617
486	669
486	833
486	872
486	953
487	62
487	521
487	641
487	662
487	699
487	883
487	909
488	40
488	147
488	261
488	423
488	565
488	820
488	863
489	848
489	871
489	943
489	974
489	978
489	979
489	989
490	207
490	262
490	382
490	414
490	523
490	676
490	823
491	76
491	758
491	831
491	869
491	886
491	896
491	929
492	436
492	928
492	984
492	988
492	996
492	997
492	998
493	784
493	805
493	854
493	877
493	890
493	897
493	899
494	240
494	648
494	694
494	768
494	792
494	861
494	952
495	501
495	802
495	857
495	858
495	891
495	931
495	963
496	616
496	730
496	802
496	857
496	858
496	931
496	938
497	102
497	436
497	556
497	584
497	768
497	901
497	952
498	279
498	500
498	824
498	852
498	865
498	906
498	991
499	819
499	850
499	853
499	859
499	874
499	959
499	968
500	7
500	498
500	686
500	688
500	824
500	852
500	906
501	495
501	616
501	802
501	857
501	891
501	931
501	933
502	663
502	666
502	668
502	687
502	762
502	841
502	875
503	121
503	199
503	776
503	878
503	905
503	911
503	921
504	375
504	828
504	926
504	953
504	965
504	970
504	990
505	946
505	982
505	983
505	993
505	994
505	995
505	1000
506	248
506	710
506	763
506	876
506	936
506	939
506	940
507	352
507	740
507	881
507	923
507	947
507	956
507	971
508	65
508	571
508	625
508	740
508	753
508	771
508	843
509	885
509	942
509	963
509	981
509	987
509	992
509	999
510	159
510	453
510	684
510	768
510	861
510	901
510	952
511	369
511	515
511	542
511	850
511	902
511	959
511	968
512	42
512	736
512	771
512	797
512	839
512	843
512	886
513	882
513	969
513	975
513	977
513	980
513	985
513	991
514	679
514	770
514	862
514	879
514	908
514	917
514	932
515	439
515	484
515	511
515	874
515	902
515	959
515	968
516	633
516	692
516	701
516	727
516	816
516	882
516	961
517	656
517	661
517	698
517	699
517	733
517	883
517	909
518	427
518	654
518	872
518	884
518	893
518	922
518	951
519	30
519	281
519	616
519	730
519	857
519	858
519	931
520	38
520	51
520	413
520	599
520	666
520	668
520	875
521	308
521	487
521	592
521	593
521	699
521	760
521	955
522	93
522	630
522	672
522	692
522	727
522	912
522	961
523	414
523	490
523	664
523	676
523	697
523	823
523	844
524	748
524	841
524	871
524	943
524	974
524	979
524	989
525	10
525	548
525	675
525	752
525	827
525	864
525	988
526	709
526	982
526	983
526	993
526	994
526	995
526	1000
527	108
527	759
527	788
527	842
527	880
527	945
527	952
528	647
528	732
528	837
528	923
528	947
528	956
528	971
529	295
529	588
529	706
529	817
529	924
529	946
529	954
530	46
530	292
530	332
530	667
530	697
530	777
530	844
531	335
531	885
531	895
531	981
531	987
531	992
531	999
532	399
532	571
532	725
532	807
532	821
532	846
532	903
533	642
533	892
533	926
533	927
533	935
533	965
533	970
534	631
534	763
534	867
534	876
534	936
534	940
534	943
535	784
535	854
535	877
535	890
535	897
535	899
535	929
536	276
536	406
536	637
536	696
536	771
536	843
536	886
537	316
537	795
537	829
537	872
537	893
537	922
537	951
538	866
538	958
538	963
538	981
538	987
538	992
538	999
539	267
539	323
539	447
539	466
539	646
539	780
539	873
540	937
540	944
540	950
540	955
540	960
540	964
540	971
541	15
541	701
541	792
541	861
541	901
541	952
541	994
542	358
542	511
542	791
542	859
542	875
542	959
542	968
543	38
543	51
543	599
543	728
543	729
543	762
543	875
544	23
544	680
544	787
544	812
544	941
544	948
544	987
545	120
545	323
545	447
545	654
545	722
545	780
545	873
546	246
546	280
546	679
546	747
546	879
546	908
546	917
547	553
547	806
547	862
547	870
547	876
547	936
547	939
548	307
548	525
548	731
548	743
548	827
548	864
548	957
549	669
549	795
549	833
549	848
549	884
549	935
549	951
550	124
550	782
550	873
550	904
550	911
550	921
550	934
551	797
551	926
551	927
551	935
551	953
551	965
551	970
552	830
552	913
552	942
552	958
552	981
552	987
552	999
553	547
553	708
553	806
553	867
553	870
553	936
553	939
553	940
554	273
554	573
554	781
554	804
554	816
554	882
554	887
554	961
555	640
555	659
555	750
555	807
555	821
555	846
555	898
555	903
556	165
556	389
556	435
556	497
556	584
556	701
556	901
556	952
557	813
557	838
557	871
557	943
557	974
557	978
557	979
557	989
558	51
558	599
558	649
558	666
558	683
558	687
558	762
558	993
559	893
559	973
559	982
559	983
559	993
559	994
559	995
559	1000
560	458
560	617
560	728
560	795
560	872
560	884
560	893
560	951
561	799
561	898
561	949
561	958
561	963
561	981
561	992
561	999
562	808
562	973
562	982
562	983
562	993
562	994
562	995
562	1000
563	259
563	289
563	631
563	665
563	706
563	924
563	946
563	954
564	246
564	462
564	747
564	825
564	862
564	879
564	908
564	917
565	190
565	194
565	488
565	646
565	702
565	800
565	820
565	863
566	479
566	855
566	918
566	938
566	976
566	986
566	990
566	997
567	670
567	673
567	796
567	814
567	896
567	900
567	929
567	988
568	772
568	928
568	930
568	984
568	988
568	996
568	997
568	998
569	793
569	881
569	923
569	933
569	947
569	956
569	971
569	983
570	614
570	726
570	735
570	801
570	826
570	880
570	945
570	994
571	42
571	276
571	467
571	508
571	532
571	638
571	736
571	753
572	922
572	928
572	930
572	984
572	988
572	996
572	997
572	998
573	155
573	554
573	672
573	781
573	804
573	816
573	912
573	961
574	966
574	969
574	975
574	977
574	980
574	985
574	991
574	996
575	633
575	919
575	937
575	944
575	950
575	955
575	960
575	964
576	12
576	120
576	154
576	654
576	661
576	722
576	744
576	873
577	386
577	604
577	923
577	932
577	933
577	956
577	959
577	971
578	22
578	80
578	382
578	400
578	608
578	667
578	697
578	844
579	259
579	335
579	665
579	709
579	786
579	901
579	924
579	954
580	726
580	919
580	937
580	944
580	950
580	955
580	960
580	964
581	818
581	868
581	889
581	925
581	938
581	982
581	986
581	990
582	136
582	641
582	709
582	786
582	830
582	924
582	946
582	954
583	681
583	756
583	812
583	860
583	868
583	888
583	941
583	948
584	172
584	497
584	556
584	694
584	792
584	861
584	901
584	952
585	870
585	928
585	930
585	984
585	988
585	996
585	997
585	998
586	773
586	848
586	943
586	967
586	974
586	978
586	979
586	989
587	751
587	755
587	756
587	812
587	860
587	888
587	941
587	948
588	529
588	818
588	855
588	918
588	938
588	976
588	986
588	990
589	784
589	805
589	846
589	854
589	877
589	890
589	897
589	899
590	201
590	209
590	483
590	749
590	756
590	860
590	941
590	948
591	279
591	692
591	739
591	745
591	804
591	882
591	887
591	961
592	53
592	114
592	395
592	521
592	610
592	698
592	760
592	909
593	18
593	395
593	521
593	661
593	698
593	712
593	733
593	883
594	895
594	949
594	963
594	981
594	983
594	987
594	992
594	999
595	484
595	791
595	853
595	859
595	874
595	924
595	959
595	968
596	666
596	747
596	770
596	825
596	862
596	879
596	908
596	917
597	832
597	864
597	892
597	926
597	927
597	935
597	953
597	970
598	263
598	344
598	632
598	737
598	815
598	894
598	898
598	903
599	475
599	520
599	543
599	558
599	649
599	668
599	687
599	875
600	809
600	889
600	925
600	929
600	938
600	976
600	986
600	990
601	243
601	298
601	370
601	734
601	775
601	905
601	921
601	934
602	973
602	982
602	983
602	993
602	994
602	995
602	999
602	1000
603	724
603	758
603	785
603	825
603	831
603	896
603	900
603	929
604	577
604	741
604	837
604	932
604	933
604	947
604	956
604	971
605	792
605	809
605	889
605	918
605	938
605	976
605	986
605	990
606	7
606	19
606	465
606	686
606	688
606	772
606	852
606	865
606	906
607	768
607	866
607	885
607	942
607	949
607	963
607	987
607	992
607	999
608	216
608	370
608	578
608	620
608	666
608	668
608	683
608	762
608	875
609	678
609	813
609	838
609	853
609	871
609	943
609	974
609	978
609	989
610	592
610	661
610	662
610	698
610	712
610	733
610	883
610	909
610	997
611	469
611	647
611	793
611	923
611	932
611	933
611	947
611	956
611	971
612	409
612	972
612	973
612	982
612	983
612	993
612	994
612	995
612	1000
613	657
613	913
613	942
613	949
613	958
613	987
613	992
613	995
613	999
614	36
614	151
614	245
614	412
614	570
614	651
614	735
614	842
614	945
615	58
615	625
615	637
615	690
615	736
615	751
615	771
615	843
615	886
616	142
616	372
616	496
616	501
616	519
616	857
616	891
616	931
616	975
617	56
617	458
617	486
617	560
617	691
617	728
617	884
617	922
617	951
618	139
618	619
618	731
618	743
618	769
618	783
618	827
618	864
618	949
619	618
619	700
619	743
619	752
619	769
619	808
619	827
619	864
619	950
620	85
620	608
620	649
620	666
620	668
620	683
620	729
620	874
620	875
621	895
621	913
621	933
621	949
621	958
621	963
621	981
621	992
621	999
622	962
622	966
622	969
622	975
622	977
622	980
622	985
622	991
622	996
623	798
623	808
623	838
623	848
623	943
623	974
623	978
623	979
623	989
624	783
624	799
624	895
624	949
624	963
624	981
624	987
624	992
624	999
625	34
625	508
625	615
625	736
625	740
625	753
625	797
625	839
625	957
626	236
626	793
626	915
626	923
626	932
626	933
626	947
626	956
626	971
627	434
627	472
627	641
627	817
627	830
627	924
627	946
627	954
627	991
628	791
628	836
628	850
628	853
628	859
628	874
628	902
628	959
628	968
629	22
629	162
629	219
629	332
629	403
629	414
629	664
629	777
629	823
630	381
630	522
630	678
630	761
630	781
630	816
630	887
630	912
630	961
631	534
631	563
631	644
631	867
631	870
631	876
631	936
631	939
631	940
632	337
632	353
632	598
632	640
632	725
632	744
632	750
632	821
632	898
633	74
633	516
633	575
633	651
633	738
633	804
633	882
633	912
633	961
634	704
634	784
634	805
634	854
634	877
634	890
634	897
634	899
634	902
635	396
635	734
635	775
635	776
635	782
635	878
635	911
635	921
635	934
636	471
636	962
636	966
636	969
636	975
636	977
636	980
636	985
636	991
637	42
637	536
637	615
637	638
637	740
637	753
637	839
637	843
637	886
638	58
638	331
638	442
638	571
638	637
638	753
638	839
638	886
638	951
639	772
639	850
639	928
639	930
639	984
639	988
639	996
639	997
639	998
640	346
640	394
640	555
640	632
640	750
640	770
640	815
640	821
640	898
641	49
641	434
641	487
641	582
641	627
641	709
641	817
641	924
641	954
642	533
642	724
642	758
642	796
642	831
642	869
642	896
642	900
642	929
643	291
643	660
643	707
643	809
643	889
643	938
643	976
643	986
643	990
644	443
644	631
644	763
644	867
644	870
644	876
644	936
644	939
644	940
645	173
645	972
645	973
645	982
645	983
645	993
645	994
645	995
645	1000
646	113
646	228
646	312
646	423
646	539
646	565
646	702
646	820
646	863
647	528
647	611
647	793
647	837
647	923
647	932
647	933
647	956
647	971
648	137
648	436
648	494
648	701
648	768
648	792
648	901
648	952
648	992
649	216
649	558
649	599
649	620
649	687
649	729
649	762
649	818
649	875
650	158
650	385
650	412
650	735
650	788
650	826
650	842
650	936
650	945
651	183
651	614
651	633
651	674
651	738
651	761
651	781
651	912
651	961
652	962
652	966
652	969
652	975
652	977
652	980
652	985
652	991
652	993
653	779
653	928
653	930
653	979
653	984
653	988
653	996
653	997
653	998
654	267
654	447
654	518
654	545
654	576
654	722
654	744
654	780
654	873
655	695
655	942
655	949
655	958
655	963
655	981
655	987
655	992
655	999
656	517
656	866
656	895
656	949
656	958
656	963
656	981
656	987
656	992
656	999
657	613
657	913
657	949
657	958
657	963
657	981
657	987
657	992
657	999
657	1000
658	714
658	779
658	928
658	930
658	933
658	984
658	988
658	996
658	997
658	998
659	82
659	301
659	337
659	555
659	685
659	725
659	752
659	846
659	898
659	903
660	428
660	643
660	845
660	889
660	918
660	925
660	938
660	976
660	986
660	990
661	2
661	319
661	517
661	576
661	593
661	610
661	662
661	760
661	883
661	909
662	24
662	33
662	308
662	319
662	487
662	610
662	661
662	760
662	766
662	883
663	85
663	182
663	216
663	350
663	370
663	413
663	502
663	683
663	837
663	875
664	382
664	400
664	414
664	523
664	629
664	667
664	676
664	697
664	716
664	844
665	335
665	563
665	579
665	706
665	786
665	817
665	861
665	924
665	946
665	954
666	38
666	182
666	502
666	520
666	558
666	596
666	608
666	620
666	762
666	875
667	80
667	95
667	140
667	530
667	578
667	664
667	725
667	777
667	823
667	844
668	468
668	502
668	520
668	599
668	608
668	620
668	683
668	729
668	762
668	875
669	202
669	478
669	486
669	549
669	691
669	833
669	893
669	922
669	951
669	967
670	6
670	109
670	567
670	785
670	796
670	831
670	849
670	869
670	900
670	929
671	903
671	957
671	962
671	966
671	969
671	975
671	977
671	980
671	985
671	991
672	443
672	522
672	573
672	674
672	761
672	882
672	887
672	912
672	915
672	961
673	6
673	232
673	567
673	722
673	785
673	796
673	814
673	831
673	849
673	900
674	315
674	651
674	672
674	738
674	739
674	777
674	816
674	882
674	912
674	961
675	429
675	445
675	450
675	525
675	700
675	731
675	769
675	783
675	827
675	864
676	65
676	95
676	257
676	332
676	413
676	490
676	523
676	664
676	777
676	844
677	683
677	851
677	907
677	919
677	937
677	944
677	950
677	955
677	960
677	964
678	380
678	609
678	630
678	773
678	813
678	943
678	974
678	978
678	979
678	989
679	325
679	514
679	546
679	747
679	825
679	862
679	879
679	908
679	914
679	917
680	8
680	78
680	338
680	544
680	755
680	787
680	860
680	888
680	941
680	948
681	270
681	583
681	749
681	755
681	787
681	812
681	881
681	888
681	941
681	948
682	300
682	868
682	887
682	889
682	918
682	925
682	938
682	976
682	986
682	990
683	558
683	608
683	620
683	663
683	668
683	677
683	687
683	729
683	762
683	875
684	340
684	432
684	435
684	510
684	694
684	768
684	792
684	861
684	901
684	952
685	263
685	346
685	399
685	659
685	807
685	815
685	819
685	821
685	846
685	898
686	59
686	439
686	465
686	470
686	500
686	606
686	824
686	852
686	865
686	906
687	350
687	413
687	502
687	558
687	599
687	649
687	683
687	762
687	875
687	899
688	18
688	35
688	356
688	500
688	606
688	824
688	852
688	865
688	902
688	906
689	311
689	967
689	972
689	973
689	982
689	983
689	993
689	994
689	995
689	1000
690	99
690	174
690	276
690	317
690	615
690	736
690	740
690	753
690	797
690	886
691	617
691	669
691	795
691	833
691	872
691	884
691	893
691	922
691	951
691	997
692	426
692	516
692	522
692	591
692	745
692	761
692	882
692	887
692	912
692	961
693	384
693	819
693	842
693	850
693	853
693	859
693	874
693	902
693	959
693	968
694	333
694	453
694	494
694	584
694	684
694	701
694	704
694	768
694	861
694	952
695	234
695	655
695	765
695	832
695	892
695	926
695	935
695	953
695	965
695	970
696	536
696	851
696	907
696	919
696	937
696	944
696	950
696	955
696	960
696	964
697	242
697	262
697	332
697	523
697	530
697	578
697	664
697	777
697	823
697	844
698	114
698	517
698	592
698	593
698	610
698	733
698	760
698	883
698	909
698	931
699	291
699	381
699	487
699	517
699	521
699	712
699	733
699	760
699	883
699	909
700	445
700	455
700	619
700	675
700	731
700	743
700	752
700	769
700	808
700	827
700	864
701	79
701	435
701	453
701	516
701	541
701	556
701	648
701	694
701	792
701	861
701	952
702	16
702	113
702	131
702	188
702	233
702	261
702	329
702	565
702	646
702	742
702	863
703	160
703	811
703	885
703	895
703	942
703	949
703	958
703	981
703	987
703	992
703	999
704	299
704	634
704	694
704	723
704	784
704	805
704	854
704	877
704	890
704	897
704	899
705	20
705	772
705	779
705	928
705	930
705	964
705	984
705	988
705	996
705	997
705	998
706	295
706	415
706	468
706	529
706	563
706	665
706	786
706	830
706	924
706	946
706	979
707	643
707	708
707	822
707	855
707	889
707	918
707	925
707	938
707	976
707	986
707	990
708	441
708	553
708	707
708	806
708	867
708	870
708	876
708	936
708	939
708	940
708	966
709	415
709	434
709	468
709	526
709	579
709	582
709	641
709	817
709	830
709	924
709	954
710	235
710	374
710	441
710	506
710	763
710	806
710	867
710	870
710	876
710	939
710	980
711	104
711	764
711	885
711	942
711	949
711	958
711	963
711	981
711	987
711	992
711	999
712	62
712	229
712	254
712	291
712	593
712	610
712	699
712	733
712	760
712	883
712	909
713	64
713	106
713	421
713	432
713	747
713	770
713	825
713	862
713	879
713	908
713	917
714	272
714	658
714	719
714	772
714	928
714	930
714	984
714	988
714	996
714	997
714	998
715	108
715	141
715	158
715	239
715	264
715	385
715	726
715	826
715	842
715	880
715	945
716	91
716	144
716	444
716	448
716	664
716	819
716	836
716	850
716	902
716	959
716	968
717	364
717	379
717	734
717	775
717	776
717	782
717	904
717	905
717	911
717	921
717	957
718	835
718	851
718	883
718	907
718	919
718	937
718	944
718	950
718	955
718	960
718	964
719	207
719	714
719	779
719	928
719	930
719	966
719	984
719	988
719	996
719	997
719	998
720	188
720	818
720	822
720	845
720	868
720	918
720	925
720	938
720	976
720	986
720	990
721	914
721	956
721	967
721	972
721	973
721	982
721	983
721	993
721	994
721	995
721	1000
722	13
722	120
722	143
722	275
722	545
722	576
722	654
722	673
722	744
722	780
722	873
723	353
723	704
723	784
723	805
723	854
723	877
723	890
723	897
723	899
724	290
724	603
724	642
724	747
724	758
724	796
724	814
724	849
724	869
724	896
724	929
725	344
725	346
725	394
725	532
725	632
725	659
725	667
725	815
725	846
725	898
725	903
726	184
726	189
726	570
726	580
726	715
726	759
726	801
726	826
726	842
726	880
726	945
727	183
727	375
727	516
727	522
727	738
727	739
727	761
727	816
727	887
727	912
727	961
728	302
728	316
728	355
728	409
728	427
728	543
728	560
728	617
728	872
728	922
728	951
729	216
729	350
729	413
729	543
729	620
729	649
729	668
729	683
729	762
729	875
729	952
730	30
730	45
730	149
730	191
730	322
730	496
730	519
730	802
730	857
730	891
730	931
730	936
731	307
731	548
731	618
731	675
731	700
731	743
731	769
731	783
731	808
731	827
731	864
731	973
732	236
732	528
732	754
732	837
732	881
732	923
732	932
732	933
732	947
732	955
732	956
732	971
733	33
733	114
733	177
733	395
733	517
733	593
733	610
733	698
733	699
733	712
733	888
733	909
734	330
734	601
734	635
734	717
734	776
734	878
734	904
734	905
734	911
734	921
734	934
734	987
735	141
735	150
735	385
735	388
735	431
735	570
735	614
735	650
735	826
735	880
735	945
735	991
736	331
736	442
736	467
736	512
736	571
736	615
736	625
736	690
736	743
736	753
736	839
736	886
737	54
737	301
737	309
737	346
737	391
737	598
737	815
737	821
737	846
737	898
737	903
737	968
738	633
738	651
738	674
738	727
738	745
738	761
738	804
738	817
738	882
738	887
738	912
738	961
739	273
739	381
739	452
739	591
739	674
739	727
739	781
739	804
739	882
739	887
739	912
739	961
740	317
740	442
740	507
740	508
740	625
740	637
740	690
740	797
740	839
740	843
740	886
740	916
741	604
741	789
741	835
741	851
741	907
741	919
741	937
741	944
741	950
741	955
741	960
741	964
742	40
742	85
742	97
742	131
742	190
742	228
742	233
742	261
742	329
742	702
742	820
742	863
743	10
743	378
743	548
743	618
743	619
743	700
743	731
743	736
743	752
743	783
743	808
743	864
744	12
744	67
744	143
744	176
744	224
744	267
744	466
744	576
744	632
744	654
744	722
744	780
745	381
745	443
745	591
745	692
745	738
745	781
745	816
745	882
745	887
745	912
745	913
745	961
746	60
746	835
746	851
746	893
746	907
746	919
746	937
746	944
746	950
746	955
746	960
746	964
747	106
747	546
747	564
747	596
747	679
747	713
747	724
747	770
747	862
747	879
747	908
747	917
748	31
748	318
748	524
748	798
748	838
748	840
748	848
748	871
748	943
748	974
748	979
748	989
749	90
749	253
749	357
749	590
749	681
749	751
749	755
749	787
749	860
749	888
749	941
749	948
750	82
750	353
750	363
750	555
750	632
750	640
750	807
750	815
750	821
750	898
750	903
750	987
751	265
751	357
751	461
751	587
751	615
751	749
751	755
751	756
751	812
751	860
751	888
751	941
752	139
752	378
752	445
752	525
752	619
752	659
752	700
752	743
752	783
752	808
752	827
752	864
753	508
753	571
753	625
753	637
753	638
753	690
753	736
753	771
753	797
753	839
753	865
753	886
754	732
754	776
754	793
754	837
754	881
754	922
754	923
754	932
754	933
754	947
754	956
754	971
755	253
755	270
755	587
755	680
755	681
755	749
755	751
755	860
755	888
755	941
755	948
755	961
756	265
756	483
756	583
756	587
756	590
756	751
756	787
756	801
756	812
756	860
756	941
756	948
757	916
757	920
757	957
757	962
757	966
757	969
757	971
757	975
757	977
757	980
757	985
757	991
758	6
758	52
758	461
758	491
758	603
758	642
758	724
758	796
758	814
758	849
758	869
758	896
758	900
759	184
759	245
759	264
759	345
759	347
759	527
759	726
759	788
759	826
759	842
759	880
759	945
759	976
760	254
760	308
760	359
760	484
760	521
760	592
760	661
760	662
760	698
760	699
760	712
760	883
760	909
761	155
761	213
761	630
761	651
761	672
761	692
761	727
761	738
761	773
761	816
761	882
761	912
761	961
762	502
762	543
762	558
762	608
762	649
762	666
762	668
762	683
762	687
762	729
762	875
762	879
762	974
763	87
763	160
763	235
763	390
763	506
763	534
763	644
763	710
763	876
763	936
763	939
763	940
763	970
764	711
764	811
764	885
764	895
764	906
764	913
764	942
764	958
764	963
764	981
764	987
764	992
764	999
765	695
765	790
765	800
765	816
765	828
765	832
765	892
765	926
765	927
765	935
765	953
765	965
765	970
766	662
766	915
766	916
766	920
766	957
766	962
766	966
766	969
766	975
766	977
766	980
766	985
766	991
767	97
767	182
767	916
767	920
767	957
767	962
767	966
767	969
767	975
767	977
767	980
767	985
767	991
768	166
768	494
768	497
768	510
768	607
768	648
768	684
768	694
768	792
768	859
768	861
768	901
768	952
769	242
769	307
769	429
769	618
769	619
769	675
769	700
769	731
769	783
769	808
769	827
769	864
769	872
770	280
770	310
770	514
770	596
770	640
770	713
770	747
770	825
770	833
770	862
770	879
770	908
770	917
771	41
771	331
771	406
771	442
771	467
771	508
771	512
771	536
771	615
771	753
771	797
771	886
771	928
772	568
772	606
772	639
772	705
772	714
772	779
772	928
772	930
772	984
772	988
772	996
772	997
772	998
773	586
773	678
773	761
773	798
773	813
773	838
773	848
773	871
773	943
773	974
773	978
773	979
773	989
774	906
774	915
774	916
774	920
774	957
774	962
774	966
774	969
774	975
774	977
774	980
774	985
774	991
775	110
775	243
775	297
775	402
775	601
775	635
775	717
775	854
775	878
775	904
775	905
775	911
775	921
776	281
776	348
776	420
776	503
776	635
776	717
776	734
776	754
776	905
776	911
776	921
776	934
776	984
777	46
777	80
777	162
777	332
777	382
777	530
777	629
777	667
777	674
777	676
777	697
777	785
777	844
778	789
778	835
778	851
778	907
778	914
778	919
778	937
778	944
778	950
778	955
778	960
778	964
779	653
779	658
779	705
779	719
779	772
779	879
779	928
779	930
779	984
779	988
779	996
779	997
779	998
780	12
780	143
780	154
780	224
780	275
780	323
780	539
780	545
780	654
780	722
780	744
780	873
780	998
781	405
781	554
781	573
781	630
781	651
781	739
781	745
781	804
781	816
781	882
781	912
781	961
781	962
782	136
782	230
782	281
782	379
782	402
782	550
782	635
782	717
782	905
782	911
782	921
782	934
782	977
783	242
783	378
783	393
783	618
783	624
783	675
783	731
783	743
783	752
783	769
783	808
783	827
783	864
784	493
784	535
784	589
784	634
784	704
784	723
784	805
784	854
784	877
784	890
784	897
784	899
784	939
785	351
785	417
785	476
785	603
785	670
785	673
785	777
785	814
785	849
785	869
785	896
785	900
785	929
786	249
786	251
786	269
786	434
786	472
786	579
786	582
786	665
786	706
786	830
786	924
786	946
786	993
787	336
787	338
787	461
787	544
787	680
787	681
787	749
787	756
787	788
787	812
787	860
787	888
787	941
787	948
788	108
788	178
788	189
788	319
788	412
788	527
788	650
788	759
788	787
788	801
788	826
788	842
788	880
788	945
789	248
789	741
789	778
789	835
789	851
789	907
789	919
789	937
789	944
789	950
789	955
789	960
789	964
789	986
790	365
790	765
790	800
790	803
790	828
790	832
790	892
790	905
790	926
790	927
790	935
790	953
790	965
790	970
791	9
791	239
791	448
791	542
791	595
791	628
791	836
791	850
791	853
791	874
791	902
791	958
791	959
791	968
792	79
792	247
792	435
792	494
792	541
792	584
792	605
792	648
792	684
792	701
792	768
792	901
792	906
792	952
793	469
793	569
793	611
793	626
793	647
793	754
793	809
793	837
793	923
793	932
793	933
793	947
793	956
793	971
794	866
794	885
794	895
794	907
794	913
794	942
794	949
794	958
794	963
794	972
794	981
794	987
794	992
794	999
795	5
795	92
795	138
795	306
795	327
795	537
795	549
795	560
795	691
795	833
795	872
795	884
795	922
795	951
796	426
796	470
796	475
796	567
796	642
796	670
796	673
796	724
796	758
796	849
796	896
796	900
796	907
796	982
797	34
797	198
797	317
797	406
797	512
797	551
797	625
797	690
797	740
797	753
797	771
797	839
797	843
797	886
798	217
798	396
798	471
798	623
798	748
798	773
798	848
798	871
798	936
798	943
798	974
798	978
798	979
798	989
799	561
799	624
799	811
799	885
799	895
799	904
799	942
799	949
799	958
799	963
799	981
799	987
799	992
799	999
800	565
800	765
800	790
800	803
800	828
800	832
800	892
800	908
800	926
800	927
800	935
800	953
800	965
800	970
801	112
801	151
801	178
801	189
801	347
801	385
801	388
801	412
801	570
801	726
801	756
801	788
801	826
801	945
802	44
802	94
802	149
802	320
802	495
802	496
802	501
802	730
802	814
802	856
802	857
802	858
802	891
802	931
803	15
803	277
803	411
803	790
803	800
803	828
803	832
803	892
803	899
803	926
803	927
803	953
803	965
803	970
804	273
804	371
804	554
804	573
804	591
804	633
804	738
804	739
804	781
804	887
804	912
804	942
804	961
804	987
805	481
805	493
805	589
805	634
805	704
805	723
805	784
805	806
805	838
805	854
805	877
805	890
805	897
805	899
806	146
806	208
806	244
806	374
806	462
806	547
806	553
806	708
806	710
806	805
806	867
806	876
806	936
806	939
806	940
807	54
807	282
807	309
807	344
807	363
807	398
807	532
807	555
807	685
807	750
807	821
807	846
807	876
807	898
807	903
808	242
808	307
808	378
808	429
808	445
808	562
808	619
808	623
808	700
808	731
808	743
808	752
808	769
808	783
808	864
809	600
809	605
809	643
809	793
809	818
809	822
809	845
809	855
809	889
809	918
809	925
809	938
809	976
809	986
809	990
810	829
810	840
810	856
810	910
810	914
810	935
810	967
810	972
810	973
810	982
810	983
810	993
810	994
810	995
810	1000
811	703
811	764
811	799
811	885
811	895
811	913
811	921
811	942
811	949
811	958
811	963
811	981
811	987
811	992
811	999
812	56
812	294
812	336
812	544
812	583
812	587
812	681
812	751
812	756
812	787
812	860
812	888
812	892
812	941
812	948
813	255
813	557
813	609
813	678
813	773
813	838
813	848
813	856
813	871
813	943
813	974
813	978
813	979
813	989
813	995
814	167
814	470
814	567
814	673
814	724
814	758
814	785
814	802
814	831
814	849
814	869
814	896
814	900
814	929
814	935
815	282
815	391
815	394
815	398
815	598
815	640
815	685
815	725
815	737
815	750
815	837
815	846
815	898
815	903
815	934
816	464
816	516
816	554
816	573
816	630
816	674
816	727
816	745
816	761
816	765
816	781
816	882
816	887
816	912
816	961
817	211
817	251
817	259
817	269
817	433
817	529
817	627
817	641
817	665
817	709
817	738
817	830
817	924
817	946
817	954
818	581
818	588
818	649
818	720
818	809
818	845
818	855
818	868
818	889
818	918
818	925
818	938
818	976
818	986
818	990
819	144
819	305
819	499
819	685
819	693
819	716
819	836
819	850
819	853
819	859
819	874
819	902
819	911
819	959
819	968
820	93
820	102
820	131
820	194
820	228
820	233
820	312
820	329
820	423
820	488
820	565
820	646
820	742
820	863
820	969
821	54
821	301
821	394
821	532
821	555
821	632
821	640
821	685
821	737
821	750
821	807
821	846
821	882
821	898
821	903
822	127
822	300
822	707
822	720
822	809
822	845
822	855
822	868
822	918
822	925
822	937
822	938
822	976
822	986
822	990
823	22
823	140
823	145
823	197
823	257
823	292
823	382
823	400
823	490
823	523
823	629
823	667
823	697
823	844
823	984
824	7
824	18
824	187
824	279
824	356
824	439
824	465
824	498
824	500
824	686
824	688
824	852
824	865
824	870
824	906
824	969
825	135
825	164
825	310
825	421
825	432
825	449
825	564
825	596
825	603
825	679
825	713
825	770
825	862
825	879
825	908
825	917
826	150
826	151
826	345
826	570
826	650
826	715
826	726
826	735
826	759
826	788
826	801
826	842
826	849
826	880
826	945
826	948
827	10
827	41
827	242
827	378
827	429
827	525
827	548
827	618
827	619
827	675
827	700
827	731
827	752
827	769
827	783
827	864
828	165
828	326
828	504
828	765
828	790
828	800
828	803
828	832
828	878
828	892
828	926
828	927
828	935
828	953
828	965
828	970
829	446
829	537
829	810
829	840
829	856
829	910
829	914
829	967
829	972
829	973
829	982
829	983
829	993
829	994
829	995
829	1000
830	49
830	70
830	204
830	269
830	472
830	552
830	582
830	627
830	706
830	709
830	786
830	817
830	924
830	946
830	954
830	964
831	29
831	195
831	351
831	417
831	426
831	475
831	491
831	603
831	642
831	670
831	673
831	814
831	849
831	869
831	900
831	929
832	477
832	597
832	695
832	765
832	790
832	800
832	803
832	828
832	892
832	926
832	927
832	935
832	953
832	965
832	970
832	973
833	173
833	302
833	306
833	410
833	427
833	486
833	549
833	669
833	691
833	770
833	795
833	872
833	884
833	893
833	922
833	951
834	445
834	847
834	848
834	894
834	915
834	916
834	920
834	957
834	962
834	966
834	969
834	975
834	977
834	980
834	985
834	991
835	718
835	741
835	746
835	778
835	789
835	851
835	860
835	907
835	919
835	937
835	944
835	950
835	955
835	960
835	964
835	976
836	91
836	285
836	313
836	422
836	447
836	628
836	716
836	791
836	819
836	850
836	853
836	859
836	861
836	902
836	959
836	968
837	29
837	528
837	604
837	647
837	663
837	732
837	754
837	793
837	815
837	881
837	923
837	932
837	933
837	947
837	956
837	971
838	157
838	438
838	557
838	609
838	623
838	748
838	773
838	805
838	813
838	871
838	925
838	943
838	974
838	978
838	979
838	989
839	41
839	58
839	99
839	406
839	512
839	625
839	637
839	638
839	736
839	740
839	753
839	797
839	843
839	886
839	939
839	992
840	748
840	810
840	829
840	856
840	895
840	910
840	914
840	967
840	972
840	973
840	982
840	983
840	993
840	994
840	995
840	1000
841	502
841	524
841	847
841	894
841	915
841	916
841	920
841	957
841	962
841	966
841	969
841	975
841	977
841	980
841	985
841	991
842	36
842	112
842	151
842	184
842	205
842	388
842	527
842	614
842	650
842	693
842	715
842	726
842	759
842	788
842	826
842	880
842	945
843	34
843	41
843	241
843	276
843	406
843	442
843	467
843	508
843	512
843	536
843	615
843	637
843	740
843	797
843	839
843	846
843	886
844	65
844	80
844	140
844	162
844	262
844	382
844	414
844	523
844	530
844	578
844	664
844	667
844	676
844	697
844	777
844	823
844	845
845	168
845	215
845	660
845	720
845	809
845	818
845	822
845	844
845	855
845	868
845	889
845	918
845	925
845	938
845	976
845	986
845	990
846	353
846	363
846	391
846	399
846	532
846	555
846	589
846	659
846	685
846	725
846	737
846	807
846	815
846	821
846	843
846	898
846	903
847	834
847	841
847	894
847	915
847	916
847	920
847	957
847	962
847	966
847	969
847	975
847	977
847	980
847	981
847	985
847	991
848	438
848	455
848	489
848	549
848	586
848	623
848	748
848	773
848	798
848	813
848	834
848	871
848	943
848	974
848	978
848	979
848	989
849	222
849	290
849	475
849	670
849	673
849	724
849	758
849	785
849	796
849	814
849	826
849	831
849	862
849	869
849	896
849	900
849	929
850	401
850	422
850	448
850	499
850	511
850	628
850	639
850	693
850	716
850	791
850	819
850	836
850	853
850	859
850	874
850	902
850	968
851	677
851	696
851	718
851	741
851	746
851	778
851	789
851	835
851	894
851	907
851	919
851	937
851	944
851	950
851	955
851	960
851	964
852	19
852	107
852	169
852	187
852	356
852	410
852	439
852	465
852	498
852	500
852	606
852	686
852	688
852	824
852	865
852	906
852	926
852	995
853	313
853	342
853	384
853	444
853	499
853	595
853	609
853	628
853	693
853	791
853	819
853	836
853	850
853	859
853	874
853	901
853	902
853	968
854	2
854	168
854	284
854	311
854	481
854	493
854	535
854	589
854	634
854	704
854	723
854	775
854	784
854	805
854	877
854	890
854	897
854	899
855	204
855	334
855	566
855	588
855	707
855	809
855	818
855	822
855	845
855	868
855	889
855	913
855	918
855	925
855	938
855	976
855	986
855	990
856	802
856	810
856	813
856	829
856	840
856	910
856	914
856	967
856	972
856	973
856	982
856	983
856	993
856	994
856	995
856	1000
857	45
857	60
857	191
857	322
857	368
857	372
857	482
857	495
857	496
857	501
857	519
857	616
857	730
857	802
857	858
857	891
857	910
857	931
858	45
858	129
858	142
858	149
858	156
858	220
858	258
858	320
858	322
858	368
858	495
858	496
858	519
858	802
858	857
858	891
858	929
858	931
859	163
859	239
859	422
859	484
859	499
859	542
859	595
859	628
859	693
859	768
859	819
859	836
859	850
859	853
859	874
859	902
859	959
859	968
860	265
860	274
860	294
860	358
860	483
860	583
860	587
860	590
860	680
860	749
860	751
860	755
860	756
860	787
860	812
860	835
860	888
860	941
860	948
861	15
861	137
861	166
861	172
861	333
861	436
861	453
861	494
861	510
861	541
861	584
861	665
861	684
861	694
861	701
861	768
861	836
861	901
861	952
862	135
862	280
862	325
862	421
862	432
862	449
862	514
862	547
862	564
862	596
862	679
862	713
862	747
862	770
862	825
862	849
862	879
862	908
862	917
863	93
863	97
863	113
863	147
863	188
863	190
863	194
863	228
863	261
863	329
863	423
863	488
863	565
863	646
863	702
863	742
863	820
863	889
863	941
864	139
864	307
864	378
864	429
864	525
864	548
864	597
864	618
864	619
864	675
864	700
864	731
864	743
864	752
864	769
864	783
864	808
864	827
864	980
865	19
865	35
865	107
865	169
865	187
865	279
865	356
865	410
865	439
865	465
865	498
865	606
865	686
865	688
865	753
865	824
865	852
865	906
865	923
866	204
866	293
866	366
866	459
866	538
866	607
866	656
866	794
866	885
866	913
866	942
866	949
866	958
866	963
866	981
866	987
866	992
866	994
866	999
867	208
867	212
867	287
867	390
867	400
867	464
867	534
867	553
867	631
867	644
867	708
867	710
867	806
867	870
867	876
867	936
867	939
867	940
867	966
868	196
868	369
868	408
868	581
868	583
868	682
868	720
868	818
868	822
868	845
868	855
868	889
868	890
868	918
868	925
868	938
868	976
868	986
868	990
869	66
869	76
869	232
869	290
869	351
869	426
869	475
869	491
869	642
869	670
869	724
869	758
869	785
869	814
869	831
869	849
869	900
869	929
869	989
870	87
870	132
870	212
870	390
870	450
870	462
870	547
870	553
870	585
870	631
870	644
870	708
870	710
870	824
870	867
870	876
870	936
870	939
870	940
871	4
871	380
871	419
871	473
871	489
871	524
871	557
871	609
871	748
871	773
871	798
871	813
871	838
871	848
871	943
871	974
871	978
871	979
871	989
871	998
872	138
872	201
872	286
872	306
872	409
872	478
872	486
872	518
872	537
872	560
872	691
872	728
872	769
872	795
872	833
872	884
872	893
872	922
872	940
872	951
873	13
873	67
873	98
873	120
873	143
873	154
873	176
873	224
873	275
873	323
873	447
873	466
873	539
873	545
873	550
873	576
873	654
873	722
873	780
873	970
874	9
874	71
874	401
874	444
874	484
874	499
874	515
874	595
874	620
874	628
874	693
874	791
874	819
874	850
874	853
874	859
874	884
874	902
874	959
874	968
875	38
875	350
875	370
875	413
875	467
875	502
875	520
875	542
875	543
875	599
875	608
875	620
875	649
875	663
875	666
875	668
875	683
875	687
875	729
875	762
876	212
876	244
876	287
876	450
876	506
876	534
876	547
876	631
876	644
876	708
876	710
876	763
876	806
876	807
876	867
876	870
876	936
876	939
876	940
876	989
877	61
877	89
877	168
877	284
877	299
877	481
877	493
877	535
877	589
877	634
877	704
877	723
877	784
877	805
877	854
877	890
877	897
877	899
877	943
877	992
878	110
878	237
878	243
878	252
878	297
878	348
878	379
878	402
878	418
878	420
878	451
878	503
878	635
878	734
878	775
878	828
878	904
878	905
878	911
878	934
879	106
879	246
879	310
879	325
879	421
879	449
879	514
879	546
879	564
879	596
879	679
879	713
879	747
879	762
879	770
879	779
879	825
879	862
879	908
879	917
880	36
880	83
880	100
880	112
880	141
880	264
880	345
880	385
880	388
880	527
880	570
880	715
880	726
880	735
880	759
880	788
880	826
880	842
880	945
880	994
881	221
881	237
881	266
881	341
881	360
881	386
881	430
881	469
881	507
881	569
881	681
881	732
881	754
881	837
881	923
881	932
881	933
881	947
881	956
881	971
882	74
882	315
882	371
882	405
882	513
882	516
882	554
882	591
882	633
882	672
882	674
882	692
882	738
882	739
882	745
882	761
882	781
882	816
882	821
882	887
882	912
883	2
883	24
883	33
883	114
883	177
883	254
883	291
883	395
883	487
883	517
883	593
883	610
883	661
883	662
883	698
883	699
883	712
883	718
883	760
883	909
883	940
884	202
884	286
884	302
884	331
884	355
884	409
884	425
884	427
884	518
884	549
884	560
884	617
884	691
884	795
884	833
884	872
884	874
884	893
884	922
884	951
884	990
885	156
885	233
885	509
885	531
885	607
885	703
885	711
885	764
885	794
885	799
885	811
885	866
885	895
885	913
885	942
885	949
885	963
885	981
885	987
885	992
885	999
886	34
886	42
886	63
886	198
886	331
886	467
886	491
886	512
886	536
886	615
886	637
886	638
886	690
886	736
886	740
886	753
886	771
886	797
886	839
886	843
886	941
887	50
887	155
887	315
887	381
887	405
887	443
887	554
887	591
887	630
887	672
887	682
887	692
887	727
887	738
887	739
887	745
887	804
887	816
887	882
887	912
887	961
887	995
888	23
888	209
888	253
888	270
888	294
888	357
888	461
888	483
888	583
888	587
888	680
888	681
888	733
888	749
888	751
888	755
888	787
888	812
888	860
888	941
888	948
888	971
889	88
889	581
889	600
889	605
889	643
889	660
889	682
889	707
889	809
889	818
889	845
889	855
889	863
889	868
889	918
889	924
889	925
889	938
889	976
889	986
889	990
889	997
890	55
890	61
890	89
890	118
890	284
890	299
890	311
890	481
890	493
890	535
890	589
890	634
890	704
890	723
890	784
890	805
890	854
890	868
890	877
890	897
890	899
890	970
891	44
891	60
891	94
891	129
891	142
891	156
891	220
891	258
891	320
891	322
891	326
891	368
891	372
891	495
891	501
891	616
891	730
891	802
891	857
891	858
891	931
891	997
892	55
892	234
892	250
892	373
892	407
892	477
892	533
892	597
892	695
892	765
892	790
892	800
892	803
892	812
892	828
892	832
892	926
892	927
892	935
892	953
892	965
892	970
893	138
893	173
893	180
893	286
893	306
893	316
893	327
893	355
893	427
893	518
893	537
893	559
893	560
893	669
893	691
893	746
893	833
893	872
893	884
893	922
893	951
893	979
894	598
894	834
894	841
894	847
894	851
894	915
894	916
894	920
894	957
894	962
894	966
894	969
894	975
894	977
894	980
894	985
894	991
895	288
895	531
895	594
895	621
895	624
895	656
895	703
895	764
895	794
895	799
895	811
895	840
895	885
895	913
895	942
895	949
895	958
895	963
895	981
895	984
895	987
895	999
896	115
896	195
896	232
896	290
896	351
896	417
896	470
896	475
896	479
896	485
896	491
896	567
896	603
896	642
896	724
896	758
896	785
896	796
896	814
896	849
896	900
896	929
897	55
897	61
897	89
897	118
897	168
897	284
897	299
897	305
897	311
897	481
897	493
897	535
897	589
897	634
897	704
897	723
897	784
897	805
897	854
897	877
897	890
897	899
897	967
898	54
898	263
898	309
898	337
898	346
898	391
898	394
898	399
898	555
898	561
898	598
898	632
898	640
898	659
898	685
898	725
898	737
898	750
898	807
898	815
898	821
898	846
898	930
899	55
899	61
899	89
899	118
899	284
899	299
899	311
899	481
899	493
899	535
899	589
899	634
899	687
899	704
899	723
899	784
899	803
899	805
899	854
899	877
899	890
899	897
899	962
900	99
900	115
900	195
900	222
900	232
900	417
900	426
900	470
900	567
900	603
900	642
900	670
900	673
900	758
900	785
900	796
900	814
900	831
900	849
900	869
900	896
900	929
900	1000
901	102
901	137
901	165
901	166
901	172
901	240
901	247
901	333
901	340
901	435
901	497
901	510
901	541
901	556
901	579
901	584
901	648
901	684
901	768
901	792
901	853
901	861
901	952
902	109
902	305
902	342
902	358
902	384
902	422
902	448
902	511
902	515
902	628
902	634
902	688
902	693
902	716
902	791
902	819
902	836
902	850
902	853
902	859
902	874
902	959
902	968
903	67
903	82
903	282
903	301
903	309
903	337
903	344
903	363
903	394
903	398
903	401
903	532
903	555
903	598
903	659
903	671
903	725
903	737
903	750
903	807
903	815
903	821
903	846
904	90
904	121
904	124
904	199
904	230
904	237
904	252
904	297
904	330
904	402
904	418
904	420
904	550
904	717
904	734
904	775
904	799
904	878
904	905
904	911
904	920
904	921
904	934
905	90
905	105
905	214
905	243
905	252
905	281
905	297
905	330
905	379
905	418
905	503
905	601
905	717
905	734
905	775
905	776
905	782
905	790
905	878
905	904
905	911
905	921
905	934
906	7
906	18
906	19
906	35
906	59
906	107
906	169
906	187
906	279
906	356
906	410
906	439
906	465
906	498
906	500
906	606
906	686
906	688
906	764
906	774
906	792
906	824
906	852
906	865
907	268
907	677
907	696
907	718
907	741
907	746
907	778
907	789
907	794
907	796
907	835
907	851
907	919
907	937
907	944
907	950
907	955
907	960
907	964
908	8
908	135
908	164
908	246
908	251
908	280
908	310
908	325
908	421
908	432
908	449
908	514
908	546
908	564
908	596
908	679
908	713
908	747
908	770
908	800
908	825
908	862
908	879
908	917
909	2
909	24
909	33
909	62
909	229
909	254
909	291
909	308
909	319
909	395
909	487
909	517
909	592
909	610
909	661
909	698
909	699
909	712
909	733
909	760
909	883
909	945
909	948
909	959
910	295
910	810
910	829
910	840
910	856
910	857
910	914
910	967
910	972
910	973
910	982
910	983
910	993
910	994
910	995
910	1000
911	21
911	105
911	121
911	124
911	237
911	298
911	348
911	364
911	402
911	420
911	503
911	550
911	635
911	717
911	734
911	775
911	776
911	782
911	819
911	878
911	904
911	905
911	921
911	934
912	74
912	123
912	273
912	315
912	522
912	573
912	630
912	633
912	651
912	672
912	674
912	692
912	727
912	738
912	739
912	745
912	761
912	781
912	804
912	816
912	882
912	887
912	951
912	961
913	5
913	96
913	153
913	431
913	433
913	552
913	613
913	621
913	657
913	745
913	764
913	794
913	811
913	855
913	866
913	885
913	895
913	942
913	949
913	958
913	963
913	981
913	987
913	992
913	999
914	679
914	721
914	778
914	810
914	829
914	840
914	856
914	910
914	967
914	972
914	973
914	982
914	983
914	993
914	994
914	995
914	1000
915	626
915	672
915	766
915	774
915	834
915	841
915	847
915	894
915	916
915	920
915	947
915	957
915	962
915	966
915	969
915	975
915	977
915	980
915	985
915	991
916	740
916	757
916	766
916	767
916	774
916	834
916	841
916	847
916	894
916	915
916	918
916	920
916	957
916	962
916	966
916	969
916	975
916	977
916	980
916	985
916	991
916	1000
917	8
917	106
917	135
917	164
917	246
917	280
917	310
917	325
917	421
917	432
917	449
917	514
917	546
917	564
917	596
917	679
917	713
917	747
917	770
917	825
917	862
917	879
917	908
917	980
917	985
918	215
918	268
918	301
918	334
918	416
918	566
918	588
918	605
918	660
918	682
918	707
918	720
918	809
918	818
918	822
918	845
918	855
918	868
918	889
918	916
918	925
918	938
918	976
918	986
918	990
919	104
919	117
919	164
919	192
919	451
919	575
919	580
919	677
919	696
919	718
919	741
919	746
919	778
919	789
919	835
919	851
919	907
919	937
919	944
919	950
919	955
919	960
919	964
919	989
920	757
920	766
920	767
920	774
920	834
920	841
920	847
920	894
920	904
920	915
920	916
920	957
920	962
920	963
920	966
920	969
920	975
920	977
920	980
920	985
920	991
921	105
921	110
921	136
921	199
921	230
921	247
921	252
921	298
921	330
921	364
921	418
921	503
921	550
921	601
921	635
921	717
921	734
921	775
921	776
921	782
921	811
921	904
921	905
921	911
921	934
922	92
922	138
922	180
922	201
922	202
922	286
922	327
922	355
922	409
922	458
922	518
922	537
922	572
922	617
922	669
922	691
922	728
922	754
922	795
922	833
922	872
922	884
922	893
922	931
922	951
923	223
923	266
923	304
923	362
923	430
923	446
923	507
923	528
923	569
923	577
923	611
923	626
923	647
923	732
923	754
923	793
923	837
923	865
923	881
923	932
923	933
923	947
923	956
923	971
923	983
924	11
924	39
924	70
924	211
924	269
924	289
924	303
924	433
924	468
924	472
924	529
924	563
924	579
924	582
924	595
924	627
924	641
924	665
924	706
924	709
924	786
924	817
924	830
924	889
924	946
924	954
925	26
925	128
925	170
925	175
925	213
925	408
925	416
925	581
925	600
925	660
925	682
925	707
925	720
925	809
925	818
925	822
925	838
925	845
925	855
925	868
925	889
925	918
925	938
925	976
925	986
925	990
926	326
926	365
926	379
926	407
926	411
926	477
926	485
926	504
926	533
926	551
926	597
926	695
926	765
926	790
926	800
926	803
926	828
926	832
926	852
926	892
926	927
926	935
926	953
926	965
926	970
926	990
927	52
927	174
927	234
927	250
927	375
927	407
927	466
927	477
927	485
927	533
927	551
927	597
927	765
927	790
927	800
927	803
927	828
927	832
927	892
927	926
927	935
927	947
927	953
927	965
927	970
927	976
928	292
928	377
928	424
928	440
928	463
928	492
928	568
928	572
928	585
928	639
928	653
928	658
928	705
928	714
928	719
928	771
928	772
928	779
928	930
928	984
928	988
928	996
928	997
928	998
929	6
929	76
929	115
929	167
929	195
929	222
929	232
929	351
929	417
929	426
929	470
929	491
929	535
929	567
929	600
929	603
929	642
929	670
929	724
929	785
929	814
929	831
929	849
929	858
929	869
929	896
929	900
930	437
930	568
930	572
930	585
930	639
930	653
930	658
930	705
930	714
930	719
930	772
930	779
930	898
930	928
930	984
930	988
930	996
930	997
930	998
931	30
931	44
931	45
931	60
931	94
931	129
931	142
931	149
931	156
931	191
931	220
931	258
931	322
931	372
931	495
931	496
931	501
931	519
931	616
931	698
931	730
931	802
931	857
931	858
931	891
931	922
931	958
932	20
932	123
932	221
932	223
932	266
932	320
932	343
932	360
932	362
932	446
932	514
932	577
932	604
932	611
932	626
932	647
932	732
932	754
932	793
932	837
932	881
932	923
932	933
932	944
932	947
932	956
932	971
933	123
933	125
933	236
933	341
933	343
933	362
933	430
933	446
933	501
933	569
933	577
933	604
933	611
933	621
933	626
933	647
933	658
933	732
933	754
933	793
933	837
933	881
933	923
933	932
933	947
933	956
933	971
934	90
934	110
934	121
934	124
934	199
934	237
934	252
934	281
934	298
934	330
934	364
934	366
934	379
934	402
934	418
934	550
934	601
934	635
934	734
934	776
934	782
934	815
934	878
934	904
934	905
934	911
934	921
934	946
935	16
935	48
935	52
935	73
935	185
935	277
935	314
935	373
935	411
935	485
935	533
935	549
935	551
935	597
935	695
935	765
935	790
935	800
935	810
935	814
935	828
935	832
935	892
935	926
935	927
935	953
935	965
935	970
936	160
936	208
936	235
936	244
936	248
936	374
936	390
936	441
936	450
936	462
936	464
936	506
936	534
936	547
936	553
936	631
936	644
936	650
936	708
936	730
936	763
936	798
936	806
936	867
936	870
936	876
936	939
936	940
937	104
937	130
937	198
937	256
937	403
937	428
937	451
937	540
937	575
937	580
937	677
937	696
937	718
937	741
937	746
937	778
937	789
937	822
937	835
937	851
937	907
937	919
937	944
937	950
937	955
937	960
937	962
937	964
938	69
938	77
938	408
938	416
938	479
938	496
938	566
938	581
938	588
938	600
938	605
938	643
938	660
938	682
938	707
938	720
938	809
938	818
938	822
938	845
938	855
938	868
938	889
938	918
938	925
938	966
938	976
938	986
938	990
939	87
939	132
939	208
939	235
939	244
939	248
939	287
939	348
939	374
939	390
939	441
939	450
939	464
939	506
939	547
939	553
939	631
939	644
939	708
939	710
939	763
939	784
939	806
939	839
939	867
939	870
939	876
939	936
939	940
940	87
940	132
940	146
940	160
940	235
940	244
940	248
940	304
940	374
940	390
940	441
940	450
940	462
940	464
940	506
940	534
940	553
940	631
940	644
940	708
940	763
940	806
940	867
940	870
940	872
940	876
940	883
940	936
940	939
941	56
941	78
941	209
941	253
941	274
941	294
941	336
941	338
941	357
941	461
941	483
941	544
941	583
941	587
941	590
941	680
941	681
941	749
941	751
941	755
941	756
941	787
941	812
941	860
941	863
941	886
941	888
941	948
941	949
942	1
942	161
942	288
942	387
942	454
942	460
942	509
942	552
942	607
942	613
942	655
942	703
942	711
942	764
942	794
942	799
942	804
942	811
942	866
942	885
942	895
942	913
942	949
942	958
942	963
942	981
942	987
942	992
942	999
943	272
943	318
943	367
943	404
943	419
943	437
943	452
943	473
943	489
943	524
943	534
943	557
943	586
943	609
943	623
943	678
943	748
943	773
943	798
943	813
943	838
943	848
943	871
943	877
943	948
943	974
943	978
943	979
943	989
944	1
944	3
944	122
944	161
944	186
944	227
944	256
944	389
944	428
944	477
944	540
944	575
944	580
944	677
944	696
944	718
944	741
944	746
944	778
944	789
944	835
944	851
944	907
944	919
944	932
944	937
944	950
944	955
944	960
944	964
945	24
945	108
945	141
945	150
945	158
945	178
945	184
945	189
945	205
945	245
945	345
945	347
945	385
945	388
945	412
945	527
945	570
945	614
945	650
945	715
945	726
945	735
945	759
945	788
945	801
945	826
945	842
945	880
945	909
945	956
946	11
946	39
946	49
946	70
946	134
946	211
946	251
946	259
946	269
946	289
946	295
946	303
946	335
946	415
946	433
946	468
946	505
946	529
946	563
946	582
946	627
946	665
946	706
946	786
946	817
946	830
946	924
946	934
946	954
946	964
947	20
947	123
947	125
947	221
947	266
947	304
947	341
947	343
947	352
947	386
947	430
947	469
947	507
947	528
947	569
947	604
947	611
947	626
947	732
947	754
947	793
947	837
947	881
947	915
947	923
947	927
947	932
947	933
947	956
947	971
947	996
948	23
948	56
948	78
948	209
948	253
948	265
948	270
948	274
948	294
948	336
948	338
948	357
948	461
948	483
948	544
948	583
948	587
948	590
948	680
948	681
948	749
948	755
948	756
948	787
948	812
948	826
948	860
948	888
948	909
948	941
948	943
949	63
949	101
949	423
949	431
949	454
949	561
949	594
949	607
949	613
949	618
949	621
949	624
949	655
949	656
949	657
949	703
949	711
949	794
949	799
949	811
949	866
949	885
949	895
949	913
949	941
949	942
949	958
949	963
949	981
949	987
949	992
949	999
950	111
950	130
950	161
950	192
950	227
950	256
950	389
950	403
950	428
950	451
950	540
950	575
950	580
950	619
950	677
950	696
950	718
950	741
950	746
950	778
950	789
950	835
950	851
950	907
950	919
950	937
950	944
950	955
950	960
950	964
950	974
950	993
951	59
951	92
951	173
951	180
951	201
951	202
951	302
951	306
951	316
951	327
951	355
951	409
951	425
951	427
951	458
951	478
951	518
951	537
951	549
951	560
951	617
951	638
951	669
951	691
951	728
951	795
951	833
951	872
951	884
951	893
951	912
951	922
952	79
952	102
952	137
952	159
952	165
952	166
952	172
952	240
952	247
952	333
952	340
952	397
952	435
952	436
952	453
952	494
952	497
952	510
952	527
952	541
952	556
952	584
952	648
952	684
952	694
952	701
952	729
952	768
952	792
952	861
952	901
952	980
953	48
953	185
953	250
953	277
953	287
953	314
953	326
953	365
953	373
953	375
953	398
953	407
953	411
953	478
953	485
953	486
953	504
953	551
953	597
953	695
953	765
953	790
953	800
953	803
953	828
953	832
953	892
953	926
953	927
953	935
953	965
953	970
954	11
954	39
954	49
954	70
954	132
954	134
954	204
954	211
954	249
954	251
954	259
954	289
954	303
954	335
954	386
954	415
954	433
954	434
954	468
954	472
954	529
954	563
954	579
954	582
954	627
954	641
954	665
954	709
954	817
954	830
954	924
954	946
954	995
955	3
955	50
955	117
955	161
955	186
955	227
955	256
955	389
955	403
955	428
955	451
955	521
955	540
955	575
955	580
955	677
955	696
955	718
955	732
955	741
955	746
955	778
955	789
955	835
955	851
955	907
955	919
955	937
955	944
955	950
955	960
955	964
955	974
956	29
956	44
956	125
956	236
956	304
956	341
956	343
956	352
956	360
956	386
956	446
956	469
956	507
956	528
956	569
956	577
956	604
956	611
956	626
956	647
956	721
956	732
956	754
956	793
956	837
956	881
956	923
956	932
956	933
956	945
956	947
956	971
956	977
957	158
957	548
957	625
957	671
957	717
957	757
957	766
957	767
957	774
957	834
957	841
957	847
957	894
957	915
957	916
957	920
957	962
957	966
957	969
957	975
957	977
957	980
957	985
957	991
958	27
958	63
958	222
958	293
958	457
958	460
958	480
958	538
958	552
958	561
958	613
958	621
958	655
958	656
958	657
958	703
958	711
958	764
958	791
958	794
958	799
958	811
958	866
958	895
958	913
958	931
958	942
958	949
958	963
958	981
958	987
958	992
958	999
959	9
959	71
959	109
959	144
959	196
959	239
959	285
959	305
959	313
959	358
959	384
959	401
959	422
959	444
959	448
959	484
959	499
959	511
959	515
959	542
959	577
959	595
959	628
959	693
959	716
959	791
959	819
959	836
959	859
959	874
959	902
959	909
959	968
960	3
960	50
960	111
960	117
960	122
960	130
960	192
960	205
960	227
960	298
960	389
960	403
960	451
960	540
960	575
960	580
960	677
960	696
960	718
960	741
960	746
960	778
960	789
960	835
960	851
960	907
960	919
960	937
960	944
960	950
960	955
960	964
960	982
961	74
961	155
961	183
961	213
961	245
961	273
961	315
961	371
961	381
961	405
961	443
961	516
961	522
961	554
961	573
961	591
961	630
961	633
961	651
961	672
961	674
961	692
961	727
961	738
961	739
961	745
961	755
961	761
961	781
961	804
961	816
961	887
961	912
961	986
962	622
962	636
962	652
962	671
962	757
962	766
962	767
962	774
962	781
962	834
962	841
962	847
962	894
962	899
962	915
962	916
962	920
962	937
962	957
962	966
962	969
962	975
962	977
962	980
962	985
962	990
962	991
963	96
963	101
963	153
963	405
963	457
963	480
963	495
963	509
963	538
963	561
963	594
963	607
963	621
963	624
963	655
963	656
963	657
963	711
963	764
963	794
963	799
963	811
963	866
963	885
963	895
963	913
963	920
963	942
963	949
963	958
963	981
963	987
963	992
963	999
964	3
964	50
964	104
964	111
964	117
964	122
964	130
964	186
964	192
964	256
964	389
964	403
964	428
964	540
964	575
964	580
964	677
964	696
964	705
964	718
964	741
964	746
964	778
964	789
964	830
964	835
964	851
964	907
964	919
964	937
964	944
964	946
964	950
964	955
964	960
965	16
965	48
965	73
965	174
965	185
965	234
965	250
965	277
965	314
965	362
965	365
965	373
965	375
965	407
965	411
965	477
965	485
965	504
965	533
965	551
965	695
965	765
965	790
965	800
965	803
965	828
965	832
965	892
965	926
965	927
965	935
965	953
965	970
965	975
965	979
966	574
966	622
966	636
966	652
966	671
966	708
966	719
966	757
966	766
966	767
966	774
966	834
966	841
966	847
966	867
966	894
966	915
966	916
966	920
966	938
966	957
966	962
966	969
966	975
966	977
966	980
966	985
966	991
967	586
967	669
967	689
967	721
967	810
967	829
967	840
967	856
967	897
967	910
967	914
967	972
967	973
967	976
967	982
967	983
967	993
967	994
967	995
967	1000
968	9
968	71
968	91
968	109
968	133
968	144
968	239
968	285
968	305
968	313
968	342
968	358
968	384
968	401
968	422
968	444
968	448
968	484
968	499
968	511
968	515
968	542
968	595
968	628
968	693
968	716
968	737
968	791
968	819
968	836
968	850
968	853
968	859
968	874
968	902
968	959
968	988
969	399
969	513
969	574
969	622
969	636
969	652
969	671
969	757
969	766
969	767
969	774
969	820
969	824
969	834
969	841
969	847
969	894
969	915
969	916
969	920
969	957
969	962
969	966
969	975
969	977
969	978
969	980
969	985
969	991
970	16
970	48
970	52
970	73
970	174
970	185
970	234
970	250
970	277
970	314
970	326
970	365
970	373
970	375
970	407
970	411
970	485
970	504
970	533
970	551
970	597
970	695
970	763
970	765
970	790
970	800
970	803
970	828
970	832
970	873
970	890
970	892
970	926
970	927
970	935
970	953
970	965
970	981
971	20
971	29
971	125
971	221
971	223
971	236
971	266
971	304
971	341
971	343
971	352
971	360
971	362
971	386
971	430
971	446
971	469
971	507
971	528
971	540
971	569
971	577
971	604
971	611
971	626
971	647
971	732
971	754
971	757
971	793
971	837
971	881
971	888
971	923
971	932
971	933
971	947
971	956
972	86
972	129
972	612
972	645
972	689
972	721
972	794
972	810
972	829
972	840
972	856
972	910
972	914
972	967
972	973
972	982
972	983
972	984
972	993
972	994
972	995
972	1000
973	559
973	562
973	602
973	612
973	645
973	689
973	721
973	731
973	810
973	829
973	832
973	840
973	856
973	910
973	914
973	967
973	972
973	982
973	983
973	984
973	993
973	994
973	995
973	999
973	1000
974	28
974	43
974	72
974	157
974	255
974	258
974	272
974	318
974	367
974	380
974	396
974	404
974	419
974	437
974	438
974	452
974	455
974	471
974	489
974	524
974	557
974	586
974	609
974	623
974	678
974	748
974	762
974	773
974	798
974	813
974	838
974	848
974	871
974	943
974	950
974	955
974	978
974	979
974	989
975	31
975	53
975	171
975	271
975	278
975	283
975	339
975	434
975	513
975	574
975	616
975	622
975	636
975	652
975	671
975	757
975	766
975	767
975	774
975	834
975	841
975	847
975	894
975	915
975	916
975	920
975	957
975	962
975	965
975	966
975	969
975	977
975	980
975	985
975	991
975	998
976	26
976	64
976	69
976	77
976	88
976	127
976	128
976	175
976	268
976	300
976	334
976	369
976	408
976	416
976	479
976	566
976	588
976	600
976	605
976	643
976	660
976	682
976	707
976	720
976	759
976	809
976	818
976	822
976	835
976	845
976	855
976	868
976	889
976	918
976	925
976	927
976	938
976	967
976	986
976	990
977	31
977	32
977	57
977	83
977	103
977	126
977	171
977	203
977	206
977	231
977	271
977	278
977	283
977	339
977	513
977	574
977	622
977	636
977	652
977	671
977	757
977	766
977	767
977	774
977	782
977	834
977	841
977	847
977	894
977	915
977	916
977	920
977	956
977	957
977	962
977	966
977	969
977	975
977	980
977	985
977	991
978	21
978	28
978	43
978	57
978	72
978	76
978	111
978	133
978	157
978	217
978	255
978	318
978	367
978	380
978	391
978	396
978	404
978	437
978	438
978	452
978	455
978	471
978	473
978	489
978	557
978	586
978	609
978	623
978	678
978	773
978	798
978	813
978	838
978	848
978	871
978	943
978	969
978	974
978	979
978	982
978	989
979	21
979	28
979	43
979	57
979	72
979	133
979	217
979	255
979	272
979	367
979	380
979	396
979	404
979	419
979	437
979	438
979	452
979	455
979	471
979	473
979	489
979	524
979	557
979	586
979	623
979	653
979	678
979	706
979	748
979	773
979	798
979	813
979	838
979	848
979	871
979	893
979	943
979	965
979	974
979	978
979	989
980	32
980	53
980	83
980	86
980	103
980	203
980	206
980	218
980	226
980	231
980	271
980	278
980	339
980	513
980	574
980	622
980	636
980	652
980	671
980	710
980	757
980	766
980	767
980	774
980	834
980	841
980	847
980	864
980	894
980	915
980	916
980	917
980	920
980	952
980	957
980	962
980	966
980	969
980	975
980	977
980	985
980	991
981	5
981	152
981	288
981	293
981	366
981	431
981	454
981	457
981	459
981	480
981	509
981	531
981	538
981	552
981	561
981	594
981	621
981	624
981	655
981	656
981	657
981	703
981	711
981	764
981	794
981	799
981	811
981	847
981	866
981	885
981	895
981	913
981	942
981	949
981	958
981	963
981	970
981	987
981	988
981	991
981	992
981	999
982	376
982	383
982	456
982	482
982	505
982	526
982	559
982	562
982	581
982	602
982	612
982	645
982	689
982	721
982	796
982	810
982	829
982	840
982	856
982	910
982	914
982	960
982	967
982	972
982	973
982	978
982	983
982	993
982	994
982	995
982	1000
983	4
983	25
983	148
983	181
983	241
983	324
983	354
983	359
983	376
983	383
983	392
983	397
983	456
983	476
983	482
983	505
983	526
983	559
983	562
983	569
983	594
983	602
983	612
983	645
983	689
983	721
983	810
983	829
983	840
983	856
983	910
983	914
983	923
983	967
983	972
983	973
983	982
983	985
983	993
983	994
983	995
983	1000
984	17
984	81
984	116
984	119
984	170
984	179
984	210
984	260
984	296
984	349
984	361
984	377
984	387
984	393
984	424
984	440
984	463
984	474
984	492
984	568
984	572
984	585
984	639
984	653
984	658
984	705
984	714
984	719
984	772
984	776
984	779
984	823
984	895
984	928
984	930
984	972
984	973
984	988
984	996
984	997
984	998
985	32
985	86
985	103
985	171
985	203
985	206
985	218
985	226
985	231
985	271
985	278
985	283
985	339
985	392
985	513
985	574
985	622
985	636
985	652
985	671
985	757
985	766
985	767
985	774
985	834
985	841
985	847
985	894
985	915
985	916
985	917
985	920
985	957
985	962
985	966
985	969
985	975
985	977
985	980
985	983
985	991
985	996
986	26
986	64
986	69
986	77
986	88
986	127
986	128
986	152
986	162
986	175
986	196
986	215
986	268
986	300
986	334
986	369
986	416
986	479
986	566
986	581
986	588
986	600
986	605
986	643
986	660
986	682
986	707
986	720
986	789
986	809
986	818
986	822
986	845
986	855
986	868
986	889
986	918
986	925
986	938
986	961
986	976
986	990
987	1
987	101
987	152
987	153
987	197
987	431
987	454
987	457
987	459
987	460
987	480
987	509
987	531
987	538
987	544
987	552
987	594
987	607
987	613
987	624
987	655
987	656
987	657
987	703
987	711
987	734
987	750
987	764
987	794
987	799
987	804
987	811
987	866
987	885
987	895
987	913
987	942
987	949
987	958
987	963
987	981
987	992
987	999
988	14
988	17
988	37
988	47
988	68
988	163
988	193
988	210
988	238
988	260
988	296
988	328
988	349
988	361
988	377
988	387
988	393
988	424
988	440
988	463
988	474
988	492
988	525
988	567
988	568
988	572
988	585
988	639
988	653
988	658
988	705
988	714
988	719
988	772
988	779
988	928
988	930
988	968
988	981
988	984
988	996
988	997
988	998
989	21
989	28
989	43
989	72
989	133
989	157
989	217
989	255
989	272
989	318
989	367
989	380
989	396
989	404
989	419
989	437
989	438
989	452
989	455
989	471
989	473
989	489
989	524
989	557
989	586
989	609
989	623
989	678
989	748
989	773
989	798
989	813
989	838
989	848
989	869
989	871
989	876
989	919
989	943
989	974
989	978
989	979
989	992
990	26
990	64
990	69
990	77
990	88
990	127
990	128
990	175
990	196
990	215
990	268
990	300
990	334
990	369
990	408
990	416
990	479
990	504
990	566
990	581
990	588
990	600
990	605
990	643
990	660
990	682
990	707
990	720
990	809
990	818
990	822
990	845
990	855
990	868
990	884
990	889
990	918
990	925
990	926
990	938
990	962
990	976
990	986
990	996
991	31
991	32
991	53
991	83
991	86
991	103
991	171
991	203
991	206
991	218
991	226
991	231
991	271
991	278
991	283
991	339
991	498
991	513
991	574
991	622
991	627
991	636
991	652
991	671
991	735
991	757
991	766
991	767
991	774
991	834
991	841
991	847
991	894
991	915
991	916
991	920
991	957
991	962
991	966
991	969
991	975
991	977
991	980
991	981
991	985
992	1
992	27
992	51
992	63
992	96
992	152
992	197
992	288
992	293
992	366
992	454
992	459
992	480
992	509
992	531
992	538
992	561
992	594
992	607
992	613
992	621
992	624
992	648
992	655
992	656
992	657
992	703
992	711
992	764
992	794
992	799
992	811
992	839
992	866
992	877
992	885
992	913
992	942
992	949
992	958
992	963
992	981
992	987
992	989
992	999
993	4
993	126
993	148
993	181
993	200
993	225
993	241
993	321
993	324
993	354
993	359
993	376
993	383
993	392
993	397
993	456
993	474
993	476
993	482
993	505
993	526
993	558
993	559
993	562
993	602
993	612
993	645
993	652
993	689
993	721
993	786
993	810
993	829
993	840
993	856
993	910
993	914
993	950
993	967
993	972
993	973
993	982
993	983
993	994
993	995
993	1000
994	25
994	66
994	75
994	148
994	181
994	200
994	214
994	225
994	321
994	324
994	354
994	359
994	376
994	383
994	392
994	397
994	456
994	476
994	482
994	505
994	526
994	541
994	559
994	562
994	570
994	602
994	612
994	645
994	689
994	721
994	810
994	829
994	840
994	856
994	866
994	880
994	910
994	914
994	967
994	972
994	973
994	982
994	983
994	993
994	995
994	1000
995	25
995	66
995	75
995	126
995	200
995	214
995	225
995	241
995	321
995	324
995	354
995	376
995	383
995	392
995	397
995	456
995	476
995	482
995	505
995	526
995	559
995	562
995	602
995	612
995	613
995	645
995	689
995	721
995	810
995	813
995	829
995	840
995	852
995	856
995	887
995	910
995	914
995	954
995	967
995	972
995	973
995	982
995	983
995	993
995	994
995	1000
996	14
996	17
996	37
996	47
996	68
996	84
996	116
996	119
996	179
996	193
996	210
996	238
996	260
996	296
996	328
996	349
996	361
996	377
996	387
996	393
996	424
996	440
996	463
996	474
996	492
996	568
996	572
996	574
996	585
996	622
996	639
996	653
996	658
996	705
996	714
996	719
996	772
996	779
996	928
996	930
996	947
996	984
996	985
996	988
996	990
996	997
996	998
997	14
997	37
997	47
997	68
997	81
997	84
997	116
997	119
997	163
997	170
997	179
997	193
997	210
997	238
997	260
997	296
997	328
997	349
997	361
997	377
997	387
997	393
997	424
997	440
997	463
997	474
997	492
997	566
997	568
997	572
997	585
997	610
997	639
997	653
997	658
997	691
997	705
997	714
997	719
997	772
997	779
997	889
997	891
997	928
997	930
997	984
997	988
997	996
997	998
998	14
998	17
998	37
998	47
998	68
998	81
998	84
998	116
998	119
998	163
998	170
998	179
998	193
998	238
998	260
998	290
998	296
998	328
998	340
998	349
998	361
998	377
998	387
998	393
998	424
998	440
998	463
998	474
998	492
998	568
998	572
998	585
998	639
998	653
998	658
998	705
998	714
998	719
998	772
998	779
998	780
998	871
998	928
998	930
998	975
998	984
998	988
998	996
998	997
999	27
999	46
999	95
999	96
999	101
999	140
999	153
999	197
999	288
999	293
999	366
999	431
999	454
999	457
999	459
999	460
999	480
999	509
999	531
999	538
999	552
999	561
999	594
999	602
999	607
999	613
999	621
999	624
999	655
999	656
999	657
999	703
999	711
999	764
999	794
999	799
999	811
999	866
999	885
999	895
999	913
999	942
999	949
999	958
999	963
999	973
999	981
999	987
999	992
1000	4
1000	25
1000	66
1000	75
1000	81
1000	126
1000	148
1000	181
1000	200
1000	214
1000	225
1000	241
1000	321
1000	324
1000	354
1000	359
1000	376
1000	383
1000	392
1000	397
1000	456
1000	476
1000	482
1000	505
1000	526
1000	559
1000	562
1000	602
1000	612
1000	645
1000	657
1000	689
1000	721
1000	810
1000	829
1000	840
1000	856
1000	900
1000	910
1000	914
1000	916
1000	967
1000	972
1000	973
1000	982
1000	983
1000	993
1000	994
1000	995
