1	682
1	939
1	941
1	975
2	244
2	937
2	939
2	961
3	513
3	791
3	838
3	922
4	460
4	463
4	750
4	796
5	355
5	442
5	917
5	977
6	578
6	974
6	990
6	998
7	448
7	752
7	863
7	934
8	578
8	982
8	984
8	994
9	392
9	826
9	946
9	950
10	790
10	919
10	932
10	948
11	853
11	928
11	931
11	964
12	517
12	602
12	822
12	1000
13	129
13	360
13	558
13	793
14	432
14	674
14	938
14	952
15	876
15	973
15	978
15	995
16	693
16	825
16	959
16	972
17	858
17	860
17	885
17	896
18	822
18	863
18	946
18	1000
19	80
19	468
19	789
19	824
20	939
20	941
20	974
20	975
21	913
21	955
21	961
21	975
22	346
22	837
22	963
22	988
23	300
23	476
23	758
23	879
24	936
24	949
24	982
24	984
25	441
25	781
25	935
25	999
26	960
26	976
26	979
26	993
27	32
27	325
27	576
27	943
28	974
28	985
28	990
28	998
29	729
29	800
29	981
29	1000
30	811
30	841
30	842
30	879
31	661
31	667
31	956
31	999
32	27
32	466
32	750
32	796
33	662
33	787
33	981
33	1000
34	228
34	736
34	952
34	991
35	604
35	643
35	743
35	929
36	231
36	970
36	983
36	987
37	688
37	884
37	963
37	988
38	885
38	945
38	981
38	1000
39	921
39	937
39	941
39	975
40	514
40	908
40	921
40	997
41	557
41	982
41	984
41	994
42	862
42	890
42	936
42	988
43	857
43	976
43	979
43	993
44	810
44	982
44	984
44	994
45	697
45	907
45	989
45	995
46	486
46	631
46	902
46	986
47	850
47	978
47	989
47	995
48	83
48	823
48	874
48	912
49	253
49	350
49	726
49	885
50	191
50	772
50	991
50	996
51	442
51	732
51	745
51	988
52	529
52	753
52	768
52	865
53	489
53	704
53	823
53	882
54	533
54	896
54	956
54	999
55	163
55	973
55	978
55	995
56	532
56	556
56	947
56	970
57	684
57	859
57	942
57	949
58	797
58	967
58	991
58	996
59	770
59	882
59	899
59	945
60	92
60	883
60	989
60	995
61	84
61	923
61	935
61	999
62	862
62	889
62	890
62	988
63	222
63	227
63	638
63	801
64	870
64	944
64	957
64	972
65	554
65	590
65	908
65	953
66	616
66	701
66	841
66	879
67	237
67	424
67	942
67	954
68	528
68	769
68	963
68	1000
69	706
69	917
69	944
69	977
70	869
70	888
70	915
70	918
71	719
71	939
71	961
71	975
72	439
72	968
72	985
72	990
73	309
73	563
73	810
73	827
74	415
74	550
74	700
74	964
75	684
75	891
75	983
75	987
76	861
76	978
76	989
76	998
77	296
77	696
77	874
77	962
78	170
78	726
78	858
78	896
79	319
79	325
79	750
79	824
80	19
80	968
80	974
80	990
81	686
81	790
81	922
81	947
82	354
82	709
82	728
82	990
83	48
83	812
83	979
83	993
84	61
84	511
84	765
84	999
85	710
85	764
85	935
85	999
86	943
86	962
86	980
86	992
87	869
87	888
87	915
87	970
88	800
88	973
88	981
88	1000
89	630
89	659
89	763
89	974
90	678
90	889
90	920
90	988
91	211
91	758
91	841
91	999
92	60
92	967
92	991
92	996
93	882
93	978
93	989
93	995
94	652
94	821
94	894
94	997
95	320
95	432
95	885
95	896
96	752
96	850
96	929
96	934
97	968
97	985
97	990
97	998
98	897
98	937
98	941
98	975
99	816
99	822
99	954
99	986
100	426
100	969
100	981
100	985
101	446
101	657
101	793
101	843
102	457
102	837
102	862
102	988
103	116
103	701
103	811
103	842
104	530
104	821
104	830
104	964
105	601
105	656
105	727
105	942
106	141
106	869
106	915
106	918
107	579
107	965
107	987
107	997
108	945
108	969
108	981
108	1000
109	518
109	739
109	969
109	981
110	354
110	933
110	983
110	987
111	978
111	980
111	989
111	995
112	610
112	829
112	938
112	952
113	598
113	926
113	976
113	993
114	238
114	911
114	940
114	999
115	362
115	967
115	991
115	996
116	103
116	635
116	841
116	842
117	895
117	941
117	985
117	998
118	280
118	515
118	945
118	981
119	907
119	915
119	979
119	993
120	394
120	935
120	940
120	999
121	553
121	792
121	872
121	946
122	596
122	673
122	954
122	986
123	523
123	547
123	732
123	931
124	212
124	267
124	938
124	952
125	154
125	651
125	858
125	896
126	848
126	902
126	954
126	986
127	469
127	681
127	782
127	914
128	384
128	435
128	991
128	996
129	13
129	492
129	733
129	952
130	967
130	982
130	991
130	996
131	768
131	957
131	959
131	972
132	846
132	871
132	984
132	994
133	935
133	960
133	979
133	993
134	424
134	957
134	959
134	972
135	774
135	854
135	911
135	940
136	368
136	741
136	827
136	832
137	521
137	775
137	872
137	946
138	409
138	557
138	675
138	741
139	617
139	857
139	867
139	986
140	851
140	924
140	953
140	997
141	106
141	656
141	888
141	981
142	812
142	976
142	979
142	993
143	168
143	899
143	912
143	916
144	777
144	900
144	985
144	998
145	701
145	784
145	808
145	916
146	490
146	931
146	970
146	983
147	694
147	888
147	918
147	1000
148	256
148	345
148	641
148	796
149	300
149	533
149	655
149	986
150	616
150	811
150	879
150	929
151	471
151	624
151	870
151	972
152	744
152	872
152	946
152	950
153	889
153	959
153	963
153	988
154	125
154	885
154	892
154	896
155	567
155	897
155	989
155	995
156	572
156	757
156	916
156	934
157	685
157	889
157	963
157	988
158	760
158	887
158	966
158	980
159	235
159	681
159	763
159	994
160	823
160	919
160	932
160	948
161	894
161	909
161	982
161	994
162	573
162	673
162	898
162	938
163	55
163	657
163	733
163	843
164	324
164	556
164	576
164	703
165	522
165	651
165	726
165	787
166	422
166	954
166	972
166	986
167	960
167	979
167	985
167	993
168	143
168	413
168	741
168	810
169	612
169	676
169	855
169	973
170	78
170	720
170	885
170	896
171	713
171	758
171	799
171	842
172	753
172	862
172	929
172	934
173	844
173	859
173	941
173	942
174	266
174	923
174	956
174	999
175	643
175	927
175	980
175	992
176	858
176	885
176	896
176	976
177	348
177	368
177	675
177	827
178	289
178	915
178	927
178	980
179	907
179	976
179	988
179	993
180	588
180	649
180	654
180	865
181	456
181	721
181	806
181	913
182	865
182	884
182	929
182	934
183	525
183	864
183	921
183	997
184	315
184	905
184	930
184	987
185	933
185	947
185	983
185	987
186	874
186	877
186	899
186	980
187	907
187	937
187	939
187	961
188	810
188	818
188	944
188	977
189	625
189	976
189	979
189	993
190	227
190	947
190	983
190	987
191	50
191	396
191	415
191	964
192	943
192	968
192	985
192	998
193	755
193	913
193	953
193	965
194	623
194	719
194	844
194	942
195	452
195	698
195	721
195	997
196	827
196	967
196	991
196	996
197	656
197	828
197	963
197	988
198	881
198	901
198	980
198	992
199	664
199	851
199	945
199	950
200	429
200	846
200	970
200	983
201	483
201	869
201	915
201	918
202	600
202	634
202	875
202	940
203	968
203	974
203	990
203	998
204	440
204	595
204	788
204	875
205	820
205	897
205	940
205	999
206	958
206	968
206	989
206	995
207	907
207	960
207	976
207	993
208	671
208	793
208	798
208	922
209	933
209	970
209	986
209	987
210	584
210	959
210	972
210	975
211	91
211	701
211	808
211	890
212	124
212	611
212	898
212	952
213	503
213	725
213	991
213	996
214	930
214	933
214	970
214	983
215	448
215	473
215	764
215	935
216	586
216	877
216	959
216	972
217	639
217	905
217	970
217	987
218	812
218	819
218	957
218	972
219	381
219	869
219	915
219	918
220	302
220	886
220	895
220	998
221	919
221	932
221	948
221	956
222	63
222	770
222	784
222	850
223	802
223	949
223	991
223	996
224	769
224	969
224	981
224	1000
225	927
225	976
225	979
225	993
226	763
226	773
226	824
226	986
227	63
227	190
227	874
227	899
228	34
228	505
228	679
228	938
229	780
229	860
229	868
229	957
230	279
230	540
230	806
230	997
231	36
231	557
231	810
231	827
232	928
232	967
232	991
232	996
233	772
233	815
233	991
233	996
234	460
234	937
234	961
234	975
235	159
235	834
235	894
235	914
236	804
236	973
236	989
236	995
237	67
237	350
237	727
237	942
238	114
238	884
238	890
238	920
239	839
239	974
239	985
239	998
240	559
240	917
240	944
240	977
241	352
241	404
241	589
241	997
242	604
242	642
242	927
242	964
243	745
243	797
243	888
243	996
244	2
244	947
244	970
244	983
245	891
245	905
245	933
245	983
246	507
246	858
246	885
246	896
247	655
247	902
247	957
247	986
248	298
248	759
248	971
248	994
249	538
249	951
249	965
249	997
250	623
250	859
250	942
250	952
251	735
251	754
251	980
251	992
252	507
252	694
252	915
252	918
253	49
253	434
253	738
253	885
254	615
254	837
254	936
254	988
255	319
255	783
255	958
255	995
256	148
256	324
256	460
256	960
257	883
257	958
257	978
257	995
258	700
258	925
258	945
258	1000
259	887
259	917
259	936
259	944
260	510
260	573
260	898
260	952
261	871
261	891
261	904
261	980
262	406
262	905
262	983
262	992
263	876
263	880
263	919
263	948
264	344
264	541
264	794
264	835
264	914
265	817
265	893
265	962
265	980
265	992
266	174
266	868
266	893
266	943
266	992
267	124
267	490
267	573
267	610
267	788
268	433
268	771
268	912
268	932
268	948
269	325
269	895
269	968
269	974
269	998
270	603
270	903
270	958
270	973
270	989
271	295
271	763
271	789
271	834
271	914
272	454
272	748
272	781
272	923
272	999
273	547
273	619
273	676
273	873
273	964
274	482
274	897
274	973
274	978
274	995
275	496
275	604
275	743
275	751
275	964
276	778
276	967
276	976
276	991
276	996
277	576
277	607
277	809
277	969
277	1000
278	378
278	751
278	902
278	917
278	936
279	230
279	825
279	953
279	966
279	997
280	118
280	960
280	976
280	979
280	993
281	679
281	923
281	935
281	940
281	956
282	362
282	417
282	732
282	967
282	996
283	611
283	705
283	865
283	961
283	975
284	795
284	891
284	901
284	970
284	987
285	358
285	658
285	933
285	983
285	987
286	688
286	921
286	951
286	965
286	997
287	751
287	792
287	826
287	946
287	950
288	404
288	699
288	930
288	933
288	987
289	178
289	650
289	754
289	931
289	966
290	974
290	985
290	988
290	990
290	998
291	468
291	770
291	784
291	882
291	899
292	623
292	823
292	882
292	899
292	912
293	511
293	739
293	911
293	940
293	956
294	538
294	723
294	733
294	843
294	877
295	271
295	814
295	985
295	990
295	998
296	77
296	342
296	570
296	882
296	912
297	630
297	780
297	957
297	959
297	972
298	248
298	544
298	581
298	915
298	918
299	480
299	591
299	853
299	944
299	977
300	23
300	149
300	653
300	954
300	986
301	756
301	861
301	958
301	989
301	995
302	220
302	646
302	985
302	990
302	998
303	376
303	905
303	970
303	983
303	987
304	502
304	781
304	940
304	942
304	999
305	575
305	871
305	904
305	980
305	992
306	889
306	971
306	982
306	984
306	994
307	937
307	955
307	961
307	971
307	975
308	802
308	930
308	967
308	991
308	996
309	73
309	558
309	712
309	827
309	960
310	596
310	603
310	680
310	749
310	954
311	848
311	906
311	982
311	984
311	994
312	340
312	491
312	543
312	836
312	952
313	318
313	556
313	576
313	641
313	951
314	688
314	776
314	920
314	963
314	988
315	184
315	745
315	930
315	970
315	987
316	539
316	905
316	947
316	983
316	987
317	465
317	598
317	672
317	684
317	963
318	313
318	467
318	641
318	689
318	818
319	79
319	255
319	430
319	556
319	689
320	95
320	494
320	605
320	726
320	957
321	372
321	406
321	906
321	982
321	994
322	939
322	955
322	961
322	975
322	997
323	557
323	563
323	671
323	675
323	827
324	164
324	256
324	467
324	556
324	977
325	27
325	79
325	269
325	467
325	641
326	679
326	917
326	944
326	977
326	985
327	557
327	900
327	974
327	985
327	998
328	491
328	588
328	836
328	904
328	938
329	701
329	808
329	817
329	842
329	879
330	627
330	790
330	798
330	922
330	958
331	608
331	748
331	845
331	990
331	999
332	509
332	743
332	821
332	849
332	975
333	438
333	598
333	672
333	727
333	942
334	736
334	836
334	898
334	952
334	955
335	451
335	900
335	974
335	985
335	998
336	477
336	913
336	941
336	955
336	975
337	420
337	864
337	921
337	924
337	965
338	707
338	904
338	943
338	966
338	992
339	741
339	802
339	967
339	991
339	996
340	312
340	836
340	938
340	952
340	971
341	686
341	730
341	813
341	922
341	946
342	296
342	784
342	874
342	899
342	925
343	858
343	885
343	896
343	906
343	907
344	264
344	646
344	824
344	834
344	933
345	148
345	822
345	969
345	981
345	1000
346	22
346	886
346	968
346	974
346	985
347	401
347	853
347	936
347	944
347	977
348	177
348	465
348	527
348	601
348	942
349	864
349	895
349	985
349	990
349	998
350	49
350	237
350	592
350	726
350	858
351	646
351	681
351	731
351	914
351	952
352	241
352	553
352	930
352	951
352	997
353	640
353	698
353	880
353	932
353	948
354	82
354	110
354	366
354	733
354	843
355	5
355	724
355	936
355	944
355	977
356	834
356	874
356	877
356	912
356	916
357	889
357	933
357	947
357	970
357	983
358	285
358	699
358	775
358	983
358	987
359	709
359	723
359	728
359	793
359	967
360	13
360	536
360	538
360	574
360	926
361	921
361	958
361	978
361	989
361	995
362	115
362	282
362	585
362	778
362	996
363	568
363	913
363	951
363	984
363	997
364	632
364	918
364	949
364	982
364	984
365	451
365	748
365	936
365	944
365	977
366	354
366	492
366	733
366	793
366	829
367	799
367	847
367	953
367	978
367	995
368	136
368	177
368	810
368	832
368	972
369	643
369	761
369	803
369	830
369	989
370	382
370	877
370	906
370	912
370	916
371	633
371	876
371	941
371	955
371	961
372	321
372	916
372	971
372	982
372	994
373	402
373	877
373	912
373	916
373	979
374	694
374	752
374	850
374	929
374	934
375	893
375	974
375	985
375	990
375	998
376	303
376	419
376	712
376	741
376	832
377	727
377	855
377	973
377	989
377	995
378	278
378	386
378	658
378	853
378	977
379	739
379	839
379	874
379	969
379	1000
380	525
380	589
380	660
380	991
380	996
381	219
381	659
381	681
381	824
381	863
382	370
382	638
382	877
382	916
382	991
383	782
383	891
383	947
383	970
383	987
384	128
384	510
384	772
384	991
384	996
385	856
385	881
385	926
385	979
385	993
386	378
386	833
386	936
386	977
386	982
387	627
387	925
387	969
387	981
387	1000
388	551
388	699
388	947
388	983
388	987
389	677
389	742
389	873
389	931
389	964
390	645
390	818
390	833
390	853
390	977
391	458
391	638
391	816
391	912
391	916
392	9
392	664
392	832
392	946
392	950
393	774
393	866
393	884
393	926
393	979
394	120
394	860
394	870
394	957
394	972
395	469
395	839
395	910
395	969
395	1000
396	191
396	604
396	676
396	964
396	987
397	846
397	982
397	984
397	994
397	1000
398	797
398	802
398	875
398	967
398	991
399	884
399	890
399	963
399	988
399	992
400	792
400	871
400	949
400	971
400	994
401	347
401	522
401	925
401	945
401	1000
402	373
402	704
402	840
402	874
402	882
403	795
403	891
403	928
403	930
403	983
404	241
404	288
404	924
404	965
404	997
405	735
405	857
405	942
405	954
405	986
406	262
406	321
406	905
406	947
406	970
407	559
407	766
407	962
407	967
407	996
408	833
408	887
408	936
408	977
408	979
409	138
409	895
409	968
409	990
409	998
410	717
410	933
410	947
410	983
410	987
411	527
411	596
411	844
411	859
411	942
412	645
412	939
412	967
412	991
412	996
413	168
413	419
413	810
413	832
413	993
414	613
414	913
414	953
414	976
414	997
415	74
415	191
415	676
415	792
415	964
416	708
416	792
416	872
416	895
416	950
417	282
417	971
417	982
417	984
417	994
418	869
418	888
418	898
418	915
418	918
419	376
419	413
419	557
419	558
419	720
420	337
420	867
420	908
420	971
420	994
421	443
421	903
421	973
421	978
421	995
422	166
422	617
422	719
422	986
422	999
423	851
423	872
423	946
423	950
423	962
424	67
424	134
424	601
424	859
424	942
425	751
425	898
425	917
425	944
425	977
426	100
426	809
426	922
426	969
426	981
427	937
427	941
427	955
427	975
427	983
428	601
428	937
428	941
428	955
428	975
429	200
429	708
429	744
429	826
429	950
430	319
430	455
430	637
430	689
430	703
431	871
431	927
431	966
431	971
431	992
432	14
432	95
432	520
432	577
432	955
432	975
433	268
433	835
433	876
433	880
433	932
433	948
434	253
434	605
434	723
434	858
434	885
434	896
435	128
435	958
435	973
435	978
435	989
435	995
436	829
436	836
436	898
436	938
436	952
436	999
437	495
437	613
437	809
437	936
437	944
437	977
438	333
438	531
438	906
438	909
438	971
438	982
439	72
439	571
439	893
439	943
439	966
439	992
440	204
440	469
440	788
440	938
440	952
440	958
441	25
441	807
441	828
441	878
441	963
441	988
442	5
442	51
442	797
442	815
442	991
442	996
443	421
443	521
443	540
443	707
443	851
443	946
444	508
444	537
444	738
444	915
444	990
444	998
445	464
445	774
445	856
445	912
445	976
445	993
446	101
446	512
446	538
446	623
446	793
446	843
447	667
447	860
447	911
447	940
447	956
447	999
448	7
448	215
448	768
448	850
448	929
448	934
449	598
449	623
449	727
449	844
449	942
449	988
450	900
450	948
450	968
450	971
450	985
450	998
451	335
451	365
451	591
451	887
451	936
451	977
452	195
452	838
452	895
452	968
452	985
452	990
453	792
453	826
453	872
453	894
453	946
453	950
454	272
454	821
454	907
454	926
454	960
454	993
455	430
455	460
455	725
455	750
455	796
455	966
456	181
456	830
456	873
456	931
456	964
456	979
457	102
457	814
457	900
457	985
457	990
457	998
458	391
458	786
458	823
458	877
458	899
458	916
459	516
459	927
459	962
459	966
459	980
459	992
460	4
460	234
460	256
460	455
460	689
460	750
461	779
461	909
461	949
461	982
461	984
461	994
462	653
462	848
462	857
462	885
462	954
462	986
463	4
463	758
463	808
463	811
463	841
463	879
464	445
464	840
464	908
464	949
464	971
464	994
465	317
465	348
465	672
465	844
465	942
465	965
466	32
466	576
466	627
466	703
466	725
466	796
467	318
467	324
467	325
467	689
467	796
467	855
468	19
468	291
468	619
468	630
468	782
468	863
469	127
469	395
469	440
469	829
469	938
469	952
470	696
470	823
470	831
470	874
470	912
470	916
471	151
471	654
471	780
471	860
471	959
471	972
472	678
472	823
472	878
472	889
472	963
472	988
473	215
473	533
473	584
473	742
473	911
473	999
474	524
474	575
474	660
474	722
474	911
474	999
475	634
475	764
475	854
475	956
475	989
475	999
476	23
476	758
476	804
476	808
476	841
476	842
477	336
477	916
477	937
477	955
477	975
477	1000
478	502
478	587
478	886
478	895
478	985
478	990
479	881
479	901
479	962
479	980
479	990
479	992
480	299
480	773
480	782
480	834
480	863
480	914
481	804
481	818
481	883
481	973
481	989
481	995
482	274
482	528
482	839
482	910
482	981
482	1000
483	201
483	708
483	826
483	851
483	950
483	999
484	669
484	706
484	960
484	976
484	979
484	993
485	603
485	687
485	736
485	902
485	954
485	986
486	46
486	546
486	735
486	902
486	954
486	986
487	619
487	649
487	752
487	865
487	929
487	934
488	908
488	965
488	971
488	982
488	984
488	994
489	53
489	649
489	768
489	865
489	929
489	934
490	146
490	267
490	905
490	930
490	970
490	987
491	312
491	328
491	788
491	898
491	938
491	959
492	129
492	366
492	709
492	728
492	749
492	843
493	570
493	765
493	930
493	933
493	970
493	987
494	320
494	592
494	726
494	858
494	870
494	896
495	437
495	887
495	917
495	944
495	977
495	995
496	275
496	761
496	803
496	928
496	948
496	964
497	656
497	692
497	888
497	915
497	918
497	974
498	543
498	939
498	941
498	961
498	975
498	981
499	627
499	686
499	791
499	813
499	911
499	922
500	637
500	831
500	905
500	909
500	983
500	987
501	566
501	864
501	894
501	951
501	965
501	997
502	304
502	478
502	820
502	923
502	956
502	999
503	213
503	618
503	740
503	967
503	991
503	996
504	692
504	869
504	888
504	915
504	917
504	918
505	228
505	573
505	836
505	923
505	938
505	952
506	812
506	960
506	976
506	979
506	989
506	993
507	246
507	252
507	943
507	962
507	966
507	992
508	444
508	858
508	968
508	974
508	990
508	998
509	332
509	544
509	643
509	803
509	830
509	964
510	260
510	384
510	736
510	829
510	938
510	952
511	84
511	293
511	781
511	845
511	924
511	999
512	446
512	580
512	712
512	852
512	928
512	931
513	3
513	567
513	791
513	813
513	817
513	922
514	40
514	737
514	951
514	953
514	984
514	997
515	118
515	925
515	945
515	969
515	980
515	1000
516	459
516	883
516	973
516	978
516	989
516	995
517	12
517	756
517	904
517	910
517	945
517	969
518	109
518	697
518	756
518	822
518	981
518	1000
519	690
519	717
519	790
519	813
519	920
519	922
520	432
520	939
520	941
520	955
520	961
520	964
521	137
521	443
521	642
521	775
521	946
521	950
522	165
522	401
522	789
522	925
522	981
522	1000
523	123
523	821
523	849
523	911
523	928
523	931
524	474
524	564
524	666
524	923
524	935
524	940
525	183
525	380
525	618
525	732
525	967
525	996
526	680
526	910
526	925
526	945
526	981
526	1000
527	348
527	411
527	598
527	844
527	942
527	950
528	68
528	482
528	756
528	824
528	969
528	981
529	52
529	654
529	715
529	865
529	929
529	934
530	104
530	803
530	849
530	928
530	931
530	992
531	438
531	907
531	960
531	976
531	979
531	993
532	56
532	906
532	933
532	970
532	983
532	987
533	54
533	149
533	473
533	608
533	995
533	999
534	540
534	653
534	687
534	762
534	866
534	986
535	734
535	880
535	919
535	932
535	948
535	997
536	360
536	713
536	723
536	728
536	793
536	901
537	444
537	611
537	895
537	985
537	990
537	998
538	249
538	294
538	360
538	446
538	733
538	793
538	843
539	316
539	678
539	807
539	878
539	920
539	963
539	988
540	230
540	443
540	534
540	664
540	872
540	946
540	950
541	264
541	595
541	630
541	646
541	733
541	835
541	914
542	720
542	819
542	860
542	870
542	957
542	959
542	967
543	312
543	498
543	691
543	937
543	939
543	955
543	961
544	298
544	509
544	869
544	888
544	915
544	917
544	918
545	926
545	956
545	960
545	976
545	979
545	983
545	993
546	486
546	886
546	974
546	978
546	985
546	990
546	998
547	123
547	273
547	676
547	821
547	852
547	964
547	990
548	790
548	876
548	880
548	919
548	932
548	948
548	976
549	697
549	818
549	833
549	887
549	936
549	944
549	977
550	74
550	729
550	821
550	849
550	928
550	931
550	937
551	388
551	584
551	644
551	720
551	860
551	957
551	972
552	753
552	757
552	768
552	787
552	865
552	929
552	934
553	121
553	352
553	568
553	864
553	921
553	953
553	997
554	65
554	737
554	859
554	894
554	913
554	953
554	965
555	845
555	911
555	923
555	935
555	949
555	956
555	999
556	56
556	164
556	313
556	319
556	324
556	725
556	796
557	41
557	138
557	231
557	323
557	327
557	419
557	741
558	13
558	309
558	419
558	563
558	712
558	827
558	832
559	240
559	407
559	766
559	778
559	967
559	991
559	996
560	868
560	901
560	943
560	962
560	972
560	980
560	992
561	585
561	649
561	919
561	937
561	955
561	961
561	975
562	662
562	862
562	890
562	920
562	963
562	987
562	988
563	73
563	323
563	558
563	741
563	807
563	810
563	832
564	524
564	628
564	639
564	774
564	960
564	979
564	993
565	624
565	644
565	670
565	841
565	870
565	959
565	972
566	501
566	794
566	909
566	971
566	982
566	984
566	991
567	155
567	513
567	903
567	958
567	978
567	989
567	995
568	363
568	553
568	825
568	853
568	864
568	965
568	976
569	818
569	833
569	853
569	917
569	936
569	977
569	994
570	296
570	493
570	624
570	870
570	957
570	959
570	972
571	439
571	876
571	893
571	938
571	943
571	962
571	992
572	156
572	622
572	625
572	850
572	929
572	934
572	948
573	162
573	260
573	267
573	505
573	630
573	829
573	938
574	360
574	657
574	709
574	723
574	728
574	733
574	938
575	305
575	474
575	595
575	674
575	836
575	898
575	952
576	27
576	164
576	277
576	313
576	466
576	641
576	725
577	432
577	714
577	864
577	939
577	941
577	961
577	975
578	6
578	8
578	862
578	890
578	920
578	963
578	988
579	107
579	711
579	737
579	921
579	951
579	960
579	997
580	512
580	642
580	830
580	852
580	931
580	964
580	979
581	298
581	656
581	692
581	837
581	888
581	915
581	918
582	621
582	763
582	767
582	773
582	786
582	789
582	824
583	702
583	710
583	876
583	880
583	919
583	932
583	948
584	210
584	473
584	551
584	644
584	957
584	959
584	972
585	362
585	561
585	937
585	941
585	955
585	961
585	975
586	216
586	644
586	665
586	780
586	959
586	967
586	972
587	478
587	767
587	968
587	974
587	985
587	990
587	998
588	180
588	328
588	595
588	693
588	788
588	836
588	898
589	241
589	380
589	772
589	797
589	967
589	991
589	996
590	65
590	613
590	711
590	721
590	798
590	965
590	997
591	299
591	451
591	820
591	833
591	879
591	887
591	944
592	350
592	494
592	605
592	713
592	858
592	885
592	896
593	608
593	820
593	854
593	913
593	940
593	956
593	999
594	664
594	775
594	851
594	872
594	903
594	946
594	950
595	204
595	541
595	575
595	588
595	788
595	829
595	952
596	122
596	310
596	411
596	816
596	902
596	970
596	986
597	652
597	924
597	926
597	951
597	953
597	965
597	997
598	113
598	317
598	333
598	449
598	527
598	859
598	942
599	652
599	670
599	782
599	819
599	860
599	957
599	959
600	202
600	911
600	923
600	940
600	955
600	956
600	999
601	105
601	348
601	424
601	428
601	672
601	684
601	844
602	12
602	682
602	786
602	840
602	892
602	984
602	994
603	270
603	310
603	485
603	848
603	857
603	954
603	986
604	35
604	242
604	275
604	396
604	873
604	883
604	964
605	320
605	434
605	592
605	726
605	885
605	896
605	932
606	760
606	787
606	800
606	945
606	969
606	983
606	1000
607	277
607	747
607	779
607	808
607	910
607	969
607	1000
608	331
608	533
608	593
608	626
608	845
608	854
608	911
608	999
609	738
609	806
609	900
609	968
609	974
609	988
609	990
609	998
610	112
610	267
610	695
610	700
610	736
610	898
610	938
610	952
611	212
611	283
611	537
611	937
611	939
611	941
611	955
611	975
612	169
612	855
612	897
612	958
612	989
612	992
612	993
612	995
613	414
613	437
613	590
613	894
613	921
613	951
613	965
613	997
614	687
614	702
614	876
614	880
614	919
614	932
614	948
614	963
615	254
615	688
615	807
615	837
615	889
615	987
615	988
615	991
616	66
616	150
616	713
616	781
616	803
616	808
616	811
616	841
617	139
617	422
617	762
617	816
617	857
617	954
617	986
617	992
618	503
618	525
618	745
618	772
618	795
618	815
618	991
618	996
619	273
619	468
619	487
619	630
619	767
619	789
619	824
619	914
620	628
620	866
620	926
620	960
620	970
620	976
620	979
620	993
621	582
621	681
621	731
621	767
621	829
621	835
621	863
621	983
622	572
622	654
622	850
622	865
622	880
622	929
622	933
622	934
623	194
623	250
623	292
623	446
623	449
623	844
623	859
623	942
624	151
624	565
624	570
624	693
624	733
624	957
624	959
624	972
625	189
625	572
625	769
625	822
625	839
625	910
625	945
625	1000
626	608
626	881
626	904
626	927
626	962
626	966
626	980
626	1000
627	330
627	387
627	466
627	499
627	790
627	813
627	817
627	922
628	564
628	620
628	745
628	816
628	926
628	976
628	979
628	993
629	658
629	668
629	814
629	886
629	968
629	974
629	985
629	989
630	89
630	297
630	468
630	541
630	573
630	619
630	782
630	835
631	46
631	687
631	719
631	749
631	816
631	846
631	857
631	986
632	364
632	708
632	794
632	840
632	971
632	982
632	984
632	994
633	371
633	914
633	937
633	939
633	941
633	961
633	964
633	975
634	202
634	475
634	781
634	873
634	923
634	935
634	947
634	999
635	116
635	846
635	909
635	949
635	969
635	971
635	982
635	994
636	746
636	811
636	866
636	907
636	960
636	976
636	979
636	993
637	430
637	500
637	639
637	765
637	930
637	947
637	983
637	987
638	63
638	382
638	391
638	770
638	823
638	882
638	893
638	912
639	217
639	564
639	637
639	930
639	970
639	982
639	983
639	987
640	353
640	710
640	771
640	778
640	919
640	932
640	938
640	948
641	148
641	313
641	318
641	325
641	576
641	648
641	703
641	734
642	242
642	521
642	580
642	676
642	729
642	852
642	928
642	986
643	35
643	175
643	369
643	509
643	743
643	803
643	873
643	964
644	551
644	565
644	584
644	586
644	670
644	761
644	959
644	972
645	390
645	412
645	732
645	812
645	815
645	967
645	991
645	996
646	302
646	344
646	351
646	541
646	763
646	863
646	882
646	914
647	767
647	856
647	883
647	926
647	960
647	976
647	979
647	993
648	641
648	653
648	749
648	762
648	857
648	954
648	970
648	986
649	180
649	487
649	489
649	561
649	753
649	836
649	865
649	934
650	289
650	801
650	805
650	871
650	881
650	901
650	962
650	992
651	125
651	165
651	708
651	925
651	945
651	969
651	981
651	1000
652	94
652	597
652	599
652	921
652	924
652	951
652	965
652	997
653	300
653	462
653	534
653	648
653	749
653	902
653	962
653	986
654	180
654	471
654	529
654	622
654	757
654	850
654	929
654	938
655	149
655	247
655	762
655	902
655	908
655	914
655	954
655	986
656	105
656	141
656	197
656	497
656	581
656	888
656	915
656	918
657	101
657	163
657	574
657	696
657	709
657	723
657	728
657	843
658	285
658	378
658	629
658	900
658	968
658	985
658	990
658	998
659	89
659	381
659	681
659	763
659	767
659	824
659	835
659	860
660	380
660	474
660	748
660	820
660	845
660	923
660	935
660	940
661	31
661	748
661	840
661	848
661	854
661	923
661	935
661	999
662	33
662	562
662	785
662	878
662	884
662	889
662	920
662	988
663	703
663	738
663	838
663	886
663	937
663	974
663	990
663	998
664	199
664	392
664	540
664	594
664	826
664	946
664	950
664	966
665	586
665	819
665	870
665	957
665	959
665	972
665	982
665	998
666	524
666	806
666	854
666	933
666	935
666	940
666	956
666	999
667	31
667	447
667	845
667	908
667	911
667	940
667	956
667	999
668	629
668	838
668	940
668	943
668	968
668	974
668	990
668	998
669	484
669	825
669	866
669	907
669	926
669	976
669	984
669	993
670	565
670	599
670	644
670	860
670	957
670	959
670	972
670	973
671	208
671	323
671	690
671	717
671	791
671	798
671	817
671	922
672	317
672	333
672	465
672	601
672	852
672	859
672	919
672	942
673	122
673	162
673	848
673	857
673	902
673	937
673	954
673	986
674	14
674	575
674	819
674	829
674	836
674	898
674	938
674	952
675	138
675	177
675	323
675	810
675	827
675	832
675	898
675	941
676	169
676	273
676	396
676	415
676	547
676	642
676	742
676	761
676	931
677	389
677	714
677	716
677	937
677	939
677	941
677	955
677	961
677	975
678	90
678	472
678	539
678	685
678	845
678	920
678	937
678	963
678	988
679	228
679	281
679	326
679	818
679	887
679	917
679	936
679	944
679	977
680	310
680	526
680	754
680	868
680	875
680	893
680	966
680	980
680	992
681	127
681	159
681	351
681	381
681	621
681	659
681	698
681	773
681	824
682	1
682	602
682	867
682	906
682	908
682	949
682	971
682	984
682	994
683	864
683	894
683	917
683	921
683	951
683	953
683	965
683	997
683	1000
684	57
684	75
684	317
684	601
684	727
684	844
684	859
684	942
684	972
685	157
685	678
685	807
685	828
685	878
685	884
685	963
685	988
685	996
686	81
686	341
686	499
686	790
686	798
686	817
686	922
686	939
686	945
687	485
687	534
687	614
687	631
687	719
687	762
687	857
687	916
687	986
688	37
688	286
688	314
688	615
688	884
688	890
688	963
688	988
688	989
689	318
689	319
689	430
689	460
689	467
689	725
689	750
689	939
689	940
690	519
690	671
690	717
690	730
690	791
690	798
690	813
690	922
690	990
691	543
691	716
691	901
691	943
691	962
691	966
691	980
691	992
691	994
692	497
692	504
692	581
692	830
692	869
692	888
692	915
692	918
692	966
693	16
693	588
693	624
693	805
693	860
693	870
693	957
693	959
693	972
694	147
694	252
694	374
694	869
694	888
694	915
694	918
694	964
694	987
695	610
695	747
695	804
695	861
695	903
695	958
695	973
695	978
695	989
696	77
696	470
696	657
696	784
696	823
696	874
696	877
696	916
696	944
697	45
697	518
697	549
697	897
697	958
697	973
697	978
697	989
697	995
698	195
698	353
698	681
698	825
698	894
698	921
698	924
698	953
698	997
699	288
699	358
699	388
699	778
699	891
699	947
699	970
699	977
699	987
700	74
700	258
700	610
700	715
700	743
700	761
700	803
700	928
700	964
701	66
701	103
701	145
701	211
701	329
701	808
701	841
701	879
701	888
702	583
702	614
702	771
702	880
702	919
702	923
702	932
702	944
702	948
703	164
703	430
703	466
703	641
703	663
703	725
703	750
703	770
703	796
704	53
704	402
704	770
704	784
704	795
704	882
704	899
704	912
704	916
705	283
705	714
705	937
705	939
705	941
705	955
705	961
705	973
705	975
706	69
706	484
706	867
706	892
706	908
706	949
706	971
706	984
706	994
707	338
707	443
707	708
707	744
707	792
707	835
707	851
707	872
707	950
708	416
708	429
708	483
708	632
708	651
708	707
708	826
708	946
708	950
709	82
709	359
709	492
709	574
709	657
709	728
709	793
709	841
709	843
710	85
710	583
710	640
710	724
710	876
710	919
710	932
710	948
710	993
711	579
711	590
711	806
711	847
711	921
711	924
711	958
711	965
711	997
712	309
712	376
712	512
712	558
712	741
712	810
712	827
712	832
712	940
713	171
713	536
713	592
713	616
713	808
713	811
713	841
713	842
713	879
714	577
714	677
714	705
714	939
714	941
714	955
714	961
714	975
714	976
715	529
715	700
715	743
715	759
715	849
715	852
715	873
715	928
715	931
715	964
716	677
716	691
716	776
716	835
716	901
716	927
716	943
716	966
716	980
716	992
717	410
717	519
717	671
717	690
717	790
717	791
717	813
717	817
717	913
717	922
718	754
718	760
718	881
718	892
718	927
718	943
718	966
718	976
718	980
718	992
719	71
719	194
719	422
719	631
719	687
719	735
719	848
719	902
719	954
719	986
720	170
720	419
720	542
720	551
720	780
720	819
720	860
720	957
720	959
720	972
721	181
721	195
721	590
721	806
721	833
721	886
721	913
721	953
721	965
721	997
722	474
722	785
722	820
722	854
722	916
722	923
722	935
722	940
722	956
722	999
723	294
723	359
723	434
723	536
723	574
723	657
723	728
723	793
723	828
723	843
724	355
724	710
724	734
724	771
724	876
724	880
724	919
724	932
724	948
724	973
725	213
725	455
725	466
725	556
725	576
725	689
725	703
725	750
725	796
725	921
726	49
726	78
726	165
726	320
726	350
726	494
726	605
726	742
726	885
726	896
727	105
727	237
727	333
727	377
727	449
727	684
727	844
727	859
727	868
727	942
728	82
728	359
728	492
728	536
728	574
728	657
728	709
728	723
728	755
728	962
729	29
729	550
729	642
729	761
729	803
729	830
729	849
729	852
729	928
729	946
730	341
730	690
730	790
730	791
730	798
730	813
730	817
730	828
730	922
730	983
731	351
731	621
731	773
731	782
731	834
731	835
731	863
731	914
731	926
731	956
732	51
732	123
732	282
732	525
732	645
732	766
732	914
732	967
732	991
732	996
733	129
733	163
733	294
733	354
733	366
733	538
733	541
733	574
733	624
733	843
734	535
734	641
734	724
734	771
734	876
734	880
734	919
734	932
734	948
734	992
735	251
735	405
735	486
735	719
735	750
735	762
735	816
735	848
735	954
735	986
736	34
736	334
736	485
736	510
736	610
736	788
736	829
736	888
736	898
736	952
737	514
737	554
737	579
737	825
737	913
737	924
737	951
737	954
737	997
737	1000
738	253
738	444
738	609
738	663
738	968
738	974
738	985
738	990
738	993
738	998
739	109
739	293
739	379
739	777
739	807
739	910
739	925
739	969
739	981
739	1000
740	503
740	795
740	841
740	905
740	930
740	933
740	947
740	970
740	983
740	987
741	136
741	138
741	168
741	339
741	376
741	557
741	563
741	712
741	832
741	984
742	389
742	473
742	676
742	726
742	821
742	830
742	873
742	928
742	931
742	964
743	35
743	275
743	332
743	643
743	700
743	715
743	893
743	931
743	964
743	999
744	152
744	429
744	707
744	747
744	775
744	792
744	851
744	854
744	872
744	946
745	51
745	243
745	315
745	618
745	628
745	778
745	802
745	967
745	991
745	996
746	636
746	812
746	856
746	926
746	960
746	967
746	976
746	978
746	979
746	993
747	607
747	695
747	744
747	783
747	861
747	883
747	958
747	978
747	989
747	995
748	272
748	331
748	365
748	660
748	661
748	781
748	911
748	940
748	971
748	999
749	310
749	492
749	631
749	648
749	653
749	816
749	902
749	954
749	986
749	994
750	4
750	32
750	79
750	455
750	460
750	689
750	703
750	725
750	735
750	788
751	275
751	278
751	287
751	425
751	853
751	887
751	917
751	936
751	944
751	977
752	7
752	96
752	374
752	487
752	753
752	757
752	819
752	919
752	929
752	934
752	937
753	52
753	172
753	552
753	649
753	752
753	791
753	850
753	865
753	929
753	934
753	961
754	251
754	289
754	680
754	718
754	868
754	901
754	934
754	962
754	974
754	980
754	992
755	193
755	728
755	864
755	894
755	913
755	924
755	933
755	951
755	953
755	965
755	997
756	301
756	517
756	518
756	528
756	769
756	779
756	784
756	787
756	969
756	981
756	1000
757	156
757	552
757	654
757	752
757	768
757	850
757	865
757	884
757	929
757	934
757	959
758	23
758	91
758	171
758	463
758	476
758	796
758	799
758	808
758	811
758	842
758	879
759	248
759	715
759	796
759	867
759	892
759	908
759	949
759	971
759	982
759	984
759	994
760	158
760	606
760	718
760	819
760	875
760	881
760	904
760	962
760	966
760	980
760	992
761	369
761	496
761	644
761	676
761	700
761	729
761	852
761	873
761	928
761	931
761	932
762	534
762	617
762	648
762	655
762	687
762	735
762	848
762	954
762	983
762	986
762	994
763	89
763	159
763	226
763	271
763	582
763	646
763	659
763	789
763	905
763	909
763	914
764	85
764	215
764	475
764	809
764	854
764	911
764	940
764	947
764	956
764	957
764	999
765	84
765	493
765	637
765	785
765	891
765	905
765	930
765	933
765	947
765	970
765	987
766	407
766	559
766	732
766	778
766	815
766	892
766	934
766	967
766	991
766	995
766	996
767	582
767	587
767	619
767	621
767	647
767	659
767	782
767	834
767	835
767	863
767	914
768	52
768	131
768	448
768	489
768	552
768	757
768	809
768	850
768	905
768	929
768	934
769	68
769	224
769	625
769	756
769	777
769	910
769	945
769	955
769	960
769	981
769	1000
770	59
770	222
770	291
770	638
770	703
770	704
770	832
770	874
770	877
770	916
770	998
771	268
771	640
771	702
771	724
771	734
771	842
771	876
771	919
771	932
771	948
771	998
772	50
772	233
772	384
772	589
772	618
772	778
772	815
772	889
772	991
772	996
772	999
773	226
773	480
773	582
773	681
773	731
773	782
773	824
773	829
773	834
773	835
773	974
774	135
774	393
774	445
774	564
774	856
774	907
774	926
774	976
774	979
774	983
774	993
775	137
775	358
775	521
775	594
775	744
775	826
775	851
775	872
775	882
775	946
775	950
776	314
776	716
776	833
776	868
776	875
776	901
776	904
776	927
776	966
776	980
776	992
777	144
777	739
777	769
777	779
777	839
777	849
777	857
777	910
777	969
777	981
777	1000
778	276
778	362
778	559
778	640
778	699
778	745
778	766
778	772
778	802
778	967
778	991
779	461
779	607
779	756
779	777
779	809
779	827
779	925
779	939
779	945
779	969
779	1000
780	229
780	297
780	471
780	586
780	720
780	819
780	952
780	953
780	957
780	972
780	997
781	25
781	272
781	304
781	511
781	616
781	634
781	748
781	886
781	923
781	935
781	999
782	127
782	383
782	468
782	480
782	599
782	630
782	731
782	767
782	773
782	789
782	914
782	951
783	255
783	747
783	837
783	855
783	883
783	897
783	903
783	973
783	978
783	989
783	995
783	1000
784	145
784	222
784	291
784	342
784	696
784	704
784	756
784	877
784	882
784	912
784	916
784	942
785	662
785	722
785	765
785	801
785	828
785	846
785	862
785	878
785	890
785	920
785	963
785	988
786	458
786	582
786	602
786	840
786	892
786	906
786	909
786	949
786	971
786	982
786	984
786	994
787	33
787	165
787	552
787	606
787	756
787	822
787	910
787	925
787	945
787	993
787	995
787	1000
788	204
788	267
788	440
788	491
788	588
788	595
788	736
788	750
788	802
788	898
788	938
788	952
789	19
789	271
789	522
789	582
789	619
789	763
789	782
789	824
789	834
789	842
789	863
789	914
790	10
790	81
790	330
790	519
790	548
790	627
790	686
790	717
790	730
790	798
790	817
790	922
791	3
791	499
791	513
791	671
791	690
791	717
791	730
791	753
791	798
791	868
791	922
791	935
792	121
792	287
792	400
792	415
792	416
792	453
792	707
792	744
792	813
792	851
792	946
792	950
793	13
793	101
793	208
793	359
793	366
793	446
793	536
793	538
793	709
793	723
793	843
793	928
794	264
794	566
794	632
794	826
794	892
794	900
794	906
794	908
794	909
794	971
794	984
794	994
795	284
795	403
795	618
795	704
795	740
795	849
795	891
795	905
795	930
795	947
795	970
795	983
796	4
796	32
796	148
796	455
796	466
796	467
796	556
796	703
796	725
796	758
796	759
796	934
797	58
797	243
797	398
797	442
797	589
797	802
797	858
797	902
797	912
797	967
797	991
797	996
798	208
798	330
798	590
798	671
798	686
798	690
798	730
798	790
798	791
798	817
798	922
798	941
799	171
799	367
799	758
799	804
799	844
799	847
799	855
799	861
799	958
799	973
799	978
799	989
800	29
800	88
800	606
800	809
800	910
800	915
800	922
800	925
800	945
800	969
800	981
800	1000
801	63
801	650
801	785
801	804
801	807
801	862
801	878
801	884
801	890
801	920
801	963
801	988
802	223
802	308
802	339
802	398
802	745
802	778
802	788
802	797
802	815
802	856
802	991
802	996
803	369
803	496
803	509
803	530
803	616
803	643
803	700
803	729
803	821
803	852
803	924
803	928
804	236
804	476
804	481
804	695
804	799
804	801
804	855
804	903
804	955
804	973
804	978
804	995
805	650
805	693
805	871
805	875
805	881
805	893
805	901
805	927
805	943
805	966
805	980
805	981
805	992
806	181
806	230
806	609
806	666
806	711
806	721
806	894
806	924
806	929
806	951
806	953
806	965
806	997
807	441
807	539
807	563
807	615
807	685
807	739
807	801
807	828
807	862
807	890
807	920
807	963
807	988
808	145
808	211
808	329
808	463
808	476
808	607
808	616
808	701
808	713
808	758
808	811
808	842
808	879
809	277
809	426
809	437
809	764
809	768
809	779
809	800
809	910
809	925
809	945
809	969
809	981
809	1000
810	44
810	73
810	168
810	188
810	231
810	368
810	413
810	563
810	675
810	712
810	827
810	832
810	959
811	30
811	103
811	150
811	463
811	616
811	636
811	713
811	758
811	808
811	841
811	842
811	879
811	954
812	83
812	142
812	218
812	506
812	645
812	746
812	866
812	907
812	926
812	960
812	976
812	979
812	993
813	341
813	499
813	513
813	519
813	627
813	690
813	717
813	730
813	792
813	817
813	922
813	929
813	986
814	295
814	457
814	629
814	838
814	878
814	895
814	961
814	968
814	974
814	985
814	990
814	996
814	998
815	233
815	442
815	618
815	645
815	766
815	772
815	802
815	830
815	844
815	874
815	967
815	991
815	996
816	99
816	391
816	596
816	617
816	628
816	631
816	735
816	749
816	848
816	857
816	895
816	902
816	986
817	265
817	329
817	513
817	627
817	671
817	686
817	717
817	730
817	790
817	798
817	813
817	922
817	997
818	188
818	318
818	390
818	481
818	549
818	569
818	679
818	853
818	887
818	917
818	936
818	959
818	977
819	218
819	542
819	599
819	665
819	674
819	720
819	752
819	760
819	780
819	860
819	870
819	957
819	959
820	205
820	502
820	591
820	593
820	660
820	722
820	837
820	845
820	923
820	935
820	940
820	956
820	999
821	94
821	104
821	332
821	454
821	523
821	547
821	550
821	742
821	803
821	849
821	931
821	964
821	974
822	12
822	18
822	99
822	345
822	518
822	625
822	787
822	839
822	897
822	925
822	980
822	981
822	1000
823	48
823	53
823	160
823	292
823	458
823	470
823	472
823	638
823	696
823	854
823	882
823	899
823	912
823	916
824	19
824	79
824	226
824	344
824	381
824	528
824	582
824	619
824	659
824	681
824	773
824	789
824	863
824	974
825	16
825	279
825	568
825	669
825	698
825	737
825	894
825	913
825	921
825	924
825	953
825	965
825	975
825	997
826	9
826	287
826	429
826	453
826	483
826	664
826	708
826	775
826	794
826	845
826	851
826	946
826	950
826	953
827	73
827	136
827	177
827	196
827	231
827	309
827	323
827	558
827	675
827	712
827	779
827	810
827	832
827	914
828	197
828	441
828	685
828	723
828	730
828	785
828	807
828	837
828	862
828	884
828	889
828	942
828	963
828	988
829	112
829	366
829	436
829	469
829	510
829	573
829	595
829	621
829	674
829	736
829	773
829	836
829	938
829	952
830	104
830	369
830	456
830	509
830	580
830	692
830	729
830	742
830	815
830	849
830	873
830	928
830	964
830	978
831	470
831	500
831	847
831	855
831	861
831	883
831	897
831	903
831	958
831	973
831	975
831	978
831	989
831	995
832	136
832	368
832	376
832	392
832	413
832	558
832	563
832	675
832	712
832	741
832	770
832	810
832	827
832	956
833	386
833	390
833	408
833	549
833	569
833	591
833	721
833	776
833	853
833	887
833	917
833	936
833	944
833	977
834	235
834	271
834	344
834	356
834	480
834	731
834	767
834	773
834	789
834	835
834	838
834	863
834	914
834	928
835	264
835	433
835	541
835	621
835	630
835	659
835	707
835	716
835	731
835	767
835	773
835	834
835	863
835	914
836	312
836	328
836	334
836	340
836	436
836	505
836	575
836	588
836	649
836	674
836	829
836	898
836	938
836	967
837	22
837	102
837	254
837	581
837	615
837	783
837	820
837	828
837	878
837	884
837	889
837	890
837	920
837	963
837	988
838	3
838	452
838	663
838	668
838	814
838	834
838	855
838	886
838	895
838	900
838	968
838	974
838	985
838	990
838	998
839	239
839	379
839	395
839	482
839	625
839	777
839	822
839	910
839	925
839	945
839	961
839	969
839	981
839	992
839	1000
840	402
840	464
840	602
840	632
840	661
840	786
840	846
840	867
840	906
840	909
840	948
840	949
840	982
840	984
840	994
841	30
841	66
841	91
841	116
841	463
841	476
841	565
841	616
841	701
841	709
841	713
841	740
841	811
841	842
841	879
842	30
842	103
842	116
842	171
842	329
842	476
842	713
842	758
842	771
842	789
842	808
842	811
842	841
842	879
842	980
843	101
843	163
843	294
843	354
843	446
843	492
843	538
843	657
843	709
843	723
843	733
843	793
843	862
843	970
843	979
844	173
844	194
844	411
844	449
844	465
844	527
844	601
844	623
844	684
844	727
844	799
844	815
844	859
844	910
844	942
845	331
845	511
845	555
845	608
845	660
845	667
845	678
845	820
845	826
845	854
845	923
845	935
845	956
845	963
845	999
846	132
846	200
846	397
846	631
846	635
846	785
846	840
846	892
846	906
846	908
846	949
846	971
846	982
846	984
846	994
847	367
847	711
847	799
847	831
847	855
847	861
847	897
847	903
847	904
847	917
847	950
847	958
847	973
847	978
847	989
848	126
848	311
848	462
848	603
848	661
848	673
848	719
848	735
848	762
848	816
848	857
848	902
848	912
848	954
848	986
849	332
849	523
849	530
849	550
849	715
849	729
849	777
849	795
849	821
849	830
849	852
849	873
849	928
849	931
849	953
850	47
850	96
850	222
850	374
850	448
850	572
850	622
850	654
850	753
850	757
850	768
850	865
850	929
850	934
850	994
851	140
851	199
851	423
851	443
851	483
851	594
851	707
851	744
851	775
851	792
851	826
851	872
851	939
851	946
851	947
852	512
852	547
852	580
852	642
852	672
852	715
852	729
852	761
852	803
852	849
852	873
852	911
852	928
852	931
852	985
853	11
853	299
853	347
853	378
853	390
853	568
853	569
853	751
853	818
853	833
853	887
853	936
853	944
853	954
853	977
854	135
854	475
854	593
854	608
854	661
854	666
854	722
854	744
854	764
854	823
854	845
854	923
854	956
854	980
854	999
855	169
855	377
855	467
855	612
855	783
855	799
855	804
855	831
855	838
855	847
855	944
855	973
855	978
855	989
855	995
856	385
856	445
856	647
856	746
856	774
856	802
856	866
856	907
856	926
856	960
856	976
856	977
856	979
856	993
856	995
857	43
857	139
857	405
857	462
857	603
857	617
857	631
857	648
857	673
857	687
857	777
857	816
857	848
857	961
857	986
857	991
858	17
858	78
858	125
858	176
858	246
858	343
858	350
858	434
858	494
858	508
858	592
858	797
858	885
858	886
858	896
858	981
859	57
859	173
859	250
859	411
859	424
859	554
859	598
859	623
859	672
859	684
859	727
859	844
859	893
859	923
859	942
859	969
860	17
860	229
860	394
860	447
860	471
860	542
860	551
860	599
860	659
860	670
860	693
860	720
860	819
860	957
860	959
860	972
861	76
861	301
861	695
861	747
861	799
861	831
861	847
861	883
861	897
861	950
861	958
861	960
861	973
861	978
861	989
861	991
862	42
862	62
862	102
862	172
862	562
862	578
862	785
862	801
862	807
862	828
862	843
862	884
862	920
862	935
862	963
862	988
863	7
863	18
863	381
863	468
863	480
863	621
863	646
863	731
863	767
863	789
863	824
863	834
863	835
863	895
863	914
863	989
864	183
864	337
864	349
864	501
864	553
864	568
864	577
864	683
864	755
864	913
864	921
864	924
864	951
864	953
864	962
864	997
865	52
865	180
865	182
865	283
865	487
865	489
865	529
865	552
865	622
865	649
865	753
865	757
865	850
865	909
865	929
865	972
866	393
866	534
866	620
866	636
866	669
866	812
866	856
866	875
866	907
866	926
866	960
866	964
866	976
866	979
866	993
866	996
867	139
867	420
867	682
867	706
867	759
867	840
867	892
867	902
867	906
867	908
867	948
867	949
867	971
867	982
867	984
867	994
868	229
868	266
868	560
868	680
868	727
868	754
868	776
868	791
868	878
868	893
868	904
868	927
868	962
868	966
868	980
868	992
869	70
869	87
869	106
869	201
869	219
869	418
869	504
869	544
869	692
869	694
869	888
869	918
869	923
869	943
869	961
869	986
870	64
870	151
870	394
870	494
870	542
870	565
870	570
870	665
870	693
870	819
870	947
870	957
870	959
870	968
870	972
870	998
871	132
871	261
871	305
871	400
871	431
871	650
871	805
871	875
871	881
871	904
871	934
871	943
871	962
871	966
871	980
871	992
872	121
872	137
872	152
872	416
872	423
872	453
872	540
872	594
872	707
872	744
872	775
872	851
872	891
872	946
872	950
872	954
872	964
873	273
873	389
873	456
873	604
873	634
873	643
873	715
873	742
873	761
873	830
873	849
873	852
873	900
873	928
873	931
873	964
873	984
874	48
874	77
874	186
874	227
874	342
874	356
874	379
874	402
874	470
874	696
874	770
874	815
874	877
874	899
874	912
874	918
874	943
875	202
875	204
875	398
875	680
875	760
875	776
875	805
875	866
875	871
875	893
875	904
875	927
875	943
875	962
875	966
875	980
875	992
876	15
876	263
876	371
876	433
876	548
876	571
876	583
876	614
876	710
876	724
876	734
876	771
876	880
876	887
876	919
876	932
876	948
877	186
877	216
877	294
877	356
877	370
877	373
877	382
877	458
877	696
877	770
877	784
877	874
877	879
877	882
877	899
877	916
877	963
878	441
878	472
878	539
878	662
878	685
878	785
878	801
878	814
878	837
878	868
878	884
878	889
878	902
878	920
878	963
878	988
878	992
879	23
879	30
879	66
879	150
879	329
879	463
879	591
879	701
879	713
879	758
879	808
879	811
879	841
879	842
879	877
879	903
879	906
880	263
880	353
880	433
880	535
880	548
880	583
880	614
880	622
880	702
880	724
880	734
880	876
880	917
880	919
880	932
880	935
880	948
881	198
881	385
881	479
881	626
881	650
881	718
881	760
881	805
881	871
881	927
881	932
881	943
881	946
881	953
881	962
881	980
881	992
882	53
882	59
882	93
882	291
882	292
882	296
882	402
882	638
882	646
882	704
882	775
882	784
882	823
882	877
882	899
882	904
882	912
882	916
883	60
883	257
883	481
883	516
883	604
883	647
883	747
883	783
883	831
883	861
883	886
883	897
883	903
883	958
883	973
883	989
883	995
883	997
884	37
884	182
884	238
884	393
884	399
884	662
884	685
884	688
884	757
884	801
884	828
884	837
884	862
884	878
884	889
884	920
884	982
884	988
885	17
885	38
885	49
885	95
885	154
885	170
885	176
885	246
885	253
885	343
885	434
885	462
885	592
885	605
885	726
885	858
885	896
885	899
886	220
886	346
886	478
886	546
886	629
886	663
886	721
886	781
886	838
886	858
886	883
886	895
886	900
886	968
886	974
886	985
886	990
886	998
887	158
887	259
887	408
887	451
887	495
887	549
887	591
887	679
887	751
887	818
887	833
887	853
887	876
887	892
887	917
887	936
887	944
887	977
888	70
888	87
888	141
888	147
888	243
888	418
888	497
888	504
888	544
888	581
888	656
888	692
888	694
888	701
888	736
888	869
888	915
888	918
889	62
889	90
889	153
889	157
889	306
889	357
889	472
889	615
889	662
889	772
889	828
889	837
889	878
889	884
889	890
889	920
889	988
889	993
890	42
890	62
890	211
890	238
890	399
890	562
890	578
890	688
890	785
890	801
890	807
890	837
890	889
890	920
890	963
890	965
890	988
890	1000
891	75
891	245
891	261
891	284
891	383
891	403
891	699
891	765
891	795
891	872
891	905
891	924
891	930
891	933
891	947
891	970
891	982
891	983
891	987
892	154
892	602
892	706
892	718
892	759
892	766
892	786
892	794
892	846
892	867
892	887
892	906
892	908
892	909
892	949
892	971
892	982
892	984
892	994
893	265
893	266
893	375
893	439
893	571
893	638
893	680
893	743
893	805
893	859
893	868
893	875
893	901
893	927
893	943
893	962
893	966
893	980
893	992
894	94
894	161
894	235
894	453
894	501
894	554
894	613
894	683
894	698
894	755
894	806
894	825
894	913
894	921
894	924
894	951
894	953
894	965
894	997
895	117
895	220
895	269
895	349
895	409
895	416
895	452
895	478
895	537
895	814
895	816
895	838
895	863
895	886
895	900
895	968
895	974
895	990
895	998
896	17
896	54
896	78
896	95
896	125
896	154
896	170
896	176
896	246
896	343
896	434
896	494
896	592
896	605
896	726
896	858
896	885
896	915
896	978
897	98
897	155
897	205
897	274
897	612
897	697
897	783
897	822
897	831
897	847
897	861
897	883
897	903
897	958
897	973
897	977
897	978
897	989
897	995
898	162
898	212
898	260
898	334
898	418
898	425
898	436
898	491
898	575
898	588
898	610
898	674
898	675
898	736
898	788
898	836
898	938
898	952
898	997
899	59
899	143
899	186
899	227
899	291
899	292
899	342
899	458
899	704
899	823
899	874
899	877
899	882
899	885
899	912
899	916
899	948
899	987
899	998
900	144
900	327
900	335
900	450
900	457
900	609
900	658
900	794
900	838
900	873
900	886
900	895
900	930
900	950
900	968
900	974
900	985
900	990
900	998
901	198
901	284
901	479
901	536
901	560
901	650
901	691
901	716
901	754
901	776
901	805
901	893
901	904
901	927
901	943
901	962
901	966
901	969
901	990
902	46
902	126
902	247
902	278
902	485
902	486
902	596
902	653
902	655
902	673
902	719
902	749
902	797
902	816
902	848
902	867
902	878
902	954
902	986
903	270
903	421
903	567
903	594
903	695
903	783
903	804
903	831
903	847
903	879
903	883
903	897
903	958
903	967
903	973
903	978
903	989
903	995
903	998
904	261
904	305
904	328
904	338
904	517
904	626
904	760
904	776
904	847
904	868
904	871
904	875
904	882
904	901
904	927
904	943
904	962
904	966
904	980
904	992
905	184
905	217
905	245
905	262
905	303
905	316
905	406
905	490
905	500
905	740
905	763
905	765
905	768
905	795
905	891
905	930
905	932
905	933
905	975
905	987
906	311
906	321
906	343
906	370
906	438
906	532
906	682
906	786
906	794
906	840
906	846
906	867
906	879
906	892
906	909
906	949
906	971
906	982
906	984
906	994
907	45
907	119
907	179
907	187
907	207
907	343
907	454
907	531
907	636
907	669
907	774
907	812
907	856
907	866
907	920
907	926
907	960
907	976
907	979
907	993
908	40
908	65
908	420
908	464
908	488
908	655
908	667
908	682
908	706
908	759
908	794
908	846
908	867
908	892
908	909
908	949
908	971
908	982
908	984
908	994
909	161
909	438
909	461
909	500
909	566
909	635
909	763
909	786
909	794
909	840
909	865
909	892
909	906
909	908
909	949
909	971
909	982
909	984
909	989
909	994
910	395
910	482
910	517
910	526
910	607
910	625
910	739
910	769
910	777
910	787
910	800
910	809
910	839
910	844
910	945
910	950
910	968
910	981
910	991
910	1000
911	114
911	135
911	293
911	447
911	473
911	474
911	499
911	523
911	555
911	600
911	608
911	667
911	748
911	764
911	852
911	935
911	940
911	956
911	981
911	999
912	48
912	143
912	268
912	292
912	296
912	356
912	370
912	373
912	391
912	445
912	470
912	638
912	704
912	784
912	797
912	823
912	848
912	874
912	882
912	899
913	21
913	181
913	193
913	336
913	363
913	414
913	554
913	593
913	717
913	721
913	737
913	755
913	825
913	864
913	894
913	921
913	951
913	953
913	965
913	993
913	997
914	127
914	235
914	264
914	271
914	351
914	480
914	541
914	619
914	633
914	646
914	655
914	731
914	732
914	763
914	767
914	782
914	789
914	827
914	834
914	835
914	863
915	70
915	87
915	106
915	119
915	178
915	201
915	219
915	252
915	298
915	418
915	444
915	497
915	504
915	544
915	581
915	656
915	692
915	694
915	800
915	888
915	896
915	918
916	143
916	145
916	156
916	356
916	370
916	372
916	373
916	382
916	391
916	458
916	470
916	477
916	687
916	696
916	704
916	722
916	770
916	784
916	823
916	877
916	882
916	899
917	5
917	69
917	240
917	259
917	278
917	326
917	425
917	495
917	504
917	544
917	569
917	679
917	683
917	751
917	818
917	833
917	847
917	880
917	887
917	936
917	944
917	977
918	70
918	106
918	147
918	201
918	219
918	252
918	298
918	364
918	418
918	497
918	504
918	544
918	581
918	656
918	692
918	694
918	869
918	874
918	888
918	915
918	965
918	994
919	10
919	160
919	221
919	263
919	535
919	548
919	561
919	583
919	614
919	640
919	672
919	702
919	710
919	724
919	734
919	752
919	771
919	876
919	880
919	932
919	948
919	979
919	985
920	90
920	238
920	314
920	519
920	539
920	562
920	578
920	662
920	678
920	785
920	801
920	807
920	837
920	862
920	878
920	884
920	889
920	890
920	907
920	928
920	949
920	963
920	988
921	39
921	40
921	183
921	286
921	337
921	361
921	553
921	579
921	613
921	652
921	683
921	698
921	711
921	725
921	825
921	864
921	894
921	913
921	924
921	951
921	958
921	965
921	997
922	3
922	81
922	208
922	330
922	341
922	426
922	499
922	513
922	519
922	627
922	671
922	686
922	690
922	717
922	730
922	790
922	791
922	798
922	800
922	813
922	817
922	935
922	977
923	61
923	174
923	272
923	281
923	502
923	505
923	524
923	555
923	600
923	634
923	660
923	661
923	702
923	722
923	781
923	820
923	845
923	854
923	859
923	869
923	935
923	956
923	999
924	140
924	337
924	404
924	511
924	597
924	652
924	698
924	711
924	737
924	755
924	803
924	806
924	825
924	864
924	891
924	894
924	921
924	945
924	951
924	953
924	965
924	985
924	997
925	258
925	342
925	387
925	401
925	515
925	522
925	526
925	651
925	739
925	779
925	787
925	800
925	809
925	822
925	839
925	945
925	947
925	951
925	957
925	969
925	977
925	981
925	1000
926	113
926	360
926	385
926	393
926	454
926	545
926	597
926	620
926	628
926	647
926	669
926	731
926	746
926	774
926	812
926	856
926	866
926	907
926	940
926	960
926	963
926	976
926	979
926	993
927	175
927	178
927	225
927	242
927	431
927	459
927	626
927	716
927	718
927	776
927	805
927	868
927	875
927	881
927	893
927	901
927	904
927	943
927	957
927	962
927	966
927	990
927	991
927	992
928	11
928	232
928	403
928	496
928	512
928	523
928	530
928	550
928	642
928	700
928	715
928	729
928	742
928	761
928	793
928	803
928	830
928	834
928	849
928	852
928	873
928	920
928	931
928	964
929	35
929	96
929	150
929	172
929	182
929	374
929	448
929	487
929	489
929	529
929	552
929	572
929	622
929	654
929	752
929	753
929	757
929	768
929	806
929	813
929	850
929	865
929	931
929	934
930	184
930	214
930	288
930	308
930	315
930	352
930	403
930	490
930	493
930	637
930	639
930	740
930	765
930	795
930	891
930	900
930	905
930	933
930	947
930	966
930	970
930	983
930	987
930	994
931	11
931	123
931	146
931	289
931	389
931	456
931	512
931	523
931	530
931	550
931	580
931	676
931	715
931	742
931	743
931	761
931	821
931	849
931	852
931	873
931	928
931	929
931	964
931	968
931	987
932	10
932	160
932	221
932	268
932	353
932	433
932	535
932	548
932	583
932	605
932	614
932	640
932	702
932	710
932	724
932	734
932	761
932	771
932	876
932	880
932	881
932	905
932	919
932	939
932	948
933	110
933	185
933	209
933	214
933	245
933	285
933	288
933	344
933	357
933	410
933	493
933	532
933	622
933	666
933	740
933	755
933	765
933	891
933	905
933	930
933	947
933	970
933	983
933	987
933	998
934	7
934	96
934	156
934	172
934	182
934	374
934	448
934	487
934	489
934	529
934	552
934	572
934	622
934	649
934	752
934	753
934	754
934	757
934	766
934	768
934	796
934	850
934	871
934	929
934	978
935	25
935	61
935	85
935	120
935	133
935	215
935	281
935	524
935	555
935	634
935	660
935	661
935	666
935	722
935	781
935	791
935	820
935	845
935	862
935	880
935	911
935	922
935	923
935	956
935	999
936	24
936	42
936	254
936	259
936	278
936	347
936	355
936	365
936	386
936	408
936	437
936	451
936	549
936	569
936	679
936	751
936	818
936	833
936	853
936	887
936	917
936	944
936	972
936	977
936	997
937	2
937	39
937	98
937	187
937	234
937	307
937	427
937	428
937	477
937	543
937	550
937	561
937	585
937	611
937	633
937	663
937	673
937	677
937	678
937	705
937	752
937	939
937	941
937	955
937	961
937	975
938	14
938	112
938	124
938	162
938	228
938	328
938	340
938	436
938	440
938	469
938	491
938	505
938	510
938	571
938	573
938	574
938	610
938	640
938	654
938	674
938	788
938	829
938	836
938	898
938	952
938	975
939	1
939	2
939	20
939	71
939	187
939	322
939	412
939	498
939	520
939	543
939	577
939	611
939	633
939	677
939	686
939	689
939	705
939	714
939	779
939	851
939	932
939	937
939	941
939	955
939	961
939	975
940	114
940	120
940	135
940	202
940	205
940	281
940	293
940	304
940	447
940	524
940	593
940	600
940	660
940	666
940	667
940	668
940	689
940	712
940	722
940	748
940	764
940	820
940	911
940	926
940	956
940	995
940	999
941	1
941	20
941	39
941	98
941	117
941	173
941	336
941	371
941	427
941	428
941	498
941	520
941	577
941	585
941	611
941	633
941	675
941	677
941	705
941	714
941	798
941	937
941	939
941	955
941	961
941	975
941	996
942	57
942	67
942	105
942	173
942	194
942	237
942	250
942	304
942	333
942	348
942	405
942	411
942	424
942	449
942	465
942	527
942	598
942	623
942	672
942	684
942	727
942	784
942	828
942	844
942	859
942	984
942	986
943	27
943	86
943	192
943	266
943	338
943	439
943	507
943	560
943	571
943	668
943	691
943	716
943	718
943	805
943	869
943	871
943	874
943	875
943	881
943	893
943	901
943	904
943	927
943	962
943	966
943	980
943	992
944	64
944	69
944	188
944	240
944	259
944	299
944	326
944	347
944	355
944	365
944	425
944	437
944	495
944	549
944	591
944	679
944	696
944	702
944	751
944	833
944	853
944	855
944	887
944	917
944	936
944	977
944	996
945	38
945	59
945	108
945	118
945	199
945	258
945	401
945	515
945	517
945	526
945	606
945	625
945	651
945	686
945	769
945	779
945	787
945	800
945	809
945	839
945	910
945	924
945	925
945	969
945	981
945	997
945	1000
946	9
946	18
946	121
946	137
946	152
946	287
946	341
946	392
946	423
946	443
946	453
946	521
946	540
946	594
946	664
946	708
946	729
946	744
946	775
946	792
946	826
946	851
946	872
946	881
946	950
946	966
946	982
947	56
947	81
947	185
947	190
947	244
947	316
947	357
947	383
947	388
947	406
947	410
947	634
947	637
947	699
947	740
947	764
947	765
947	795
947	851
947	870
947	891
947	925
947	930
947	933
947	970
947	983
947	987
948	10
948	160
948	221
948	263
948	268
948	353
948	433
948	450
948	496
948	535
948	548
948	572
948	583
948	614
948	640
948	702
948	710
948	724
948	734
948	771
948	840
948	867
948	876
948	880
948	899
948	919
948	932
949	24
949	57
949	223
949	364
949	400
949	461
949	464
949	555
949	635
949	682
949	706
949	759
949	786
949	840
949	846
949	867
949	892
949	906
949	908
949	909
949	920
949	971
949	982
949	984
949	989
949	994
949	996
950	9
950	152
950	199
950	287
950	392
950	416
950	423
950	429
950	453
950	483
950	521
950	527
950	540
950	594
950	664
950	707
950	708
950	775
950	792
950	826
950	847
950	861
950	872
950	900
950	910
950	946
950	993
951	249
951	286
951	313
951	352
951	363
951	501
951	514
951	579
951	597
951	613
951	652
951	683
951	737
951	755
951	782
951	806
951	864
951	894
951	913
951	921
951	924
951	925
951	952
951	953
951	960
951	965
951	981
951	997
952	14
952	34
952	112
952	124
952	129
952	212
952	250
952	260
952	312
952	334
952	340
952	351
952	436
952	440
952	469
952	505
952	510
952	575
952	595
952	610
952	674
952	736
952	780
952	788
952	829
952	898
952	938
952	951
953	65
953	140
953	193
953	279
953	367
953	414
953	514
953	553
953	554
953	597
953	683
953	698
953	721
953	755
953	780
953	806
953	825
953	826
953	849
953	864
953	881
953	894
953	913
953	924
953	951
953	961
953	965
953	997
954	67
954	99
954	122
954	126
954	166
954	300
954	310
954	405
954	462
954	485
954	486
954	603
954	617
954	648
954	655
954	673
954	719
954	735
954	737
954	749
954	762
954	811
954	848
954	853
954	872
954	902
954	980
954	986
955	21
955	307
955	322
955	334
955	336
955	371
955	427
955	428
955	432
955	477
955	520
955	543
955	561
955	585
955	600
955	611
955	677
955	705
955	714
955	769
955	804
955	937
955	939
955	941
955	956
955	961
955	975
955	995
956	31
956	54
956	174
956	221
956	281
956	293
956	447
956	475
956	502
956	545
956	555
956	593
956	600
956	666
956	667
956	722
956	731
956	764
956	820
956	832
956	845
956	854
956	911
956	923
956	935
956	940
956	955
956	999
957	64
957	131
957	134
957	218
957	229
957	247
957	297
957	320
957	394
957	542
957	551
957	570
957	584
957	599
957	624
957	665
957	670
957	693
957	720
957	764
957	780
957	819
957	860
957	870
957	925
957	927
957	959
957	972
957	996
958	206
958	255
958	257
958	270
958	301
958	330
958	361
958	435
958	440
958	567
958	612
958	695
958	697
958	711
958	747
958	799
958	831
958	847
958	861
958	883
958	897
958	903
958	921
958	969
958	973
958	978
958	989
958	995
958	999
959	16
959	131
959	134
959	153
959	210
959	216
959	297
959	471
959	491
959	542
959	565
959	570
959	584
959	586
959	599
959	624
959	644
959	665
959	670
959	693
959	720
959	757
959	810
959	818
959	819
959	860
959	870
959	957
959	972
960	26
960	133
960	167
960	207
960	256
960	280
960	309
960	454
960	484
960	506
960	531
960	545
960	564
960	579
960	620
960	636
960	647
960	746
960	769
960	812
960	856
960	861
960	866
960	907
960	926
960	951
960	976
960	979
960	993
961	2
961	21
961	71
961	187
961	234
961	283
961	307
961	322
961	371
961	498
961	520
961	543
961	561
961	577
961	585
961	633
961	677
961	705
961	714
961	753
961	814
961	839
961	857
961	869
961	937
961	939
961	941
961	953
961	955
961	975
962	77
962	86
962	265
962	407
962	423
962	459
962	479
962	507
962	560
962	571
962	626
962	650
962	653
962	691
962	728
962	754
962	760
962	864
962	868
962	871
962	875
962	881
962	893
962	901
962	904
962	927
962	943
962	966
962	980
962	992
963	22
963	37
963	68
963	153
963	157
963	197
963	314
963	317
963	399
963	441
963	472
963	539
963	562
963	578
963	614
963	678
963	685
963	688
963	785
963	801
963	807
963	828
963	837
963	845
963	862
963	877
963	878
963	890
963	920
963	926
963	988
964	11
964	74
964	104
964	191
964	242
964	273
964	275
964	389
964	396
964	415
964	456
964	496
964	509
964	520
964	547
964	580
964	604
964	633
964	643
964	694
964	700
964	715
964	742
964	743
964	821
964	830
964	866
964	872
964	873
964	928
964	931
964	983
965	107
965	193
965	249
965	286
965	337
965	404
965	465
965	488
965	501
965	554
965	568
965	590
965	597
965	613
965	652
965	683
965	711
965	721
965	755
965	806
965	825
965	890
965	894
965	913
965	918
965	921
965	924
965	951
965	953
965	979
965	985
965	997
966	158
966	279
966	289
966	338
966	431
966	439
966	455
966	459
966	507
966	626
966	664
966	680
966	691
966	692
966	716
966	718
966	760
966	776
966	805
966	868
966	871
966	875
966	893
966	901
966	904
966	927
966	930
966	943
966	946
966	962
966	968
966	980
966	992
967	58
967	92
967	115
967	130
967	196
967	232
967	276
967	282
967	308
967	339
967	359
967	398
967	407
967	412
967	503
967	525
967	542
967	559
967	586
967	589
967	645
967	732
967	745
967	746
967	766
967	778
967	797
967	815
967	836
967	903
967	991
967	996
967	1000
968	72
968	80
968	97
968	192
968	203
968	206
968	269
968	346
968	409
968	450
968	452
968	508
968	587
968	609
968	629
968	658
968	668
968	738
968	814
968	838
968	870
968	886
968	895
968	900
968	910
968	931
968	966
968	971
968	974
968	985
968	988
968	990
968	998
969	100
969	108
969	109
969	224
969	277
969	345
969	379
969	387
969	395
969	426
969	515
969	517
969	528
969	606
969	607
969	635
969	651
969	739
969	756
969	777
969	779
969	800
969	809
969	839
969	859
969	901
969	925
969	945
969	958
969	972
969	981
969	995
969	1000
970	36
970	56
970	87
970	146
970	200
970	209
970	214
970	217
970	244
970	284
970	303
970	315
970	357
970	383
970	406
970	490
970	493
970	532
970	596
970	620
970	639
970	648
970	699
970	740
970	765
970	795
970	843
970	891
970	930
970	933
970	947
970	973
970	983
970	987
971	248
971	306
971	307
971	340
971	372
971	400
971	417
971	420
971	431
971	438
971	450
971	464
971	488
971	566
971	632
971	635
971	682
971	706
971	748
971	759
971	786
971	794
971	846
971	867
971	892
971	906
971	908
971	909
971	949
971	968
971	982
971	984
971	990
971	994
972	16
972	64
972	131
972	134
972	151
972	166
972	210
972	216
972	218
972	297
972	368
972	394
972	471
972	551
972	560
972	565
972	570
972	584
972	586
972	624
972	644
972	665
972	670
972	684
972	693
972	720
972	780
972	860
972	865
972	870
972	936
972	957
972	959
972	969
973	15
973	55
973	88
973	169
973	236
973	270
973	274
973	377
973	421
973	435
973	481
973	516
973	670
973	695
973	697
973	705
973	724
973	783
973	799
973	804
973	831
973	847
973	855
973	861
973	883
973	897
973	903
973	958
973	970
973	978
973	989
973	992
973	995
973	999
974	6
974	20
974	28
974	80
974	89
974	203
974	239
974	269
974	290
974	327
974	335
974	346
974	375
974	497
974	508
974	546
974	587
974	609
974	629
974	663
974	668
974	738
974	754
974	773
974	814
974	821
974	824
974	838
974	886
974	895
974	900
974	968
974	985
974	990
974	998
975	1
975	20
975	21
975	39
975	71
975	98
975	210
975	234
975	283
975	307
975	322
975	332
975	336
975	427
975	428
975	432
975	477
975	498
975	561
975	577
975	585
975	611
975	633
975	677
975	705
975	714
975	825
975	831
975	905
975	937
975	938
975	939
975	941
975	955
975	961
975	984
976	26
976	43
976	113
976	142
976	176
976	179
976	189
976	207
976	225
976	276
976	280
976	414
976	445
976	484
976	506
976	531
976	545
976	548
976	568
976	620
976	628
976	636
976	647
976	669
976	714
976	718
976	746
976	774
976	812
976	856
976	866
976	907
976	926
976	960
976	979
976	993
977	5
977	69
977	188
977	240
977	299
977	324
977	326
977	347
977	355
977	365
977	378
977	386
977	390
977	408
977	425
977	437
977	451
977	495
977	549
977	569
977	679
977	699
977	751
977	818
977	833
977	853
977	856
977	887
977	897
977	917
977	922
977	925
977	936
977	944
977	984
977	999
978	15
978	47
978	55
978	76
978	93
978	111
978	257
978	274
978	361
978	367
978	421
978	435
978	516
978	546
978	567
978	695
978	697
978	746
978	747
978	783
978	799
978	804
978	830
978	831
978	847
978	855
978	861
978	896
978	897
978	903
978	934
978	958
978	973
978	989
978	995
978	997
978	998
979	26
979	43
979	83
979	119
979	133
979	142
979	167
979	189
979	225
979	280
979	373
979	385
979	393
979	408
979	456
979	484
979	506
979	531
979	545
979	564
979	580
979	620
979	628
979	636
979	647
979	746
979	774
979	812
979	843
979	856
979	866
979	907
979	919
979	926
979	960
979	965
979	976
979	993
980	86
980	111
980	158
980	175
980	178
980	186
980	198
980	251
980	261
980	265
980	305
980	459
980	479
980	515
980	560
980	626
980	680
980	691
980	716
980	718
980	754
980	760
980	776
980	805
980	822
980	842
980	854
980	868
980	871
980	875
980	881
980	893
980	904
980	943
980	954
980	962
980	966
980	992
980	996
981	29
981	33
981	38
981	88
981	100
981	108
981	109
981	118
981	141
981	224
981	345
981	387
981	426
981	482
981	498
981	518
981	522
981	526
981	528
981	651
981	739
981	756
981	769
981	777
981	800
981	805
981	809
981	822
981	839
981	858
981	910
981	911
981	925
981	945
981	951
981	969
981	982
981	991
981	1000
982	8
982	24
982	41
982	44
982	130
982	161
982	306
982	311
982	321
982	364
982	372
982	386
982	397
982	417
982	438
982	461
982	488
982	566
982	632
982	635
982	639
982	665
982	759
982	786
982	840
982	846
982	867
982	884
982	891
982	892
982	906
982	908
982	909
982	946
982	949
982	971
982	981
982	984
982	994
983	36
983	75
983	110
983	146
983	185
983	190
983	200
983	214
983	244
983	245
983	262
983	285
983	303
983	316
983	357
983	358
983	388
983	403
983	410
983	427
983	500
983	532
983	545
983	606
983	621
983	637
983	639
983	730
983	740
983	762
983	774
983	795
983	891
983	930
983	933
983	947
983	964
983	970
983	987
984	8
984	24
984	41
984	44
984	132
984	306
984	311
984	363
984	364
984	397
984	417
984	461
984	488
984	514
984	566
984	602
984	632
984	669
984	682
984	706
984	741
984	759
984	786
984	794
984	840
984	846
984	867
984	873
984	892
984	906
984	908
984	909
984	942
984	949
984	971
984	975
984	977
984	982
984	994
985	28
985	72
985	97
985	100
985	117
985	144
985	167
985	192
985	239
985	290
985	295
985	302
985	326
985	327
985	335
985	346
985	349
985	375
985	450
985	452
985	457
985	478
985	537
985	546
985	587
985	629
985	658
985	738
985	814
985	838
985	852
985	886
985	900
985	919
985	924
985	965
985	968
985	974
985	988
985	990
985	998
986	46
986	99
986	122
986	126
986	139
986	149
986	166
986	209
986	226
986	247
986	300
986	405
986	422
986	462
986	485
986	486
986	534
986	596
986	603
986	617
986	631
986	642
986	648
986	653
986	655
986	673
986	687
986	719
986	735
986	749
986	762
986	813
986	816
986	848
986	857
986	869
986	902
986	942
986	954
986	990
986	995
986	996
987	36
987	75
987	107
987	110
987	184
987	185
987	190
987	209
987	217
987	284
987	285
987	288
987	303
987	315
987	316
987	358
987	383
987	388
987	396
987	410
987	490
987	493
987	500
987	532
987	562
987	615
987	637
987	639
987	694
987	699
987	740
987	765
987	891
987	899
987	905
987	930
987	931
987	933
987	947
987	970
987	983
987	994
988	22
988	37
988	42
988	51
988	62
988	90
988	102
988	153
988	157
988	179
988	197
988	254
988	290
988	314
988	399
988	441
988	449
988	472
988	539
988	562
988	578
988	609
988	615
988	662
988	678
988	685
988	688
988	785
988	801
988	807
988	828
988	837
988	862
988	878
988	884
988	889
988	890
988	920
988	963
988	968
988	985
988	993
989	45
989	47
989	60
989	76
989	93
989	111
989	155
989	206
989	236
989	270
989	301
989	361
989	369
989	377
989	435
989	475
989	481
989	506
989	516
989	567
989	612
989	629
989	688
989	695
989	697
989	747
989	783
989	799
989	831
989	847
989	855
989	861
989	863
989	883
989	897
989	903
989	909
989	949
989	958
989	973
989	978
989	995
990	6
990	28
990	72
990	80
990	82
990	97
990	203
990	290
990	295
990	302
990	331
990	349
990	375
990	409
990	444
990	452
990	457
990	478
990	479
990	508
990	537
990	546
990	547
990	587
990	609
990	658
990	663
990	668
990	690
990	738
990	814
990	838
990	886
990	895
990	900
990	901
990	927
990	968
990	971
990	974
990	985
990	986
990	998
991	34
991	50
991	58
991	92
991	115
991	128
991	130
991	196
991	213
991	223
991	232
991	233
991	276
991	308
991	339
991	380
991	382
991	384
991	398
991	412
991	442
991	503
991	559
991	566
991	589
991	615
991	618
991	645
991	732
991	745
991	766
991	772
991	778
991	797
991	802
991	815
991	857
991	861
991	910
991	927
991	967
991	981
991	996
992	86
992	175
992	198
992	251
992	262
992	265
992	266
992	305
992	338
992	399
992	431
992	439
992	459
992	479
992	507
992	530
992	560
992	571
992	612
992	617
992	650
992	680
992	691
992	716
992	718
992	734
992	754
992	760
992	776
992	805
992	839
992	868
992	871
992	875
992	878
992	881
992	893
992	904
992	927
992	943
992	962
992	966
992	973
992	980
993	26
993	43
993	83
993	113
993	119
993	133
993	142
993	167
993	179
993	189
993	207
993	225
993	280
993	385
993	413
993	445
993	454
993	484
993	506
993	531
993	545
993	564
993	612
993	620
993	628
993	636
993	647
993	669
993	710
993	738
993	746
993	774
993	787
993	812
993	856
993	866
993	889
993	907
993	913
993	926
993	950
993	960
993	976
993	979
993	988
994	8
994	41
994	44
994	132
994	159
994	161
994	248
994	306
994	311
994	321
994	372
994	397
994	400
994	417
994	420
994	461
994	464
994	488
994	569
994	602
994	632
994	635
994	682
994	691
994	706
994	749
994	759
994	762
994	786
994	794
994	840
994	846
994	850
994	867
994	892
994	906
994	908
994	909
994	918
994	930
994	949
994	971
994	982
994	984
994	987
995	15
995	45
995	47
995	55
995	60
995	93
995	111
995	155
995	206
995	236
995	255
995	257
995	274
995	301
995	361
995	367
995	377
995	421
995	435
995	481
995	495
995	516
995	533
995	567
995	612
995	697
995	747
995	766
995	783
995	787
995	804
995	831
995	855
995	856
995	883
995	897
995	903
995	940
995	955
995	958
995	969
995	973
995	978
995	986
995	989
996	50
996	58
996	92
996	115
996	128
996	130
996	196
996	213
996	223
996	232
996	233
996	243
996	276
996	282
996	308
996	339
996	362
996	380
996	384
996	407
996	412
996	442
996	503
996	525
996	559
996	589
996	618
996	645
996	685
996	732
996	745
996	766
996	772
996	797
996	802
996	814
996	815
996	866
996	941
996	944
996	949
996	957
996	967
996	980
996	986
996	991
997	40
997	94
997	107
997	140
997	183
997	195
997	230
997	241
997	249
997	279
997	286
997	322
997	352
997	363
997	404
997	414
997	501
997	514
997	535
997	553
997	579
997	590
997	597
997	613
997	652
997	683
997	698
997	711
997	721
997	737
997	755
997	780
997	806
997	817
997	825
997	864
997	883
997	894
997	898
997	913
997	921
997	924
997	936
997	945
997	951
997	953
997	965
997	978
998	6
998	28
998	76
998	97
998	117
998	144
998	192
998	203
998	220
998	239
998	269
998	290
998	295
998	302
998	327
998	335
998	349
998	375
998	409
998	444
998	450
998	457
998	508
998	537
998	546
998	587
998	609
998	658
998	663
998	665
998	668
998	738
998	770
998	771
998	814
998	838
998	870
998	886
998	895
998	899
998	900
998	903
998	933
998	968
998	974
998	978
998	985
998	990
999	25
999	31
999	54
999	61
999	84
999	85
999	91
999	114
999	120
999	174
999	205
999	272
999	304
999	331
999	422
999	436
999	447
999	473
999	474
999	475
999	483
999	502
999	511
999	533
999	555
999	593
999	600
999	608
999	634
999	661
999	666
999	667
999	722
999	743
999	748
999	764
999	772
999	781
999	820
999	845
999	854
999	911
999	923
999	935
999	940
999	956
999	958
999	973
999	977
999	1000
1000	12
1000	18
1000	29
1000	33
1000	38
1000	68
1000	88
1000	108
1000	147
1000	224
1000	258
1000	277
1000	345
1000	379
1000	387
1000	395
1000	397
1000	401
1000	477
1000	482
1000	515
1000	518
1000	522
1000	526
1000	606
1000	607
1000	625
1000	626
1000	651
1000	683
1000	737
1000	739
1000	756
1000	769
1000	777
1000	779
1000	783
1000	787
1000	800
1000	809
1000	822
1000	839
1000	890
1000	910
1000	925
1000	945
1000	967
1000	969
1000	981
1000	999
