0 175
0 689
0 769
0 909
175 681
175 886
175 909
689 3
689 101
689 351
689 366
689 592
689 656
689 782
689 886
689 909
769 156
769 204
769 589
769 731
769 765
769 780
769 859
769 913
769 928
769 940
769 958
769 979
909 3
909 87
909 101
909 138
909 177
909 203
909 351
909 366
909 401
909 592
909 598
909 627
909 656
909 681
909 685
909 717
909 779
909 824
909 886
909 933
681 359
681 824
681 592
681 886
681 779
681 177
681 598
681 707
886 359
886 824
886 63
886 592
886 87
886 101
886 203
886 351
886 366
886 401
886 569
886 598
886 627
886 656
886 700
886 779
886 867
3 359
3 824
101 824
351 830
351 627
366 138
366 656
592 824
592 63
592 374
592 627
656 824
656 932
656 177
656 569
656 598
782 772
782 913
782 979
782 984
782 836
782 859
782 907
782 958
782 940
782 236
782 731
782 713
156 982
156 928
156 958
204 979
204 928
204 863
589 979
589 984
589 928
589 958
589 940
589 741
589 695
731 913
731 979
731 984
731 958
731 940
731 236
731 502
731 603
731 713
765 1
765 435
765 6
765 17
765 64
765 241
765 303
765 497
765 669
765 690
765 820
780 772
780 913
780 979
780 984
780 928
780 969
780 958
780 940
780 427
780 724
780 581
780 794
859 772
859 913
859 979
859 984
859 96
859 301
859 350
859 502
859 579
859 581
859 639
859 687
859 724
859 741
859 794
859 940
913 948
913 18
913 772
913 209
913 225
913 236
913 301
913 423
913 519
913 713
913 724
913 741
913 794
913 815
913 928
913 940
913 958
913 979
913 984
928 979
928 984
928 992
928 26
928 574
928 225
928 250
928 427
928 502
928 519
928 533
928 547
928 639
928 687
928 724
928 741
928 794
928 836
928 958
940 979
940 984
940 574
940 936
940 687
940 878
940 958
940 167
940 249
940 250
940 301
940 325
940 519
940 533
940 581
940 639
940 713
940 724
940 741
940 794
958 772
958 979
958 984
958 574
958 687
958 169
958 209
958 249
958 250
958 262
958 325
958 350
958 423
958 502
958 533
958 581
958 639
958 675
958 698
958 713
958 724
958 741
958 794
979 842
979 18
979 772
979 108
979 145
979 167
979 169
979 209
979 225
979 236
979 249
979 301
979 350
979 423
979 507
979 519
979 533
979 547
979 568
979 574
979 581
979 639
979 687
979 713
979 724
979 741
979 977
979 984
87 685
87 779
138 824
138 401
177 779
203 824
203 779
401 824
401 685
401 569
598 824
598 685
598 585
598 569
627 824
627 998
627 685
627 779
627 569
685 824
685 63
685 297
685 569
685 779
717 910
717 912
717 951
717 861
717 937
717 921
717 858
717 857
717 710
717 735
779 359
779 824
779 569
779 760
779 876
824 601
933 941
933 39
933 715
933 850
933 920
933 112
933 358
933 391
933 417
933 436
933 455
933 484
933 516
933 517
933 527
933 542
933 549
933 588
933 617
933 634
933 716
933 835
933 839
933 884
933 950
933 985
1 278
1 435
1 654
278 576
278 725
278 790
278 847
435 21
435 195
435 566
435 820
654 2
654 29
654 433
654 494
654 613
654 842
654 900
654 923
576 541
576 905
576 878
576 790
576 869
576 473
576 577
725 615
725 662
725 905
725 802
725 878
725 536
725 562
725 283
725 577
725 714
790 696
790 905
790 315
790 878
790 536
790 157
790 742
790 340
790 749
790 864
790 869
790 879
847 51
847 151
847 166
847 283
847 318
847 340
847 380
847 714
847 742
847 749
847 823
847 869
847 878
847 879
847 905
847 942
21 923
21 494
21 669
195 900
195 820
195 923
566 900
566 820
566 923
566 690
566 458
566 396
566 402
820 900
820 6
820 71
820 154
820 396
820 410
820 497
820 658
820 669
820 920
820 923
2 345
2 834
2 900
29 900
29 923
29 690
433 923
433 494
433 497
433 312
433 887
494 923
494 402
494 572
494 606
613 900
613 923
613 64
613 122
613 241
613 396
613 572
842 15
842 708
842 347
842 456
842 470
842 496
842 665
842 674
842 706
842 720
842 787
842 804
842 849
842 915
900 345
900 17
900 122
900 303
900 399
900 402
900 410
900 462
900 572
900 658
900 669
900 690
900 869
900 921
900 923
923 17
923 45
923 154
923 396
923 399
923 402
923 462
923 497
923 572
923 658
923 669
923 670
923 690
923 740
923 937
6 345
6 875
17 829
64 669
64 696
241 992
241 658
241 410
303 690
303 658
303 312
497 268
497 312
497 402
669 45
669 399
669 484
669 572
690 71
690 399
690 462
690 761
345 45
345 154
834 190
834 666
834 670
834 673
834 776
834 874
834 877
834 888
834 902
834 944
834 946
834 952
834 962
834 969
834 999
45 584
154 948
190 916
190 999
190 935
666 938
666 952
666 999
666 885
666 935
666 969
666 946
666 375
666 887
670 938
670 931
670 999
670 888
670 962
670 969
670 946
670 877
673 882
673 931
673 999
673 888
673 962
673 969
673 946
673 877
673 934
776 938
776 882
776 999
776 902
776 935
776 969
776 314
776 478
776 524
776 727
776 785
776 887
874 938
874 931
874 952
874 999
874 885
874 888
874 902
874 935
874 962
874 969
874 761
874 946
874 877
874 388
874 524
874 778
874 785
874 887
877 938
877 994
877 882
877 931
877 999
877 885
877 935
877 962
877 969
877 381
877 946
877 407
877 437
877 478
877 618
877 785
888 938
888 952
888 999
888 40
888 885
888 52
888 274
888 407
888 778
888 801
888 817
888 887
888 902
888 935
888 946
888 962
888 969
902 938
902 882
902 931
902 952
902 999
902 885
902 48
902 618
902 651
902 778
902 786
902 801
902 813
902 887
902 946
902 962
902 969
902 971
944 996
944 992
944 993
944 994
944 861
944 990
944 942
944 965
944 362
944 876
944 863
944 840
944 943
944 286
944 392
944 512
944 569
944 601
944 630
944 637
944 733
944 740
944 746
944 807
944 828
944 864
944 865
946 903
946 931
946 952
946 999
946 885
946 935
946 657
946 962
946 969
946 801
946 699
946 293
946 395
946 407
946 443
946 524
946 651
946 778
946 785
946 786
946 887
952 938
952 31
952 931
952 40
952 106
952 139
952 324
952 390
952 395
952 437
952 466
952 504
952 524
952 618
952 727
952 778
952 785
952 786
952 804
952 835
952 857
952 887
952 962
952 969
952 999
962 976
962 938
962 986
962 882
962 931
962 999
962 885
962 935
962 657
962 106
962 139
962 288
962 324
962 385
962 407
962 437
962 443
962 466
962 504
962 651
962 727
962 778
962 887
962 969
969 199
969 938
969 882
969 931
969 999
969 885
969 935
969 967
969 106
969 187
969 231
969 288
969 390
969 407
969 443
969 478
969 504
969 651
969 727
969 778
969 785
969 786
969 801
969 887
999 938
999 31
999 882
999 931
999 40
999 48
999 52
999 53
999 106
999 139
999 186
999 187
999 288
999 324
999 390
999 395
999 407
999 437
999 443
999 466
999 504
999 524
999 618
999 651
999 657
999 727
999 778
999 785
999 786
999 801
999 839
999 885
999 887
999 935
999 950
999 977
122 462
122 658
399 658
399 441
402 657
410 658
410 312
410 396
462 189
462 572
572 658
572 373
869 953
869 261
869 696
869 615
869 662
869 905
869 878
869 536
869 823
869 742
869 879
869 380
869 420
869 473
869 714
921 910
921 912
921 951
921 986
921 861
921 937
921 91
921 127
921 155
921 189
921 244
921 264
921 374
921 440
921 495
921 498
921 551
921 586
921 587
921 710
921 857
921 858
921 889
359 711
711 752
711 792
711 904
711 825
711 336
711 851
711 510
711 182
711 699
711 400
601 996
601 992
601 993
601 994
601 990
601 943
4 234
4 822
4 855
4 991
234 486
234 643
234 822
234 855
822 25
822 174
822 243
822 298
822 431
822 446
822 461
822 486
822 550
822 643
822 737
822 775
822 855
855 25
855 50
855 85
855 143
855 230
855 255
855 271
855 298
855 446
855 468
855 486
855 643
855 737
855 931
991 13
991 19
991 42
991 94
991 113
991 146
991 150
991 192
991 208
991 252
991 265
991 273
991 285
991 296
991 304
991 308
991 333
991 344
991 348
991 377
991 405
991 425
991 479
991 543
991 563
991 595
991 597
991 671
991 677
991 797
991 803
991 841
991 866
991 871
991 899
991 907
991 927
991 929
991 934
991 953
991 977
991 981
991 987
991 989
486 25
486 643
486 737
486 961
643 243
643 230
643 298
643 446
643 800
25 737
174 737
174 243
174 468
243 737
243 255
298 431
298 446
431 143
431 461
431 271
431 468
446 737
446 503
461 861
461 50
461 230
461 468
550 906
550 917
550 783
550 833
550 870
550 843
737 85
737 230
737 245
737 271
737 468
775 868
775 939
775 941
775 526
775 919
775 57
775 356
775 367
775 568
775 659
775 664
775 837
50 143
50 255
85 9
85 255
143 271
255 964
271 950
468 583
931 938
931 31
931 882
931 395
931 443
931 466
931 504
931 508
931 524
931 618
931 657
931 785
931 786
931 887
931 935
13 895
13 987
13 989
19 989
19 953
19 981
42 987
42 862
42 977
94 792
94 904
94 336
113 989
113 981
113 942
146 956
146 985
146 142
150 989
150 953
150 981
192 987
192 989
192 977
208 987
208 989
208 977
252 987
252 989
252 953
252 977
265 989
265 981
265 997
265 977
273 987
273 989
273 981
273 977
285 987
285 989
285 981
285 716
296 987
296 989
296 981
296 977
304 987
304 989
304 981
304 977
308 948
308 987
308 981
308 977
333 987
333 989
333 981
333 977
344 987
344 989
344 981
344 977
348 987
348 989
348 981
348 993
377 987
377 989
377 981
377 26
377 977
405 987
405 989
405 953
405 981
405 977
425 987
425 989
425 953
425 981
425 977
479 987
479 989
479 953
479 981
479 977
543 987
543 989
543 953
543 981
543 977
543 967
563 987
563 989
563 953
563 981
563 977
563 858
563 934
595 987
595 989
595 953
595 981
595 977
595 934
595 929
597 987
597 989
597 953
597 981
597 977
597 934
597 929
671 987
671 989
671 953
671 981
671 977
671 734
671 927
671 934
671 929
677 987
677 989
677 953
677 981
677 977
677 436
677 927
677 929
677 934
797 987
797 989
797 953
797 981
797 992
797 977
797 907
797 290
797 871
797 899
797 927
797 929
797 934
803 987
803 989
803 953
803 981
803 977
803 764
803 907
803 927
803 495
803 841
803 871
803 899
803 929
803 934
841 987
841 989
841 953
841 981
841 977
841 908
841 907
841 927
841 934
841 929
841 871
841 899
866 411
866 750
866 911
866 916
866 781
866 257
866 530
866 636
866 957
866 323
866 545
866 621
866 693
866 471
866 590
866 624
866 732
871 987
871 989
871 953
871 981
871 977
871 907
871 927
871 648
871 934
871 929
871 899
899 987
899 989
899 953
899 981
899 977
899 930
899 907
899 927
899 934
899 929
899 832
907 987
907 989
907 953
907 981
907 977
907 983
907 140
907 927
907 929
907 934
927 987
927 989
927 953
927 981
927 977
927 492
927 587
927 929
927 934
929 987
929 989
929 953
929 981
929 978
929 966
929 977
929 934
934 987
934 989
934 953
934 981
934 977
934 950
934 682
953 987
953 989
953 559
953 801
953 977
953 981
977 987
977 989
977 981
977 994
977 878
981 987
981 989
981 213
981 771
981 879
981 920
987 960
987 421
987 463
987 610
987 964
987 989
989 423
989 513
989 748
989 936
5 602
5 945
5 948
5 960
602 707
602 852
602 893
602 949
602 959
602 972
602 974
945 41
945 44
945 77
945 132
945 140
945 233
945 281
945 457
945 482
945 485
945 487
945 559
945 565
945 575
945 646
945 718
945 758
945 774
945 806
945 811
945 827
945 844
945 875
945 936
945 947
945 948
945 960
948 35
948 41
948 77
948 170
948 217
948 233
948 248
948 281
948 357
948 457
948 485
948 487
948 565
948 575
948 646
948 718
948 754
948 758
948 774
948 806
948 827
948 875
948 936
948 947
948 960
960 35
960 44
960 77
960 132
960 140
960 170
960 217
960 233
960 248
960 281
960 357
960 457
960 482
960 485
960 559
960 565
960 575
960 646
960 647
960 718
960 754
960 757
960 758
960 774
960 806
960 827
960 875
960 936
960 947
707 901
707 949
707 895
707 343
707 959
707 972
707 974
707 852
707 893
852 901
852 895
852 491
852 917
852 959
852 972
852 974
852 404
852 818
852 158
852 306
852 548
852 555
852 675
852 893
893 701
893 901
893 949
893 895
893 584
893 959
893 972
893 974
893 818
893 683
893 270
893 293
893 317
893 341
893 675
893 705
893 736
893 745
949 7
949 901
949 59
949 89
949 116
949 158
949 290
949 306
949 404
949 476
949 515
949 548
949 555
949 584
949 604
949 646
949 675
949 683
949 705
949 736
949 745
949 895
949 914
949 915
949 959
949 972
949 974
959 901
959 895
959 584
959 343
959 844
959 59
959 105
959 121
959 137
959 164
959 290
959 293
959 306
959 356
959 476
959 515
959 555
959 604
959 675
959 683
959 705
959 736
959 745
959 818
959 924
959 972
959 974
972 701
972 901
972 895
972 584
972 89
972 59
972 116
972 121
972 137
972 158
972 193
972 290
972 293
972 306
972 341
972 404
972 515
972 548
972 555
972 604
972 618
972 675
972 683
972 705
972 736
972 745
972 818
972 864
972 918
972 954
972 974
974 701
974 901
974 895
974 896
974 985
974 584
974 89
974 343
974 59
974 105
974 137
974 158
974 193
974 290
974 293
974 341
974 356
974 387
974 404
974 476
974 515
974 548
974 555
974 604
974 664
974 675
974 683
974 705
974 736
974 745
974 818
41 875
41 947
44 947
44 936
77 827
132 947
132 730
140 947
233 875
233 947
281 936
281 784
457 947
457 936
457 827
482 947
482 936
482 827
482 817
485 875
485 754
485 947
485 936
487 875
487 947
487 936
487 758
487 806
559 875
559 947
559 936
559 774
565 875
565 947
565 936
565 774
565 215
575 947
575 936
575 851
575 758
575 357
646 947
646 936
646 827
646 774
646 806
718 875
718 754
718 947
718 936
718 827
718 758
718 421
718 926
758 968
758 947
758 936
758 181
758 357
758 806
774 875
774 947
774 936
774 827
774 170
774 742
774 806
806 875
806 754
806 947
806 936
806 827
806 848
806 421
806 488
811 633
811 770
811 862
811 830
811 967
811 970
811 82
811 365
811 629
811 694
811 846
811 865
811 894
811 918
827 875
827 754
827 947
827 936
827 248
827 639
844 426
844 757
844 873
844 56
844 799
844 123
844 226
844 245
844 258
844 297
844 381
844 397
844 490
844 614
844 640
875 421
875 754
875 789
875 936
875 947
936 792
936 754
936 947
936 248
936 357
936 421
947 976
947 35
947 754
947 217
947 578
947 943
35 754
170 88
217 259
248 197
754 421
754 966
647 412
647 845
647 955
647 626
647 645
647 756
647 349
647 439
757 9
757 56
757 118
757 245
757 258
757 397
757 640
757 799
757 819
757 873
71 915
71 781
396 360
920 39
920 715
920 850
920 43
920 112
920 238
920 355
920 369
920 375
920 516
920 517
920 524
920 588
920 617
920 716
920 751
920 835
920 839
920 884
920 950
920 956
920 985
789 880
789 897
789 165
789 606
789 730
789 773
789 816
789 246
789 394
789 467
789 509
789 580
789 692
7 199
7 701
7 901
199 882
199 938
701 584
701 604
701 683
701 745
701 901
701 965
901 82
901 105
901 343
901 476
901 515
901 555
901 604
901 650
901 675
901 705
901 745
901 814
901 895
882 938
882 31
882 288
882 521
882 542
882 651
882 786
882 801
882 885
882 887
882 935
938 20
938 139
938 254
938 478
938 618
938 651
938 727
938 778
938 785
938 786
938 801
938 885
938 935
584 895
604 895
604 722
683 895
683 121
683 525
683 745
745 686
745 736
745 675
745 705
965 996
965 992
965 993
965 994
965 990
965 942
965 611
965 176
965 196
965 247
965 286
965 287
965 429
965 448
965 512
965 534
965 567
965 582
965 593
965 610
965 630
965 733
965 740
965 746
965 807
965 828
965 840
965 863
965 864
965 865
965 876
965 943
82 528
82 930
105 895
343 51
476 895
476 108
515 990
515 818
555 809
650 914
650 826
650 908
650 848
650 289
650 540
650 561
650 648
675 736
705 895
705 818
705 756
705 736
814 935
814 49
814 432
814 805
814 92
814 370
814 514
814 553
814 608
814 697
814 760
814 872
814 908
814 914
895 116
895 121
895 404
895 548
895 672
895 736
895 818
89 46
116 818
306 418
404 84
548 883
548 818
736 818
736 356
736 547
914 49
914 805
914 92
914 219
914 289
914 322
914 383
914 540
914 553
914 558
914 561
914 578
914 608
914 648
914 697
914 739
914 760
914 826
914 848
914 872
914 908
915 15
915 708
915 36
915 65
915 76
915 134
915 191
915 213
915 346
915 347
915 370
915 456
915 470
915 496
915 665
915 674
915 706
915 720
915 787
915 804
915 849
8 411
8 750
8 911
8 916
411 545
411 911
411 916
411 961
750 590
750 605
750 621
750 624
750 636
750 649
750 693
750 732
750 911
750 916
911 185
911 239
911 294
911 323
911 471
911 530
911 545
911 590
911 603
911 605
911 621
911 624
911 636
911 693
911 697
911 732
911 781
911 800
911 916
916 164
916 239
916 257
916 275
916 294
916 323
916 471
916 545
916 590
916 603
916 605
916 621
916 624
916 636
916 693
916 732
916 781
916 800
545 812
545 323
545 239
961 968
961 975
961 976
961 995
961 988
961 663
961 964
961 966
961 963
961 954
961 160
961 260
961 270
961 379
961 394
961 450
961 474
961 492
961 500
961 505
961 507
961 623
961 688
961 702
961 791
961 793
961 808
961 813
961 815
961 891
961 922
590 781
590 687
590 621
590 800
605 636
605 693
605 726
605 800
605 732
621 845
621 781
621 257
621 732
624 781
624 530
624 294
624 392
624 800
636 720
636 164
636 732
636 800
649 759
649 925
649 686
649 777
649 214
649 747
649 458
649 579
693 781
693 257
693 603
693 786
693 800
732 603
732 800
732 471
732 828
185 970
185 894
185 719
239 781
239 603
294 781
294 800
323 210
471 781
471 800
530 759
530 781
530 164
530 603
603 800
697 805
697 58
697 370
697 514
697 826
697 848
697 872
781 800
800 890
257 115
275 898
275 973
275 641
275 767
9 426
9 873
426 297
426 490
426 799
426 873
873 56
873 118
873 123
873 171
873 226
873 245
873 258
873 319
873 381
873 397
873 614
873 640
873 772
873 799
873 890
297 397
297 614
490 799
490 640
490 258
490 614
490 616
799 56
799 171
799 226
799 258
799 319
799 397
799 614
799 637
799 640
118 319
118 640
245 381
397 640
640 600
640 614
819 712
819 763
819 906
819 917
819 783
819 833
819 821
819 131
819 809
819 180
819 481
819 531
819 843
819 870
123 171
123 611
171 381
226 749
319 951
319 614
381 614
772 18
772 249
772 350
772 547
772 794
772 984
890 32
890 638
890 860
890 883
890 53
890 218
890 240
890 272
890 314
890 335
890 371
890 406
890 442
890 460
890 475
890 600
890 607
890 739
890 867
10 633
10 868
10 939
10 941
633 107
633 846
633 862
633 918
633 930
633 967
633 970
868 65
868 78
868 186
868 277
868 284
868 387
868 414
868 419
868 526
868 659
868 664
868 831
868 837
868 891
868 919
868 939
868 941
939 22
939 57
939 60
939 97
939 186
939 211
939 266
939 277
939 284
939 339
939 367
939 387
939 414
939 526
939 568
939 659
939 664
939 751
939 831
939 837
939 845
939 919
939 941
939 997
941 22
941 57
941 60
941 78
941 97
941 211
941 266
941 277
941 284
941 339
941 367
941 387
941 419
941 526
941 568
941 659
941 664
941 831
941 832
941 837
941 863
941 919
107 998
107 967
107 762
846 830
846 967
846 970
846 930
846 918
846 762
846 152
846 242
846 251
846 316
846 538
846 665
846 700
846 812
846 894
862 144
862 251
862 389
862 488
862 535
862 629
862 694
862 700
862 812
862 821
862 830
862 894
862 918
862 967
862 970
918 830
918 967
918 970
918 528
918 930
918 84
918 216
918 365
918 389
918 456
918 489
918 535
918 629
918 694
918 700
918 719
918 762
918 812
918 894
930 631
930 830
930 967
930 970
930 125
930 136
930 144
930 216
930 242
930 251
930 488
930 489
930 629
930 694
930 700
930 719
930 760
930 762
930 812
930 894
930 983
967 54
967 631
967 830
967 84
967 125
967 136
967 152
967 216
967 279
967 316
967 365
967 389
967 488
967 489
967 535
967 536
967 538
967 629
967 694
967 700
967 719
967 762
967 812
967 894
967 970
967 990
970 54
970 631
970 830
970 84
970 125
970 136
970 144
970 152
970 168
970 229
970 242
970 251
970 279
970 316
970 358
970 365
970 389
970 488
970 489
970 528
970 538
970 629
970 694
970 700
970 719
970 762
970 766
970 812
970 894
65 804
65 720
78 919
78 60
186 919
277 919
277 837
284 831
284 919
387 919
387 837
414 831
414 919
414 63
414 211
419 919
419 837
419 339
419 659
526 22
526 767
526 919
659 831
659 955
659 919
659 837
664 831
664 919
664 837
664 568
831 22
831 57
831 97
831 207
831 266
831 353
831 422
831 837
831 919
837 919
837 211
837 266
837 353
837 367
837 568
891 968
891 975
891 976
891 995
891 988
891 964
891 966
891 963
891 336
891 954
891 808
891 922
891 791
891 793
891 813
891 815
919 36
919 60
919 97
919 322
919 339
919 353
919 367
919 568
919 746
266 922
339 885
568 353
751 708
751 715
751 950
751 985
751 835
751 839
751 884
751 354
751 355
751 391
845 34
845 384
845 80
845 263
845 332
845 334
845 403
845 439
845 472
845 501
845 529
845 585
845 626
845 955
997 951
997 24
997 982
997 986
997 38
997 69
997 81
997 103
997 120
997 126
997 161
997 178
997 181
997 198
997 215
997 259
997 382
997 441
997 454
997 469
997 483
997 571
997 591
997 594
997 596
997 620
997 672
997 695
997 704
997 728
997 735
997 748
997 768
997 796
997 798
997 832
997 838
997 856
997 924
997 926
997 957
997 964
997 971
997 980
997 983
997 998
832 982
832 986
832 998
832 980
832 983
832 957
832 971
832 926
832 838
832 856
832 924
863 996
863 992
863 993
863 994
863 990
863 942
863 876
863 740
863 807
863 828
863 840
863 864
863 865
863 943
11 968
11 975
11 976
11 995
968 74
968 133
968 160
968 173
968 337
968 415
968 450
968 474
968 500
968 505
968 591
968 599
968 623
968 655
968 663
968 688
968 702
968 791
968 793
968 808
968 813
968 815
968 865
968 922
968 954
968 963
968 964
968 966
968 975
968 976
968 988
968 995
975 37
975 100
975 133
975 160
975 292
975 313
975 376
975 389
975 415
975 450
975 500
975 505
975 507
975 511
975 599
975 623
975 655
975 688
975 702
975 768
975 791
975 793
975 808
975 813
975 815
975 922
975 954
975 963
975 964
975 966
975 976
975 984
975 988
975 995
976 61
976 163
976 235
976 260
976 270
976 313
976 376
976 415
976 430
976 451
976 492
976 500
976 505
976 507
976 599
976 623
976 655
976 663
976 688
976 702
976 791
976 793
976 808
976 813
976 815
976 922
976 954
976 963
976 964
976 966
976 988
976 995
995 37
995 61
995 74
995 100
995 114
995 125
995 160
995 163
995 173
995 235
995 260
995 270
995 292
995 313
995 337
995 379
995 400
995 415
995 450
995 474
995 492
995 507
995 599
995 623
995 655
995 663
995 688
995 702
995 785
995 791
995 793
995 796
995 808
995 813
995 815
995 826
995 922
995 954
995 963
995 964
995 966
995 988
74 988
74 964
133 964
133 966
173 964
173 966
337 988
337 966
337 263
415 964
415 954
450 988
450 964
474 988
474 964
474 966
500 988
500 963
500 788
505 988
505 849
505 963
591 982
591 986
591 998
591 980
591 983
591 971
599 988
599 964
599 966
599 162
623 988
623 964
623 963
623 954
655 988
655 964
655 966
655 963
655 954
663 988
663 33
663 963
663 964
663 966
688 988
688 966
688 963
688 954
688 768
702 988
702 964
702 966
702 963
702 954
702 169
791 988
791 964
791 966
791 963
791 954
791 851
791 922
793 988
793 964
793 966
793 963
793 631
793 954
793 694
793 922
808 988
808 964
808 966
808 963
808 954
808 218
808 580
808 813
808 922
813 988
813 964
813 966
813 963
813 954
813 922
813 815
815 988
815 964
815 966
815 963
815 954
815 922
815 473
865 996
865 992
865 993
865 994
865 990
865 942
865 876
865 840
865 943
865 512
865 807
865 828
865 864
922 910
922 988
922 964
922 966
922 963
922 954
954 988
954 964
954 966
954 963
954 691
954 762
954 114
954 379
963 988
963 964
963 966
963 48
963 163
963 235
963 292
963 376
963 378
963 379
963 492
963 507
963 957
964 988
964 37
964 114
964 492
964 966
966 988
966 37
966 100
966 260
966 313
966 376
966 379
966 872
988 14
988 910
988 61
988 100
988 114
988 163
988 235
988 260
988 270
988 292
988 376
988 492
988 507
988 660
988 787
292 706
313 668
389 894
511 904
511 825
511 851
511 510
511 699
511 444
768 982
768 986
768 998
768 980
768 983
768 957
768 971
768 926
768 924
984 18
984 26
984 108
984 145
984 167
984 169
984 225
984 236
984 250
984 301
984 325
984 350
984 423
984 427
984 502
984 519
984 533
984 547
984 574
984 581
984 639
984 687
984 713
984 724
984 741
984 794
984 880
984 897
984 982
61 552
235 932
430 544
430 684
430 703
430 784
430 619
451 784
451 622
451 802
451 506
451 619
379 712
400 904
400 825
400 444
400 416
785 885
785 727
785 786
796 982
796 986
796 998
796 980
796 983
796 957
796 971
796 321
796 838
796 856
796 924
796 926
826 432
826 805
826 58
826 219
826 322
826 514
826 540
826 608
826 760
826 848
826 872
826 908
12 130
12 752
12 792
12 904
130 792
130 825
130 851
752 253
752 409
752 416
752 424
752 444
752 792
752 795
752 825
752 851
752 904
792 20
792 416
792 510
792 795
792 802
792 825
792 851
792 904
904 20
904 148
904 182
904 220
904 336
904 388
904 409
904 416
904 424
904 444
904 510
904 678
904 699
904 795
904 825
904 851
825 795
825 23
825 220
825 388
825 409
825 416
825 699
825 719
825 851
851 795
851 336
851 388
851 409
851 416
851 424
851 510
851 724
253 978
253 46
253 644
253 854
409 795
409 388
424 795
424 699
424 316
444 699
444 311
795 20
795 182
795 220
795 388
795 510
795 699
795 908
510 145
802 544
802 684
802 703
802 784
802 523
802 622
802 128
802 499
802 200
802 201
802 506
802 619
148 759
148 309
148 331
182 699
220 699
678 978
678 854
678 892
678 612
678 766
678 721
678 644
678 522
678 378
672 982
672 986
672 998
672 980
672 983
672 957
672 971
672 926
818 193
818 341
818 356
818 778
463 836
463 98
463 447
463 508
463 734
610 996
610 992
610 993
610 994
610 990
610 942
423 724
513 860
513 883
513 739
513 867
513 335
513 442
748 982
748 986
748 998
748 980
748 905
748 983
748 957
748 971
748 926
748 924
14 910
14 912
14 951
910 91
910 147
910 224
910 420
910 440
910 495
910 498
910 546
910 551
910 586
910 587
910 710
910 857
910 858
910 861
910 912
910 937
910 951
912 27
912 91
912 127
912 155
912 264
912 440
912 495
912 498
912 546
912 551
912 586
912 587
912 625
912 710
912 857
912 858
912 861
912 937
912 951
912 978
951 27
951 91
951 127
951 147
951 155
951 184
951 189
951 224
951 244
951 264
951 374
951 386
951 440
951 495
951 498
951 546
951 551
951 586
951 587
951 710
951 857
951 858
951 861
951 937
147 937
147 942
224 937
224 857
420 696
420 878
420 823
420 749
440 937
440 857
495 937
495 857
498 986
498 861
498 937
546 937
546 858
546 857
546 327
551 937
551 858
551 857
586 937
586 679
586 858
586 857
587 861
587 937
587 857
710 986
710 861
710 937
710 858
710 857
857 861
857 937
857 858
857 644
858 829
858 861
858 937
858 127
858 244
858 374
861 27
861 184
861 189
861 244
861 264
861 937
937 27
937 155
937 184
937 244
937 264
937 374
937 849
937 883
625 906
625 917
625 833
625 744
625 821
625 870
625 843
625 632
978 30
978 363
978 570
978 896
978 46
978 67
978 73
978 93
978 129
978 135
978 202
978 227
978 229
978 268
978 311
978 352
978 378
978 398
978 445
978 449
978 464
978 503
978 520
978 522
978 525
978 612
978 622
978 644
978 667
978 709
978 721
978 766
978 771
978 854
978 892
184 362
386 452
386 256
386 556
386 616
386 788
660 88
660 172
660 232
660 549
660 682
660 722
660 729
660 836
787 708
787 849
787 720
787 496
787 674
787 134
787 191
787 213
787 346
787 564
787 706
15 708
15 996
708 76
708 346
708 665
708 674
708 706
708 849
996 86
996 95
996 179
996 196
996 247
996 254
996 269
996 286
996 317
996 338
996 362
996 392
996 408
996 429
996 448
996 453
996 512
996 534
996 567
996 581
996 582
996 593
996 611
996 615
996 630
996 637
996 723
996 733
996 740
996 746
996 807
996 828
996 840
996 864
996 876
996 942
996 943
996 990
996 992
996 993
996 994
76 496
76 674
346 804
346 849
665 804
665 849
665 720
665 456
665 470
674 804
674 849
674 956
674 470
674 706
706 804
706 720
706 496
706 456
706 470
849 36
849 804
849 134
849 191
849 347
849 456
849 496
849 720
347 804
347 971
470 720
496 804
720 804
720 191
804 36
804 213
804 516
134 634
370 805
370 872
86 992
86 994
86 990
95 993
95 994
95 990
179 992
179 993
179 994
196 993
196 957
247 993
247 994
247 990
254 992
254 993
254 990
269 992
269 993
269 840
269 943
286 992
286 994
317 993
317 994
317 990
338 992
338 993
338 994
338 876
362 993
362 990
392 993
392 994
392 990
408 992
408 993
408 994
408 763
408 943
429 992
429 993
429 985
429 990
448 992
448 993
448 994
448 990
453 992
453 993
453 994
453 990
453 942
512 994
512 990
512 504
534 992
534 993
534 994
534 990
534 943
567 992
567 993
567 994
567 990
567 942
567 884
581 794
582 992
582 993
582 994
582 990
582 943
582 480
593 992
593 993
593 994
593 898
593 942
593 943
611 992
611 993
611 994
611 990
611 942
615 81
615 577
615 742
615 879
615 905
630 992
630 993
630 994
630 990
630 942
630 798
637 992
637 993
637 994
637 990
637 942
637 943
723 829
723 635
723 326
723 256
723 287
723 295
723 445
723 521
723 583
723 788
733 992
733 993
733 994
733 990
733 942
733 876
733 943
733 341
733 864
740 992
740 993
740 994
740 990
740 942
740 943
740 864
746 992
746 993
746 994
746 990
746 942
746 876
746 943
746 864
807 992
807 993
807 994
807 955
807 990
807 942
807 876
807 676
807 943
807 828
828 992
828 993
828 994
828 990
828 942
828 876
828 840
828 943
828 843
840 992
840 993
840 994
840 990
840 942
840 809
840 876
840 864
840 943
864 992
864 993
864 994
864 990
864 942
864 876
864 943
876 992
876 993
876 994
876 990
876 942
876 193
876 943
942 992
942 993
942 994
942 990
942 943
943 992
943 993
943 994
943 998
943 985
943 990
990 992
990 993
990 994
990 205
990 207
990 628
990 971
992 23
992 72
992 200
992 205
992 207
992 993
992 994
993 23
993 447
993 743
993 894
993 980
993 994
994 903
994 23
994 103
994 205
994 207
994 465
16 361
16 518
16 810
16 903
361 753
361 770
361 881
361 903
518 128
518 738
518 770
518 810
518 881
518 903
810 33
810 47
810 231
810 459
810 491
810 537
810 661
810 738
810 753
810 770
810 823
810 881
810 903
903 47
903 124
903 222
903 231
903 280
903 320
903 372
903 385
903 459
903 537
903 653
903 661
903 668
903 738
903 753
903 770
903 881
753 770
753 491
753 188
753 372
753 385
753 459
753 653
753 661
753 738
770 33
770 537
770 385
770 653
770 668
770 738
770 881
881 537
881 47
881 124
881 222
881 231
881 320
881 372
881 385
881 459
881 529
881 653
881 661
881 668
881 738
881 983
128 784
128 499
738 491
738 668
738 449
738 320
738 369
738 459
33 537
47 491
459 668
491 537
491 280
537 897
661 668
661 667
661 280
661 372
661 653
823 541
823 696
823 153
823 878
823 157
823 187
823 380
823 473
823 562
823 577
823 742
124 626
124 668
222 528
222 668
280 668
280 320
320 653
372 653
385 653
653 499
829 28
829 256
829 274
829 295
829 321
829 326
829 445
829 521
829 556
829 560
829 616
829 691
829 788
28 452
28 560
28 635
256 427
256 788
274 691
274 287
274 556
295 635
295 691
295 788
321 691
321 788
321 445
326 96
326 287
326 691
445 583
445 616
521 560
521 635
521 691
521 583
556 560
556 635
556 788
556 616
560 616
560 635
560 788
616 452
616 788
691 96
691 583
691 788
788 452
788 635
788 583
249 830
547 724
547 502
794 428
794 905
794 741
794 502
794 713
209 956
519 574
519 639
713 639
713 533
713 540
741 955
741 325
741 533
108 687
145 574
167 687
574 26
687 427
250 427
325 194
880 115
880 310
880 117
880 149
880 246
880 394
880 467
880 493
880 509
880 580
880 606
880 692
880 709
880 730
880 761
880 773
880 816
880 897
897 115
897 310
897 117
897 149
897 162
897 165
897 210
897 246
897 394
897 467
897 493
897 509
897 580
897 692
897 730
897 761
897 773
897 816
982 24
982 69
982 120
982 259
982 267
982 382
982 441
982 454
982 465
982 469
982 483
982 571
982 594
982 596
982 620
982 695
982 704
982 728
982 735
982 798
982 805
982 838
982 854
982 856
982 924
982 926
982 957
982 971
982 980
982 983
982 986
982 998
801 885
801 935
801 111
801 395
801 778
801 786
801 887
771 363
771 570
771 896
771 854
771 892
771 709
771 721
771 227
771 667
771 229
771 522
879 541
879 696
879 905
879 777
879 315
879 878
879 536
879 742
879 166
879 380
879 473
879 562
879 577
879 714
879 749
908 432
908 805
908 58
908 383
908 92
908 219
908 289
908 322
908 514
908 540
908 553
908 578
908 608
908 648
908 760
908 848
908 872
478 727
478 786
618 887
651 384
651 887
727 729
727 887
727 778
778 935
786 885
786 887
885 40
885 434
885 437
885 657
885 887
885 935
935 48
935 52
935 324
935 390
935 437
935 443
935 504
935 704
935 734
935 887
606 117
606 692
606 761
606 773
606 816
484 850
484 956
484 985
484 884
767 889
767 973
767 853
767 932
767 434
767 676
767 282
767 330
767 642
767 652
353 983
422 925
422 743
422 183
422 276
422 747
719 894
719 365
719 538
719 629
719 700
72 986
72 998
72 980
200 784
200 300
205 596
447 110
447 364
447 480
447 734
743 552
743 428
743 759
743 925
743 79
743 212
743 438
743 579
743 747
743 777
894 631
894 744
894 762
894 152
894 242
894 488
894 489
894 538
894 629
894 700
980 986
980 998
980 69
980 161
980 178
980 181
980 267
980 342
980 382
980 441
980 465
980 483
980 571
980 594
980 596
980 620
980 695
980 704
980 728
980 735
980 747
980 783
980 798
980 838
980 856
980 924
980 926
980 957
980 971
980 983
103 998
103 983
465 986
465 998
465 983
24 986
24 998
986 38
986 120
986 126
986 198
986 251
986 267
986 454
986 469
986 483
986 571
986 594
986 596
986 620
986 695
986 704
986 728
986 735
986 798
986 838
986 856
986 924
986 926
986 957
986 971
986 983
986 998
998 38
998 69
998 120
998 126
998 161
998 178
998 181
998 198
998 215
998 259
998 267
998 382
998 412
998 441
998 454
998 469
998 571
998 594
998 596
998 620
998 695
998 704
998 728
998 735
998 798
998 838
998 856
998 924
998 925
998 926
998 957
998 971
998 983
259 983
267 971
382 892
382 983
441 983
454 983
454 971
469 983
469 680
483 983
483 971
571 898
571 983
571 971
594 983
594 957
594 971
596 983
596 971
620 983
620 957
620 971
620 395
695 983
695 957
695 971
695 926
704 983
704 957
704 971
704 926
704 924
728 850
728 983
728 957
728 971
728 926
728 924
735 983
735 957
735 971
735 926
735 856
735 924
798 983
798 884
798 957
798 971
798 926
798 838
798 856
798 924
805 49
805 432
805 383
805 540
805 553
805 558
805 561
805 848
838 983
838 957
838 971
838 926
838 554
838 856
838 924
854 896
854 67
854 229
854 352
854 378
854 398
854 464
854 503
854 520
854 612
854 667
854 892
856 570
856 985
856 983
856 957
856 971
856 926
856 924
924 983
924 957
924 971
924 926
924 642
926 983
926 957
926 493
926 971
957 983
957 971
971 983
971 558
983 126
983 178
983 215
38 544
198 835
81 662
81 905
161 925
412 34
412 384
412 70
412 955
925 552
925 68
925 328
925 428
925 759
925 79
925 83
925 183
925 262
925 276
925 309
925 331
925 438
925 458
925 460
925 477
925 579
925 686
925 747
925 777
836 88
836 682
836 110
836 119
836 232
836 327
836 364
836 480
836 508
836 549
836 729
836 734
883 32
883 638
883 860
883 53
883 66
883 218
883 335
883 371
883 406
883 442
883 460
883 475
883 481
883 600
883 739
883 867
452 583
452 715
635 96
635 896
583 287
715 39
715 516
715 588
715 884
715 950
715 956
715 985
896 30
896 46
896 67
896 73
896 93
896 129
896 135
896 202
896 227
896 268
896 398
896 464
896 503
896 612
896 644
896 709
896 892
761 310
761 730
761 149
761 394
761 493
761 773
761 816
30 363
30 570
363 667
363 766
570 93
570 667
570 721
570 892
667 709
667 766
667 721
667 227
766 892
766 129
766 709
766 464
766 525
766 644
766 721
93 352
721 892
721 520
721 612
721 136
721 522
892 67
892 73
892 311
892 352
892 378
892 449
892 520
892 522
892 525
892 641
892 644
892 709
73 520
129 709
135 352
135 709
202 503
202 644
268 449
268 522
398 503
398 449
398 525
464 378
464 629
503 311
612 119
612 525
612 709
644 525
709 311
449 520
520 527
522 617
622 544
622 684
622 703
622 111
622 523
622 499
288 187
542 850
542 950
542 956
542 985
542 436
887 839
466 657
466 870
508 734
508 119
508 327
508 480
657 52
657 390
324 773
390 532
835 850
835 950
835 956
835 985
835 62
835 355
835 358
835 588
835 634
835 716
835 884
53 638
839 850
839 950
839 956
839 985
839 62
839 238
839 436
839 516
839 557
839 716
839 884
950 850
950 43
950 176
950 238
950 291
950 342
950 354
950 355
950 369
950 375
950 391
950 417
950 436
950 455
950 517
950 588
950 617
950 634
950 716
950 956
950 985
32 638
32 860
638 481
638 600
638 607
638 860
638 867
860 66
860 272
860 314
860 371
860 406
860 460
860 475
860 481
860 600
860 607
860 739
860 853
860 867
481 867
481 600
600 867
600 335
607 739
607 240
607 475
607 272
607 442
867 66
867 739
867 218
867 272
867 314
867 371
867 393
867 442
867 460
867 475
66 739
272 739
314 240
371 739
406 833
406 240
406 442
460 739
475 240
739 335
853 889
853 898
853 973
853 109
853 188
853 197
853 237
853 373
853 393
853 532
853 641
853 680
853 726
853 817
853 932
34 384
34 955
384 756
384 955
955 70
955 80
955 221
955 263
955 302
955 305
955 329
955 332
955 334
955 349
955 403
955 439
955 472
955 501
955 529
955 564
955 585
955 609
955 626
955 645
955 698
955 755
955 756
756 334
756 609
756 645
756 302
756 305
756 349
756 585
756 698
70 334
70 626
80 626
80 609
263 564
263 645
332 698
332 349
332 472
334 626
403 329
403 755
403 302
403 698
439 755
439 698
439 529
472 609
472 564
472 755
501 973
501 755
501 645
501 305
501 698
529 609
529 329
529 585
585 564
585 698
585 349
626 609
626 755
221 329
221 564
221 755
302 609
302 755
305 329
305 698
564 645
564 755
609 755
645 755
645 283
645 698
755 514
578 872
578 561
578 760
578 514
578 648
516 985
516 527
322 872
872 985
872 383
872 219
872 289
872 540
872 558
872 561
872 608
872 648
872 760
544 102
544 368
544 684
102 684
102 703
102 784
368 684
368 703
368 628
368 300
684 300
684 506
684 619
684 628
39 850
850 228
850 517
850 617
850 634
850 652
850 884
850 956
850 985
588 956
588 985
588 176
884 956
884 985
884 634
884 142
884 238
884 291
884 342
884 354
884 455
884 517
956 43
956 62
956 112
956 142
956 228
956 291
956 342
956 354
956 369
956 417
956 455
956 527
956 557
956 617
956 634
956 716
956 889
956 985
985 43
985 62
985 112
985 142
985 176
985 228
985 238
985 291
985 342
985 354
985 355
985 358
985 369
985 375
985 391
985 417
985 436
985 455
985 527
985 557
985 634
985 716
228 557
517 973
517 634
617 223
617 716
652 889
652 898
652 973
652 932
652 676
652 817
652 726
375 716
716 417
358 223
391 557
391 489
417 557
455 527
527 223
549 722
549 729
549 110
549 734
434 973
434 932
434 194
434 676
817 889
817 973
817 679
817 932
817 307
817 237
817 676
817 299
817 641
817 642
817 726
144 830
488 762
535 631
535 528
535 703
535 700
694 762
694 168
694 812
812 631
812 830
812 528
812 762
812 168
812 216
812 538
821 712
821 763
821 906
821 917
821 833
821 662
821 90
821 744
821 573
821 632
821 843
821 870
830 54
830 168
830 242
830 528
830 538
878 261
878 696
878 905
878 151
878 318
878 340
878 536
878 562
878 714
878 749
291 557
889 99
889 764
889 141
889 206
889 307
889 360
889 393
889 413
889 641
889 642
889 679
889 680
889 726
889 898
889 973
734 682
734 722
734 110
734 172
734 418
49 432
432 760
760 848
760 553
760 648
383 58
383 848
553 848
553 558
558 848
558 608
561 848
561 364
848 92
848 289
848 340
848 608
848 648
514 648
608 312
51 261
51 541
261 562
261 905
541 166
541 696
541 749
562 905
562 749
562 413
905 696
905 153
905 166
905 283
905 318
905 380
905 577
905 714
905 742
905 749
696 742
749 662
749 318
749 714
151 153
151 315
283 662
318 157
340 662
380 662
714 917
714 315
714 742
714 577
742 157
742 473
54 631
631 316
279 762
279 212
279 489
536 153
55 712
55 763
55 906
55 917
712 159
712 744
712 809
712 843
712 870
712 906
712 917
763 632
763 783
763 809
763 833
763 843
763 870
763 906
763 917
906 75
906 90
906 131
906 137
906 180
906 467
906 531
906 554
906 573
906 632
906 744
906 783
906 809
906 843
906 870
906 917
917 75
917 90
917 159
917 180
917 531
917 554
917 573
917 632
917 744
917 783
917 809
917 833
917 843
917 870
159 131
159 870
744 783
744 90
744 180
744 554
744 809
744 870
809 833
809 131
809 531
809 573
809 632
809 843
809 870
843 783
843 833
843 477
843 870
843 573
843 531
843 554
870 783
870 833
870 531
870 554
870 632
870 692
632 833
632 973
783 75
783 531
783 573
783 833
833 75
833 554
833 573
833 898
467 816
467 692
573 438
552 83
552 262
552 276
552 686
83 686
83 777
262 309
262 331
276 973
276 579
686 328
686 104
686 331
686 438
686 747
393 973
393 932
393 680
641 973
641 932
641 642
641 726
68 328
68 428
68 759
328 104
328 777
428 747
428 777
759 79
759 104
759 438
759 579
759 747
759 777
104 477
777 183
777 212
777 458
777 477
777 747
747 214
747 212
747 438
79 309
579 309
579 477
183 214
331 577
458 477
458 214
898 99
898 764
898 141
898 206
898 282
898 307
898 413
898 532
898 539
898 642
898 676
898 679
898 680
898 932
898 973
662 315
628 703
628 784
628 111
628 499
628 506
628 619
88 682
682 98
682 327
682 418
682 722
682 729
172 722
172 729
232 722
232 729
232 364
722 98
722 119
722 364
722 729
729 98
729 418
729 480
327 418
418 480
99 764
99 973
764 109
764 194
764 299
764 330
764 373
764 642
764 679
764 973
973 109
973 141
973 188
973 194
973 197
973 206
973 237
973 282
973 299
973 307
973 330
973 360
973 373
973 413
973 532
973 539
973 642
973 679
973 680
973 726
973 932
109 679
299 932
299 539
330 932
330 676
373 932
642 680
679 360
679 532
679 726
141 932
206 932
307 188
360 932
413 932
413 539
680 932
680 726
680 532
726 932
726 282
282 932
532 932
539 932
539 676
539 619
676 932
676 237
932 197
932 223
932 237
703 201
703 506
703 523
703 619
784 201
784 300
784 499
784 523
784 619
300 506
506 201
523 111
523 499
523 816
816 165
816 730
816 773
816 162
816 246
816 509
816 580
816 692
115 310
310 580
580 730
580 692
117 165
149 773
246 493
394 773
493 730
493 773
509 730
509 773
509 692
692 773
730 210
730 773
162 210
