0 701
0 729
0 958
0 966
701 450
701 784
701 810
701 849
701 912
701 934
701 945
701 959
701 974
701 995
729 31
729 760
729 798
729 886
729 899
729 908
729 930
729 936
729 958
729 980
729 985
958 38
958 234
958 239
958 263
958 316
958 354
958 397
958 441
958 511
958 586
958 622
958 626
958 662
958 683
958 704
958 713
958 757
958 774
958 791
958 808
958 899
958 914
958 926
958 934
958 951
958 978
958 980
958 981
958 983
958 984
958 985
966 15
966 117
966 155
966 158
966 234
966 237
966 281
966 296
966 348
966 411
966 460
966 537
966 545
966 547
966 555
966 591
966 713
966 766
966 770
966 788
966 801
966 816
966 861
966 888
966 890
966 904
966 911
966 919
966 923
966 929
966 960
966 971
966 979
966 986
966 996
450 990
450 852
450 882
450 254
450 639
784 913
784 969
784 943
784 770
784 858
784 884
784 901
784 971
784 599
784 205
784 324
784 399
784 845
810 848
810 865
810 949
810 895
810 672
810 931
810 964
810 910
810 351
810 623
810 322
810 372
810 586
810 775
849 912
849 995
849 954
849 975
849 46
849 63
849 140
849 453
849 551
849 705
849 822
849 852
849 854
849 856
849 930
849 974
912 719
912 6
912 232
912 301
912 408
912 493
912 579
912 656
912 674
912 678
912 749
912 789
912 822
912 898
912 945
912 954
912 959
912 974
912 995
912 997
912 998
934 818
934 951
934 983
934 977
934 940
934 997
934 978
934 835
934 584
934 930
934 914
934 980
934 578
934 899
934 816
934 567
934 757
934 774
934 856
934 274
934 316
934 327
934 645
934 683
934 853
934 886
945 961
945 995
945 14
945 163
945 246
945 386
945 427
945 481
945 493
945 555
945 667
945 674
945 707
945 711
945 774
945 785
945 786
945 789
945 795
945 854
945 857
945 883
945 926
945 939
945 954
945 959
945 994
945 997
959 932
959 995
959 954
959 741
959 795
959 49
959 74
959 142
959 427
959 453
959 473
959 493
959 546
959 576
959 579
959 580
959 589
959 626
959 646
959 707
959 771
959 786
959 789
959 822
959 854
959 856
959 947
959 967
959 973
959 974
974 880
974 850
974 995
974 954
974 699
974 741
974 212
974 857
974 110
974 989
974 963
974 854
974 519
974 755
974 144
974 270
974 307
974 312
974 347
974 436
974 551
974 563
974 565
974 579
974 580
974 583
974 604
974 689
974 690
974 707
974 739
974 822
974 856
995 880
995 850
995 10
995 48
995 63
995 103
995 144
995 270
995 301
995 312
995 383
995 386
995 390
995 408
995 413
995 445
995 452
995 496
995 554
995 571
995 580
995 582
995 602
995 637
995 674
995 691
995 698
995 707
995 708
995 711
995 741
995 786
995 789
995 795
995 799
995 808
995 838
995 854
995 857
995 938
995 960
995 970
995 980
31 998
31 242
31 864
760 987
760 951
760 983
760 930
760 914
760 868
760 980
760 815
760 565
760 395
760 513
760 764
798 725
798 415
798 885
798 976
798 805
798 994
798 777
798 965
798 82
798 250
798 448
798 464
798 732
886 818
886 951
886 885
886 807
886 978
886 891
886 930
886 817
886 984
886 862
886 950
886 980
886 815
886 318
886 368
886 826
886 369
886 556
899 818
899 951
899 986
899 978
899 857
899 584
899 871
899 930
899 626
899 817
899 984
899 115
899 405
899 492
899 555
899 822
899 826
899 853
899 904
908 913
908 780
908 981
908 242
908 874
908 870
908 963
908 979
908 922
908 933
908 926
908 821
908 372
908 665
908 667
908 710
908 717
908 736
908 750
908 803
908 841
908 906
930 951
930 983
930 630
930 978
930 956
930 871
930 889
930 69
930 169
930 264
930 567
930 578
930 652
930 706
930 716
930 774
930 815
930 817
930 980
930 984
936 797
936 993
936 957
936 805
936 708
936 963
936 718
936 965
936 697
936 547
936 672
936 935
936 660
936 663
936 815
936 617
936 778
936 183
936 349
936 402
936 437
936 570
936 679
936 759
936 856
936 859
936 919
980 951
980 983
980 955
980 998
980 915
980 630
980 976
980 978
980 584
980 989
980 292
980 226
980 914
980 743
980 902
980 922
980 105
980 191
980 332
980 400
980 441
980 443
980 464
980 555
980 558
980 567
980 578
980 586
980 604
980 649
980 682
980 757
980 774
985 972
985 39
985 409
985 118
985 136
985 152
985 195
985 246
985 254
985 256
985 264
985 352
985 362
985 406
985 476
985 491
985 499
985 500
985 518
985 519
985 523
985 539
985 564
985 610
985 619
985 641
985 652
985 700
985 704
985 720
985 748
985 814
985 842
985 852
985 860
985 947
985 950
985 979
985 984
985 990
38 996
38 872
38 986
234 996
234 963
234 971
239 998
239 940
239 988
239 778
263 951
263 824
263 984
263 713
316 984
316 390
316 733
354 983
354 595
354 613
354 757
397 961
397 385
397 746
397 946
397 652
441 983
441 943
441 973
441 890
511 888
511 890
511 919
511 349
511 426
511 461
586 927
586 951
586 984
586 478
586 338
622 378
622 969
622 992
622 614
622 909
622 507
622 680
622 388
626 992
626 818
626 79
626 410
626 914
626 950
662 951
662 983
662 630
662 978
662 939
662 817
662 203
662 219
662 561
683 818
683 951
683 983
683 998
683 984
683 892
683 431
683 526
704 489
704 876
704 914
704 937
704 881
704 624
704 333
704 462
704 689
713 996
713 916
713 857
713 781
713 888
713 960
713 971
713 624
757 978
757 914
757 984
757 247
757 412
757 418
757 529
757 764
757 844
774 951
774 983
774 978
774 916
774 895
774 914
774 984
774 250
791 972
791 998
791 905
791 988
791 864
791 938
791 309
791 982
791 743
791 778
791 215
791 244
791 900
808 940
808 918
808 884
808 907
808 920
808 678
808 657
808 809
808 919
808 462
808 430
808 594
808 703
914 983
914 996
914 978
914 587
914 79
914 332
914 418
914 447
914 645
914 666
914 728
914 743
914 815
914 817
914 866
914 937
926 780
926 799
926 981
926 592
926 874
926 963
926 979
926 854
926 134
926 176
926 275
926 343
926 352
926 458
926 488
926 540
926 717
926 750
926 761
926 841
926 887
926 906
926 919
951 508
951 7
951 26
951 105
951 226
951 252
951 395
951 589
951 599
951 635
951 657
951 703
951 778
951 815
951 944
951 978
951 981
951 984
951 989
978 818
978 983
978 952
978 949
978 630
978 45
978 118
978 191
978 197
978 393
978 395
978 400
978 410
978 418
978 455
978 480
978 535
978 555
978 578
978 681
978 695
978 749
978 792
978 795
978 815
978 817
978 896
978 984
981 379
981 780
981 992
981 932
981 15
981 799
981 127
981 134
981 276
981 284
981 303
981 341
981 364
981 512
981 538
981 665
981 667
981 717
981 736
981 750
981 761
981 767
981 769
981 772
981 795
981 813
981 827
981 841
981 864
981 870
981 874
981 906
981 922
981 957
981 963
981 979
983 992
983 7
983 818
983 8
983 13
983 90
983 115
983 279
983 281
983 318
983 332
983 347
983 410
983 448
983 528
983 553
983 567
983 630
983 749
983 805
983 815
983 817
983 935
983 963
983 970
983 975
983 976
983 979
983 984
984 913
984 818
984 996
984 317
984 874
984 986
984 884
984 817
984 90
984 98
984 105
984 220
984 318
984 353
984 360
984 395
984 398
984 400
984 410
984 474
984 479
984 555
984 567
984 569
984 597
984 636
984 815
984 931
15 799
15 998
117 960
117 553
117 861
155 614
155 776
155 546
158 956
158 892
158 223
237 888
237 559
237 890
237 847
281 880
281 987
281 976
296 996
296 986
296 751
296 759
348 824
348 996
348 352
348 911
411 996
411 960
411 890
411 424
411 633
460 818
460 768
460 751
460 671
460 325
537 941
537 996
537 407
537 986
537 960
537 910
545 864
545 938
545 768
545 939
545 946
545 398
547 993
547 965
547 950
547 98
547 710
547 745
555 418
555 476
591 996
591 605
591 986
591 990
591 971
591 289
591 896
766 955
766 996
766 986
766 409
766 916
766 768
766 888
766 862
766 861
766 509
766 288
766 911
770 840
770 42
770 193
770 213
770 324
770 347
770 375
770 721
770 901
770 939
770 960
788 16
788 136
788 551
788 618
788 745
788 851
788 859
788 861
788 900
788 935
788 957
788 965
788 993
801 932
801 909
801 996
801 888
801 989
801 929
801 660
801 971
801 256
801 493
801 769
801 785
801 911
816 415
816 941
816 954
816 948
816 181
816 127
816 208
816 250
816 478
816 540
816 544
816 687
816 821
861 992
861 848
861 993
861 996
861 986
861 381
861 929
861 156
861 227
861 345
861 546
861 833
861 834
861 971
888 992
888 714
888 996
888 916
888 64
888 111
888 270
888 609
888 717
888 896
888 911
888 920
888 960
888 971
890 992
890 192
890 915
890 996
890 986
890 921
890 846
890 960
890 929
890 971
890 829
890 228
890 252
890 598
890 785
890 911
904 879
904 905
904 669
904 997
904 968
904 455
904 973
904 902
904 363
904 387
904 782
904 232
904 300
904 393
904 432
904 563
904 611
904 696
904 845
904 877
911 928
911 943
911 996
911 975
911 997
911 986
911 948
911 846
911 960
911 929
911 919
911 709
911 403
911 446
911 618
911 785
911 896
919 996
919 988
919 986
919 916
919 994
919 960
919 929
919 971
919 814
919 609
919 228
919 833
919 403
919 465
919 583
919 679
919 789
919 794
919 896
923 927
923 932
923 952
923 532
923 659
923 697
923 772
923 925
923 139
923 168
923 243
923 267
923 307
923 370
923 394
923 416
923 602
923 633
923 783
923 829
923 834
923 844
923 855
923 866
929 415
929 996
929 986
929 916
929 907
929 960
929 102
929 154
929 217
929 422
929 502
929 647
929 687
929 737
929 785
929 794
929 826
929 896
929 946
929 971
960 996
960 793
960 988
960 986
960 916
960 620
960 94
960 169
960 252
960 333
960 345
960 368
960 388
960 437
960 456
960 461
960 465
960 509
960 707
960 820
960 896
971 987
971 417
971 799
971 996
971 350
971 949
971 916
971 994
971 381
971 871
971 979
971 643
971 862
971 121
971 201
971 211
971 403
971 499
971 509
971 542
971 546
971 609
971 785
971 794
971 896
971 937
979 780
979 812
979 880
979 969
979 955
979 799
979 993
979 940
979 874
979 70
979 963
979 93
979 129
979 175
979 176
979 276
979 284
979 303
979 372
979 436
979 457
979 458
979 494
979 665
979 667
979 717
979 750
979 761
979 887
979 903
979 906
979 922
986 961
986 998
986 915
986 996
986 77
986 181
986 252
986 308
986 422
986 459
986 461
986 465
986 509
986 600
986 609
986 660
986 694
986 698
986 727
986 763
986 785
986 794
986 800
986 826
986 835
986 916
986 937
986 990
996 894
996 23
996 121
996 184
996 211
996 228
996 345
996 461
996 509
996 525
996 546
996 664
996 684
996 692
996 718
996 748
996 762
996 775
996 794
996 809
996 834
996 896
996 898
996 916
996 918
996 938
996 989
996 990
1 379
1 894
1 913
1 953
379 640
379 790
379 894
379 953
894 112
894 124
894 312
894 315
894 337
894 413
894 422
894 487
894 575
894 593
894 628
894 634
894 636
894 650
894 675
894 877
894 942
894 953
913 11
913 213
913 330
913 375
913 399
913 429
913 459
913 538
913 638
913 658
913 831
913 840
913 845
913 858
913 875
913 901
913 957
913 991
913 998
953 40
953 216
953 235
953 302
953 337
953 385
953 425
953 470
953 472
953 487
953 492
953 565
953 575
953 578
953 628
953 629
953 634
953 636
953 650
953 675
953 736
953 773
953 778
953 790
953 823
953 831
953 943
953 976
953 987
640 648
640 952
640 804
640 621
640 86
640 102
640 188
640 656
790 840
790 924
790 593
790 677
790 72
790 161
790 425
790 470
790 575
790 633
790 675
790 964
112 999
112 977
112 387
124 982
124 839
124 962
312 420
312 528
315 931
315 634
315 452
315 636
337 917
337 731
337 634
413 48
413 486
413 608
413 822
422 920
422 896
422 541
487 818
487 425
487 675
487 506
487 472
575 947
575 634
575 186
575 492
575 811
593 40
593 146
593 462
593 598
593 636
593 918
628 96
628 216
628 394
628 472
628 609
628 650
628 675
634 126
634 689
634 709
634 823
636 818
636 941
636 470
636 650
650 997
650 504
650 539
650 302
650 410
650 472
675 989
675 216
675 390
675 403
675 627
877 797
877 932
877 928
877 874
877 939
877 989
877 644
877 843
877 414
877 258
877 325
877 327
877 434
877 533
877 556
877 562
877 763
877 855
942 145
942 28
942 787
942 64
942 101
942 114
942 151
942 198
942 267
942 309
942 373
942 428
942 498
942 505
942 588
942 612
942 647
942 653
942 669
942 680
942 688
942 735
942 748
942 781
942 827
942 891
942 925
942 933
942 982
11 192
11 725
11 840
213 901
213 564
330 972
330 993
330 858
330 845
375 967
375 516
375 274
375 604
399 831
399 217
399 845
399 906
429 992
429 42
429 831
429 858
429 882
459 840
459 858
459 655
459 401
538 45
538 303
538 716
538 841
538 963
638 982
638 902
638 863
638 925
638 962
638 435
638 166
638 647
658 998
658 16
658 227
658 737
658 778
658 813
658 900
658 918
658 988
831 961
831 192
831 840
831 858
831 901
831 967
831 933
831 139
831 313
831 617
831 765
831 845
840 97
840 305
840 454
840 601
840 610
840 750
840 754
840 845
840 901
840 937
845 932
845 901
845 507
845 834
845 274
845 305
845 313
845 323
845 428
845 789
858 787
858 948
858 49
858 152
858 193
858 205
858 274
858 601
858 764
858 779
858 835
858 901
875 932
875 955
875 999
875 977
875 47
875 186
875 287
875 661
875 694
875 731
875 733
875 740
875 767
875 783
875 792
875 811
875 833
875 843
901 797
901 990
901 548
901 68
901 193
901 233
901 313
901 324
901 365
901 400
901 401
901 461
901 601
901 881
957 993
957 23
957 838
957 221
957 241
957 311
957 349
957 402
957 437
957 456
957 469
957 541
957 542
957 585
957 589
957 618
957 621
957 629
957 710
957 721
957 732
957 737
957 745
957 759
957 794
957 811
957 885
957 935
957 965
991 477
991 10
991 972
991 35
991 62
991 138
991 178
991 214
991 247
991 284
991 342
991 396
991 419
991 438
991 442
991 468
991 472
991 497
991 513
991 561
991 613
991 624
991 627
991 654
991 688
991 691
991 693
991 699
991 705
991 715
991 716
991 727
991 738
991 806
991 813
991 843
991 854
991 869
991 889
991 895
991 949
991 967
991 975
998 927
998 987
998 723
998 955
998 382
998 27
998 33
998 62
998 84
998 94
998 147
998 198
998 215
998 227
998 242
998 244
998 362
998 391
998 484
998 486
998 522
998 526
998 553
998 587
998 603
998 605
998 721
998 724
998 737
998 743
998 764
998 806
998 826
998 864
998 883
998 900
998 922
998 947
998 952
998 988
40 27
40 948
216 644
216 149
235 987
235 879
235 950
235 712
302 742
302 492
302 289
385 961
385 20
385 26
385 596
425 90
425 492
425 678
470 211
470 472
470 759
470 792
472 990
492 242
492 552
565 954
565 874
565 857
565 154
565 635
578 630
578 109
578 859
629 872
629 55
629 61
629 113
629 708
629 853
629 939
736 993
736 874
736 948
736 994
736 742
736 963
736 892
736 761
736 906
773 968
773 921
773 917
773 965
773 76
773 300
773 335
773 625
773 767
773 873
773 898
773 907
778 685
778 988
778 743
778 176
778 486
778 522
778 900
823 248
823 994
823 851
823 482
823 817
823 903
823 962
823 646
823 525
823 693
823 970
823 469
823 671
943 685
943 848
943 19
943 893
943 940
943 46
943 81
943 88
943 133
943 163
943 268
943 424
943 443
943 513
943 606
943 664
943 699
943 758
943 803
943 830
943 834
943 846
943 860
943 867
943 887
943 952
976 880
976 987
976 824
976 909
976 442
976 997
976 45
976 56
976 75
976 86
976 193
976 262
976 274
976 277
976 306
976 314
976 357
976 376
976 503
976 516
976 589
976 649
976 666
976 695
976 700
976 712
976 777
976 779
976 819
976 878
976 896
976 950
976 963
987 3
987 880
987 45
987 86
987 262
987 277
987 280
987 314
987 338
987 357
987 376
987 384
987 442
987 482
987 516
987 589
987 605
987 649
987 666
987 667
987 671
987 674
987 695
987 700
987 712
987 725
987 728
987 777
987 779
987 925
987 928
987 933
987 941
987 950
987 954
2 359
2 780
2 812
2 927
359 749
359 970
359 993
359 994
780 494
780 534
780 742
780 779
780 841
780 869
780 963
780 993
812 52
812 569
812 576
812 635
812 679
812 684
812 756
812 824
812 847
812 897
812 925
812 956
812 975
927 137
927 141
927 223
927 229
927 378
927 426
927 466
927 569
927 572
927 576
927 635
927 639
927 651
927 659
927 732
927 767
927 870
927 892
927 949
927 956
927 965
927 975
749 968
749 994
749 796
749 950
749 962
749 726
749 646
749 297
970 893
970 944
970 691
970 994
970 560
970 796
970 851
970 869
970 557
970 482
970 473
970 726
970 260
970 744
970 734
970 233
970 826
970 320
970 361
970 366
970 447
970 467
970 469
970 486
970 535
970 590
970 602
970 706
970 747
970 767
970 792
970 819
970 828
993 185
993 797
993 969
993 977
993 16
993 17
993 73
993 74
993 88
993 111
993 349
993 360
993 388
993 464
993 501
993 529
993 541
993 542
993 599
993 617
993 618
993 621
993 659
993 668
993 679
993 710
993 718
993 728
993 741
993 745
993 759
993 838
993 853
993 874
993 935
993 964
993 965
994 905
994 975
994 206
994 58
994 691
994 68
994 90
994 104
994 126
994 170
994 218
994 260
994 261
994 366
994 400
994 447
994 481
994 482
994 493
994 496
994 525
994 560
994 562
994 602
994 646
994 706
994 726
994 744
994 747
994 792
994 794
994 796
994 813
994 826
994 828
994 851
994 854
994 878
994 962
494 922
494 962
494 144
494 364
494 750
534 972
534 872
534 989
534 967
534 705
534 727
742 419
742 70
742 196
742 549
742 556
742 599
742 609
742 892
742 922
779 880
779 56
779 384
779 550
779 649
779 700
779 707
779 950
779 962
841 972
841 874
841 968
841 935
841 377
841 318
841 906
841 750
841 341
841 717
841 855
869 669
869 948
869 777
869 69
869 255
869 308
869 367
869 435
869 475
869 527
869 656
869 839
869 903
869 925
869 965
869 982
963 992
963 799
963 419
963 70
963 71
963 196
963 284
963 364
963 481
963 533
963 599
963 667
963 717
963 745
963 750
963 761
963 776
963 782
963 837
963 853
963 922
963 962
52 277
52 577
52 956
569 975
569 865
569 956
569 870
569 813
576 975
576 229
576 907
576 762
576 847
635 956
635 884
635 892
635 293
635 341
679 718
679 965
679 935
679 737
679 710
679 750
684 975
684 956
684 870
684 544
684 653
684 651
684 767
684 896
756 948
756 865
756 754
756 644
756 982
756 846
756 903
756 925
756 172
756 696
756 769
824 18
824 249
824 445
824 448
824 523
824 800
824 821
824 873
824 885
824 941
824 964
847 719
847 988
847 975
847 229
847 870
847 884
847 982
847 892
847 898
847 278
847 286
847 563
847 639
847 767
897 932
897 972
897 295
897 990
897 41
897 306
897 434
897 501
897 506
897 531
897 533
897 549
897 552
897 644
897 785
897 842
897 855
897 910
897 949
897 962
897 989
925 948
925 865
925 982
925 902
925 903
925 660
925 404
925 123
925 149
925 247
925 308
925 311
925 530
925 570
925 598
925 769
925 828
925 878
925 887
956 719
956 915
956 952
956 975
956 128
956 148
956 222
956 225
956 266
956 293
956 329
956 483
956 490
956 574
956 639
956 651
956 711
956 765
956 767
956 863
956 873
956 892
956 900
956 944
975 378
975 909
975 30
975 128
975 137
975 182
975 222
975 223
975 251
975 266
975 329
975 367
975 474
975 506
975 517
975 574
975 639
975 651
975 745
975 765
975 767
975 870
975 884
975 892
975 990
137 171
137 892
141 907
141 920
141 92
223 999
223 642
229 42
229 516
378 4
378 767
378 973
426 719
426 677
426 870
426 884
466 941
466 25
466 51
466 498
466 540
466 619
572 885
572 829
572 420
572 167
572 590
572 687
572 734
639 870
639 293
639 303
639 700
651 944
651 884
651 457
651 892
651 373
651 453
659 941
659 885
659 577
659 54
659 267
659 834
659 866
732 909
732 731
732 776
732 931
732 182
732 445
732 476
732 544
732 706
767 940
767 870
767 892
870 719
870 66
870 291
870 535
870 574
870 703
870 711
870 883
870 892
892 797
892 768
892 891
892 455
892 950
892 251
892 574
892 937
949 581
949 932
949 41
949 65
949 128
949 175
949 236
949 245
949 268
949 289
949 327
949 374
949 434
949 531
949 533
949 552
949 556
949 644
949 692
949 709
949 763
949 815
949 855
949 871
949 989
965 185
965 797
965 955
965 718
965 74
965 301
965 360
965 402
965 437
965 464
965 502
965 541
965 542
965 580
965 617
965 618
965 690
965 693
965 703
965 720
965 728
965 751
965 759
965 859
965 920
965 935
3 185
3 355
3 880
185 617
355 197
355 781
355 806
355 834
880 56
880 163
880 195
880 277
880 280
880 589
880 664
880 700
880 738
880 777
880 815
880 950
617 988
617 935
617 663
617 143
197 973
197 867
781 577
781 60
781 123
781 153
781 243
781 463
781 697
781 782
781 829
781 834
781 866
806 992
806 999
806 972
806 87
806 699
806 715
806 889
806 613
806 705
806 759
806 813
806 967
834 879
834 867
834 172
834 267
834 307
834 416
834 747
834 866
56 120
163 940
195 990
195 539
277 990
280 787
280 202
280 695
589 950
589 712
664 893
664 940
664 846
664 93
664 414
664 803
664 887
700 719
700 950
700 856
700 666
738 876
738 571
738 771
738 883
738 937
738 827
738 303
738 339
738 424
738 689
777 969
777 60
777 75
777 516
777 649
777 695
777 740
777 950
815 668
815 119
815 290
815 368
950 961
950 442
950 947
950 94
950 314
950 338
950 357
950 376
950 384
950 516
950 649
950 666
950 695
950 712
950 747
950 786
950 844
86 573
262 75
262 862
262 866
314 946
314 579
338 990
338 712
357 811
357 802
376 964
376 695
376 313
384 843
384 259
384 395
442 24
442 231
482 80
482 191
482 726
516 882
605 905
605 29
605 432
605 604
605 973
605 997
649 868
649 601
649 583
649 666
666 977
666 988
666 712
666 690
667 922
667 811
667 906
667 802
671 723
671 741
671 868
671 612
671 323
671 418
671 702
674 795
674 857
674 71
674 369
674 386
674 730
695 902
695 461
695 610
712 946
712 444
712 821
712 561
725 18
725 380
725 402
725 600
725 687
725 731
725 776
725 941
728 838
728 990
728 621
728 935
728 859
728 803
728 464
928 969
928 992
928 18
928 44
928 146
928 161
928 202
928 259
928 265
928 344
928 392
928 507
928 535
928 614
928 642
928 748
928 807
928 859
928 881
928 909
928 918
928 924
928 997
933 145
933 787
933 938
933 114
933 309
933 381
933 891
933 973
933 862
933 115
933 151
933 180
933 428
933 456
933 503
933 505
933 588
933 627
933 647
933 653
933 680
933 827
933 837
941 723
941 999
941 18
941 167
941 194
941 350
941 420
941 480
941 498
941 532
941 540
941 544
941 560
941 568
941 590
941 598
941 600
941 687
941 692
941 800
941 832
941 946
954 850
954 571
954 21
954 36
954 49
954 63
954 110
954 194
954 241
954 347
954 386
954 423
954 427
954 444
954 528
954 616
954 707
954 755
954 763
954 765
954 789
954 802
954 828
954 854
4 508
4 685
4 719
508 107
508 473
508 479
508 722
508 793
685 615
685 827
685 830
685 846
685 887
685 893
685 940
719 39
719 251
719 286
719 903
973 879
973 905
973 240
973 317
973 669
973 997
973 924
973 595
973 81
973 100
973 187
973 238
973 269
973 273
973 275
973 286
973 369
973 383
973 451
973 506
973 600
973 611
973 623
973 686
973 696
973 820
973 837
973 863
973 962
973 967
107 920
107 678
107 903
473 189
473 947
473 131
473 722
479 240
479 878
479 478
479 608
479 855
722 793
722 595
722 878
722 201
722 326
722 478
722 520
722 873
722 896
793 632
793 977
793 26
793 165
793 279
793 421
793 595
793 608
793 631
793 772
793 878
615 872
615 939
615 97
615 207
615 387
615 690
615 853
615 946
827 891
827 922
827 745
827 680
827 180
827 647
827 428
827 505
827 570
827 588
827 653
830 799
830 893
830 940
830 606
830 846
830 445
830 887
830 792
830 324
830 513
830 758
830 769
830 789
830 803
846 893
846 940
846 88
846 204
846 268
846 443
846 803
846 821
846 887
846 906
887 893
887 940
887 606
887 931
887 962
887 269
887 443
887 881
887 513
887 727
887 758
887 803
893 879
893 19
893 258
893 340
893 381
893 443
893 606
893 734
893 747
893 758
893 786
893 803
893 837
893 940
940 876
940 19
940 88
940 133
940 268
940 340
940 391
940 513
940 526
940 568
940 606
940 758
940 803
940 866
940 921
940 982
39 409
39 990
251 884
251 641
286 884
286 921
903 924
903 948
903 865
903 668
903 982
903 902
903 108
903 255
903 307
903 433
903 490
903 503
903 518
903 530
903 769
5 632
5 797
5 969
5 992
632 111
632 326
632 485
632 557
632 878
632 891
632 988
797 183
797 184
797 663
797 672
797 848
797 859
797 935
969 14
969 22
969 57
969 87
969 91
969 140
969 175
969 219
969 259
969 265
969 272
969 294
969 392
969 394
969 512
969 535
969 563
969 583
969 614
969 642
969 670
969 737
969 807
969 842
969 862
969 882
969 917
969 924
969 992
992 20
992 32
992 36
992 44
992 146
992 152
992 179
992 231
992 259
992 272
992 294
992 344
992 353
992 360
992 392
992 407
992 412
992 417
992 464
992 507
992 512
992 530
992 535
992 583
992 614
992 642
992 794
992 799
992 807
992 862
992 878
992 909
111 935
326 999
326 557
326 967
485 878
485 162
485 421
485 529
485 751
485 789
557 595
557 857
557 79
557 361
557 608
878 131
878 143
878 162
878 361
878 478
878 496
878 608
878 609
878 631
878 661
878 735
891 477
891 972
891 787
891 309
891 60
891 151
891 183
891 305
891 373
891 430
891 456
891 582
891 588
891 653
891 680
988 382
988 28
988 33
988 46
988 84
988 92
988 94
988 130
988 147
988 170
988 242
988 254
988 299
988 310
988 391
988 457
988 484
988 486
988 526
988 528
988 553
988 587
988 603
988 676
988 721
988 737
988 743
988 764
988 864
988 867
988 900
988 990
183 718
184 672
184 910
663 938
663 119
663 209
663 465
663 541
663 542
663 843
672 838
672 99
672 282
672 464
672 574
672 935
848 10
848 285
848 374
848 417
848 623
848 775
848 844
848 879
848 881
848 910
848 931
848 947
848 964
859 972
859 935
859 745
859 676
859 241
859 339
859 529
859 710
859 733
859 759
859 906
935 838
935 804
935 851
935 621
935 180
935 221
935 232
935 279
935 287
935 437
935 529
935 600
935 681
935 717
14 382
14 571
22 42
22 408
22 909
57 999
57 977
57 677
87 20
87 864
91 924
91 989
91 862
140 507
140 680
175 862
219 836
219 944
219 947
259 829
265 924
265 383
265 607
272 862
272 340
272 544
294 999
294 909
294 368
392 36
392 43
392 811
394 864
394 772
394 867
512 909
512 807
512 287
512 763
535 909
563 997
563 863
563 510
563 405
583 924
583 862
583 646
614 20
614 642
614 691
614 746
642 673
642 862
642 305
642 750
670 804
670 691
670 796
670 902
670 962
670 693
670 826
670 828
670 562
737 147
737 486
737 526
737 681
737 721
807 909
807 407
807 924
807 35
807 297
807 344
807 532
807 744
807 862
807 882
842 915
842 990
842 85
842 304
842 406
842 500
842 564
842 610
842 619
842 748
842 761
842 814
842 852
862 909
862 924
862 668
862 190
862 427
882 449
882 836
882 944
882 947
882 755
882 116
882 246
882 320
882 334
882 388
882 431
882 468
882 616
882 694
882 730
917 825
917 915
917 916
917 524
917 835
917 521
917 884
917 70
917 157
917 230
917 377
917 389
917 541
917 568
917 734
917 735
917 852
917 856
917 860
917 873
917 898
924 407
924 32
924 36
924 125
924 161
924 179
924 190
924 231
924 353
924 463
924 608
924 655
924 922
924 938
924 964
32 571
32 909
44 114
44 603
146 771
152 748
179 350
179 260
231 909
231 613
344 99
344 721
353 909
353 150
360 221
407 909
407 24
412 990
412 852
412 619
412 794
417 13
417 883
417 937
507 333
507 582
530 715
530 754
530 982
530 902
794 916
794 964
794 896
794 465
794 747
799 293
799 599
799 717
799 906
799 922
909 190
909 521
909 630
909 761
909 796
909 906
6 581
6 723
6 932
581 299
581 758
581 850
581 868
581 932
581 989
723 83
723 328
723 517
723 559
723 751
723 863
723 868
932 24
932 65
932 199
932 245
932 258
932 289
932 306
932 410
932 529
932 585
932 610
932 763
932 775
932 855
932 989
932 997
299 961
299 504
299 113
758 606
758 514
758 800
758 340
758 339
758 687
758 803
850 9
850 21
850 103
850 154
850 199
850 427
850 471
850 481
850 618
850 786
850 857
850 918
850 977
868 944
868 83
868 550
868 203
868 283
868 453
868 502
868 517
868 559
868 655
868 702
868 716
868 820
868 883
989 295
989 968
989 65
989 98
989 199
989 210
989 236
989 245
989 258
989 289
989 306
989 405
989 414
989 416
989 434
989 495
989 501
989 502
989 533
989 552
989 556
989 585
989 623
989 644
989 646
989 709
989 763
989 772
989 855
989 946
989 967
83 968
83 550
328 964
328 126
328 819
328 881
517 820
517 730
517 751
517 687
559 820
559 173
559 225
559 323
559 682
751 768
751 907
751 502
751 527
751 682
751 702
863 669
863 997
863 521
863 606
863 100
863 101
863 238
863 488
863 562
863 602
863 641
863 686
863 837
232 825
232 997
301 948
301 755
408 837
408 854
408 864
493 964
493 789
579 857
579 637
579 528
579 518
656 566
656 805
656 804
656 613
656 692
656 282
656 582
678 918
678 625
678 920
678 515
678 383
678 739
789 857
789 826
789 481
789 528
822 571
822 857
822 946
822 233
822 340
822 347
822 403
822 432
822 856
898 915
898 592
898 918
898 835
898 968
898 944
898 921
898 796
898 718
898 625
898 860
898 156
898 300
898 321
898 536
898 809
898 873
997 825
997 879
997 905
997 240
997 787
997 30
997 67
997 100
997 101
997 148
997 187
997 269
997 276
997 298
997 393
997 432
997 451
997 455
997 488
997 510
997 524
997 548
997 551
997 562
997 604
997 645
997 661
997 686
997 696
997 739
997 820
997 837
997 865
997 918
997 947
997 990
24 295
65 606
199 495
245 443
245 475
258 839
306 448
529 621
585 885
585 836
585 873
585 501
585 531
610 990
610 814
610 607
610 518
763 962
763 726
763 506
763 709
763 556
763 552
775 825
775 964
775 910
775 843
775 962
775 765
775 844
775 881
775 819
855 918
855 644
855 506
855 866
855 325
855 709
855 366
855 552
855 616
7 477
7 818
477 627
477 889
477 967
477 972
818 84
818 157
818 977
627 889
627 967
627 396
627 458
627 813
889 972
889 415
889 669
889 438
889 62
889 574
889 654
889 655
889 688
889 727
889 809
889 813
889 828
889 937
889 967
967 972
967 648
967 699
967 715
967 138
967 573
967 654
967 103
967 247
967 252
967 342
967 396
967 424
967 452
967 497
967 561
967 613
967 681
967 688
967 705
967 727
967 771
967 813
967 964
972 955
972 961
972 10
972 62
972 178
972 214
972 293
972 342
972 396
972 438
972 497
972 544
972 561
972 654
972 688
972 699
972 705
972 715
972 727
972 783
972 785
972 813
972 874
972 968
84 743
157 835
157 72
977 955
977 999
977 12
977 63
977 89
977 177
977 201
977 282
977 287
977 310
977 321
977 435
977 446
977 471
977 491
977 620
977 661
977 681
977 682
977 733
977 740
977 783
977 811
977 833
977 836
977 843
977 851
977 931
977 952
26 189
105 515
226 77
226 270
226 368
395 804
599 133
599 134
657 952
657 864
657 918
657 907
657 920
657 200
657 689
657 724
703 918
703 895
703 907
703 920
703 739
703 809
703 604
944 876
944 872
944 449
944 53
944 836
944 96
944 166
944 217
944 246
944 253
944 271
944 343
944 388
944 431
944 468
944 616
944 652
944 694
944 730
944 735
944 920
944 947
8 489
8 955
8 999
13 34
13 876
115 817
279 143
279 631
318 205
332 114
332 653
448 885
448 483
528 856
553 835
553 458
553 764
553 900
567 852
567 227
567 452
630 43
630 499
805 566
805 952
805 50
805 548
805 474
805 558
805 561
805 582
805 762
805 783
805 820
817 838
817 603
817 82
817 143
817 896
489 335
489 631
489 771
489 883
489 937
955 43
955 130
955 177
955 290
955 365
955 433
955 446
955 471
955 491
955 536
955 620
955 643
955 661
955 665
955 681
955 783
955 796
955 811
955 833
955 843
955 947
955 948
955 999
999 27
999 43
999 89
999 176
999 177
999 201
999 220
999 228
999 287
999 290
999 310
999 320
999 321
999 324
999 335
999 362
999 365
999 421
999 446
999 471
999 491
999 611
999 620
999 621
999 643
999 661
999 677
999 681
999 706
999 733
999 740
999 744
999 783
999 811
999 833
999 843
999 866
999 872
999 931
335 921
335 607
631 835
631 697
631 209
631 478
631 753
771 752
771 304
771 490
771 645
771 689
771 733
771 883
771 937
883 876
883 804
883 164
883 173
883 329
883 390
883 462
883 520
883 624
883 689
883 690
883 937
937 876
937 938
937 625
937 902
937 814
937 164
937 444
937 333
937 339
937 390
937 424
937 454
937 490
937 624
937 689
937 690
130 864
130 336
177 525
290 795
290 681
365 321
365 386
433 879
433 895
433 369
433 488
446 740
446 467
471 843
471 170
471 783
491 681
491 405
491 783
536 915
536 968
536 922
536 873
536 828
620 71
620 497
620 643
620 733
620 833
643 524
643 89
643 440
643 733
643 740
661 677
661 895
661 982
661 833
665 874
665 948
665 982
665 761
665 906
665 406
681 783
783 905
783 677
783 733
783 769
796 961
796 449
796 68
796 693
796 826
796 828
796 962
811 677
811 843
811 740
811 220
811 702
811 833
833 947
833 677
833 843
833 860
833 680
833 525
833 220
843 310
843 122
843 254
843 733
843 740
947 449
947 53
947 836
947 96
947 116
947 217
947 246
947 253
947 271
947 343
947 388
947 431
947 616
947 694
947 697
947 730
947 907
948 224
948 108
948 292
948 308
948 367
948 440
948 475
948 570
948 668
948 752
948 754
948 769
948 839
948 900
948 902
948 916
948 962
948 982
27 382
89 550
220 982
228 210
310 79
320 962
320 792
321 964
362 864
362 522
421 209
421 361
421 813
611 566
611 879
611 505
611 436
611 393
611 562
621 77
621 358
677 876
677 382
706 715
706 851
706 962
706 792
706 747
706 602
733 905
733 427
740 962
740 139
740 165
740 261
744 189
744 691
744 851
744 962
744 483
744 469
744 496
744 764
866 990
866 982
866 697
866 772
866 867
866 483
866 829
866 243
866 439
866 633
872 905
872 938
872 47
872 150
872 380
872 387
872 519
872 527
872 802
872 871
872 881
872 939
872 946
931 120
931 982
931 109
931 174
931 285
931 331
931 372
931 374
931 463
931 686
931 698
931 765
931 803
931 844
931 860
931 881
931 910
931 964
9 714
9 825
9 961
714 116
714 160
714 178
714 253
714 371
714 549
714 596
714 673
714 961
825 30
825 269
825 275
825 405
825 476
825 604
825 686
825 839
825 852
825 905
961 34
961 80
961 113
961 160
961 206
961 212
961 236
961 257
961 288
961 336
961 504
961 549
961 554
961 596
961 652
961 673
961 716
961 735
961 746
961 851
961 856
961 865
961 871
116 660
160 746
160 127
178 499
253 151
253 730
371 746
371 910
371 716
371 549
371 618
549 603
549 652
549 520
596 874
596 746
596 946
596 652
596 542
673 80
673 257
673 520
673 652
673 653
673 769
673 829
30 248
269 206
275 905
275 705
405 837
476 885
476 821
476 590
604 645
604 696
686 298
686 731
686 273
686 161
686 243
839 715
839 865
839 754
839 902
839 225
839 475
839 503
839 523
839 570
839 702
839 764
852 409
852 990
852 93
852 406
852 500
852 641
852 720
852 814
852 819
905 17
905 81
905 122
905 238
905 369
905 416
905 454
905 488
905 618
905 734
905 837
21 145
21 189
103 711
154 857
481 571
481 255
618 402
786 854
786 573
786 660
786 383
786 856
786 792
786 452
786 601
857 49
857 238
857 313
857 380
857 389
918 46
918 165
918 319
918 515
918 543
918 594
918 724
918 739
918 809
918 895
918 907
918 920
34 206
34 212
80 504
113 746
212 652
236 838
236 506
257 419
257 676
257 716
288 884
288 746
288 716
336 952
336 548
336 762
504 108
504 285
504 716
554 939
554 637
554 543
554 150
554 802
554 853
652 938
716 844
716 520
735 521
735 573
735 194
735 389
735 607
735 734
735 844
746 401
746 486
746 520
746 752
851 68
851 147
851 164
851 261
851 297
851 334
851 747
851 962
856 741
856 270
856 453
856 488
856 580
856 717
865 224
865 41
865 85
865 131
865 166
865 285
865 292
865 404
865 503
865 982
871 248
871 59
871 135
871 167
871 171
871 271
871 311
871 752
871 753
871 782
871 832
871 853
871 946
285 964
374 922
374 964
374 910
623 832
623 964
623 255
623 765
623 819
844 964
844 946
844 256
844 765
844 372
844 469
844 698
844 819
844 881
879 17
879 153
879 187
879 198
879 317
879 363
879 393
879 645
879 782
879 828
879 837
881 982
881 964
881 910
881 613
881 351
881 256
881 463
881 698
881 705
881 819
910 120
910 668
910 964
910 322
910 331
910 463
910 676
910 682
910 688
910 689
910 698
910 765
910 819
964 532
964 120
964 922
964 711
964 109
964 322
964 331
964 351
964 372
964 396
964 463
964 698
964 765
964 819
964 900
214 699
214 761
342 271
342 906
396 697
438 35
438 637
438 734
497 715
497 873
497 762
544 692
561 730
561 727
654 836
654 101
654 128
654 401
654 727
654 813
688 990
688 705
688 813
688 496
699 23
699 813
699 814
705 613
705 820
715 25
715 247
715 319
727 560
727 753
785 916
785 795
785 584
785 660
785 896
813 624
874 37
874 346
874 597
874 761
874 906
874 922
968 192
968 915
968 592
968 51
968 524
968 835
968 61
968 76
968 121
968 230
968 300
968 358
968 389
968 521
968 568
968 573
968 607
968 625
968 696
968 709
968 734
968 755
968 819
968 836
968 860
968 873
968 921
35 938
138 28
138 613
284 435
419 37
419 922
468 836
468 708
468 587
468 694
513 803
624 876
624 327
624 339
691 58
691 546
691 826
693 560
693 962
693 196
693 380
693 792
854 741
854 795
854 73
854 356
854 710
854 755
895 885
895 125
895 543
895 718
895 78
895 165
895 430
895 498
895 594
895 724
895 739
895 809
895 896
895 907
48 595
48 795
144 741
383 795
386 835
390 462
445 885
445 202
452 795
496 962
496 828
571 436
580 916
580 907
580 551
582 648
582 952
582 439
602 836
602 962
602 828
637 59
637 168
637 708
637 853
637 946
698 748
698 962
698 819
707 755
707 208
707 210
707 594
708 938
708 59
708 423
708 428
708 832
708 946
711 741
711 304
711 551
711 609
711 755
741 33
741 37
741 95
795 876
795 551
838 566
838 23
838 542
838 608
838 718
838 759
838 832
838 907
938 248
938 129
938 186
938 356
938 380
938 458
938 467
938 484
938 597
938 720
938 752
938 753
938 782
938 802
938 832
938 939
938 946
380 946
402 821
600 776
600 692
600 249
687 885
687 821
687 527
731 82
731 250
731 322
731 480
731 590
731 680
731 776
776 885
776 104
776 171
776 416
776 546
776 800
776 821
97 921
97 832
305 401
454 240
454 837
454 696
601 503
601 401
601 633
750 317
750 906
754 916
754 58
754 225
754 598
754 792
754 900
754 902
12 415
12 566
12 648
415 885
566 607
566 762
566 952
648 204
648 334
648 646
648 804
648 867
648 952
885 350
885 33
885 208
885 389
885 724
885 821
607 915
607 592
607 921
762 952
762 804
762 519
762 370
762 721
762 346
762 474
952 29
952 37
952 102
952 174
952 188
952 204
952 244
952 282
952 346
952 420
952 439
952 451
952 474
952 548
952 558
952 594
952 804
204 558
334 962
334 828
646 726
646 170
646 525
804 55
804 188
804 439
804 474
804 558
804 921
867 577
867 584
867 95
867 173
867 243
867 283
867 307
867 370
867 522
867 633
867 752
867 829
282 174
435 982
435 134
682 946
682 655
682 527
682 502
682 702
836 53
836 271
836 322
836 616
836 694
836 730
876 304
876 333
876 444
876 453
876 462
876 484
876 495
876 689
876 690
876 906
304 690
444 164
444 490
484 864
484 92
484 802
495 414
495 946
495 437
495 709
690 424
690 490
906 457
906 298
906 922
906 319
906 346
906 436
382 603
603 451
603 721
603 900
436 341
939 55
939 135
939 261
939 367
939 398
939 451
939 467
939 514
939 533
939 588
939 597
939 739
939 753
939 782
939 802
939 853
939 884
939 907
939 946
717 724
922 93
922 276
922 345
922 458
922 465
922 523
922 761
127 498
276 215
341 828
364 356
364 434
761 800
761 645
769 982
769 902
769 676
769 570
772 915
772 532
772 95
772 153
772 483
772 748
772 829
864 300
864 391
864 587
864 764
864 900
198 64
215 564
227 900
244 900
244 431
391 74
391 587
522 982
522 860
522 900
526 920
526 764
587 75
587 900
721 743
721 218
721 764
724 543
724 907
724 920
724 515
724 900
743 990
743 363
743 552
743 764
764 900
826 560
826 962
826 233
826 747
900 745
900 266
900 570
16 915
915 61
915 72
915 133
915 218
915 230
915 389
915 447
915 501
915 573
915 625
915 835
915 921
136 990
136 352
551 323
745 119
745 241
745 759
61 110
72 644
218 860
218 734
230 982
230 106
447 726
447 753
501 809
501 210
573 122
573 860
625 78
625 156
625 377
835 592
835 51
835 207
835 873
835 921
921 524
921 66
921 135
921 156
921 207
921 358
921 475
921 568
921 734
921 747
921 860
921 873
921 920
17 224
73 543
73 718
349 531
541 710
668 69
668 676
668 902
668 982
710 509
710 283
710 759
718 505
759 377
759 619
853 902
853 752
853 946
853 726
853 782
853 896
853 753
224 373
224 982
373 787
373 680
982 920
982 81
982 85
982 99
982 162
982 166
982 255
982 367
982 404
982 440
982 475
982 570
982 598
982 676
982 860
153 829
187 297
317 29
363 109
363 510
393 518
645 837
645 369
645 451
782 577
782 514
782 186
782 398
782 709
782 753
828 260
828 249
828 792
837 669
837 480
837 205
837 562
122 860
238 809
416 829
488 432
734 873
734 358
249 990
249 800
523 480
523 692
523 590
800 907
800 902
800 692
800 291
800 182
800 194
800 594
821 292
821 498
821 171
821 291
821 819
873 521
873 860
873 291
873 207
873 533
873 568
202 82
748 990
748 106
748 264
748 499
167 480
350 25
420 159
420 540
480 142
498 203
532 54
532 829
540 414
540 398
560 67
560 747
568 860
568 260
590 524
590 331
598 500
598 440
692 515
692 142
832 132
832 329
832 510
832 597
832 616
832 752
832 753
832 802
832 946
946 387
946 150
946 168
946 311
946 356
946 398
946 406
946 802
19 240
381 916
381 59
606 920
747 962
803 387
803 556
268 509
860 592
860 149
860 377
145 680
110 755
241 962
423 990
423 641
423 619
423 418
616 669
616 730
755 331
755 752
755 814
765 256
765 500
765 819
802 787
802 597
802 467
802 753
190 694
521 64
814 990
814 564
814 159
814 343
814 499
814 539
814 619
608 595
608 266
907 78
907 430
907 594
907 730
907 739
907 809
907 920
221 295
221 358
311 514
456 720
456 653
469 962
469 558
121 916
211 351
345 298
525 233
809 920
809 515
809 739
809 200
809 612
896 660
896 829
896 403
916 47
916 77
916 196
916 400
916 660
916 920
990 409
990 104
990 106
990 108
990 118
990 254
990 278
990 352
990 406
990 499
990 518
990 519
990 539
990 564
990 641
990 720
295 370
370 577
370 173
25 592
592 467
51 524
619 531
619 702
467 752
319 920
319 739
595 162
28 787
787 50
787 60
787 588
787 647
787 653
50 548
50 768
588 449
588 884
647 180
647 188
647 428
647 505
653 564
267 641
309 54
505 250
612 768
612 820
612 278
612 434
612 655
612 702
669 29
669 696
92 920
457 71
457 550
676 902
676 123
676 440
432 514
696 455
696 475
102 100
174 739
346 558
439 548
439 597
474 510
548 191
558 753
594 543
248 356
182 208
222 884
222 67
222 539
266 884
329 884
574 884
574 264
884 66
884 200
67 455
148 76
148 377
298 76
510 273
510 325
562 768
739 920
820 768
820 550
820 172
820 203
820 527
820 655
125 54
125 920
655 550
655 283
655 520
95 697
297 792
129 273
129 597
720 118
720 169
720 264
720 518
720 641
752 132
752 514
753 531
47 55
519 106
519 500
527 323
181 660
181 123
308 500
465 726
609 169
694 829
694 730
409 96
539 709
564 104
641 702
278 768
278 283
292 69
440 490
902 85
902 99
902 149
902 351
902 404
962 126
962 261
962 366
962 792
41 449
131 142
404 119
404 726
503 225
531 552
644 829
327 556
709 325
819 361
515 430
543 366
920 78
920 200
768 550
768 633
768 702
633 577
633 697
702 502
577 273
483 139
483 829
53 66
730 431
217 343
697 172
135 132
514 168
58 584
584 98
584 430
726 159
414 132
291 159
209 478
