1	777
1	898
1	948
1	970
2	24
2	174
2	810
2	843
3	249
3	836
3	940
3	962
4	805
4	909
4	961
4	991
5	431
5	544
5	890
5	972
6	253
6	638
6	898
6	975
7	631
7	928
7	944
7	978
8	610
8	812
8	977
8	991
9	289
9	582
9	808
9	974
10	206
10	319
10	817
10	900
11	617
11	850
11	902
11	958
12	746
12	902
12	924
12	944
13	694
13	815
13	940
13	986
14	531
14	645
14	717
14	877
15	924
15	972
15	987
15	996
16	566
16	939
16	975
16	999
17	578
17	888
17	943
17	997
18	705
18	959
18	969
18	980
19	365
19	696
19	926
19	996
20	425
20	985
20	992
20	993
21	163
21	349
21	406
21	621
22	23
22	857
22	992
22	993
23	22
23	930
23	939
23	957
24	2
24	874
24	904
24	976
25	509
25	902
25	932
25	944
26	707
26	959
26	969
26	980
27	169
27	295
27	974
27	992
28	550
28	585
28	800
28	848
29	182
29	919
29	934
29	936
30	932
30	944
30	958
30	994
31	576
31	842
31	897
31	1000
32	138
32	259
32	900
32	957
33	581
33	635
33	791
33	976
34	742
34	759
34	831
34	929
35	604
35	696
35	706
35	927
36	432
36	709
36	827
36	924
37	684
37	809
37	962
37	966
38	297
38	412
38	773
38	797
39	45
39	889
39	893
39	997
40	848
40	893
40	994
40	997
41	889
41	993
41	994
41	997
42	323
42	669
42	780
42	791
43	622
43	894
43	925
43	933
44	672
44	884
44	977
44	991
45	39
45	121
45	773
45	793
46	239
46	868
46	934
46	968
47	582
47	911
47	950
47	1000
48	742
48	942
48	963
48	999
49	352
49	508
49	579
49	982
50	668
50	934
50	977
50	991
51	78
51	266
51	319
51	803
52	60
52	751
52	916
52	946
53	216
53	766
53	767
53	998
54	540
54	597
54	861
54	998
55	868
55	877
55	919
55	929
56	797
56	803
56	863
56	884
57	327
57	701
57	860
57	945
58	299
58	607
58	929
58	995
59	419
59	683
59	766
59	904
60	52
60	420
60	700
60	916
61	565
61	892
61	968
61	970
62	356
62	621
62	719
62	804
63	799
63	830
63	957
63	988
64	902
64	932
64	944
64	958
65	841
65	961
65	962
65	966
66	803
66	812
66	961
66	966
67	148
67	688
67	698
67	772
68	293
68	703
68	841
68	988
69	491
69	858
69	967
69	985
70	88
70	156
70	588
70	852
71	598
71	961
71	966
71	986
72	572
72	918
72	956
72	982
73	100
73	543
73	644
73	912
74	111
74	697
74	751
74	946
75	694
75	812
75	940
75	987
76	296
76	572
76	642
76	998
77	242
77	506
77	873
77	908
78	51
78	314
78	682
78	913
79	854
79	935
79	979
79	981
80	516
80	885
80	931
80	945
81	552
81	554
81	864
81	915
82	239
82	783
82	966
82	998
83	329
83	346
83	831
83	873
84	880
84	983
84	990
84	999
85	556
85	594
85	671
85	926
86	335
86	777
86	785
86	913
87	415
87	540
87	592
87	967
88	70
88	286
88	764
88	849
89	847
89	925
89	950
89	1000
90	454
90	530
90	994
90	997
91	774
91	810
91	934
91	968
92	635
92	791
92	828
92	917
93	531
93	622
93	768
93	907
94	648
94	846
94	978
94	993
95	676
95	786
95	816
95	991
96	956
96	966
96	972
96	989
97	406
97	435
97	623
97	789
98	919
98	929
98	970
98	991
99	480
99	644
99	858
99	967
100	73
100	497
100	846
100	957
101	558
101	605
101	978
101	992
102	477
102	925
102	968
102	970
103	422
103	626
103	860
103	945
104	257
104	676
104	691
104	835
105	752
105	781
105	817
105	890
106	691
106	880
106	922
106	997
107	816
107	859
107	928
107	960
108	858
108	894
108	967
108	979
109	649
109	850
109	968
109	970
110	756
110	858
110	967
110	974
111	74
111	523
111	946
111	986
112	641
112	684
112	755
112	881
113	190
113	918
113	979
113	982
114	308
114	904
114	987
114	996
115	650
115	889
115	994
115	997
116	564
116	573
116	922
116	994
117	150
117	602
117	883
117	912
118	348
118	710
118	795
118	959
119	618
119	657
119	804
119	953
120	375
120	803
120	900
120	941
121	45
121	773
121	806
121	829
122	530
122	622
122	933
122	945
123	614
123	654
123	772
123	964
124	307
124	880
124	889
124	997
125	938
125	951
125	990
125	995
126	863
126	865
126	905
126	1000
127	467
127	848
127	890
127	906
128	484
128	577
128	855
128	989
129	405
129	837
129	973
129	995
130	640
130	744
130	943
130	980
131	408
131	707
131	735
131	986
132	591
132	955
132	990
132	999
133	914
133	937
133	952
133	995
134	401
134	806
134	907
134	938
135	505
135	978
135	985
135	992
136	867
136	922
136	994
136	997
137	491
137	831
137	861
137	998
138	32
138	214
138	821
138	957
139	328
139	880
139	994
139	997
140	166
140	833
140	939
140	975
141	731
141	839
141	896
141	956
142	755
142	777
142	836
142	944
143	525
143	672
143	977
143	991
144	221
144	750
144	859
144	909
145	597
145	686
145	776
145	859
146	660
146	920
146	931
146	945
147	184
147	214
147	656
147	984
148	67
148	309
148	316
148	739
149	241
149	777
149	931
149	961
150	117
150	567
150	796
150	912
151	420
151	669
151	877
151	984
152	272
152	524
152	775
152	944
153	620
153	872
153	931
153	997
154	832
154	883
154	897
154	975
155	333
155	845
155	979
155	981
156	70
156	800
156	801
156	998
157	268
157	867
157	881
157	923
158	492
158	557
158	951
158	952
159	512
159	839
159	898
159	984
160	460
160	747
160	983
160	999
161	576
161	963
161	971
161	990
162	867
162	909
162	927
162	975
163	21
163	590
163	942
163	997
164	380
164	688
164	730
164	909
165	429
165	839
165	937
165	951
166	140
166	294
166	649
166	903
167	189
167	671
167	729
167	926
168	680
168	876
168	936
168	968
169	27
169	765
169	839
169	855
170	812
170	849
170	859
170	960
171	462
171	707
171	822
171	991
172	368
172	788
172	982
172	988
173	209
173	978
173	992
173	993
174	2
174	336
174	842
174	843
175	445
175	766
175	924
175	930
176	733
176	791
176	874
176	930
177	896
177	976
177	982
177	987
178	639
178	794
178	904
178	996
179	224
179	279
179	661
179	710
180	393
180	696
180	711
180	782
181	291
181	337
181	534
181	837
182	29
182	963
182	983
182	990
183	373
183	536
183	937
183	973
184	147
184	467
184	848
184	890
185	653
185	726
185	888
185	1000
186	523
186	646
186	766
186	946
187	303
187	880
187	994
187	997
188	920
188	931
188	945
188	981
189	167
189	606
189	615
189	926
190	113
190	274
190	612
190	918
191	922
191	989
191	994
191	997
192	937
192	985
192	992
192	993
193	908
193	943
193	980
193	998
194	236
194	533
194	974
194	984
195	379
195	758
195	854
195	982
196	752
196	883
196	917
196	944
197	715
197	964
197	971
197	999
198	648
198	704
198	901
198	971
199	435
199	621
199	657
199	905
200	392
200	868
200	883
200	977
201	414
201	693
201	901
201	932
202	444
202	504
202	974
202	984
203	559
203	872
203	886
203	945
204	577
204	846
204	908
204	910
205	827
205	889
205	972
205	987
206	10
206	221
206	501
206	817
207	719
207	947
207	964
207	999
208	620
208	713
208	962
208	986
209	173
209	927
209	939
209	975
210	798
210	840
210	876
210	933
211	909
211	935
211	957
211	960
212	880
212	983
212	990
212	999
213	392
213	679
213	844
213	991
214	138
214	147
214	522
214	808
215	238
215	870
215	994
215	997
216	53
216	750
216	998
216	1000
217	832
217	865
217	969
217	980
218	530
218	790
218	832
218	912
219	747
219	886
219	913
219	936
220	820
220	867
220	893
220	995
221	144
221	206
221	772
221	810
222	581
222	746
222	805
222	879
223	672
223	805
223	883
223	977
224	179
224	964
224	983
224	999
225	413
225	847
225	877
225	984
226	369
226	968
226	973
226	995
227	814
227	909
227	911
227	960
228	654
228	849
228	891
228	900
229	739
229	799
229	863
229	998
230	301
230	719
230	804
230	998
231	922
231	952
231	973
231	995
232	728
232	905
232	953
232	979
233	374
233	791
233	879
233	949
234	551
234	862
234	894
234	967
235	676
235	733
235	831
235	998
236	194
236	483
236	711
236	838
237	706
237	796
237	818
237	975
238	215
238	902
238	992
238	993
239	46
239	82
239	963
239	998
240	294
240	765
240	952
240	984
241	149
241	386
241	916
241	966
242	77
242	738
242	795
242	924
243	357
243	898
243	903
243	984
244	712
244	953
244	979
244	981
245	393
245	897
245	992
245	1000
246	374
246	565
246	902
246	944
247	571
247	985
247	992
247	993
248	781
248	983
248	990
248	999
249	3
249	879
249	901
249	939
250	442
250	571
250	646
250	926
251	724
251	821
251	950
251	957
251	975
252	720
252	779
252	885
252	920
252	931
253	6
253	532
253	927
253	974
253	975
254	656
254	822
254	844
254	960
254	977
255	533
255	808
255	877
255	931
255	974
256	636
256	940
256	961
256	965
256	986
257	104
257	658
257	688
257	927
257	960
258	416
258	912
258	915
258	953
258	987
259	32
259	720
259	769
259	976
259	996
260	304
260	316
260	610
260	805
260	991
261	728
261	787
261	982
261	988
261	992
262	542
262	835
262	965
262	979
262	981
263	561
263	854
263	978
263	982
263	988
264	956
264	969
264	972
264	989
264	996
265	741
265	751
265	922
265	994
265	997
266	51
266	703
266	716
266	967
266	970
267	779
267	900
267	913
267	930
267	957
268	157
268	949
268	959
268	969
268	980
269	321
269	586
269	742
269	977
269	991
270	358
270	895
270	939
270	959
270	975
271	368
271	949
271	978
271	985
271	993
272	152
272	818
272	840
272	853
272	933
273	372
273	850
273	925
273	929
273	948
274	190
274	359
274	587
274	797
274	830
275	628
275	866
275	905
275	954
275	1000
276	639
276	928
276	977
276	978
276	985
277	495
277	578
277	889
277	994
277	997
278	768
278	971
278	983
278	990
278	999
279	179
279	344
279	738
279	773
279	795
280	547
280	552
280	643
280	883
280	986
281	352
281	623
281	648
281	657
281	901
282	575
282	816
282	966
282	977
282	991
283	474
283	640
283	801
283	884
283	988
284	393
284	556
284	629
284	646
284	926
285	601
285	624
285	768
285	856
285	907
286	88
286	550
286	764
286	890
286	988
287	653
287	978
287	985
287	992
287	993
288	401
288	914
288	950
288	954
288	1000
289	9
289	469
289	477
289	927
289	936
290	520
290	702
290	810
290	916
290	919
291	181
291	337
291	377
291	705
291	767
292	624
292	793
292	856
292	954
292	959
293	68
293	830
293	863
293	988
293	994
294	166
294	240
294	444
294	984
294	988
295	27
295	900
295	930
295	957
295	976
296	76
296	816
296	940
296	962
296	986
297	38
297	839
297	974
297	984
297	993
298	633
298	746
298	953
298	979
298	981
299	58
299	426
299	492
299	887
299	995
300	353
300	551
300	756
300	803
300	882
301	230
301	657
301	704
301	804
301	933
302	554
302	643
302	859
302	893
302	912
303	187
303	848
303	964
303	971
303	999
304	260
304	687
304	862
304	892
304	970
305	422
305	819
305	872
305	920
305	923
306	679
306	925
306	948
306	952
306	970
307	124
307	405
307	569
307	716
307	748
308	114
308	524
308	680
308	695
308	926
309	148
309	312
309	739
309	918
309	988
310	568
310	744
310	770
310	982
310	988
311	505
311	725
311	854
311	973
311	995
312	309
312	556
312	718
312	792
312	834
313	576
313	638
313	760
313	895
313	975
314	78
314	502
314	590
314	599
314	998
315	591
315	755
315	814
315	913
315	972
316	148
316	260
316	744
316	797
316	850
317	626
317	741
317	920
317	931
317	945
318	509
318	839
318	877
318	903
318	916
319	10
319	51
319	703
319	894
319	967
320	551
320	803
320	877
320	894
320	935
321	269
321	964
321	971
321	983
321	990
322	817
322	928
322	930
322	957
322	978
323	42
323	379
323	470
323	780
323	980
324	593
324	674
324	765
324	839
324	898
325	576
325	819
325	822
325	911
325	951
326	802
326	953
326	965
326	979
326	981
327	57
327	817
327	959
327	969
327	980
328	139
328	894
328	927
328	939
328	975
329	83
329	799
329	880
329	922
329	994
330	712
330	849
330	935
330	960
330	981
331	481
331	677
331	785
331	824
331	946
332	511
332	942
332	983
332	990
332	999
333	155
333	458
333	833
333	903
333	974
334	619
334	721
334	827
334	900
334	967
335	86
335	838
335	840
335	853
335	981
336	174
336	765
336	965
336	979
336	981
337	181
337	291
337	523
337	642
337	908
338	736
338	849
338	909
338	925
338	935
339	601
339	902
339	925
339	944
339	958
340	465
340	716
340	894
340	948
340	967
341	805
341	878
341	902
341	932
341	958
342	520
342	782
342	852
342	897
342	926
343	630
343	902
343	917
343	932
343	958
344	279
344	461
344	759
344	948
344	968
345	388
345	753
345	852
345	922
345	937
346	83
346	705
346	831
346	961
346	998
347	476
347	510
347	885
347	920
347	942
348	118
348	795
348	851
348	924
348	968
349	21
349	435
349	479
349	719
349	751
350	588
350	663
350	800
350	801
350	890
351	466
351	608
351	672
351	891
351	960
352	49
352	281
352	918
352	982
352	988
353	300
353	943
353	969
353	974
353	980
354	478
354	628
354	875
354	917
354	958
355	427
355	836
355	951
355	961
355	986
356	62
356	854
356	863
356	918
356	988
357	243
357	919
357	948
357	955
357	970
358	270
358	833
358	918
358	927
358	939
359	274
359	538
359	893
359	994
359	997
360	691
360	754
360	951
360	952
360	973
361	648
361	713
361	827
361	924
361	961
362	817
362	930
362	946
362	957
362	960
363	605
363	609
363	649
363	808
363	984
364	375
364	412
364	710
364	924
364	986
365	19
365	536
365	556
365	696
365	859
366	833
366	895
366	927
366	972
366	975
367	461
367	607
367	985
367	992
367	993
368	172
368	271
368	744
368	758
368	959
369	226
369	398
369	749
369	951
369	995
370	377
370	635
370	697
370	901
370	917
371	861
371	941
371	965
371	979
371	981
372	273
372	486
372	500
372	924
372	966
373	183
373	688
373	910
373	935
373	960
374	233
374	246
374	828
374	879
374	901
375	120
375	364
375	573
375	713
375	827
376	439
376	642
376	718
376	831
376	998
377	291
377	370
377	622
377	876
377	933
378	544
378	711
378	818
378	876
378	933
379	195
379	323
379	962
379	966
379	986
380	164
380	706
380	891
380	909
380	960
381	471
381	764
381	800
381	801
381	939
382	448
382	537
382	550
382	890
382	920
383	673
383	800
383	838
383	840
383	876
384	588
384	670
384	925
384	936
384	948
385	489
385	610
385	786
385	822
385	977
386	241
386	411
386	735
386	940
386	986
387	574
387	873
387	956
387	976
387	996
388	345
388	596
388	947
388	994
388	997
389	637
389	799
389	830
389	922
389	988
390	834
390	910
390	919
390	949
390	998
391	655
391	721
391	793
391	828
391	856
392	200
392	213
392	868
392	977
392	991
393	180
393	245
393	284
393	524
393	782
393	926
394	715
394	733
394	930
394	954
394	957
394	975
395	403
395	456
395	515
395	635
395	780
395	879
396	880
396	893
396	919
396	922
396	994
396	997
397	861
397	893
397	922
397	984
397	994
397	997
398	369
398	761
398	904
398	941
398	976
398	987
399	418
399	724
399	821
399	900
399	930
399	957
400	767
400	943
400	959
400	967
400	969
400	980
401	134
401	288
401	453
401	793
401	856
401	907
402	614
402	658
402	849
402	892
402	935
402	936
403	395
403	438
403	504
403	659
403	916
403	946
404	538
404	583
404	608
404	624
404	768
404	932
405	129
405	307
405	928
405	985
405	992
405	993
406	21
406	97
406	542
406	703
406	804
406	855
407	720
407	958
407	972
407	987
407	989
407	995
408	131
408	702
408	795
408	940
408	961
408	966
409	831
409	941
409	965
409	979
409	981
409	999
410	788
410	832
410	891
410	895
410	939
410	975
411	386
411	422
411	682
411	734
411	755
411	873
412	38
412	364
412	773
412	856
412	907
412	927
413	225
413	645
413	808
413	971
413	974
413	984
414	201
414	628
414	792
414	915
414	932
414	958
415	87
415	491
415	592
415	838
415	858
415	881
416	258
416	531
416	552
416	567
416	750
416	912
417	545
417	783
417	971
417	983
417	990
417	999
418	399
418	697
418	828
418	879
418	901
418	986
419	59
419	709
419	713
419	738
419	783
419	924
420	60
420	151
420	631
420	808
420	903
420	995
421	559
421	637
421	869
421	873
421	910
421	998
422	103
422	305
422	411
422	734
422	777
422	923
423	671
423	824
423	947
423	955
423	963
423	999
424	493
424	630
424	915
424	977
424	986
424	991
425	20
425	712
425	849
425	909
425	960
425	996
426	299
426	437
426	483
426	730
426	933
426	941
427	355
427	474
427	561
427	787
427	954
427	988
428	630
428	911
428	941
428	972
428	989
428	996
429	165
429	491
429	748
429	756
429	894
429	967
430	455
430	471
430	767
430	801
430	890
430	923
431	5
431	941
431	965
431	979
431	981
431	995
432	36
432	870
432	880
432	893
432	979
432	994
433	817
433	844
433	900
433	930
433	957
433	986
434	540
434	776
434	831
434	834
434	964
434	998
435	97
435	199
435	349
435	618
435	804
435	989
436	698
436	784
436	912
436	914
436	950
436	1000
437	426
437	840
437	874
437	876
437	933
437	937
438	403
438	451
438	578
438	659
438	695
438	916
439	376
439	579
439	778
439	802
439	862
439	936
440	649
440	708
440	757
440	804
440	987
440	996
441	521
441	697
441	746
441	828
441	901
441	953
442	250
442	962
442	972
442	976
442	989
442	996
443	584
443	677
443	887
443	916
443	946
443	986
444	202
444	294
444	572
444	631
444	872
444	898
445	175
445	638
445	833
445	895
445	939
445	977
446	589
446	737
446	812
446	869
446	962
446	986
447	491
447	652
447	703
447	748
447	894
447	994
448	382
448	467
448	588
448	655
448	666
448	890
449	543
449	665
449	860
449	931
449	933
449	945
450	718
450	802
450	834
450	858
450	875
450	998
451	438
451	600
451	751
451	858
451	861
451	946
452	749
452	818
452	838
452	876
452	933
452	990
453	401
453	729
453	761
453	961
453	962
453	986
454	90
454	555
454	806
454	870
454	994
454	997
455	430
455	687
455	764
455	801
455	848
455	890
456	395
456	763
456	947
456	971
456	990
456	999
457	603
457	844
457	915
457	956
457	977
457	991
458	333
458	522
458	692
458	834
458	877
458	974
459	677
459	687
459	700
459	810
459	843
459	946
460	160
460	896
460	950
460	972
460	989
460	996
461	344
461	367
461	747
461	798
461	968
461	970
462	171
462	607
462	953
462	965
462	979
462	981
463	721
463	756
463	803
463	957
463	959
463	967
464	481
464	509
464	749
464	842
464	843
464	916
465	340
465	569
465	703
465	716
465	967
465	985
466	351
466	789
466	815
466	859
466	891
466	935
467	127
467	184
467	448
467	848
467	939
467	992
468	510
468	929
468	953
468	965
468	979
468	981
469	289
469	521
469	699
469	752
469	974
469	984
470	323
470	537
470	670
470	879
470	901
470	982
471	381
471	430
471	550
471	720
471	848
471	947
472	600
472	715
472	771
472	821
472	900
472	957
473	953
473	965
473	977
473	979
473	981
473	996
474	283
474	427
474	685
474	854
474	884
474	965
475	882
475	910
475	928
475	985
475	992
475	993
476	347
476	850
476	862
476	929
476	933
476	968
477	102
477	289
477	898
477	974
477	984
477	994
478	354
478	524
478	571
478	695
478	926
478	983
479	349
479	542
479	618
479	621
479	827
479	835
480	99
480	502
480	540
480	676
480	875
480	934
481	331
481	464
481	751
481	779
481	843
481	953
482	783
482	940
482	962
482	966
482	970
482	980
483	236
483	426
483	498
483	840
483	876
483	976
484	128
484	637
484	668
484	786
484	977
484	991
485	507
485	520
485	625
485	740
485	978
485	992
485	993
486	372
486	812
486	910
486	940
486	961
486	981
486	986
487	524
487	660
487	814
487	866
487	881
487	913
487	923
488	682
488	886
488	949
488	959
488	969
488	980
488	999
489	385
489	501
489	830
489	978
489	985
489	992
489	993
490	827
490	881
490	956
490	974
490	987
490	989
490	996
491	69
491	137
491	415
491	429
491	447
491	756
491	961
492	158
492	299
492	562
492	656
492	937
492	973
492	995
493	424
493	540
493	555
493	844
493	967
493	977
493	991
494	507
494	614
494	712
494	714
494	843
494	935
494	960
495	277
495	592
495	756
495	841
495	846
495	858
495	967
496	769
496	811
496	825
496	978
496	992
496	993
496	1000
497	100
497	662
497	733
497	787
497	817
497	930
497	957
498	483
498	601
498	624
498	730
498	738
498	838
498	933
499	581
499	670
499	746
499	780
499	828
499	925
499	980
500	372
500	737
500	879
500	951
500	961
500	976
500	986
501	206
501	489
501	595
501	928
501	978
501	985
501	993
502	314
502	480
502	535
502	651
502	792
502	875
502	976
503	617
503	758
503	759
503	874
503	976
503	987
503	996
504	202
504	403
504	941
504	953
504	965
504	979
504	981
505	135
505	311
505	819
505	847
505	914
505	921
505	1000
506	77
506	535
506	540
506	652
506	875
506	908
506	969
507	485
507	494
507	597
507	772
507	849
507	909
507	952
508	49
508	607
508	900
508	902
508	917
508	958
508	977
509	25
509	318
509	464
509	656
509	837
509	974
509	984
510	347
510	468
510	549
510	885
510	920
510	931
510	945
511	332
511	845
511	864
511	928
511	979
511	993
511	998
512	159
512	835
512	932
512	949
512	959
512	969
512	980
513	871
513	949
513	959
513	960
513	969
513	970
513	980
514	722
514	832
514	842
514	843
514	907
514	916
514	946
515	395
515	635
515	669
515	672
515	828
515	901
515	971
516	80
516	650
516	696
516	897
516	906
516	954
516	1000
517	760
517	862
517	955
517	964
517	971
517	990
517	999
518	558
518	604
518	736
518	760
518	802
518	927
518	975
519	741
519	790
519	893
519	922
519	944
519	994
519	997
520	290
520	342
520	485
520	700
520	810
520	842
520	946
521	441
521	469
521	649
521	765
521	974
521	984
521	997
522	214
522	458
522	903
522	920
522	974
522	975
522	984
523	111
523	186
523	337
523	584
523	677
523	738
523	946
524	152
524	308
524	393
524	478
524	487
524	782
524	926
525	143
525	592
525	703
525	721
525	844
525	858
525	967
526	666
526	717
526	866
526	877
526	898
526	943
526	984
527	756
527	775
527	789
527	794
527	987
527	989
527	996
528	690
528	817
528	837
528	867
528	952
528	986
528	995
529	723
529	725
529	824
529	852
529	938
529	968
529	995
530	90
530	122
530	218
530	622
530	730
530	818
530	853
531	14
531	93
531	416
531	773
531	793
531	856
531	907
532	253
532	674
532	741
532	870
532	958
532	994
532	997
533	194
533	255
533	666
533	839
533	898
533	945
533	947
534	181
534	715
534	821
534	886
534	900
534	930
534	957
535	502
535	506
535	718
535	834
535	994
535	997
535	998
536	183
536	365
536	646
536	671
536	695
536	786
536	926
537	382
537	470
537	943
537	949
537	955
537	969
537	980
538	359
538	404
538	757
538	768
538	806
538	856
538	907
539	548
539	753
539	805
539	816
539	822
539	977
539	991
540	54
540	87
540	434
540	480
540	493
540	506
540	998
541	662
541	723
541	745
541	865
541	930
541	954
541	1000
542	262
542	406
542	479
542	648
542	657
542	719
542	800
543	73
543	449
543	554
543	643
543	666
543	883
543	915
544	5
544	378
544	764
544	800
544	801
544	848
544	974
545	417
545	683
545	710
545	713
545	795
545	827
545	968
546	783
546	941
546	953
546	965
546	975
546	979
546	981
547	280
547	567
547	821
547	832
547	908
547	912
547	915
548	539
548	733
548	941
548	953
548	965
548	979
548	981
549	510
549	845
549	907
549	978
549	985
549	992
549	993
550	28
550	286
550	382
550	471
550	736
550	825
550	848
551	234
551	300
551	320
551	756
551	836
551	967
551	989
552	81
552	280
552	416
552	716
552	832
552	875
552	883
553	563
553	567
553	710
553	824
553	937
553	952
553	973
554	81
554	302
554	543
554	768
554	883
554	915
554	920
555	454
555	493
555	668
555	837
555	844
555	977
555	991
556	85
556	284
556	312
556	365
556	782
556	854
556	926
557	158
557	721
557	861
557	873
557	908
557	910
557	998
558	101
558	518
558	566
558	760
558	833
558	939
558	987
559	203
559	421
559	676
559	750
559	834
559	967
559	998
560	650
560	888
560	906
560	948
560	954
560	970
560	1000
561	263
561	427
561	797
561	830
561	924
561	982
561	986
562	492
562	896
562	937
562	972
562	976
562	989
562	996
563	553
563	694
563	758
563	887
563	951
563	952
563	995
564	116
564	637
564	819
564	921
564	950
564	952
564	1000
565	61
565	246
565	775
565	781
565	917
565	944
565	962
566	16
566	558
566	647
566	699
566	754
566	901
566	975
567	150
567	416
567	547
567	553
567	784
567	832
567	942
568	310
568	580
568	629
568	669
568	884
568	918
568	975
569	307
569	465
569	721
569	803
569	858
569	921
569	1000
570	587
570	665
570	860
570	872
570	885
570	908
570	931
571	247
571	250
571	478
571	585
571	696
571	828
571	926
572	72
572	76
572	444
572	718
572	859
572	873
572	875
572	998
573	116
573	375
573	661
573	683
573	710
573	763
573	766
573	924
574	387
574	780
574	794
574	902
574	904
574	956
574	987
574	989
575	282
575	785
575	871
575	943
575	949
575	959
575	969
575	980
576	31
576	161
576	313
576	325
576	748
576	905
576	950
576	1000
577	128
577	204
577	911
577	956
577	972
577	976
577	987
577	996
578	17
578	277
578	438
578	674
578	889
578	922
578	988
578	994
579	49
579	439
579	697
579	824
579	884
579	918
579	982
579	988
580	568
580	619
580	728
580	732
580	743
580	884
580	982
580	988
581	33
581	222
581	499
581	670
581	726
581	774
581	901
581	990
582	9
582	47
582	689
582	752
582	781
582	917
582	932
582	958
583	404
583	815
583	819
583	863
583	888
583	911
583	914
583	921
584	443
584	523
584	659
584	700
584	740
584	842
584	946
584	948
585	28
585	571
585	595
585	644
585	790
585	832
585	912
585	915
586	269
586	599
586	668
586	816
586	840
586	870
586	977
586	991
587	274
587	570
587	835
587	943
587	949
587	959
587	979
587	980
588	70
588	350
588	384
588	448
588	734
588	800
588	801
588	848
589	446
589	735
589	783
589	836
589	962
589	966
589	977
589	1000
590	163
590	314
590	737
590	857
590	870
590	889
590	994
590	997
591	132
591	315
591	602
591	767
591	771
591	913
591	923
591	950
592	87
592	415
592	495
592	525
592	695
592	748
592	944
592	967
593	324
593	855
593	896
593	927
593	956
593	976
593	989
593	996
594	85
594	621
594	627
594	885
594	920
594	931
594	945
594	988
595	501
595	585
595	625
595	790
595	883
595	912
595	915
595	934
596	388
596	818
596	870
596	885
596	893
596	922
596	994
596	997
597	54
597	145
597	507
597	831
597	859
597	909
597	940
597	960
598	71
598	656
598	683
598	717
598	808
598	898
598	974
598	984
599	314
599	586
599	754
599	786
599	805
599	844
599	977
599	991
600	451
600	472
600	743
600	751
600	763
600	810
600	842
600	916
601	285
601	339
601	498
601	785
601	838
601	840
601	853
601	933
602	117
602	591
602	682
602	777
602	806
602	814
602	913
602	923
603	457
603	805
603	816
603	822
603	977
603	979
603	991
603	996
604	35
604	518
604	726
604	817
604	895
604	927
604	939
604	975
605	101
605	363
605	830
605	943
605	949
605	959
605	969
605	980
606	189
606	643
606	644
606	790
606	883
606	912
606	915
606	941
607	58
607	367
607	462
607	508
607	917
607	932
607	944
607	958
608	351
608	404
608	655
608	768
608	793
608	856
608	982
608	985
609	363
609	745
609	847
609	906
609	917
609	921
609	954
609	1000
610	8
610	260
610	385
610	615
610	707
610	805
610	881
610	991
611	664
611	837
611	852
611	867
611	937
611	973
611	984
611	995
612	190
612	759
612	862
612	865
612	868
612	919
612	934
612	970
613	625
613	653
613	704
613	911
613	914
613	921
613	932
613	950
614	123
614	402
614	494
614	712
614	814
614	909
614	935
614	956
615	189
615	610
615	825
615	943
615	949
615	959
615	969
615	980
616	634
616	661
616	709
616	713
616	766
616	924
616	937
616	946
617	11
617	503
617	761
617	828
617	972
617	976
617	992
617	996
618	119
618	435
618	479
618	623
618	648
618	771
618	804
618	904
619	334
619	580
619	643
619	652
619	748
619	803
619	892
619	894
620	153
620	208
620	770
620	812
620	844
620	892
620	961
620	986
621	21
621	62
621	199
621	479
621	594
621	719
621	970
621	984
622	43
622	93
622	122
622	377
622	530
622	722
622	822
622	853
623	97
623	281
623	618
623	648
623	704
623	804
623	850
623	992
624	285
624	292
624	404
624	498
624	806
624	874
624	907
624	995
625	485
625	595
625	613
625	832
625	856
625	883
625	912
625	915
626	103
626	317
626	663
626	872
626	898
626	920
626	931
626	945
627	594
627	787
627	860
627	872
627	920
627	931
627	945
627	985
628	275
628	354
628	414
628	775
628	932
628	944
628	958
628	997
629	284
629	568
629	634
629	685
629	724
629	728
629	818
629	830
629	988
630	343
630	424
630	428
630	960
630	972
630	976
630	987
630	989
630	996
631	7
631	420
631	444
631	692
631	717
631	741
631	794
631	839
631	984
632	682
632	754
632	846
632	857
632	903
632	928
632	985
632	992
632	993
633	298
633	675
633	690
633	729
633	809
633	873
633	962
633	966
633	986
634	616
634	629
634	728
634	830
634	841
634	854
634	861
634	978
634	988
635	33
635	92
635	370
635	395
635	515
635	726
635	847
635	901
635	1000
636	256
636	675
636	728
636	772
636	809
636	882
636	962
636	966
636	986
637	389
637	421
637	484
637	564
637	723
637	888
637	906
637	950
637	1000
638	6
638	313
638	445
638	692
638	727
638	760
638	788
638	825
638	975
639	178
639	276
639	846
639	922
639	928
639	978
639	983
639	985
639	992
640	130
640	283
640	688
640	701
640	758
640	787
640	854
640	982
640	988
641	112
641	673
641	771
641	810
641	813
641	814
641	913
641	923
641	953
642	76
642	337
642	376
642	700
642	797
642	859
642	873
642	910
642	998
643	280
643	302
643	543
643	606
643	619
643	704
643	912
643	915
643	947
644	73
644	99
644	585
644	606
644	699
644	790
644	832
644	900
644	915
645	14
645	413
645	667
645	668
645	717
645	765
645	903
645	952
645	974
646	186
646	250
646	284
646	536
646	695
646	696
646	782
646	926
646	960
647	566
647	717
647	824
647	852
647	887
647	938
647	951
647	973
647	995
648	94
648	198
648	281
648	361
648	542
648	618
648	623
648	719
648	804
649	109
649	166
649	363
649	440
649	521
649	858
649	898
649	903
649	974
650	115
650	516
650	560
650	653
650	847
650	950
650	954
650	996
650	1000
651	502
651	742
651	747
651	774
651	802
651	851
651	948
651	970
651	983
652	447
652	506
652	619
652	756
652	803
652	853
652	858
652	894
652	973
653	185
653	287
653	613
653	650
653	867
653	906
653	921
653	952
653	1000
654	123
654	228
654	688
654	691
654	734
654	849
654	935
654	960
654	988
655	391
655	448
655	608
655	773
655	806
655	842
655	856
655	907
655	968
656	147
656	254
656	492
656	509
656	598
656	760
656	839
656	974
656	984
657	119
657	199
657	281
657	301
657	542
657	704
657	719
657	907
657	950
658	257
658	402
658	784
658	859
658	891
658	909
658	939
658	954
658	960
659	403
659	438
659	584
659	738
659	810
659	842
659	846
659	871
659	946
660	146
660	487
660	727
660	771
660	814
660	881
660	913
660	923
660	973
661	179
661	573
661	616
661	683
661	709
661	827
661	862
661	917
661	953
662	497
662	541
662	852
662	937
662	938
662	951
662	956
662	973
662	995
663	350
663	626
663	741
663	880
663	893
663	922
663	963
663	994
663	997
664	611
664	927
664	956
664	972
664	976
664	982
664	987
664	989
664	996
665	449
665	570
665	701
665	860
665	872
665	885
665	888
665	931
665	989
666	448
666	526
666	533
666	543
666	808
666	898
666	905
666	974
666	984
667	645
667	773
667	899
667	941
667	953
667	965
667	970
667	979
667	981
668	50
668	484
668	555
668	586
668	645
668	844
668	977
668	991
668	993
669	42
669	151
669	515
669	568
669	670
669	780
669	828
669	890
669	901
670	384
670	470
670	499
670	581
670	669
670	791
670	828
670	879
670	893
671	85
671	167
671	423
671	536
671	695
671	696
671	705
671	782
671	1000
672	44
672	143
672	223
672	351
672	515
672	707
672	786
672	822
672	991
673	383
673	641
673	682
673	771
673	777
673	785
673	879
673	913
673	998
674	324
674	532
674	578
674	845
674	880
674	893
674	913
674	994
674	997
675	633
675	636
675	737
675	770
675	882
675	893
675	940
675	961
675	997
676	95
676	104
676	235
676	480
676	559
676	792
676	861
676	908
676	915
677	331
677	443
677	459
677	523
677	843
677	897
677	916
677	929
677	946
678	795
678	857
678	886
678	943
678	949
678	959
678	969
678	978
678	980
679	213
679	306
679	687
679	709
679	747
679	759
679	919
679	934
679	968
680	168
680	308
680	774
680	862
680	892
680	905
680	919
680	929
680	970
680	999
681	684
681	899
681	921
681	937
681	941
681	953
681	965
681	979
681	981
681	983
682	78
682	411
682	488
682	602
682	632
682	673
682	772
682	881
682	913
682	923
683	59
683	545
683	573
683	598
683	661
683	738
683	791
683	795
683	877
683	924
684	37
684	112
684	681
684	899
684	941
684	953
684	965
684	973
684	979
684	981
685	474
685	629
685	709
685	732
685	758
685	781
685	841
685	854
685	905
685	988
686	145
686	835
686	871
686	878
686	886
686	943
686	949
686	969
686	980
686	999
687	304
687	455
687	459
687	679
687	700
687	850
687	868
687	892
687	948
687	970
688	67
688	164
688	257
688	373
688	640
688	654
688	891
688	935
688	953
688	985
689	582
689	752
689	781
689	881
689	917
689	925
689	932
689	944
689	958
689	965
690	528
690	633
690	725
690	866
690	887
690	938
690	951
690	958
690	973
690	995
691	104
691	106
691	360
691	654
691	712
691	772
691	891
691	935
691	954
691	960
692	458
692	631
692	638
692	765
692	839
692	873
692	877
692	895
692	903
692	984
693	201
693	752
693	852
693	902
693	915
693	917
693	924
693	932
693	944
693	958
694	13
694	75
694	563
694	871
694	882
694	940
694	957
694	961
694	966
694	986
695	308
695	438
695	478
695	536
695	592
695	646
695	671
695	782
695	890
695	926
696	19
696	35
696	180
696	365
696	516
696	571
696	646
696	671
696	782
696	959
697	74
697	370
697	418
697	441
697	579
697	726
697	746
697	849
697	879
697	901
698	67
698	436
698	763
698	899
698	941
698	953
698	965
698	976
698	979
698	981
699	469
699	566
699	644
699	706
699	727
699	788
699	895
699	939
699	944
699	975
700	60
700	459
700	520
700	584
700	642
700	687
700	842
700	916
700	946
700	965
701	57
701	640
701	665
701	784
701	860
701	872
701	885
701	920
701	945
701	984
702	290
702	408
702	801
702	955
702	963
702	964
702	971
702	983
702	990
702	999
703	68
703	266
703	319
703	406
703	447
703	465
703	525
703	716
703	721
703	825
704	198
704	301
704	613
704	623
704	643
704	657
704	719
704	740
704	804
704	927
705	18
705	291
705	346
705	671
705	792
705	834
705	861
705	910
705	965
705	998
706	35
706	237
706	380
706	699
706	716
706	754
706	927
706	939
706	975
706	979
707	26
707	131
707	171
707	610
707	672
707	791
707	816
707	844
707	977
707	991
708	440
708	715
708	731
708	774
708	896
708	956
708	970
708	972
708	976
708	989
709	36
709	419
709	616
709	661
709	679
709	685
709	738
709	827
709	924
709	990
710	118
710	179
710	364
710	545
710	553
710	573
710	827
710	908
710	924
710	994
711	180
711	236
711	378
711	777
711	838
711	840
711	853
711	876
711	933
711	948
712	244
712	330
712	425
712	494
712	614
712	691
712	776
712	891
712	935
712	945
713	208
713	361
713	375
713	419
713	545
713	616
713	759
713	760
713	827
713	924
714	494
714	794
714	867
714	874
714	972
714	976
714	987
714	989
714	993
714	996
715	197
715	394
715	472
715	534
715	708
715	724
715	733
715	821
715	930
715	957
715	995
716	266
716	307
716	340
716	465
716	552
716	703
716	706
716	803
716	858
716	935
716	967
717	14
717	526
717	598
717	631
717	645
717	647
717	867
717	877
717	964
717	974
717	987
718	312
718	376
718	450
718	535
718	572
718	765
718	767
718	861
718	876
718	877
718	998
719	62
719	207
719	230
719	349
719	542
719	621
719	648
719	657
719	704
719	865
719	999
720	252
720	259
720	407
720	471
720	761
720	789
720	976
720	987
720	989
720	990
720	996
721	334
721	391
721	463
721	525
721	557
721	569
721	703
721	820
721	894
721	967
721	990
722	514
722	622
722	763
722	899
722	921
722	941
722	953
722	965
722	977
722	979
722	981
723	529
723	541
723	637
723	784
723	866
723	897
723	910
723	911
723	934
723	943
723	950
724	251
724	399
724	629
724	715
724	774
724	817
724	821
724	866
724	900
724	930
724	957
725	311
725	529
725	690
725	730
725	824
725	855
725	888
725	952
725	973
725	995
725	1000
726	185
726	581
726	604
726	635
726	697
726	746
726	791
726	804
726	828
726	879
726	901
727	638
727	660
727	699
727	754
727	788
727	895
727	909
727	927
727	942
727	951
727	975
728	232
728	261
728	580
728	629
728	634
728	636
728	758
728	787
728	826
728	982
728	988
729	167
729	453
729	633
729	783
729	809
729	878
729	920
729	961
729	962
729	966
729	986
730	164
730	426
730	498
730	530
730	725
730	818
730	853
730	876
730	931
730	933
730	961
731	141
731	708
731	797
731	799
731	857
731	904
731	956
731	987
731	989
731	996
731	997
732	580
732	685
732	744
732	758
732	787
732	819
732	841
732	884
732	896
732	988
732	989
733	176
733	235
733	394
733	497
733	548
733	715
733	821
733	864
733	900
733	930
733	957
734	411
734	422
734	588
734	654
734	755
734	801
734	814
734	881
734	913
734	923
734	972
735	131
735	386
735	589
735	749
735	836
735	882
735	906
735	932
735	962
735	966
735	986
736	338
736	518
736	550
736	772
736	849
736	859
736	891
736	909
736	956
736	960
736	961
737	446
737	500
737	590
737	675
737	783
737	816
737	940
737	961
737	966
737	978
737	986
738	242
738	279
738	419
738	498
738	523
738	659
738	683
738	709
738	766
738	795
738	924
739	148
739	229
739	309
739	745
739	841
739	863
739	928
739	950
739	976
739	982
739	988
740	485
740	584
740	704
740	811
740	864
740	872
740	964
740	978
740	985
740	992
740	993
741	265
741	317
741	519
741	532
741	631
741	663
741	851
741	870
741	889
741	994
741	997
742	34
742	48
742	269
742	651
742	929
742	934
742	936
742	948
742	968
742	971
742	996
743	580
743	600
743	935
743	942
743	955
743	963
743	971
743	983
743	989
743	990
743	999
744	130
744	310
744	316
744	368
744	732
744	799
744	863
744	941
744	982
744	988
744	997
745	541
745	609
745	739
745	787
745	788
745	888
745	905
745	906
745	914
745	950
745	1000
746	12
746	222
746	298
746	441
746	499
746	697
746	726
746	791
746	866
746	879
746	881
747	160
747	219
747	461
747	651
747	679
747	807
747	809
747	875
747	892
747	936
747	970
748	307
748	429
748	447
748	576
748	592
748	619
748	890
748	894
748	945
748	958
748	967
749	369
749	452
749	464
749	735
749	820
749	824
749	829
749	837
749	844
749	937
749	938
749	951
750	144
750	216
750	416
750	559
750	792
750	861
750	871
750	873
750	908
750	910
750	976
750	998
751	52
751	74
751	265
751	349
751	451
751	481
751	600
751	810
751	842
751	916
751	946
751	996
752	105
752	196
752	469
752	582
752	689
752	693
752	775
752	843
752	917
752	932
752	958
752	972
753	345
753	539
753	826
753	829
753	837
753	867
753	873
753	938
753	952
753	973
753	989
753	995
754	360
754	566
754	599
754	632
754	706
754	727
754	779
754	833
754	895
754	927
754	939
754	975
755	112
755	142
755	315
755	411
755	734
755	759
755	771
755	785
755	881
755	923
755	930
755	964
756	110
756	300
756	429
756	463
756	491
756	495
756	527
756	551
756	652
756	853
756	918
756	967
757	440
757	538
757	874
757	896
757	904
757	961
757	963
757	972
757	976
757	987
757	989
757	996
758	195
758	368
758	503
758	563
758	640
758	685
758	728
758	732
758	796
758	797
758	929
758	982
759	34
759	344
759	503
759	612
759	679
759	713
759	755
759	925
759	929
759	934
759	948
759	968
760	313
760	517
760	518
760	558
760	638
760	656
760	713
760	788
760	895
760	927
760	939
760	975
761	398
761	453
761	617
761	720
761	789
761	794
761	813
761	830
761	831
761	987
761	989
761	996
762	785
762	825
762	871
762	886
762	943
762	949
762	959
762	969
762	980
762	986
762	991
762	998
763	456
763	573
763	600
763	698
763	722
763	852
763	899
763	941
763	953
763	965
763	979
763	981
764	88
764	286
764	381
764	455
764	544
764	800
764	801
764	848
764	889
764	890
764	956
764	982
765	169
765	240
765	324
765	336
765	521
765	645
765	692
765	718
765	821
765	903
765	934
765	974
766	53
766	59
766	175
766	186
766	573
766	616
766	738
766	795
766	827
766	860
766	924
766	995
767	53
767	291
767	400
767	430
767	591
767	718
767	834
767	842
767	873
767	875
767	910
767	998
768	93
768	278
768	285
768	404
768	538
768	554
768	608
768	793
768	806
768	885
768	907
768	926
769	259
769	496
769	798
769	823
769	840
769	846
769	864
769	898
769	978
769	985
769	990
769	992
769	993
770	310
770	620
770	675
770	783
770	809
770	812
770	836
770	882
770	911
770	962
770	980
770	986
770	997
771	472
771	591
771	618
771	641
771	660
771	673
771	755
771	777
771	785
771	881
771	891
771	923
771	1000
772	67
772	123
772	221
772	507
772	636
772	682
772	691
772	736
772	856
772	891
772	935
772	960
772	999
773	38
773	45
773	121
773	279
773	412
773	531
773	655
773	667
773	806
773	856
773	907
773	955
773	971
774	91
774	581
774	651
774	680
774	708
774	724
774	778
774	862
774	925
774	929
774	942
774	948
774	968
775	152
775	527
775	565
775	628
775	752
775	781
775	799
775	833
775	902
775	932
775	944
775	958
775	973
776	145
776	434
776	712
776	788
776	942
776	947
776	955
776	963
776	964
776	971
776	983
776	990
776	999
777	1
777	86
777	142
777	149
777	422
777	602
777	673
777	711
777	771
777	785
777	881
777	899
777	923
778	439
778	774
778	868
778	889
778	892
778	908
778	932
778	934
778	936
778	948
778	962
778	968
778	970
779	252
779	267
779	481
779	754
779	942
779	947
779	955
779	963
779	964
779	971
779	983
779	990
779	999
780	42
780	323
780	395
780	499
780	574
780	669
780	791
780	828
780	879
780	901
780	953
780	957
780	971
781	105
781	248
781	565
781	582
781	685
781	689
781	775
781	818
781	851
781	917
781	932
781	944
781	958
782	180
782	342
782	393
782	524
782	556
782	646
782	671
782	695
782	696
782	862
782	926
782	955
782	957
783	82
783	417
783	419
783	482
783	546
783	589
783	729
783	737
783	770
783	836
783	882
783	962
783	986
784	436
784	567
784	658
784	701
784	723
784	815
784	888
784	897
784	905
784	911
784	954
784	991
784	1000
785	86
785	331
785	575
785	601
785	673
785	755
785	762
785	771
785	777
785	814
785	881
785	913
785	923
786	95
786	385
786	484
786	536
786	599
786	672
786	816
786	822
786	826
786	841
786	901
786	977
786	991
787	261
787	427
787	497
787	627
787	640
787	728
787	732
787	745
787	841
787	863
787	958
787	982
787	988
788	172
788	410
788	638
788	699
788	727
788	745
788	760
788	776
788	833
788	895
788	939
788	975
788	997
789	97
789	466
789	527
789	720
789	761
789	845
789	855
789	874
789	904
789	954
789	956
789	972
789	989
790	218
790	519
790	585
790	595
790	606
790	644
790	832
790	883
790	912
790	915
790	960
790	991
790	997
791	33
791	42
791	92
791	176
791	233
791	670
791	683
791	707
791	726
791	746
791	780
791	814
791	879
792	312
792	414
792	502
792	676
792	705
792	750
792	831
792	875
792	893
792	896
792	908
792	910
792	979
792	998
793	45
793	292
793	391
793	401
793	531
793	608
793	768
793	806
793	809
793	819
793	854
793	856
793	907
793	909
794	178
794	527
794	574
794	631
794	714
794	761
794	836
794	885
794	904
794	943
794	956
794	972
794	987
794	996
795	118
795	242
795	279
795	348
795	408
795	545
795	678
795	683
795	738
795	766
795	812
795	827
795	923
795	924
796	150
796	237
796	758
796	848
796	878
796	942
796	947
796	955
796	963
796	964
796	971
796	983
796	990
796	999
797	38
797	56
797	274
797	316
797	561
797	642
797	731
797	758
797	841
797	863
797	884
797	911
797	918
797	982
798	210
798	461
798	769
798	811
798	823
798	838
798	845
798	857
798	864
798	876
798	978
798	985
798	992
798	993
799	63
799	229
799	329
799	389
799	731
799	744
799	775
799	830
799	863
799	884
799	918
799	936
799	982
799	988
800	28
800	156
800	350
800	381
800	383
800	542
800	544
800	588
800	764
800	801
800	848
800	890
800	931
800	951
801	156
801	283
801	350
801	381
801	430
801	455
801	544
801	588
801	702
801	734
801	764
801	800
801	890
801	971
802	326
802	439
802	450
802	518
802	651
802	892
802	919
802	921
802	925
802	929
802	934
802	936
802	968
802	970
803	51
803	56
803	66
803	120
803	300
803	320
803	463
803	569
803	619
803	652
803	716
803	894
803	967
803	987
804	62
804	119
804	230
804	301
804	406
804	435
804	440
804	618
804	623
804	648
804	704
804	726
804	869
804	980
805	4
805	222
805	223
805	260
805	341
805	539
805	599
805	603
805	610
805	816
805	822
805	840
805	949
805	991
806	121
806	134
806	454
806	538
806	602
806	624
806	655
806	768
806	773
806	793
806	856
806	907
806	940
806	968
807	747
807	811
807	869
807	908
807	936
807	942
807	947
807	955
807	963
807	964
807	971
807	983
807	990
807	999
808	9
808	214
808	255
808	363
808	413
808	420
808	598
808	666
808	898
808	916
808	920
808	952
808	984
808	987
809	37
809	633
809	636
809	729
809	747
809	770
809	793
809	812
809	902
809	961
809	962
809	966
809	977
809	986
810	2
810	91
810	221
810	290
810	459
810	520
810	600
810	641
810	659
810	751
810	842
810	843
810	946
810	956
811	496
811	740
811	798
811	807
811	823
811	845
811	849
811	864
811	928
811	956
811	970
811	978
811	985
811	992
811	993
812	8
812	66
812	75
812	170
812	446
812	486
812	620
812	770
812	795
812	809
812	882
812	961
812	966
812	986
812	987
813	641
813	761
813	851
813	907
813	918
813	942
813	947
813	955
813	963
813	964
813	971
813	972
813	983
813	990
813	999
814	227
814	315
814	487
814	602
814	614
814	641
814	660
814	734
814	785
814	791
814	856
814	881
814	912
814	913
814	923
815	13
815	466
815	583
815	784
815	819
815	865
815	888
815	897
815	905
815	906
815	911
815	954
815	981
815	988
815	1000
816	95
816	107
816	282
816	296
816	539
816	586
816	603
816	707
816	737
816	786
816	805
816	844
816	887
816	977
816	991
817	10
817	105
817	206
817	322
817	327
817	362
817	433
817	497
817	528
817	604
817	724
817	821
817	900
817	930
817	957
818	237
818	272
818	378
818	452
818	530
818	596
818	629
818	730
818	781
818	838
818	840
818	853
818	876
818	933
818	979
819	305
819	325
819	505
819	564
819	583
819	732
819	793
819	815
819	847
819	853
819	897
819	916
819	950
819	954
819	1000
820	220
820	721
820	749
820	829
820	852
820	885
820	887
820	904
820	937
820	938
820	951
820	952
820	967
820	973
820	995
821	138
821	251
821	399
821	472
821	534
821	547
821	715
821	724
821	733
821	765
821	817
821	900
821	948
821	957
821	968
822	171
822	254
822	325
822	385
822	539
822	603
822	622
822	672
822	786
822	805
822	897
822	927
822	977
822	980
822	991
823	769
823	798
823	811
823	845
823	857
823	864
823	871
823	899
823	919
823	954
823	966
823	978
823	985
823	992
823	993
824	331
824	423
824	529
824	553
824	579
824	647
824	725
824	749
824	887
824	937
824	946
824	951
824	952
824	973
824	995
825	496
825	550
825	615
825	638
825	703
825	762
825	835
825	871
825	886
825	916
825	943
825	949
825	959
825	969
825	980
826	728
826	753
826	786
826	829
826	867
826	887
826	913
826	930
826	937
826	938
826	951
826	952
826	973
826	989
826	995
827	36
827	205
827	334
827	361
827	375
827	479
827	490
827	545
827	661
827	709
827	710
827	713
827	766
827	795
827	924
828	92
828	374
828	391
828	418
828	441
828	499
828	515
828	571
828	617
828	669
828	670
828	726
828	780
828	838
828	901
829	121
829	749
829	753
829	820
829	826
829	852
829	887
829	938
829	941
829	951
829	952
829	969
829	973
829	993
829	995
830	63
830	274
830	293
830	389
830	489
830	561
830	605
830	629
830	634
830	761
830	799
830	854
830	918
830	982
830	993
831	34
831	83
831	137
831	235
831	346
831	376
831	409
831	434
831	597
831	761
831	792
831	834
831	908
831	910
831	998
832	154
832	217
832	218
832	410
832	514
832	547
832	552
832	567
832	585
832	625
832	644
832	790
832	883
832	915
832	983
833	140
833	333
833	358
833	366
833	445
833	558
833	754
833	775
833	788
833	873
833	895
833	927
833	937
833	939
833	975
834	312
834	390
834	434
834	450
834	458
834	535
834	559
834	705
834	767
834	831
834	873
834	875
834	896
834	961
834	969
834	998
835	104
835	262
835	479
835	512
835	587
835	686
835	825
835	871
835	886
835	943
835	949
835	959
835	969
835	972
835	980
835	987
836	3
836	142
836	355
836	551
836	589
836	735
836	770
836	783
836	794
836	882
836	940
836	961
836	962
836	966
836	988
836	999
837	129
837	181
837	509
837	528
837	555
837	611
837	749
837	753
837	867
837	937
837	938
837	951
837	969
837	973
837	982
837	995
838	236
838	335
838	383
838	415
838	452
838	498
838	601
838	711
838	798
838	818
838	828
838	840
838	853
838	876
838	933
838	974
839	141
839	159
839	165
839	169
839	297
839	318
839	324
839	533
839	631
839	656
839	692
839	881
839	903
839	966
839	974
839	984
840	210
840	272
840	335
840	383
840	437
840	483
840	586
840	601
840	711
840	769
840	805
840	818
840	838
840	853
840	888
840	972
841	65
841	68
841	495
841	634
841	685
841	732
841	739
841	786
841	787
841	797
841	854
841	859
841	863
841	884
841	982
841	999
842	31
842	174
842	464
842	514
842	520
842	584
842	600
842	655
842	659
842	700
842	751
842	767
842	810
842	843
842	916
842	919
843	2
843	174
843	459
843	464
843	481
843	494
843	514
843	677
843	752
843	810
843	842
843	916
843	927
843	946
843	968
843	973
844	213
844	254
844	433
844	457
844	493
844	525
844	555
844	599
844	620
844	668
844	707
844	749
844	816
844	926
844	977
844	991
845	155
845	511
845	549
845	674
845	789
845	798
845	811
845	823
845	846
845	928
845	966
845	978
845	981
845	985
845	992
845	993
846	94
846	100
846	204
846	495
846	632
846	639
846	659
846	769
846	845
846	857
846	864
846	928
846	939
846	978
846	985
846	992
846	993
847	89
847	225
847	505
847	609
847	635
847	650
847	819
847	865
847	868
847	897
847	914
847	921
847	950
847	954
847	964
847	976
847	1000
848	28
848	40
848	127
848	184
848	303
848	455
848	467
848	471
848	544
848	550
848	588
848	764
848	796
848	800
848	890
848	912
848	991
849	88
849	170
849	228
849	330
849	338
849	402
849	425
849	507
849	654
849	697
849	736
849	811
849	856
849	891
849	935
849	955
849	960
850	11
850	109
850	273
850	316
850	476
850	623
850	687
850	892
850	914
850	925
850	934
850	936
850	940
850	948
850	968
850	970
850	985
851	348
851	651
851	741
851	781
851	813
851	869
851	878
851	939
851	942
851	947
851	955
851	963
851	964
851	971
851	983
851	990
851	999
852	70
852	342
852	345
852	529
852	611
852	647
852	662
852	693
852	763
852	820
852	829
852	867
852	884
852	938
852	952
852	973
852	995
853	272
853	335
853	530
853	601
853	622
853	652
853	711
853	730
853	756
853	818
853	819
853	838
853	840
853	876
853	903
853	905
853	933
854	79
854	195
854	263
854	311
854	356
854	474
854	556
854	634
854	640
854	685
854	793
854	830
854	841
854	918
854	982
854	984
854	988
855	128
855	169
855	406
855	593
855	725
855	789
855	860
855	874
855	904
855	923
855	949
855	956
855	972
855	976
855	987
855	989
855	996
856	285
856	292
856	391
856	401
856	412
856	531
856	538
856	608
856	625
856	655
856	772
856	773
856	793
856	806
856	814
856	849
856	907
857	22
857	590
857	632
857	678
857	731
857	798
857	823
857	846
857	864
857	880
857	922
857	928
857	945
857	978
857	985
857	992
857	993
858	69
858	99
858	108
858	110
858	415
858	450
858	451
858	495
858	525
858	569
858	649
858	652
858	716
858	894
858	895
858	967
858	993
859	107
859	144
859	145
859	170
859	302
859	365
859	466
859	572
859	597
859	642
859	658
859	736
859	841
859	891
859	909
859	935
859	960
860	57
860	103
860	449
860	570
860	627
860	665
860	701
860	766
860	855
860	872
860	885
860	889
860	908
860	920
860	931
860	942
860	945
861	54
861	137
861	371
861	397
861	451
861	557
861	634
861	676
861	705
861	718
861	750
861	875
861	908
861	910
861	918
861	988
861	998
862	234
862	304
862	439
862	476
862	517
862	612
862	661
862	680
862	774
862	782
862	868
862	888
862	892
862	925
862	929
862	934
862	968
863	56
863	126
863	229
863	293
863	356
863	583
863	739
863	744
863	787
863	797
863	799
863	841
863	889
863	901
863	935
863	976
863	982
863	988
864	81
864	511
864	733
864	740
864	769
864	798
864	811
864	823
864	846
864	857
864	928
864	940
864	963
864	978
864	984
864	985
864	992
864	993
865	126
865	217
865	541
865	612
865	719
865	815
865	847
865	866
865	905
865	906
865	911
865	921
865	950
865	954
865	978
865	984
865	993
865	1000
866	275
866	487
866	526
866	690
866	723
866	724
866	746
866	865
866	888
866	897
866	905
866	906
866	911
866	921
866	946
866	950
866	954
866	1000
867	136
867	157
867	162
867	220
867	528
867	611
867	653
867	714
867	717
867	753
867	826
867	837
867	852
867	887
867	937
867	951
867	973
867	995
868	46
868	55
868	200
868	392
868	612
868	687
868	778
868	847
868	862
868	894
868	914
868	919
868	929
868	934
868	936
868	948
868	968
868	970
869	421
869	446
869	804
869	807
869	851
869	872
869	878
869	926
869	942
869	947
869	955
869	963
869	964
869	971
869	983
869	986
869	990
869	999
870	215
870	432
870	454
870	532
870	586
870	590
870	596
870	741
870	880
870	889
870	893
870	894
870	910
870	922
870	969
870	973
870	994
870	997
871	513
871	575
871	659
871	686
871	694
871	750
871	762
871	823
871	825
871	835
871	886
871	938
871	943
871	949
871	951
871	959
871	969
871	980
872	153
872	203
872	305
872	444
872	570
872	626
872	627
872	665
872	701
872	740
872	860
872	869
872	878
872	885
872	920
872	931
872	945
872	999
873	77
873	83
873	387
873	411
873	421
873	557
873	572
873	633
873	642
873	692
873	750
873	753
873	767
873	833
873	834
873	875
873	910
873	998
874	24
874	176
874	437
874	503
874	624
874	714
874	757
874	789
874	855
874	896
874	897
874	956
874	963
874	972
874	976
874	987
874	989
874	996
875	354
875	450
875	480
875	502
875	506
875	552
875	572
875	747
875	767
875	792
875	834
875	861
875	873
875	908
875	910
875	989
875	998
875	999
876	168
876	210
876	377
876	378
876	383
876	437
876	452
876	483
876	711
876	718
876	730
876	798
876	818
876	838
876	853
876	903
876	920
876	933
877	14
877	55
877	151
877	225
877	255
877	318
877	320
877	458
877	526
877	683
877	692
877	717
877	718
877	903
877	965
877	974
877	984
877	998
878	341
878	686
878	729
878	796
878	851
878	869
878	872
878	916
878	942
878	947
878	955
878	963
878	964
878	971
878	983
878	990
878	993
878	999
879	222
879	233
879	249
879	374
879	395
879	418
879	470
879	500
879	670
879	673
879	697
879	726
879	746
879	780
879	791
879	901
879	929
879	930
879	958
880	84
880	106
880	124
880	139
880	187
880	212
880	329
880	396
880	432
880	663
880	674
880	857
880	870
880	889
880	893
880	943
880	994
880	997
880	1000
881	112
881	157
881	415
881	487
881	490
881	610
881	660
881	682
881	689
881	734
881	746
881	755
881	771
881	777
881	785
881	814
881	839
881	913
881	923
882	300
882	475
882	636
882	675
882	694
882	735
882	770
882	783
882	812
882	836
882	903
882	940
882	961
882	962
882	963
882	966
882	986
882	991
882	997
883	117
883	154
883	196
883	200
883	223
883	280
883	543
883	552
883	554
883	595
883	606
883	625
883	790
883	832
883	912
883	915
883	946
883	969
883	983
884	44
884	56
884	283
884	474
884	568
884	579
884	580
884	732
884	797
884	799
884	841
884	852
884	918
884	923
884	967
884	971
884	982
884	988
884	1000
885	80
885	252
885	347
885	510
885	570
885	594
885	596
885	665
885	701
885	768
885	794
885	820
885	860
885	872
885	920
885	931
885	945
885	998
885	999
886	203
886	219
886	488
886	534
886	678
886	686
886	762
886	825
886	835
886	871
886	943
886	949
886	959
886	969
886	974
886	975
886	980
886	981
886	984
887	299
887	443
887	563
887	647
887	690
887	816
887	820
887	824
887	826
887	829
887	867
887	938
887	945
887	951
887	952
887	980
887	982
887	988
887	995
888	17
888	185
888	560
888	583
888	637
888	665
888	725
888	745
888	784
888	815
888	840
888	862
888	866
888	913
888	914
888	921
888	950
888	954
888	1000
889	39
889	41
889	115
889	124
889	205
889	277
889	578
889	590
889	741
889	764
889	778
889	860
889	863
889	870
889	880
889	922
889	984
889	994
889	997
890	5
890	105
890	127
890	184
890	286
890	350
890	382
890	430
890	448
890	455
890	669
890	695
890	748
890	764
890	800
890	801
890	848
890	965
890	985
891	228
891	351
891	380
891	410
891	466
891	658
891	688
891	691
891	712
891	736
891	771
891	772
891	849
891	859
891	935
891	943
891	960
891	987
891	995
892	61
892	304
892	402
892	619
892	620
892	680
892	687
892	747
892	778
892	802
892	850
892	862
892	923
892	925
892	934
892	948
892	968
892	970
892	999
893	39
893	40
893	220
893	302
893	359
893	396
893	397
893	432
893	519
893	596
893	663
893	670
893	674
893	675
893	792
893	870
893	880
893	933
893	994
893	997
894	43
894	108
894	234
894	319
894	320
894	328
894	340
894	429
894	447
894	619
894	652
894	721
894	748
894	803
894	858
894	868
894	870
894	958
894	967
894	970
895	270
895	313
895	366
895	410
895	445
895	604
895	692
895	699
895	727
895	754
895	760
895	788
895	833
895	858
895	900
895	904
895	916
895	927
895	935
895	975
896	141
896	177
896	460
896	562
896	593
896	708
896	732
896	757
896	792
896	834
896	874
896	928
896	956
896	972
896	976
896	987
896	989
896	990
896	994
896	996
897	31
897	154
897	245
897	342
897	516
897	677
897	723
897	784
897	815
897	819
897	822
897	847
897	866
897	874
897	906
897	914
897	921
897	938
897	950
897	1000
898	1
898	6
898	159
898	243
898	324
898	444
898	477
898	526
898	533
898	598
898	626
898	649
898	666
898	769
898	808
898	899
898	902
898	903
898	974
898	984
899	667
899	681
899	684
899	698
899	722
899	763
899	777
899	823
899	898
899	913
899	941
899	953
899	958
899	962
899	965
899	979
899	981
900	10
900	32
900	120
900	228
900	267
900	295
900	334
900	399
900	433
900	472
900	508
900	534
900	644
900	724
900	733
900	817
900	821
900	895
900	926
900	930
900	957
901	198
901	201
901	249
901	281
901	370
901	374
901	418
901	441
901	470
901	515
901	566
901	581
901	635
901	669
901	697
901	726
901	780
901	786
901	828
901	863
901	879
902	11
902	12
902	25
902	64
902	238
902	246
902	339
902	341
902	343
902	508
902	574
902	693
902	775
902	809
902	898
902	917
902	944
902	958
902	962
902	963
902	995
903	166
903	243
903	318
903	333
903	420
903	522
903	632
903	645
903	649
903	692
903	765
903	839
903	853
903	876
903	877
903	882
903	898
903	944
903	974
903	983
903	984
904	24
904	59
904	114
904	178
904	398
904	574
904	618
904	731
904	757
904	789
904	794
904	820
904	855
904	895
904	915
904	938
904	956
904	976
904	987
904	989
904	996
905	126
905	199
905	232
905	275
905	576
905	666
905	680
905	685
905	745
905	784
905	815
905	853
905	865
905	866
905	911
905	914
905	921
905	924
905	950
905	954
905	1000
906	127
906	516
906	560
906	609
906	637
906	653
906	735
906	745
906	815
906	865
906	866
906	897
906	911
906	914
906	921
906	954
906	972
906	983
906	993
906	994
906	1000
907	93
907	134
907	285
907	401
907	412
907	514
907	531
907	538
907	549
907	624
907	655
907	657
907	768
907	773
907	793
907	806
907	813
907	856
907	968
907	990
907	995
908	77
908	193
908	204
908	337
908	506
908	547
908	557
908	570
908	676
908	710
908	750
908	778
908	792
908	807
908	831
908	860
908	861
908	875
908	910
908	992
908	998
909	4
909	144
909	162
909	164
909	211
909	227
909	338
909	380
909	425
909	507
909	597
909	614
909	658
909	727
909	736
909	793
909	859
909	935
909	946
909	960
909	970
910	204
910	373
910	390
910	421
910	475
910	486
910	557
910	642
910	705
910	723
910	750
910	767
910	792
910	831
910	861
910	870
910	873
910	875
910	908
910	951
910	998
911	47
911	227
911	325
911	428
911	577
911	583
911	613
911	723
911	770
911	784
911	797
911	815
911	865
911	866
911	905
911	906
911	914
911	921
911	954
911	964
911	987
911	1000
912	73
912	117
912	150
912	218
912	258
912	302
912	416
912	436
912	547
912	585
912	595
912	606
912	625
912	643
912	790
912	814
912	848
912	883
912	915
912	943
912	949
912	962
913	78
913	86
913	219
913	267
913	315
913	487
913	591
913	602
913	641
913	660
913	673
913	674
913	682
913	734
913	785
913	814
913	826
913	881
913	888
913	899
913	923
913	985
914	133
914	288
914	436
914	505
914	583
914	613
914	745
914	847
914	850
914	868
914	888
914	897
914	905
914	906
914	911
914	938
914	949
914	950
914	954
914	967
914	993
914	1000
915	81
915	258
915	414
915	424
915	457
915	543
915	547
915	554
915	585
915	595
915	606
915	625
915	643
915	644
915	676
915	693
915	790
915	832
915	883
915	904
915	912
915	979
916	52
916	60
916	241
916	290
916	318
916	403
916	438
916	443
916	464
916	514
916	600
916	677
916	700
916	751
916	808
916	819
916	825
916	842
916	843
916	878
916	895
916	946
917	92
917	196
917	343
917	354
917	370
917	508
917	565
917	582
917	607
917	609
917	661
917	689
917	693
917	752
917	781
917	902
917	932
917	944
917	958
917	980
917	981
917	983
918	72
918	113
918	190
918	309
918	352
918	356
918	358
918	568
918	579
918	756
918	797
918	799
918	813
918	830
918	854
918	861
918	884
918	955
918	982
918	985
918	988
918	995
919	29
919	55
919	98
919	290
919	357
919	390
919	396
919	612
919	679
919	680
919	802
919	823
919	842
919	868
919	925
919	929
919	934
919	936
919	948
919	968
919	970
919	990
920	146
920	188
920	252
920	305
920	317
920	347
920	382
920	510
920	522
920	554
920	594
920	626
920	627
920	701
920	729
920	808
920	860
920	872
920	876
920	885
920	931
920	945
921	505
921	564
921	569
921	583
921	609
921	613
921	653
921	681
921	722
921	802
921	847
921	865
921	866
921	888
921	897
921	905
921	906
921	911
921	928
921	947
921	954
921	955
921	1000
922	106
922	116
922	136
922	191
922	231
922	265
922	329
922	345
922	389
922	396
922	397
922	519
922	578
922	596
922	639
922	663
922	857
922	870
922	889
922	938
922	959
922	994
922	997
923	157
923	305
923	422
923	430
923	487
923	591
923	602
923	641
923	660
923	682
923	734
923	755
923	771
923	777
923	785
923	795
923	814
923	855
923	881
923	884
923	892
923	913
923	973
924	12
924	15
924	36
924	175
924	242
924	348
924	361
924	364
924	372
924	419
924	561
924	573
924	616
924	683
924	693
924	709
924	710
924	713
924	738
924	766
924	795
924	827
924	905
924	982
925	43
925	89
925	102
925	273
925	306
925	338
925	339
925	384
925	499
925	689
925	759
925	774
925	802
925	850
925	862
925	892
925	919
925	934
925	936
925	948
925	962
925	968
925	970
925	997
926	19
926	85
926	167
926	189
926	250
926	284
926	308
926	342
926	393
926	478
926	524
926	536
926	556
926	571
926	646
926	695
926	768
926	782
926	844
926	869
926	900
926	969
926	978
926	999
927	35
927	162
927	209
927	253
927	257
927	289
927	328
927	358
927	366
927	412
927	518
927	593
927	604
927	664
927	704
927	706
927	727
927	754
927	760
927	822
927	833
927	843
927	895
927	939
927	975
928	7
928	107
928	276
928	322
928	405
928	475
928	501
928	511
928	632
928	639
928	739
928	811
928	845
928	846
928	857
928	864
928	896
928	921
928	940
928	950
928	978
928	985
928	992
928	993
928	997
929	34
929	55
929	58
929	98
929	273
929	468
929	476
929	677
929	680
929	742
929	758
929	759
929	774
929	802
929	862
929	868
929	879
929	919
929	934
929	936
929	941
929	951
929	957
929	968
929	970
930	23
930	175
930	176
930	267
930	295
930	322
930	362
930	394
930	399
930	433
930	497
930	534
930	541
930	715
930	724
930	733
930	755
930	817
930	826
930	879
930	900
930	957
930	981
930	990
930	994
931	80
931	146
931	149
931	153
931	188
931	252
931	255
931	317
931	449
931	510
931	570
931	594
931	626
931	627
931	665
931	730
931	800
931	860
931	872
931	885
931	920
931	942
931	945
931	968
931	992
932	25
932	30
932	64
932	201
932	341
932	343
932	404
932	414
932	512
932	582
932	607
932	613
932	628
932	689
932	693
932	735
932	752
932	775
932	778
932	781
932	917
932	944
932	958
932	989
932	996
933	43
933	122
933	210
933	272
933	301
933	377
933	378
933	426
933	437
933	449
933	452
933	476
933	498
933	601
933	711
933	730
933	818
933	838
933	853
933	876
933	893
933	944
933	957
933	960
933	974
934	29
934	46
934	50
934	91
934	480
934	595
934	612
934	679
934	723
934	742
934	759
934	765
934	778
934	802
934	850
934	862
934	868
934	892
934	919
934	925
934	929
934	936
934	967
934	968
934	993
935	79
935	211
935	320
935	330
935	338
935	373
935	402
935	466
935	494
935	614
935	654
935	688
935	691
935	712
935	716
935	743
935	772
935	849
935	859
935	863
935	891
935	895
935	909
935	960
935	974
935	992
936	29
936	168
936	219
936	289
936	384
936	402
936	439
936	742
936	747
936	778
936	799
936	802
936	807
936	850
936	868
936	919
936	925
936	929
936	934
936	940
936	948
936	960
936	968
936	970
936	973
936	1000
937	133
937	165
937	183
937	192
937	345
937	437
937	492
937	553
937	562
937	611
937	616
937	662
937	681
937	749
937	820
937	824
937	826
937	833
937	837
937	867
937	938
937	942
937	950
937	952
937	973
937	995
938	125
938	134
938	529
938	647
938	662
938	690
938	749
938	753
938	820
938	826
938	829
938	837
938	852
938	871
938	887
938	897
938	904
938	914
938	922
938	937
938	951
938	952
938	973
938	991
938	995
938	997
939	16
939	23
939	140
939	209
939	249
939	270
939	328
939	358
939	381
939	410
939	445
939	467
939	558
939	604
939	658
939	699
939	706
939	754
939	760
939	788
939	833
939	846
939	851
939	927
939	947
939	975
940	3
940	13
940	75
940	256
940	296
940	386
940	408
940	482
940	486
940	597
940	675
940	694
940	737
940	806
940	836
940	850
940	864
940	882
940	928
940	936
940	961
940	962
940	966
940	969
940	986
940	994
941	120
941	371
941	398
941	409
941	426
941	428
941	431
941	504
941	546
941	548
941	606
941	667
941	681
941	684
941	698
941	722
941	744
941	763
941	829
941	899
941	929
941	953
941	965
941	979
941	981
942	48
942	163
942	332
942	347
942	567
942	727
942	743
942	774
942	776
942	779
942	796
942	807
942	813
942	851
942	860
942	869
942	878
942	931
942	937
942	947
942	955
942	963
942	964
942	971
942	983
942	990
942	999
943	17
943	130
943	193
943	353
943	400
943	526
943	537
943	575
943	587
943	605
943	615
943	678
943	686
943	723
943	762
943	794
943	825
943	835
943	871
943	880
943	886
943	891
943	912
943	949
943	959
943	969
943	980
944	7
944	12
944	25
944	30
944	64
944	142
944	152
944	196
944	246
944	339
944	519
944	565
944	592
944	607
944	628
944	689
944	693
944	699
944	775
944	781
944	902
944	903
944	917
944	932
944	933
944	958
944	971
945	57
945	80
945	103
945	122
945	146
945	188
945	203
945	317
945	449
945	510
945	533
945	594
945	626
945	627
945	701
945	712
945	748
945	857
945	860
945	872
945	885
945	887
945	920
945	931
945	960
945	964
945	991
946	52
946	74
946	111
946	186
946	331
946	362
946	403
946	443
946	451
946	459
946	514
946	520
946	523
946	584
946	616
946	659
946	677
946	700
946	751
946	810
946	824
946	843
946	866
946	883
946	909
946	916
946	978
946	991
947	207
947	388
947	423
947	456
947	471
947	533
947	643
947	776
947	779
947	796
947	807
947	813
947	851
947	869
947	878
947	921
947	939
947	942
947	955
947	963
947	964
947	965
947	971
947	980
947	983
947	990
947	996
947	999
948	1
948	273
948	306
948	340
948	344
948	357
948	384
948	560
948	584
948	651
948	687
948	711
948	742
948	759
948	774
948	778
948	821
948	850
948	868
948	892
948	919
948	925
948	936
948	961
948	967
948	970
948	980
948	983
949	233
949	268
949	271
949	390
949	488
949	512
949	513
949	537
949	575
949	587
949	605
949	615
949	678
949	686
949	762
949	805
949	825
949	835
949	855
949	871
949	886
949	912
949	914
949	943
949	952
949	959
949	969
949	978
949	980
950	47
950	89
950	251
950	288
950	436
950	460
950	564
950	576
950	591
950	613
950	637
950	650
950	657
950	723
950	739
950	745
950	819
950	847
950	865
950	866
950	888
950	897
950	905
950	914
950	928
950	937
950	954
950	988
950	1000
951	125
951	158
951	165
951	325
951	355
951	360
951	369
951	500
951	563
951	647
951	662
951	690
951	727
951	749
951	800
951	820
951	824
951	826
951	829
951	837
951	867
951	871
951	887
951	910
951	929
951	938
951	952
951	973
951	995
952	133
952	158
952	231
952	240
952	306
952	360
952	507
952	528
952	553
952	563
952	564
952	645
952	653
952	725
952	753
952	808
952	820
952	824
952	826
952	829
952	852
952	887
952	937
952	938
952	949
952	951
952	973
952	995
952	999
953	119
953	232
953	244
953	258
953	298
953	326
953	441
953	462
953	468
953	473
953	481
953	504
953	546
953	548
953	641
953	661
953	667
953	681
953	684
953	688
953	698
953	722
953	763
953	780
953	899
953	941
953	965
953	966
953	979
953	981
954	275
954	288
954	292
954	394
954	427
954	516
954	541
954	560
954	609
954	650
954	658
954	691
954	784
954	789
954	815
954	819
954	823
954	847
954	865
954	866
954	888
954	905
954	906
954	911
954	914
954	921
954	950
954	963
954	973
954	981
954	1000
955	132
955	357
955	423
955	517
955	537
955	702
955	743
955	773
955	776
955	779
955	782
955	796
955	807
955	813
955	849
955	851
955	869
955	878
955	918
955	921
955	942
955	947
955	963
955	964
955	971
955	975
955	977
955	983
955	990
955	998
955	999
956	72
956	96
956	141
956	264
956	387
956	457
956	490
956	574
956	577
956	593
956	614
956	662
956	664
956	708
956	731
956	736
956	764
956	789
956	794
956	810
956	811
956	855
956	874
956	896
956	904
956	963
956	972
956	976
956	987
956	989
956	996
957	23
957	32
957	63
957	100
957	138
957	211
957	251
957	267
957	295
957	322
957	362
957	394
957	399
957	433
957	463
957	472
957	497
957	534
957	694
957	715
957	724
957	733
957	780
957	782
957	817
957	821
957	900
957	929
957	930
957	933
957	1000
958	11
958	30
958	64
958	339
958	341
958	343
958	354
958	407
958	414
958	508
958	532
958	582
958	607
958	628
958	689
958	690
958	693
958	748
958	752
958	775
958	781
958	787
958	879
958	894
958	899
958	902
958	917
958	932
958	944
958	995
958	996
959	18
959	26
959	118
959	268
959	270
959	292
959	327
959	368
959	400
959	463
959	488
959	512
959	513
959	575
959	587
959	605
959	615
959	678
959	696
959	762
959	825
959	835
959	871
959	886
959	922
959	943
959	949
959	969
959	980
959	982
959	985
960	107
960	170
960	211
960	227
960	254
960	257
960	330
960	351
960	362
960	373
960	380
960	425
960	494
960	513
960	597
960	630
960	646
960	654
960	658
960	691
960	736
960	772
960	790
960	849
960	859
960	891
960	909
960	933
960	935
960	936
960	945
960	966
961	4
961	65
961	66
961	71
961	149
961	256
961	346
961	355
961	361
961	408
961	453
961	486
961	491
961	500
961	620
961	675
961	694
961	729
961	730
961	736
961	737
961	757
961	809
961	812
961	834
961	836
961	882
961	940
961	948
961	962
961	966
961	986
962	3
962	37
962	65
962	208
962	296
962	379
962	442
962	446
962	453
962	482
962	565
962	589
962	633
962	636
962	729
962	735
962	770
962	778
962	783
962	809
962	836
962	882
962	899
962	902
962	912
962	925
962	940
962	961
962	966
962	977
962	986
962	992
963	48
963	161
963	182
963	239
963	423
963	663
963	702
963	743
963	757
963	776
963	779
963	796
963	807
963	813
963	851
963	864
963	869
963	874
963	878
963	882
963	902
963	942
963	947
963	954
963	955
963	956
963	964
963	971
963	983
963	990
963	998
963	999
964	123
964	197
964	207
964	224
964	303
964	321
964	434
964	517
964	702
964	717
964	740
964	755
964	776
964	779
964	796
964	807
964	813
964	847
964	851
964	869
964	878
964	911
964	942
964	945
964	947
964	955
964	963
964	969
964	971
964	975
964	983
964	990
964	999
965	256
965	262
965	326
965	336
965	371
965	409
965	431
965	462
965	468
965	473
965	474
965	504
965	546
965	548
965	667
965	681
965	684
965	689
965	698
965	700
965	705
965	722
965	763
965	877
965	890
965	899
965	941
965	947
965	953
965	979
965	981
965	987
965	990
966	37
966	65
966	66
966	71
966	82
966	96
966	241
966	282
966	372
966	379
966	408
966	482
966	589
966	633
966	636
966	694
966	729
966	735
966	737
966	809
966	812
966	823
966	836
966	839
966	845
966	882
966	940
966	953
966	960
966	961
966	962
966	986
966	989
966	996
967	69
967	87
967	99
967	108
967	110
967	234
967	266
967	319
967	334
967	340
967	400
967	429
967	463
967	465
967	493
967	495
967	525
967	551
967	559
967	592
967	716
967	721
967	748
967	756
967	803
967	820
967	858
967	884
967	894
967	914
967	934
967	948
967	975
967	982
967	993
968	46
968	61
968	91
968	102
968	109
968	168
968	226
968	344
968	348
968	461
968	476
968	529
968	545
968	655
968	679
968	742
968	759
968	774
968	778
968	802
968	806
968	821
968	843
968	850
968	862
968	868
968	892
968	907
968	919
968	925
968	929
968	931
968	934
968	936
968	970
969	18
969	26
969	217
969	264
969	268
969	327
969	353
969	400
969	488
969	506
969	512
969	513
969	537
969	575
969	605
969	615
969	678
969	686
969	762
969	825
969	829
969	834
969	835
969	837
969	870
969	871
969	883
969	886
969	926
969	940
969	943
969	949
969	959
969	964
969	980
969	997
970	1
970	61
970	98
970	102
970	109
970	266
970	304
970	306
970	357
970	461
970	482
970	513
970	560
970	612
970	621
970	651
970	667
970	680
970	687
970	708
970	747
970	778
970	802
970	811
970	850
970	868
970	892
970	894
970	909
970	919
970	925
970	929
970	936
970	948
970	968
970	992
971	161
971	197
971	198
971	278
971	303
971	321
971	413
971	417
971	456
971	515
971	517
971	702
971	742
971	743
971	773
971	776
971	779
971	780
971	796
971	801
971	807
971	813
971	851
971	869
971	878
971	884
971	942
971	944
971	947
971	955
971	963
971	964
971	983
971	990
971	998
971	999
972	5
972	15
972	96
972	205
972	264
972	315
972	366
972	407
972	428
972	442
972	460
972	562
972	577
972	617
972	630
972	664
972	708
972	714
972	734
972	752
972	757
972	789
972	794
972	813
972	835
972	840
972	855
972	874
972	896
972	906
972	956
972	976
972	982
972	987
972	989
972	996
972	1000
973	129
973	183
973	226
973	231
973	311
973	360
973	492
973	553
973	611
973	647
973	652
973	660
973	662
973	684
973	690
973	725
973	753
973	775
973	820
973	824
973	826
973	829
973	837
973	843
973	852
973	867
973	870
973	923
973	936
973	937
973	938
973	951
973	952
973	954
973	977
973	992
973	995
974	9
974	27
974	110
974	194
974	202
974	253
974	255
974	297
974	333
974	353
974	413
974	458
974	469
974	477
974	490
974	509
974	521
974	522
974	544
974	598
974	645
974	649
974	656
974	666
974	717
974	765
974	838
974	839
974	877
974	886
974	898
974	903
974	933
974	935
974	984
974	985
974	990
975	6
975	16
975	140
975	154
975	162
975	209
975	237
975	251
975	253
975	270
975	313
975	328
975	366
975	394
975	410
975	518
975	522
975	546
975	566
975	568
975	604
975	638
975	699
975	706
975	727
975	754
975	760
975	788
975	833
975	886
975	895
975	927
975	939
975	955
975	964
975	967
975	991
976	24
976	33
976	177
976	259
976	295
976	387
976	398
976	442
976	483
976	500
976	502
976	503
976	562
976	577
976	593
976	617
976	630
976	664
976	698
976	708
976	714
976	720
976	739
976	750
976	757
976	847
976	855
976	863
976	874
976	896
976	904
976	956
976	972
976	978
976	987
976	989
976	996
977	8
977	44
977	50
977	143
977	200
977	223
977	254
977	269
977	276
977	282
977	385
977	392
977	424
977	445
977	457
977	473
977	484
977	493
977	508
977	539
977	555
977	586
977	589
977	599
977	603
977	668
977	707
977	722
977	786
977	809
977	816
977	822
977	844
977	955
977	962
977	973
977	989
977	991
978	7
978	94
978	101
978	135
978	173
978	263
978	271
978	276
978	287
978	322
978	485
978	489
978	496
978	501
978	549
978	634
978	639
978	678
978	737
978	740
978	769
978	798
978	811
978	823
978	845
978	846
978	857
978	864
978	865
978	926
978	928
978	946
978	949
978	976
978	985
978	992
978	993
978	996
979	79
979	108
979	113
979	155
979	232
979	244
979	262
979	298
979	326
979	336
979	371
979	409
979	431
979	432
979	462
979	468
979	473
979	504
979	511
979	546
979	548
979	587
979	603
979	667
979	681
979	684
979	698
979	706
979	722
979	763
979	792
979	818
979	899
979	915
979	941
979	953
979	965
979	981
979	998
980	18
980	26
980	130
980	193
980	217
980	268
980	323
980	327
980	353
980	400
980	482
980	488
980	499
980	512
980	513
980	537
980	575
980	587
980	605
980	615
980	678
980	686
980	762
980	770
980	804
980	822
980	825
980	835
980	871
980	886
980	887
980	917
980	943
980	947
980	948
980	949
980	959
980	969
980	990
981	79
981	155
981	188
981	244
981	262
981	298
981	326
981	330
981	335
981	336
981	371
981	409
981	431
981	462
981	468
981	473
981	486
981	504
981	546
981	548
981	667
981	681
981	684
981	698
981	722
981	763
981	815
981	845
981	886
981	899
981	917
981	930
981	941
981	953
981	954
981	965
981	979
981	994
981	995
982	49
982	72
982	113
982	172
982	177
982	195
982	261
982	263
982	310
982	352
982	470
982	561
982	579
982	580
982	608
982	640
982	664
982	728
982	739
982	744
982	758
982	764
982	787
982	797
982	799
982	830
982	837
982	841
982	854
982	863
982	884
982	887
982	918
982	924
982	959
982	967
982	972
982	988
982	998
983	84
983	160
983	182
983	212
983	224
983	248
983	278
983	321
983	332
983	417
983	478
983	639
983	651
983	681
983	702
983	743
983	776
983	779
983	796
983	807
983	813
983	832
983	851
983	869
983	878
983	883
983	903
983	906
983	917
983	942
983	947
983	948
983	955
983	963
983	964
983	971
983	985
983	990
983	996
983	999
984	147
984	151
984	159
984	194
984	202
984	225
984	240
984	243
984	294
984	297
984	363
984	397
984	413
984	469
984	477
984	509
984	521
984	522
984	526
984	598
984	611
984	621
984	631
984	656
984	666
984	692
984	701
984	808
984	839
984	854
984	864
984	865
984	877
984	886
984	889
984	898
984	903
984	974
984	988
984	989
984	994
985	20
985	69
985	135
985	192
985	247
985	271
985	276
985	287
985	367
985	405
985	465
985	475
985	489
985	501
985	549
985	608
985	627
985	632
985	639
985	688
985	740
985	769
985	798
985	811
985	823
985	845
985	846
985	850
985	857
985	864
985	890
985	913
985	918
985	928
985	959
985	974
985	978
985	983
985	992
985	993
985	995
986	13
986	71
986	111
986	131
986	208
986	256
986	280
986	296
986	355
986	364
986	379
986	386
986	418
986	424
986	433
986	443
986	446
986	453
986	486
986	500
986	528
986	561
986	620
986	633
986	636
986	694
986	729
986	735
986	737
986	762
986	770
986	783
986	809
986	812
986	869
986	882
986	940
986	961
986	962
986	966
986	998
987	15
987	75
987	114
987	177
987	205
987	258
987	398
987	407
987	440
987	490
987	503
987	527
987	558
987	574
987	577
987	630
987	664
987	714
987	717
987	720
987	731
987	757
987	761
987	794
987	803
987	808
987	812
987	835
987	855
987	874
987	891
987	896
987	904
987	911
987	956
987	965
987	972
987	976
987	989
987	996
987	998
988	63
988	68
988	172
988	261
988	263
988	283
988	286
988	293
988	294
988	309
988	310
988	352
988	356
988	389
988	427
988	578
988	579
988	580
988	594
988	629
988	634
988	640
988	654
988	685
988	728
988	732
988	739
988	744
988	787
988	799
988	815
988	836
988	854
988	861
988	863
988	884
988	887
988	918
988	950
988	982
988	984
988	991
989	96
989	128
989	191
989	264
989	407
989	428
989	435
989	442
989	460
989	490
989	527
989	551
989	562
989	574
989	593
989	630
989	664
989	665
989	708
989	714
989	720
989	731
989	732
989	743
989	753
989	757
989	761
989	789
989	826
989	855
989	874
989	875
989	896
989	904
989	932
989	956
989	966
989	972
989	976
989	977
989	984
989	987
989	996
990	84
990	125
990	132
990	161
990	182
990	212
990	248
990	278
990	321
990	332
990	417
990	452
990	456
990	517
990	581
990	702
990	709
990	720
990	721
990	743
990	769
990	776
990	779
990	796
990	807
990	813
990	851
990	869
990	878
990	896
990	907
990	919
990	930
990	942
990	947
990	955
990	963
990	964
990	965
990	971
990	974
990	980
990	983
990	999
991	4
991	8
991	44
991	50
991	95
991	98
991	143
991	171
991	213
991	260
991	269
991	282
991	392
991	424
991	457
991	484
991	493
991	539
991	555
991	586
991	599
991	603
991	610
991	668
991	672
991	707
991	762
991	784
991	786
991	790
991	805
991	816
991	822
991	844
991	848
991	882
991	938
991	945
991	946
991	975
991	977
991	988
991	992
991	1000
992	20
992	22
992	27
992	101
992	135
992	173
992	192
992	238
992	245
992	247
992	261
992	287
992	367
992	405
992	467
992	475
992	485
992	489
992	496
992	549
992	617
992	623
992	632
992	639
992	740
992	769
992	798
992	811
992	823
992	845
992	846
992	857
992	864
992	908
992	928
992	931
992	935
992	962
992	970
992	973
992	978
992	985
992	991
992	993
992	994
993	20
993	22
993	41
993	94
993	173
993	192
993	238
993	247
993	271
993	287
993	297
993	367
993	405
993	475
993	485
993	489
993	496
993	501
993	511
993	549
993	632
993	668
993	714
993	740
993	769
993	798
993	811
993	823
993	829
993	830
993	845
993	846
993	857
993	858
993	864
993	865
993	878
993	906
993	914
993	928
993	934
993	967
993	978
993	985
993	992
994	30
994	40
994	41
994	90
994	115
994	116
994	136
994	139
994	187
994	191
994	215
994	265
994	277
994	293
994	329
994	359
994	388
994	396
994	397
994	432
994	447
994	454
994	477
994	519
994	532
994	535
994	578
994	590
994	596
994	663
994	674
994	710
994	741
994	870
994	880
994	889
994	893
994	896
994	906
994	922
994	930
994	940
994	981
994	984
994	992
994	997
995	58
995	125
995	129
995	133
995	220
995	226
995	231
995	299
995	311
995	369
995	407
995	420
995	431
995	492
995	528
995	529
995	563
995	611
995	624
995	647
995	662
995	690
995	715
995	725
995	753
995	766
995	820
995	824
995	826
995	829
995	837
995	852
995	867
995	887
995	891
995	902
995	907
995	918
995	937
995	938
995	951
995	952
995	958
995	973
995	981
995	985
995	996
996	15
996	19
996	114
996	178
996	259
996	264
996	387
996	425
996	428
996	440
996	442
996	460
996	473
996	490
996	503
996	527
996	562
996	577
996	593
996	603
996	617
996	630
996	650
996	664
996	714
996	720
996	731
996	742
996	751
996	757
996	761
996	794
996	855
996	874
996	896
996	904
996	932
996	947
996	956
996	958
996	966
996	972
996	976
996	978
996	983
996	987
996	989
996	995
997	17
997	39
997	40
997	41
997	90
997	106
997	115
997	124
997	136
997	139
997	153
997	163
997	187
997	191
997	215
997	265
997	277
997	359
997	388
997	396
997	397
997	454
997	519
997	521
997	532
997	535
997	590
997	596
997	628
997	663
997	674
997	675
997	731
997	741
997	744
997	770
997	788
997	790
997	870
997	880
997	882
997	889
997	893
997	922
997	925
997	928
997	938
997	969
997	994
998	53
998	54
998	76
998	82
998	137
998	156
998	193
998	216
998	229
998	230
998	235
998	239
998	314
998	346
998	376
998	390
998	421
998	434
998	450
998	511
998	535
998	540
998	557
998	559
998	572
998	642
998	673
998	705
998	718
998	750
998	762
998	767
998	792
998	831
998	834
998	861
998	873
998	875
998	877
998	885
998	908
998	910
998	955
998	963
998	971
998	979
998	982
998	986
998	987
999	16
999	48
999	84
999	132
999	160
999	197
999	207
999	212
999	224
999	248
999	278
999	303
999	332
999	409
999	417
999	423
999	456
999	488
999	517
999	680
999	686
999	702
999	719
999	743
999	772
999	776
999	779
999	796
999	807
999	813
999	836
999	841
999	851
999	869
999	872
999	875
999	878
999	885
999	892
999	926
999	942
999	947
999	952
999	955
999	963
999	964
999	971
999	983
999	990
1000	31
1000	47
1000	89
1000	126
1000	185
1000	216
1000	245
1000	275
1000	288
1000	436
1000	496
1000	505
1000	516
1000	541
1000	560
1000	564
1000	569
1000	576
1000	589
1000	609
1000	635
1000	637
1000	650
1000	653
1000	671
1000	725
1000	745
1000	771
1000	784
1000	815
1000	819
1000	847
1000	865
1000	866
1000	880
1000	884
1000	888
1000	897
1000	905
1000	906
1000	911
1000	914
1000	921
1000	936
1000	950
1000	954
1000	957
1000	972
1000	991
