1	597
1	658
1	706
1	874
2	222
2	318
2	825
2	876
3	270
3	771
3	956
3	998
4	733
4	803
4	865
4	970
5	78
5	803
5	822
5	999
6	445
6	813
6	898
6	993
7	199
7	361
7	675
7	815
8	524
8	639
8	940
8	975
9	39
9	386
9	530
9	965
10	607
10	818
10	936
10	976
11	119
11	313
11	437
11	918
12	42
12	211
12	775
12	887
13	674
13	706
13	953
13	994
14	830
14	936
14	976
14	988
15	348
15	792
15	842
15	943
16	504
16	967
16	976
16	999
17	805
17	939
17	951
17	986
18	36
18	600
18	860
18	984
19	244
19	734
19	901
19	980
20	596
20	813
20	914
20	994
21	582
21	745
21	904
21	971
22	777
22	817
22	924
22	982
23	539
23	661
23	868
23	962
24	895
24	963
24	991
24	993
25	557
25	685
25	692
25	852
26	268
26	771
26	890
26	981
27	668
27	896
27	969
27	972
28	357
28	675
28	808
28	891
29	811
29	915
29	958
29	978
30	99
30	674
30	752
30	906
31	230
31	244
31	878
31	952
32	433
32	669
32	865
32	914
33	692
33	890
33	891
33	1000
34	43
34	702
34	786
34	918
35	736
35	891
35	920
35	971
36	18
36	531
36	541
36	609
37	213
37	482
37	955
37	981
38	46
38	854
38	894
38	958
39	9
39	618
39	679
39	904
40	517
40	687
40	904
40	907
41	411
41	729
41	900
41	912
42	12
42	620
42	815
42	981
43	34
43	364
43	764
43	838
44	223
44	362
44	624
44	893
45	867
45	962
45	964
45	995
46	38
46	428
46	868
46	954
47	367
47	392
47	660
47	995
48	770
48	835
48	889
48	997
49	109
49	368
49	509
49	917
50	604
50	781
50	930
50	975
51	549
51	968
51	984
51	990
52	57
52	160
52	851
52	897
53	499
53	588
53	631
53	867
54	339
54	514
54	947
54	989
55	508
55	948
55	982
55	1000
56	470
56	835
56	874
56	924
57	52
57	633
57	809
57	943
58	283
58	638
58	735
58	858
59	637
59	662
59	968
59	977
60	337
60	791
60	885
60	962
61	75
61	96
61	763
61	935
62	262
62	921
62	974
62	976
63	251
63	555
63	931
63	996
64	411
64	529
64	802
64	865
65	173
65	288
65	700
65	867
66	105
66	802
66	872
66	965
67	543
67	648
67	915
67	941
68	533
68	950
68	992
68	999
69	81
69	622
69	870
69	999
70	341
70	757
70	933
70	984
71	548
71	723
71	917
71	1000
72	121
72	486
72	944
72	966
73	381
73	654
73	770
73	977
74	796
74	817
74	879
74	972
75	61
75	889
75	949
75	1000
76	422
76	622
76	710
76	861
77	255
77	477
77	966
77	996
78	5
78	385
78	519
78	672
79	632
79	864
79	988
79	1000
80	457
80	830
80	928
80	934
81	69
81	781
81	846
81	910
82	237
82	344
82	636
82	946
83	454
83	823
83	930
83	992
84	297
84	916
84	919
84	951
85	278
85	400
85	560
85	988
86	245
86	411
86	860
86	961
87	824
87	848
87	935
87	945
88	347
88	352
88	768
88	922
89	528
89	834
89	934
89	973
90	488
90	657
90	658
90	927
91	695
91	861
91	917
91	993
92	175
92	734
92	932
92	937
93	705
93	753
93	848
93	891
94	626
94	733
94	931
94	996
95	542
95	941
95	981
95	996
96	61
96	779
96	824
96	860
97	104
97	178
97	712
97	758
98	382
98	842
98	956
98	978
99	30
99	475
99	563
99	959
100	753
100	795
100	977
100	994
101	744
101	769
101	862
101	947
102	148
102	841
102	847
102	900
103	855
103	916
103	986
103	1000
104	97
104	597
104	861
104	972
105	66
105	585
105	965
105	974
106	757
106	868
106	889
106	996
107	132
107	884
107	921
107	960
108	606
108	748
108	761
108	982
109	49
109	931
109	984
109	996
110	453
110	776
110	807
110	969
111	845
111	918
111	919
111	956
112	222
112	628
112	703
112	968
113	333
113	782
113	909
113	997
114	453
114	564
114	878
114	970
115	596
115	868
115	953
115	959
116	225
116	570
116	576
116	618
117	207
117	481
117	847
117	868
118	320
118	360
118	763
118	849
119	11
119	144
119	147
119	856
120	501
120	915
120	952
120	965
121	72
121	364
121	535
121	875
122	199
122	869
122	874
122	984
123	160
123	271
123	816
123	988
124	605
124	707
124	792
124	952
125	546
125	611
125	721
125	776
126	331
126	502
126	828
126	863
127	420
127	566
127	825
127	939
128	648
128	659
128	953
128	955
129	469
129	558
129	727
129	944
130	525
130	612
130	969
130	996
131	134
131	454
131	949
131	999
132	107
132	621
132	718
132	991
133	151
133	873
133	878
133	962
134	131
134	337
134	901
134	954
135	257
135	282
135	529
135	533
136	170
136	317
136	407
136	877
137	338
137	794
137	826
137	934
138	381
138	529
138	848
138	954
139	454
139	530
139	978
139	992
140	243
140	749
140	962
140	985
141	172
141	577
141	867
141	978
142	601
142	712
142	986
142	989
143	637
143	682
143	930
143	935
144	119
144	695
144	749
144	869
145	462
145	762
145	782
145	938
146	595
146	606
146	799
146	958
147	119
147	296
147	375
147	901
148	102
148	529
148	541
148	898
149	409
149	697
149	951
149	983
150	218
150	670
150	827
150	949
151	133
151	412
151	991
151	997
152	773
152	838
152	970
152	981
153	217
153	266
153	844
153	979
154	595
154	948
154	953
154	995
155	175
155	860
155	931
155	996
156	179
156	242
156	731
156	950
157	329
157	468
157	825
157	876
158	297
158	798
158	904
158	916
159	411
159	455
159	532
159	569
160	52
160	123
160	941
160	981
161	417
161	470
161	837
161	972
162	773
162	794
162	817
162	829
163	370
163	577
163	868
163	983
164	355
164	764
164	908
164	923
165	604
165	756
165	770
165	896
166	583
166	588
166	652
166	949
167	575
167	899
167	989
167	999
168	421
168	671
168	783
168	785
169	345
169	638
169	930
169	970
170	136
170	202
170	427
170	590
171	614
171	696
171	756
171	905
172	141
172	681
172	745
172	913
173	65
173	591
173	656
173	988
174	440
174	538
174	623
174	939
175	92
175	155
175	332
175	862
176	233
176	630
176	692
176	850
177	254
177	419
177	484
177	995
178	97
178	187
178	875
178	991
179	156
179	212
179	290
179	932
180	610
180	893
180	962
180	967
181	449
181	918
181	943
181	961
182	439
182	760
182	936
182	986
183	666
183	884
183	968
183	992
184	375
184	652
184	672
184	977
185	245
185	918
185	945
185	962
186	473
186	892
186	904
186	910
187	178
187	646
187	718
187	975
188	212
188	550
188	839
188	962
189	726
189	830
189	854
189	990
190	775
190	839
190	891
190	912
191	233
191	368
191	543
191	862
192	489
192	658
192	806
192	874
193	515
193	870
193	943
193	956
194	426
194	817
194	859
194	1000
195	754
195	877
195	949
195	971
196	387
196	911
196	917
196	1000
197	903
197	922
197	943
197	972
198	719
198	957
198	969
198	997
199	7
199	122
199	741
199	934
200	708
200	716
200	967
200	989
201	531
201	723
201	769
201	960
202	170
202	665
202	846
202	959
203	425
203	905
203	975
203	983
204	270
204	844
204	963
204	979
205	872
205	885
205	914
205	991
206	779
206	927
206	932
206	969
207	117
207	530
207	968
207	994
208	426
208	428
208	983
208	991
209	605
209	872
209	877
209	997
210	220
210	556
210	677
210	947
211	12
211	272
211	869
211	959
212	179
212	188
212	904
212	961
213	37
213	942
213	944
213	963
214	293
214	785
214	941
214	981
215	687
215	802
215	918
215	933
216	657
216	836
216	964
216	973
217	153
217	752
217	868
217	999
218	150
218	423
218	969
218	988
219	343
219	594
219	721
219	869
220	210
220	673
220	727
220	757
221	708
221	798
221	955
221	983
222	2
222	112
222	861
222	969
223	44
223	542
223	873
223	970
224	257
224	694
224	949
224	992
225	116
225	911
225	918
225	998
226	301
226	355
226	707
226	883
227	325
227	701
227	755
227	938
228	612
228	871
228	874
228	990
229	298
229	346
229	663
229	991
230	31
230	768
230	825
230	947
231	380
231	445
231	953
231	988
232	660
232	701
232	904
232	930
233	176
233	191
233	357
233	903
234	656
234	887
234	939
234	981
235	311
235	636
235	848
235	964
236	496
236	515
236	785
236	907
237	82
237	314
237	630
237	982
238	312
238	623
238	628
238	801
239	520
239	839
239	914
239	924
240	590
240	668
240	710
240	994
241	752
241	831
241	947
241	963
242	156
242	256
242	589
242	986
243	140
243	827
243	842
243	930
244	19
244	31
244	967
244	994
245	86
245	185
245	758
245	954
246	781
246	797
246	926
246	984
247	486
247	675
247	921
247	945
248	615
248	666
248	807
248	844
249	266
249	926
249	955
249	964
250	623
250	811
250	952
250	996
251	63
251	560
251	872
251	959
252	417
252	812
252	945
252	966
252	987
253	274
253	630
253	753
253	914
253	997
254	177
254	449
254	930
254	987
254	995
255	77
255	376
255	759
255	853
255	996
256	242
256	468
256	511
256	756
256	969
257	135
257	224
257	648
257	893
257	909
258	658
258	673
258	852
258	965
258	966
259	790
259	903
259	906
259	970
259	978
260	783
260	792
260	965
260	994
260	1000
261	659
261	765
261	839
261	881
261	954
262	62
262	737
262	760
262	874
262	957
263	805
263	888
263	900
263	910
263	992
264	372
264	424
264	579
264	671
264	904
265	325
265	444
265	596
265	796
265	966
266	153
266	249
266	945
266	976
266	991
267	682
267	809
267	854
267	941
267	961
268	26
268	977
268	981
268	983
268	999
269	382
269	536
269	787
269	844
269	987
270	3
270	204
270	854
270	966
270	989
271	123
271	801
271	837
271	914
271	968
272	211
272	502
272	785
272	810
272	891
273	456
273	645
273	926
273	956
273	988
274	253
274	489
274	704
274	882
274	968
275	551
275	567
275	776
275	780
275	850
276	827
276	875
276	881
276	886
276	901
277	616
277	656
277	720
277	805
277	882
278	85
278	576
278	672
278	737
278	896
279	781
279	875
279	900
279	903
279	982
280	548
280	896
280	938
280	960
280	1000
281	391
281	677
281	799
281	989
281	994
282	135
282	845
282	870
282	937
282	993
283	58
283	287
283	559
283	771
283	984
284	346
284	430
284	704
284	956
284	988
285	335
285	654
285	778
285	992
285	1000
286	565
286	806
286	922
286	948
286	998
287	283
287	343
287	584
287	783
287	993
288	65
288	444
288	611
288	873
288	992
289	625
289	753
289	894
289	916
289	996
290	179
290	320
290	598
290	831
290	975
291	480
291	496
291	642
291	799
291	995
292	350
292	417
292	832
292	926
292	944
293	214
293	807
293	869
293	912
293	990
294	414
294	561
294	840
294	982
294	984
295	300
295	546
295	600
295	797
295	894
296	147
296	356
296	702
296	772
296	982
297	84
297	158
297	587
297	659
297	677
298	229
298	349
298	623
298	962
298	967
299	659
299	676
299	939
299	999
299	1000
300	295
300	347
300	572
300	585
300	890
301	226
301	833
301	853
301	867
301	949
302	322
302	672
302	676
302	838
302	938
303	751
303	819
303	923
303	968
303	997
304	306
304	538
304	586
304	687
304	785
305	624
305	633
305	715
305	751
305	818
306	304
306	473
306	701
306	885
306	995
307	754
307	837
307	925
307	969
307	989
308	711
308	798
308	929
308	947
308	1000
309	358
309	765
309	941
309	981
309	995
310	721
310	853
310	901
310	955
310	969
311	235
311	830
311	833
311	884
311	963
312	238
312	591
312	711
312	973
312	982
313	11
313	369
313	777
313	876
313	958
314	237
314	315
314	322
314	719
314	980
315	314
315	732
315	953
315	965
315	997
316	413
316	559
316	658
316	703
316	857
317	136
317	352
317	801
317	869
317	960
318	2
318	505
318	709
318	864
318	890
319	672
319	898
319	900
319	922
319	976
320	118
320	290
320	422
320	784
320	853
321	543
321	788
321	873
321	971
321	998
322	302
322	314
322	740
322	980
322	982
323	382
323	820
323	837
323	897
323	914
324	418
324	860
324	928
324	963
324	991
325	227
325	265
325	504
325	891
325	913
326	583
326	767
326	792
326	871
326	906
327	606
327	779
327	815
327	959
327	965
328	562
328	763
328	792
328	867
328	986
329	157
329	932
329	936
329	970
329	996
330	497
330	517
330	954
330	955
330	959
331	126
331	486
331	755
331	849
331	977
332	175
332	633
332	853
332	968
332	994
333	113
333	830
333	852
333	927
333	944
334	798
334	852
334	888
334	897
334	969
335	285
335	432
335	866
335	911
335	951
336	731
336	797
336	850
336	979
336	998
337	60
337	134
337	594
337	752
337	950
338	137
338	543
338	617
338	666
338	682
339	54
339	678
339	761
339	842
339	931
340	680
340	688
340	731
340	898
340	928
341	70
341	589
341	701
341	885
341	992
342	474
342	728
342	800
342	844
342	975
343	219
343	287
343	530
343	726
343	814
344	82
344	836
344	875
344	892
344	972
345	169
345	349
345	779
345	845
345	982
346	229
346	284
346	398
346	858
346	971
347	88
347	300
347	669
347	954
347	993
348	15
348	429
348	638
348	742
348	840
349	298
349	345
349	802
349	843
349	881
350	292
350	739
350	875
350	909
350	924
351	770
351	845
351	965
351	983
351	999
352	88
352	317
352	560
352	924
352	945
353	839
353	937
353	947
353	958
353	970
354	480
354	850
354	892
354	961
354	986
355	164
355	226
355	711
355	810
355	934
356	296
356	401
356	440
356	501
356	958
357	28
357	233
357	451
357	665
357	998
358	309
358	455
358	687
358	826
358	972
359	459
359	788
359	811
359	932
359	996
360	118
360	576
360	838
360	938
360	976
361	7
361	572
361	738
361	884
361	961
362	44
362	643
362	980
362	986
362	992
363	776
363	792
363	955
363	971
363	995
364	43
364	121
364	435
364	753
364	924
365	667
365	730
365	794
365	874
365	987
366	405
366	500
366	842
366	853
366	939
367	47
367	808
367	872
367	925
367	989
368	49
368	191
368	670
368	800
368	981
369	313
369	802
369	900
369	928
369	991
370	163
370	608
370	691
370	789
370	945
371	471
371	793
371	903
371	934
371	943
372	264
372	714
372	879
372	913
372	989
373	377
373	378
373	741
373	751
373	900
374	435
374	628
374	713
374	903
374	907
375	147
375	184
375	473
375	770
375	780
376	255
376	565
376	570
376	853
376	916
377	373
377	725
377	940
377	983
377	999
378	373
378	569
378	911
378	937
378	946
379	477
379	774
379	811
379	988
379	996
380	231
380	394
380	567
380	751
380	863
381	73
381	138
381	912
381	944
381	997
382	98
382	269
382	323
382	463
382	622
383	461
383	716
383	965
383	966
383	983
384	810
384	812
384	889
384	967
384	989
385	78
385	860
385	867
385	884
385	896
386	9
386	433
386	470
386	565
386	848
387	196
387	737
387	855
387	863
387	991
388	471
388	810
388	900
388	936
388	970
389	458
389	741
389	929
389	996
389	1000
390	432
390	923
390	940
390	975
390	984
391	281
391	823
391	841
391	901
391	986
392	47
392	634
392	750
392	906
392	964
393	464
393	478
393	806
393	878
393	991
394	380
394	702
394	834
394	895
394	993
395	578
395	661
395	722
395	926
395	929
396	653
396	941
396	970
396	996
396	1000
397	733
397	808
397	855
397	927
397	979
398	346
398	853
398	938
398	949
398	978
399	597
399	866
399	921
399	943
399	981
400	85
400	580
400	914
400	958
400	959
401	356
401	419
401	708
401	978
401	992
402	506
402	909
402	921
402	932
402	936
403	578
403	720
403	898
403	939
403	980
404	700
404	860
404	932
404	944
404	996
405	366
405	755
405	879
405	942
405	981
405	999
406	662
406	833
406	865
406	899
406	935
406	975
407	136
407	621
407	682
407	758
407	937
407	950
408	757
408	963
408	977
408	991
408	994
408	995
409	149
409	485
409	656
409	950
409	968
409	987
410	521
410	730
410	784
410	865
410	923
410	994
411	41
411	64
411	86
411	159
411	872
411	979
412	151
412	574
412	953
412	971
412	996
412	997
413	316
413	446
413	688
413	827
413	988
413	992
414	294
414	823
414	922
414	985
414	987
414	997
415	447
415	872
415	883
415	968
415	975
415	986
416	523
416	666
416	710
416	911
416	913
416	941
417	161
417	252
417	292
417	857
417	958
417	976
418	324
418	550
418	715
418	755
418	819
418	990
419	177
419	401
419	527
419	840
419	924
419	974
420	127
420	614
420	810
420	914
420	950
420	978
421	168
421	540
421	710
421	851
421	948
421	969
422	76
422	320
422	800
422	813
422	908
422	933
423	218
423	964
423	979
423	984
423	986
423	989
424	264
424	426
424	660
424	949
424	987
424	995
425	203
425	531
425	829
425	851
425	866
425	895
426	194
426	208
426	424
426	870
426	872
426	978
427	170
427	885
427	896
427	968
427	982
427	992
428	46
428	208
428	781
428	943
428	954
428	982
429	348
429	803
429	836
429	857
429	969
429	979
430	284
430	521
430	831
430	847
430	942
430	980
431	537
431	655
431	739
431	791
431	847
431	975
432	335
432	390
432	634
432	786
432	858
432	859
433	32
433	386
433	579
433	774
433	947
433	994
434	556
434	773
434	849
434	932
434	992
434	996
435	364
435	374
435	469
435	521
435	806
435	987
436	557
436	707
436	911
436	912
436	975
436	984
437	11
437	510
437	567
437	625
437	973
437	992
438	828
438	843
438	893
438	921
438	983
438	999
439	182
439	600
439	769
439	880
439	881
439	940
440	174
440	356
440	484
440	546
440	553
440	957
441	579
441	683
441	699
441	896
441	948
441	1000
442	632
442	717
442	807
442	864
442	899
442	919
443	660
443	789
443	792
443	893
443	894
443	994
444	265
444	288
444	677
444	911
444	966
444	988
445	6
445	231
445	680
445	804
445	833
445	985
446	413
446	742
446	857
446	945
446	971
446	986
447	415
447	460
447	489
447	537
447	638
447	839
448	729
448	748
448	844
448	923
448	974
448	997
449	181
449	254
449	700
449	725
449	834
449	988
450	847
450	887
450	901
450	906
450	910
450	954
451	357
451	631
451	746
451	782
451	860
451	867
452	454
452	619
452	692
452	781
452	888
452	977
453	110
453	114
453	539
453	555
453	661
453	861
454	83
454	131
454	139
454	452
454	483
454	977
455	159
455	358
455	595
455	660
455	774
455	957
456	273
456	749
456	789
456	797
456	880
456	939
457	80
457	493
457	576
457	873
457	955
457	991
458	389
458	833
458	931
458	947
458	952
458	992
459	359
459	536
459	940
459	961
459	982
459	989
460	447
460	736
460	753
460	796
460	852
460	891
461	383
461	633
461	723
461	852
461	900
461	964
462	145
462	610
462	825
462	872
462	923
462	997
463	382
463	564
463	732
463	908
463	997
463	1000
464	393
464	581
464	685
464	801
464	841
464	924
465	579
465	608
465	938
465	942
465	961
465	980
466	665
466	789
466	925
466	935
466	954
466	978
467	624
467	670
467	764
467	926
467	971
467	993
468	157
468	256
468	637
468	920
468	947
468	961
469	129
469	435
469	571
469	697
469	737
469	791
470	56
470	161
470	386
470	786
470	925
470	994
471	371
471	388
471	686
471	699
471	772
471	800
472	676
472	689
472	695
472	740
472	945
472	981
473	186
473	306
473	375
473	601
473	744
473	787
474	342
474	507
474	575
474	940
474	947
474	952
475	99
475	581
475	663
475	842
475	978
475	987
476	640
476	752
476	762
476	817
476	945
476	962
477	77
477	379
477	705
477	763
477	858
477	870
478	393
478	864
478	910
478	952
478	957
478	976
479	519
479	603
479	827
479	946
479	978
479	990
480	291
480	354
480	860
480	871
480	938
480	984
481	117
481	482
481	607
481	804
481	916
481	928
482	37
482	481
482	816
482	920
482	938
482	942
483	454
483	767
483	863
483	888
483	983
483	999
484	177
484	440
484	650
484	922
484	974
484	976
485	409
485	787
485	841
485	896
485	936
485	939
486	72
486	247
486	331
486	495
486	924
486	998
487	734
487	871
487	876
487	892
487	970
487	972
488	90
488	652
488	806
488	840
488	923
488	997
489	192
489	274
489	447
489	518
489	697
489	753
490	730
490	775
490	930
490	935
490	975
490	986
491	595
491	737
491	750
491	979
491	989
491	993
492	574
492	923
492	929
492	982
492	984
492	997
493	457
493	739
493	829
493	956
493	988
493	995
494	644
494	815
494	846
494	885
494	926
494	988
495	486
495	596
495	904
495	948
495	973
495	998
496	236
496	291
496	804
496	931
496	984
496	996
497	330
497	901
497	909
497	941
497	989
497	1000
498	916
498	951
498	954
498	956
498	988
498	996
499	53
499	511
499	711
499	762
499	833
499	898
500	366
500	591
500	934
500	940
500	943
500	952
501	120
501	356
501	693
501	839
501	885
501	992
502	126
502	272
502	539
502	877
502	889
502	997
503	843
503	900
503	919
503	943
503	983
503	999
504	16
504	325
504	628
504	794
504	859
504	980
505	318
505	619
505	781
505	890
505	910
505	954
506	402
506	680
506	780
506	901
506	918
506	993
507	474
507	681
507	798
507	856
507	937
507	943
508	55
508	784
508	883
508	938
508	948
508	950
509	49
509	790
509	798
509	935
509	951
509	986
510	437
510	680
510	690
510	883
510	937
510	959
510	978
511	256
511	499
511	748
511	899
511	957
511	963
511	983
512	654
512	655
512	795
512	888
512	920
512	922
512	981
513	522
513	688
513	859
513	881
513	940
513	980
513	998
514	54
514	621
514	788
514	866
514	880
514	899
514	949
515	193
515	236
515	700
515	708
515	809
515	942
515	972
516	549
516	615
516	793
516	852
516	869
516	895
516	902
517	40
517	330
517	537
517	862
517	888
517	964
517	981
518	489
518	523
518	600
518	643
518	891
518	924
518	926
519	78
519	479
519	675
519	838
519	924
519	950
519	999
520	239
520	573
520	771
520	848
520	855
520	963
520	980
521	410
521	430
521	435
521	674
521	842
521	859
521	893
522	513
522	820
522	873
522	903
522	914
522	922
522	950
523	416
523	518
523	653
523	667
523	752
523	908
523	1000
524	8
524	797
524	874
524	912
524	942
524	960
524	975
525	130
525	539
525	811
525	832
525	846
525	937
525	959
526	647
526	685
526	761
526	798
526	948
526	949
526	957
527	419
527	561
527	817
527	887
527	909
527	981
527	985
528	89
528	644
528	751
528	793
528	801
528	847
528	991
529	64
529	135
529	138
529	148
529	822
529	852
529	984
530	9
530	139
530	207
530	343
530	617
530	730
530	992
531	36
531	201
531	425
531	660
531	729
531	911
531	993
532	159
532	675
532	883
532	937
532	958
532	959
532	970
533	68
533	135
533	802
533	862
533	874
533	910
533	997
534	629
534	738
534	820
534	829
534	872
534	955
534	995
535	121
535	707
535	726
535	834
535	859
535	877
535	934
536	269
536	459
536	547
536	842
536	859
536	966
536	991
537	431
537	447
537	517
537	636
537	799
537	935
537	941
538	174
538	304
538	769
538	847
538	901
538	993
538	998
539	23
539	453
539	502
539	525
539	919
539	937
539	992
540	421
540	768
540	831
540	916
540	949
540	983
540	999
541	36
541	148
541	739
541	796
541	861
541	965
541	996
542	95
542	223
542	779
542	855
542	973
542	982
542	998
543	67
543	191
543	321
543	338
543	955
543	963
543	991
544	790
544	847
544	861
544	877
544	881
544	926
544	968
545	603
545	614
545	692
545	735
545	748
545	888
545	999
546	125
546	295
546	440
546	619
546	979
546	988
546	991
547	536
547	671
547	724
547	738
547	966
547	984
547	996
548	71
548	280
548	838
548	928
548	953
548	974
548	977
549	51
549	516
549	622
549	685
549	875
549	905
549	978
550	188
550	418
550	833
550	882
550	934
550	952
550	993
551	275
551	733
551	787
551	793
551	918
551	944
551	993
552	721
552	833
552	862
552	910
552	929
552	947
552	971
553	440
553	728
553	729
553	754
553	839
553	877
553	994
554	582
554	887
554	911
554	915
554	955
554	957
554	991
555	63
555	453
555	918
555	956
555	957
555	980
555	988
556	210
556	434
556	643
556	668
556	723
556	931
556	966
557	25
557	436
557	679
557	724
557	904
557	919
557	925
558	129
558	597
558	815
558	825
558	856
558	919
558	994
559	283
559	316
559	693
559	743
559	775
559	826
559	947
560	85
560	251
560	352
560	778
560	854
560	912
560	962
561	294
561	527
561	601
561	648
561	821
561	933
561	943
562	328
562	946
562	948
562	972
562	979
562	986
562	990
563	99
563	565
563	607
563	644
563	764
563	864
563	870
564	114
564	463
564	895
564	973
564	982
564	988
564	998
565	286
565	376
565	386
565	563
565	870
565	927
565	978
566	127
566	578
566	695
566	816
566	864
566	929
566	985
567	275
567	380
567	437
567	570
567	599
567	916
567	968
568	673
568	684
568	743
568	772
568	915
568	993
568	997
569	159
569	378
569	734
569	828
569	850
569	968
569	990
570	116
570	376
570	567
570	608
570	662
570	783
570	802
571	469
571	831
571	872
571	901
571	966
571	980
571	997
572	300
572	361
572	856
572	881
572	907
572	967
572	999
573	520
573	637
573	821
573	835
573	857
573	974
573	985
574	412
574	492
574	845
574	922
574	937
574	958
574	999
575	167
575	474
575	666
575	832
575	909
575	943
575	1000
576	116
576	278
576	360
576	457
576	860
576	906
576	997
577	141
577	163
577	652
577	695
577	730
577	799
577	846
578	395
578	403
578	566
578	592
578	608
578	933
578	936
579	264
579	433
579	441
579	465
579	661
579	930
579	936
580	400
580	598
580	630
580	664
580	711
580	984
580	999
581	464
581	475
581	589
581	629
581	751
581	915
581	929
582	21
582	554
582	678
582	933
582	950
582	984
582	985
583	166
583	326
583	598
583	711
583	931
583	980
583	991
584	287
584	665
584	749
584	803
584	887
584	953
584	996
585	105
585	300
585	658
585	786
585	901
585	945
585	991
586	304
586	816
586	883
586	908
586	944
586	970
586	994
587	297
587	873
587	891
587	946
587	962
587	982
587	998
588	53
588	166
588	609
588	863
588	898
588	937
588	987
589	242
589	341
589	581
589	777
589	899
589	956
589	988
590	170
590	240
590	660
590	919
590	967
590	982
590	989
591	173
591	312
591	500
591	725
591	818
591	862
591	990
592	578
592	800
592	857
592	902
592	910
592	947
592	1000
593	612
593	685
593	840
593	878
593	943
593	963
593	979
593	991
594	219
594	337
594	654
594	786
594	787
594	944
594	981
594	984
595	146
595	154
595	455
595	491
595	693
595	700
595	775
595	996
596	20
596	115
596	265
596	495
596	781
596	800
596	931
596	952
597	1
597	104
597	399
597	558
597	938
597	941
597	981
597	990
598	290
598	580
598	583
598	649
598	709
598	773
598	834
598	882
599	567
599	641
599	662
599	709
599	772
599	819
599	912
599	951
600	18
600	295
600	439
600	518
600	926
600	946
600	967
600	989
601	142
601	473
601	561
601	685
601	932
601	933
601	956
601	988
602	745
602	754
602	805
602	885
602	888
602	936
602	962
602	979
603	479
603	545
603	640
603	716
603	794
603	828
603	881
603	970
604	50
604	165
604	812
604	844
604	909
604	932
604	965
604	966
605	124
605	209
605	673
605	688
605	822
605	857
605	870
605	965
606	108
606	146
606	327
606	848
606	905
606	920
606	935
606	991
607	10
607	481
607	563
607	849
607	933
607	946
607	954
607	996
608	370
608	465
608	570
608	578
608	776
608	846
608	859
608	905
609	36
609	588
609	767
609	880
609	882
609	914
609	918
609	953
610	180
610	462
610	723
610	724
610	773
610	919
610	982
610	984
611	125
611	288
611	622
611	631
611	684
611	695
611	780
611	990
612	130
612	228
612	593
612	725
612	819
612	942
612	960
612	972
613	670
613	699
613	807
613	899
613	931
613	970
613	993
613	995
614	171
614	420
614	545
614	793
614	820
614	939
614	983
614	999
615	248
615	516
615	675
615	718
615	858
615	866
615	985
615	991
616	277
616	668
616	727
616	785
616	878
616	910
616	934
616	993
617	338
617	530
617	680
617	761
617	910
617	921
617	971
617	995
618	39
618	116
618	667
618	679
618	778
618	788
618	892
618	925
619	452
619	505
619	546
619	681
619	841
619	923
619	979
619	986
620	42
620	682
620	701
620	878
620	934
620	946
620	990
620	998
621	132
621	407
621	514
621	797
621	840
621	862
621	983
621	999
622	69
622	76
622	382
622	549
622	611
622	939
622	961
622	969
623	174
623	238
623	250
623	298
623	801
623	817
623	869
623	915
624	44
624	305
624	467
624	663
624	870
624	908
624	950
624	978
625	289
625	437
625	630
625	672
625	822
625	831
625	883
625	885
626	94
626	702
626	733
626	822
626	854
626	907
626	927
626	988
627	750
627	793
627	818
627	895
627	907
627	924
627	981
627	990
628	112
628	238
628	374
628	504
628	864
628	869
628	952
628	979
629	534
629	581
629	881
629	926
629	932
629	934
629	972
629	1000
630	176
630	237
630	253
630	580
630	625
630	743
630	906
630	1000
631	53
631	451
631	611
631	718
631	814
631	851
631	987
631	995
632	79
632	442
632	732
632	733
632	836
632	927
632	956
632	970
633	57
633	305
633	332
633	461
633	811
633	904
633	925
633	980
634	392
634	432
634	774
634	813
634	911
634	930
634	935
634	989
635	663
635	756
635	809
635	847
635	870
635	937
635	992
635	994
636	82
636	235
636	537
636	920
636	931
636	976
636	977
636	981
637	59
637	143
637	468
637	573
637	922
637	951
637	970
637	976
638	58
638	169
638	348
638	447
638	863
638	981
638	983
638	999
639	8
639	703
639	744
639	808
639	840
639	902
639	951
639	955
640	476
640	603
640	703
640	722
640	811
640	946
640	962
640	982
641	599
641	705
641	717
641	883
641	888
641	919
641	920
641	978
642	291
642	684
642	690
642	892
642	986
642	987
642	995
642	998
643	362
643	518
643	556
643	664
643	805
643	923
643	996
643	999
644	494
644	528
644	563
644	787
644	790
644	833
644	944
644	968
645	273
645	771
645	838
645	861
645	879
645	894
645	927
645	942
646	187
646	719
646	762
646	843
646	920
646	971
646	995
646	1000
647	526
647	742
647	777
647	778
647	891
647	957
647	969
647	996
648	67
648	128
648	257
648	561
648	767
648	804
648	822
648	985
649	598
649	767
649	882
649	936
649	939
649	993
649	994
649	997
650	484
650	799
650	840
650	863
650	930
650	944
650	983
650	999
651	824
651	827
651	909
651	929
651	953
651	971
651	990
651	998
652	166
652	184
652	488
652	577
652	748
652	761
652	945
652	985
652	997
653	396
653	523
653	759
653	826
653	907
653	931
653	993
653	996
653	1000
654	73
654	285
654	512
654	594
654	675
654	679
654	799
654	974
654	976
655	431
655	512
655	728
655	735
655	789
655	855
655	949
655	981
655	990
656	173
656	234
656	277
656	409
656	740
656	815
656	941
656	951
656	977
657	90
657	216
657	680
657	839
657	855
657	907
657	939
657	993
657	998
658	1
658	90
658	192
658	258
658	316
658	585
658	793
658	915
658	971
659	128
659	261
659	297
659	299
659	748
659	799
659	936
659	961
659	997
660	47
660	232
660	424
660	443
660	455
660	531
660	590
660	679
660	905
661	23
661	395
661	453
661	579
661	699
661	726
661	789
661	966
661	989
662	59
662	406
662	570
662	599
662	714
662	717
662	927
662	936
662	956
663	229
663	475
663	624
663	635
663	788
663	881
663	890
663	905
663	959
664	580
664	643
664	719
664	744
664	771
664	888
664	892
664	987
664	995
665	202
665	357
665	466
665	584
665	814
665	821
665	927
665	938
665	951
666	183
666	248
666	338
666	416
666	575
666	759
666	766
666	911
666	942
667	365
667	523
667	618
667	697
667	701
667	779
667	937
667	958
667	959
668	27
668	240
668	556
668	616
668	856
668	902
668	933
668	987
668	995
669	32
669	347
669	721
669	739
669	788
669	798
669	880
669	916
669	950
670	150
670	368
670	467
670	613
670	836
670	906
670	926
670	983
670	993
671	168
671	264
671	547
671	812
671	870
671	919
671	930
671	959
671	965
672	78
672	184
672	278
672	302
672	319
672	625
672	765
672	851
672	887
673	220
673	258
673	568
673	605
673	799
673	895
673	928
673	945
673	974
674	13
674	30
674	521
674	697
674	794
674	915
674	973
674	982
674	990
675	7
675	28
675	247
675	519
675	532
675	615
675	654
675	891
675	924
676	299
676	302
676	472
676	699
676	765
676	768
676	786
676	863
676	906
677	210
677	281
677	297
677	444
677	886
677	913
677	918
677	945
677	972
678	339
678	582
678	746
678	825
678	939
678	944
678	986
678	995
678	997
679	39
679	557
679	618
679	654
679	660
679	888
679	919
679	932
679	995
680	340
680	445
680	506
680	510
680	617
680	657
680	746
680	946
680	984
681	172
681	507
681	619
681	763
681	838
681	955
681	974
681	979
681	985
682	143
682	267
682	338
682	407
682	620
682	705
682	765
682	809
682	938
683	441
683	869
683	877
683	948
683	971
683	977
683	982
683	985
683	998
684	568
684	611
684	642
684	850
684	876
684	889
684	917
684	948
684	950
685	25
685	464
685	526
685	549
685	593
685	601
685	904
685	940
685	990
686	471
686	691
686	746
686	841
686	895
686	940
686	941
686	984
686	994
687	40
687	215
687	304
687	358
687	694
687	712
687	720
687	741
687	878
688	340
688	413
688	513
688	605
688	859
688	888
688	959
688	986
688	992
689	472
689	804
689	848
689	884
689	889
689	933
689	952
689	967
689	987
690	510
690	642
690	758
690	776
690	817
690	867
690	958
690	983
690	997
691	370
691	686
691	743
691	818
691	912
691	915
691	917
691	972
691	991
692	25
692	33
692	176
692	452
692	545
692	840
692	983
692	989
692	995
692	999
693	501
693	559
693	595
693	834
693	875
693	886
693	911
693	937
693	996
693	999
694	224
694	687
694	711
694	724
694	767
694	791
694	800
694	812
694	831
694	978
695	91
695	144
695	472
695	566
695	577
695	611
695	742
695	942
695	960
695	986
696	171
696	756
696	858
696	887
696	891
696	892
696	906
696	909
696	921
696	992
697	149
697	469
697	489
697	667
697	674
697	715
697	802
697	809
697	973
697	997
698	815
698	816
698	862
698	892
698	903
698	942
698	963
698	970
698	975
698	993
699	441
699	471
699	613
699	661
699	676
699	896
699	941
699	964
699	965
699	996
700	65
700	404
700	449
700	515
700	595
700	701
700	790
700	832
700	837
700	913
701	227
701	232
701	306
701	341
701	620
701	667
701	700
701	886
701	911
701	990
702	34
702	296
702	394
702	626
702	780
702	800
702	823
702	849
702	904
702	917
703	112
703	316
703	639
703	640
703	713
703	804
703	954
703	984
703	987
703	995
704	274
704	284
704	715
704	732
704	798
704	803
704	804
704	872
704	875
704	923
705	93
705	477
705	641
705	682
705	730
705	805
705	808
705	822
705	893
705	978
706	1
706	13
706	725
706	769
706	874
706	913
706	941
706	947
706	974
706	982
707	124
707	226
707	436
707	535
707	854
707	906
707	930
707	948
707	951
707	998
708	200
708	221
708	401
708	515
708	793
708	821
708	849
708	867
708	950
708	968
709	318
709	598
709	599
709	762
709	782
709	902
709	967
709	968
709	971
709	995
710	76
710	240
710	416
710	421
710	786
710	859
710	866
710	901
710	948
710	994
711	308
711	312
711	355
711	499
711	580
711	583
711	694
711	835
711	882
711	956
712	97
712	142
712	687
712	733
712	836
712	894
712	946
712	964
712	989
712	999
713	374
713	703
713	880
713	913
713	915
713	927
713	944
713	955
713	956
713	988
714	372
714	662
714	824
714	851
714	877
714	890
714	929
714	985
714	992
714	1000
715	305
715	418
715	697
715	704
715	829
715	880
715	909
715	948
715	974
715	997
716	200
716	383
716	603
716	811
716	882
716	886
716	907
716	926
716	970
716	980
717	442
717	641
717	662
717	755
717	866
717	885
717	933
717	976
717	977
717	989
718	132
718	187
718	615
718	631
718	804
718	819
718	832
718	965
718	992
718	995
719	198
719	314
719	646
719	664
719	922
719	967
719	976
719	979
719	989
719	995
720	277
720	403
720	687
720	727
720	882
720	930
720	966
720	993
720	994
720	999
721	125
721	219
721	310
721	552
721	669
721	899
721	901
721	955
721	957
721	998
722	395
722	640
722	734
722	754
722	916
722	964
722	967
722	971
722	973
722	989
723	71
723	201
723	461
723	556
723	610
723	766
723	773
723	871
723	900
723	948
724	547
724	557
724	610
724	694
724	794
724	888
724	912
724	971
724	973
724	990
724	998
725	377
725	449
725	591
725	612
725	706
725	823
725	881
725	886
725	913
725	940
725	976
726	189
726	343
726	535
726	661
726	762
726	782
726	835
726	933
726	987
726	995
726	997
727	129
727	220
727	616
727	720
727	767
727	796
727	882
727	886
727	894
727	964
727	974
728	342
728	553
728	655
728	740
728	753
728	815
728	935
728	941
728	964
728	974
728	981
729	41
729	448
729	531
729	553
729	879
729	893
729	896
729	900
729	925
729	941
729	973
730	365
730	410
730	490
730	530
730	577
730	705
730	754
730	827
730	905
730	933
730	978
731	156
731	336
731	340
731	854
731	883
731	885
731	928
731	950
731	959
731	981
731	992
732	315
732	463
732	632
732	704
732	738
732	768
732	809
732	913
732	929
732	930
732	982
733	4
733	94
733	397
733	551
733	626
733	632
733	712
733	885
733	946
733	947
733	988
734	19
734	92
734	487
734	569
734	722
734	746
734	791
734	871
734	906
734	921
734	952
735	58
735	545
735	655
735	801
735	913
735	918
735	971
735	973
735	982
735	990
735	998
736	35
736	460
736	795
736	882
736	902
736	908
736	935
736	947
736	969
736	975
736	980
737	262
737	278
737	387
737	469
737	491
737	868
737	906
737	952
737	953
737	990
737	991
738	361
738	534
738	547
738	732
738	748
738	826
738	829
738	919
738	936
738	956
738	990
739	350
739	431
739	493
739	541
739	669
739	915
739	927
739	942
739	963
739	972
739	988
740	322
740	472
740	656
740	728
740	898
740	920
740	924
740	935
740	941
740	978
740	981
741	199
741	373
741	389
741	687
741	835
741	893
741	905
741	913
741	949
741	966
741	970
742	348
742	446
742	647
742	695
742	757
742	940
742	958
742	960
742	969
742	974
742	979
743	559
743	568
743	630
743	691
743	772
743	818
743	871
743	895
743	945
743	978
743	982
744	101
744	473
744	639
744	664
744	764
744	803
744	804
744	816
744	850
744	903
744	905
745	21
745	172
745	602
745	774
745	898
745	915
745	926
745	927
745	952
745	964
745	987
746	451
746	678
746	680
746	686
746	734
746	755
746	835
746	839
746	869
746	906
746	985
747	749
747	767
747	776
747	780
747	825
747	827
747	857
747	870
747	952
747	955
747	987
748	108
748	448
748	511
748	545
748	652
748	659
748	738
748	952
748	968
748	984
748	997
749	140
749	144
749	456
749	584
749	747
749	875
749	876
749	897
749	900
749	960
749	986
750	392
750	491
750	627
750	790
750	796
750	849
750	877
750	962
750	964
750	988
750	989
751	303
751	305
751	373
751	380
751	528
751	581
751	841
751	860
751	915
751	928
751	988
752	30
752	217
752	241
752	337
752	476
752	523
752	763
752	802
752	937
752	965
752	968
752	992
753	93
753	100
753	253
753	289
753	364
753	460
753	489
753	728
753	886
753	924
753	973
753	976
754	195
754	307
754	553
754	602
754	722
754	730
754	768
754	790
754	851
754	865
754	893
754	949
755	227
755	331
755	405
755	418
755	717
755	746
755	819
755	843
755	867
755	914
755	917
755	992
756	165
756	171
756	256
756	635
756	696
756	763
756	910
756	954
756	962
756	987
756	994
756	999
757	70
757	106
757	220
757	408
757	742
757	847
757	894
757	921
757	931
757	932
757	987
757	996
758	97
758	245
758	407
758	690
758	855
758	871
758	937
758	956
758	958
758	959
758	960
758	990
759	255
759	653
759	666
759	840
759	884
759	897
759	917
759	923
759	980
759	988
759	999
759	1000
760	182
760	262
760	771
760	851
760	871
760	887
760	904
760	916
760	942
760	957
760	975
760	995
761	108
761	339
761	526
761	617
761	652
761	765
761	823
761	858
761	860
761	864
761	940
761	985
762	145
762	476
762	499
762	646
762	709
762	726
762	790
762	814
762	846
762	923
762	949
762	987
763	61
763	118
763	328
763	477
763	681
763	752
763	756
763	784
763	786
763	812
763	853
763	925
764	43
764	164
764	467
764	563
764	744
764	777
764	830
764	859
764	906
764	912
764	930
764	935
765	261
765	309
765	672
765	676
765	682
765	761
765	824
765	831
765	896
765	919
765	959
765	964
766	666
766	723
766	811
766	856
766	861
766	875
766	903
766	912
766	920
766	970
766	993
766	998
767	326
767	483
767	609
767	648
767	649
767	694
767	727
767	747
767	863
767	882
767	886
767	998
768	88
768	230
768	540
768	676
768	732
768	754
768	790
768	816
768	852
768	877
768	931
768	980
769	101
769	201
769	439
769	538
769	706
769	803
769	865
769	895
769	896
769	954
769	961
769	994
770	48
770	73
770	165
770	351
770	375
770	855
770	913
770	928
770	945
770	960
770	969
770	976
771	3
771	26
771	283
771	520
771	645
771	664
771	760
771	774
771	788
771	899
771	943
771	966
772	296
772	471
772	568
772	599
772	743
772	817
772	882
772	895
772	928
772	936
772	944
772	983
773	152
773	162
773	434
773	598
773	610
773	723
773	776
773	858
773	866
773	913
773	942
773	985
774	379
774	433
774	455
774	634
774	745
774	771
774	799
774	805
774	894
774	932
774	955
774	996
775	12
775	190
775	490
775	559
775	595
775	794
775	808
775	846
775	862
775	886
775	953
775	966
776	110
776	125
776	275
776	363
776	608
776	690
776	747
776	773
776	857
776	864
776	892
776	986
777	22
777	313
777	589
777	647
777	764
777	807
777	858
777	896
777	936
777	941
777	977
777	990
778	285
778	560
778	618
778	647
778	819
778	865
778	872
778	938
778	964
778	968
778	984
778	992
779	96
779	206
779	327
779	345
779	542
779	667
779	832
779	845
779	862
779	866
779	958
779	959
779	981
780	275
780	375
780	506
780	611
780	702
780	747
780	786
780	903
780	918
780	960
780	975
780	990
780	998
781	50
781	81
781	246
781	279
781	428
781	452
781	505
781	596
781	843
781	927
781	947
781	952
781	961
782	113
782	145
782	451
782	709
782	726
782	828
782	902
782	927
782	970
782	979
782	980
782	987
782	995
783	168
783	260
783	287
783	570
783	812
783	842
783	844
783	899
783	965
783	966
783	968
783	969
783	991
784	320
784	410
784	508
784	763
784	847
784	853
784	869
784	890
784	894
784	905
784	950
784	993
784	994
785	168
785	214
785	236
785	272
785	304
785	616
785	861
785	876
785	890
785	902
785	907
785	942
785	966
786	34
786	432
786	470
786	585
786	594
786	676
786	710
786	763
786	780
786	803
786	847
786	890
786	977
787	269
787	473
787	485
787	551
787	594
787	644
787	792
787	861
787	909
787	944
787	956
787	988
787	991
788	321
788	359
788	514
788	618
788	663
788	669
788	771
788	888
788	916
788	949
788	973
788	974
788	1000
789	370
789	443
789	456
789	466
789	655
789	661
789	821
789	846
789	902
789	905
789	918
789	924
789	987
790	259
790	509
790	544
790	644
790	700
790	750
790	754
790	762
790	768
790	877
790	898
790	980
790	997
791	60
791	431
791	469
791	694
791	734
791	890
791	921
791	938
791	974
791	980
791	984
791	985
791	991
792	15
792	124
792	260
792	326
792	328
792	363
792	443
792	787
792	799
792	814
792	939
792	976
792	986
793	371
793	516
793	528
793	551
793	614
793	627
793	658
793	708
793	829
793	841
793	849
793	950
793	983
794	137
794	162
794	365
794	504
794	603
794	674
794	724
794	775
794	826
794	835
794	838
794	973
794	997
795	100
795	512
795	736
795	796
795	831
795	898
795	908
795	912
795	913
795	935
795	951
795	953
795	963
796	74
796	265
796	460
796	541
796	727
796	750
796	795
796	812
796	844
796	966
796	976
796	980
796	998
797	246
797	295
797	336
797	456
797	524
797	621
797	829
797	843
797	863
797	901
797	983
797	997
797	999
798	158
798	221
798	308
798	334
798	507
798	509
798	526
798	669
798	704
798	873
798	901
798	916
798	949
799	146
799	281
799	291
799	537
799	577
799	650
799	654
799	659
799	673
799	774
799	792
799	855
799	976
800	342
800	368
800	422
800	471
800	592
800	596
800	694
800	702
800	864
800	897
800	898
800	910
800	945
801	238
801	271
801	317
801	464
801	528
801	623
801	735
801	869
801	872
801	917
801	930
801	973
801	993
802	64
802	66
802	215
802	349
802	369
802	533
802	570
802	697
802	752
802	902
802	918
802	967
802	973
803	4
803	5
803	429
803	584
803	704
803	744
803	769
803	786
803	865
803	873
803	939
803	977
803	994
804	445
804	481
804	496
804	648
804	689
804	703
804	704
804	718
804	744
804	921
804	933
804	946
804	963
805	17
805	263
805	277
805	602
805	643
805	705
805	774
805	889
805	894
805	932
805	945
805	982
805	996
806	192
806	286
806	393
806	435
806	488
806	807
806	821
806	835
806	902
806	909
806	933
806	968
806	987
806	995
807	110
807	248
807	293
807	442
807	613
807	777
807	806
807	880
807	894
807	914
807	919
807	977
807	982
807	995
808	28
808	367
808	397
808	639
808	705
808	775
808	905
808	911
808	912
808	925
808	941
808	978
808	984
808	990
809	57
809	267
809	515
809	635
809	682
809	697
809	732
809	825
809	829
809	907
809	959
809	967
809	972
809	979
810	272
810	355
810	384
810	388
810	420
810	898
810	912
810	919
810	928
810	945
810	950
810	964
810	977
810	987
811	29
811	250
811	359
811	379
811	525
811	633
811	640
811	716
811	766
811	845
811	939
811	958
811	959
811	970
812	252
812	384
812	604
812	671
812	694
812	763
812	783
812	796
812	890
812	922
812	929
812	965
812	966
812	973
813	6
813	20
813	422
813	634
813	826
813	837
813	881
813	884
813	893
813	908
813	949
813	951
813	953
813	975
814	343
814	631
814	665
814	762
814	792
814	828
814	884
814	897
814	907
814	917
814	921
814	929
814	993
814	1000
815	7
815	42
815	327
815	494
815	558
815	656
815	698
815	728
815	879
815	899
815	927
815	966
815	981
815	990
816	123
816	482
816	566
816	586
816	698
816	744
816	768
816	883
816	892
816	907
816	926
816	985
816	993
816	998
817	22
817	74
817	162
817	194
817	476
817	527
817	623
817	690
817	772
817	821
817	823
817	869
817	985
817	986
818	10
818	305
818	591
818	627
818	691
818	743
818	830
818	869
818	895
818	913
818	941
818	967
818	987
818	1000
819	303
819	418
819	599
819	612
819	718
819	755
819	778
819	882
819	885
819	889
819	937
819	968
819	992
819	998
820	323
820	522
820	534
820	614
820	858
820	882
820	885
820	903
820	913
820	962
820	968
820	979
820	991
820	992
821	561
821	573
821	665
821	708
821	789
821	806
821	817
821	856
821	902
821	933
821	963
821	975
821	985
821	987
821	995
822	5
822	529
822	605
822	625
822	626
822	648
822	705
822	865
822	876
822	880
822	894
822	981
822	986
822	989
822	994
823	83
823	391
823	414
823	702
823	725
823	761
823	817
823	824
823	914
823	921
823	926
823	958
823	984
823	985
823	987
824	87
824	96
824	651
824	714
824	765
824	823
824	832
824	879
824	884
824	890
824	897
824	925
824	960
824	997
824	1000
825	2
825	127
825	157
825	230
825	462
825	558
825	678
825	747
825	809
825	843
825	880
825	889
825	939
825	986
825	989
826	137
826	358
826	559
826	653
826	738
826	794
826	813
826	832
826	843
826	856
826	862
826	871
826	886
826	911
826	978
827	150
827	243
827	276
827	413
827	479
827	651
827	730
827	747
827	880
827	919
827	929
827	939
827	958
827	986
827	989
828	126
828	438
828	569
828	603
828	782
828	814
828	858
828	889
828	914
828	959
828	966
828	971
828	982
828	990
828	998
829	162
829	425
829	493
829	534
829	715
829	738
829	793
829	797
829	809
829	870
829	872
829	887
829	923
829	933
829	993
830	14
830	80
830	189
830	311
830	333
830	764
830	818
830	912
830	914
830	919
830	936
830	954
830	977
830	980
830	992
831	241
831	290
831	430
831	540
831	571
831	625
831	694
831	765
831	795
831	837
831	854
831	906
831	922
831	930
831	951
832	292
832	525
832	575
832	700
832	718
832	779
832	824
832	826
832	853
832	865
832	897
832	913
832	917
832	929
832	1000
833	301
833	311
833	406
833	445
833	458
833	499
833	550
833	552
833	644
833	848
833	864
833	874
833	947
833	948
833	952
834	89
834	394
834	449
834	535
834	598
834	693
834	845
834	859
834	881
834	926
834	931
834	934
834	936
834	944
834	993
835	48
835	56
835	573
835	711
835	726
835	741
835	746
835	794
835	806
835	836
835	862
835	871
835	886
835	913
835	963
836	216
836	344
836	429
836	632
836	670
836	712
836	835
836	842
836	853
836	931
836	964
836	967
836	968
836	989
836	998
837	161
837	271
837	307
837	323
837	700
837	813
837	831
837	854
837	908
837	951
837	973
837	975
837	976
837	978
837	991
838	43
838	152
838	302
838	360
838	519
838	548
838	645
838	681
838	794
838	851
838	863
838	899
838	938
838	943
838	961
839	188
839	190
839	239
839	261
839	353
839	447
839	501
839	553
839	657
839	746
839	890
839	891
839	924
839	925
839	963
840	294
840	348
840	419
840	488
840	593
840	621
840	639
840	650
840	692
840	759
840	843
840	844
840	983
840	998
840	999
840	1000
841	102
841	391
841	464
841	485
841	619
841	686
841	751
841	793
841	849
841	893
841	895
841	897
841	915
841	927
841	951
841	977
842	15
842	98
842	243
842	339
842	366
842	475
842	521
842	536
842	783
842	836
842	852
842	857
842	876
842	880
842	912
842	979
843	349
843	438
843	503
843	646
843	755
843	781
843	797
843	825
843	826
843	840
843	845
843	863
843	894
843	902
843	983
843	999
844	153
844	204
844	248
844	269
844	342
844	448
844	604
844	783
844	796
844	840
844	920
844	947
844	962
844	965
844	966
844	999
845	111
845	282
845	345
845	351
845	574
845	779
845	811
845	834
845	843
845	914
845	958
845	959
845	963
845	974
845	976
845	980
846	81
846	202
846	494
846	525
846	577
846	608
846	762
846	775
846	789
846	870
846	916
846	935
846	952
846	953
846	975
846	978
847	102
847	117
847	430
847	431
847	450
847	528
847	538
847	544
847	635
847	757
847	784
847	786
847	926
847	954
847	961
847	975
848	87
848	93
848	138
848	235
848	386
848	520
848	606
848	689
848	833
848	857
848	930
848	945
848	952
848	953
848	962
848	974
849	118
849	331
849	434
849	607
849	702
849	708
849	750
849	793
849	841
849	928
849	945
849	972
849	974
849	976
849	995
849	996
850	176
850	275
850	336
850	354
850	569
850	684
850	744
850	878
850	896
850	953
850	962
850	964
850	967
850	979
850	989
850	994
851	52
851	421
851	425
851	631
851	672
851	714
851	754
851	760
851	838
851	899
851	925
851	930
851	949
851	957
851	969
851	1000
852	25
852	258
852	333
852	334
852	460
852	461
852	516
852	529
852	768
852	842
852	886
852	888
852	898
852	901
852	941
852	980
852	987
853	255
853	301
853	310
853	320
853	332
853	366
853	376
853	398
853	763
853	784
853	832
853	836
853	886
853	900
853	954
853	992
853	995
854	38
854	189
854	267
854	270
854	560
854	626
854	707
854	731
854	831
854	837
854	869
854	908
854	930
854	951
854	975
854	984
854	997
855	103
855	387
855	397
855	520
855	542
855	655
855	657
855	758
855	770
855	799
855	920
855	922
855	928
855	955
855	974
855	978
855	988
856	119
856	507
856	558
856	572
856	668
856	766
856	821
856	826
856	886
856	892
856	911
856	938
856	942
856	951
856	960
856	968
856	992
857	316
857	417
857	429
857	446
857	573
857	592
857	605
857	747
857	776
857	842
857	848
857	903
857	922
857	928
857	936
857	958
857	986
858	58
858	346
858	432
858	477
858	615
858	696
858	761
858	773
858	777
858	820
858	828
858	938
858	957
858	960
858	971
858	985
858	1000
859	194
859	432
859	504
859	513
859	521
859	535
859	536
859	608
859	688
859	710
859	764
859	834
859	882
859	893
859	925
859	938
859	980
860	18
860	86
860	96
860	155
860	324
860	385
860	404
860	451
860	480
860	576
860	751
860	761
860	866
860	909
860	912
860	950
860	987
860	1000
861	76
861	91
861	104
861	222
861	453
861	541
861	544
861	645
861	766
861	785
861	787
861	883
861	888
861	914
861	919
861	937
861	971
861	984
862	101
862	175
862	191
862	517
862	533
862	552
862	591
862	621
862	698
862	775
862	779
862	826
862	835
862	874
862	913
862	938
862	950
862	958
863	126
863	380
863	387
863	483
863	588
863	638
863	650
863	676
863	767
863	797
863	838
863	843
863	911
863	949
863	957
863	979
863	983
863	999
864	79
864	318
864	442
864	478
864	563
864	566
864	628
864	761
864	776
864	800
864	833
864	882
864	910
864	918
864	936
864	947
864	965
864	968
865	4
865	32
865	64
865	406
865	410
865	754
865	769
865	778
865	803
865	822
865	832
865	866
865	885
865	895
865	954
865	981
865	984
865	994
866	335
866	399
866	425
866	514
866	615
866	710
866	717
866	773
866	779
866	860
866	865
866	882
866	895
866	897
866	921
866	985
866	990
866	992
867	45
867	53
867	65
867	141
867	301
867	328
867	385
867	451
867	690
867	708
867	755
867	871
867	873
867	883
867	946
867	969
867	990
867	992
868	23
868	46
868	106
868	115
868	117
868	163
868	217
868	737
868	883
868	886
868	887
868	928
868	952
868	953
868	954
868	963
868	975
868	991
869	122
869	144
869	211
869	219
869	293
869	317
869	516
869	623
869	628
869	683
869	746
869	784
869	801
869	817
869	818
869	854
869	915
869	974
869	986
870	69
870	193
870	282
870	426
870	477
870	563
870	565
870	605
870	624
870	635
870	671
870	747
870	829
870	846
870	899
870	905
870	922
870	972
870	985
871	228
871	326
871	480
871	487
871	723
871	734
871	743
871	758
871	760
871	826
871	835
871	867
871	909
871	954
871	969
871	983
871	984
871	985
871	999
872	66
872	205
872	209
872	251
872	367
872	411
872	415
872	426
872	462
872	534
872	571
872	704
872	778
872	801
872	829
872	923
872	924
872	985
872	997
873	133
873	223
873	288
873	321
873	457
873	522
873	587
873	798
873	803
873	867
873	875
873	887
873	896
873	902
873	945
873	953
873	955
873	963
873	991
874	1
874	56
874	122
874	192
874	228
874	262
874	365
874	524
874	533
874	706
874	833
874	862
874	876
874	911
874	951
874	974
874	980
874	986
874	1000
875	121
875	178
875	276
875	279
875	344
875	350
875	549
875	693
875	704
875	749
875	766
875	873
875	903
875	926
875	942
875	947
875	979
875	991
875	993
876	2
876	157
876	313
876	487
876	684
876	749
876	785
876	822
876	842
876	874
876	880
876	910
876	939
876	967
876	975
876	976
876	986
876	996
876	998
877	136
877	195
877	209
877	502
877	535
877	544
877	553
877	683
877	714
877	750
877	768
877	790
877	888
877	893
877	898
877	926
877	955
877	967
877	1000
878	31
878	114
878	133
878	393
878	593
878	616
878	620
878	687
878	850
878	887
878	923
878	950
878	953
878	955
878	963
878	970
878	972
878	991
878	997
879	74
879	372
879	405
879	645
879	729
879	815
879	824
879	895
879	904
879	943
879	948
879	961
879	963
879	972
879	978
879	983
879	988
879	991
879	999
880	439
880	456
880	514
880	609
880	669
880	713
880	715
880	807
880	822
880	825
880	827
880	842
880	876
880	890
880	946
880	959
880	965
880	984
880	986
880	988
881	261
881	276
881	349
881	439
881	513
881	544
881	572
881	603
881	629
881	663
881	725
881	813
881	834
881	895
881	915
881	917
881	925
881	934
881	977
881	993
882	274
882	277
882	550
882	598
882	609
882	649
882	711
882	716
882	720
882	727
882	736
882	767
882	772
882	819
882	820
882	859
882	864
882	866
882	983
882	991
883	226
883	415
883	508
883	510
883	532
883	586
883	625
883	641
883	731
883	816
883	861
883	867
883	868
883	886
883	905
883	922
883	950
883	968
883	974
883	989
884	107
884	183
884	311
884	361
884	385
884	689
884	759
884	813
884	814
884	824
884	890
884	897
884	917
884	929
884	932
884	943
884	954
884	972
884	994
884	1000
885	60
885	205
885	306
885	341
885	427
885	494
885	501
885	602
885	625
885	717
885	731
885	733
885	819
885	820
885	865
885	920
885	940
885	941
885	950
885	956
886	276
886	677
886	693
886	701
886	716
886	725
886	727
886	753
886	767
886	775
886	826
886	835
886	852
886	853
886	856
886	868
886	883
886	911
886	926
886	933
887	12
887	234
887	450
887	527
887	554
887	584
887	672
887	696
887	760
887	829
887	868
887	873
887	878
887	905
887	925
887	953
887	955
887	963
887	975
887	991
888	263
888	334
888	452
888	483
888	512
888	517
888	545
888	602
888	641
888	664
888	679
888	688
888	724
888	788
888	852
888	861
888	877
888	893
888	900
888	967
889	48
889	75
889	106
889	384
889	502
889	684
889	689
889	805
889	819
889	825
889	828
889	928
889	946
889	966
889	971
889	973
889	982
889	985
889	990
889	998
890	26
890	33
890	300
890	318
890	505
890	663
890	714
890	784
890	785
890	786
890	791
890	812
890	824
890	839
890	880
890	884
890	897
890	917
890	929
890	1000
891	28
891	33
891	35
891	93
891	190
891	272
891	325
891	460
891	518
891	587
891	647
891	675
891	696
891	839
891	924
891	927
891	928
891	942
891	994
891	998
892	186
892	344
892	354
892	487
892	618
892	642
892	664
892	696
892	698
892	776
892	816
892	856
892	908
892	938
892	940
892	960
892	976
892	978
892	983
892	992
893	44
893	180
893	257
893	438
893	443
893	521
893	705
893	729
893	741
893	754
893	813
893	841
893	859
893	877
893	888
893	920
893	948
893	954
893	976
893	980
894	38
894	289
894	295
894	443
894	645
894	712
894	727
894	757
894	774
894	784
894	805
894	807
894	822
894	843
894	903
894	931
894	932
894	954
894	973
894	996
895	24
895	394
895	425
895	516
895	564
895	627
895	673
895	686
895	743
895	769
895	772
895	818
895	841
895	865
895	866
895	879
895	881
895	915
895	940
895	999
896	27
896	165
896	278
896	280
896	385
896	427
896	441
896	485
896	699
896	729
896	765
896	769
896	777
896	850
896	873
896	912
896	921
896	977
896	983
896	997
897	52
897	323
897	334
897	749
897	759
897	800
897	814
897	824
897	832
897	841
897	866
897	884
897	890
897	898
897	917
897	929
897	970
897	971
897	977
897	986
897	1000
898	6
898	148
898	319
898	340
898	403
898	499
898	588
898	740
898	745
898	790
898	795
898	800
898	810
898	852
898	877
898	897
898	925
898	942
898	980
898	990
898	993
899	167
899	406
899	442
899	511
899	514
899	589
899	613
899	721
899	771
899	783
899	815
899	838
899	851
899	870
899	913
899	916
899	934
899	949
899	957
899	969
899	998
900	41
900	102
900	263
900	279
900	319
900	369
900	373
900	388
900	461
900	503
900	723
900	729
900	749
900	853
900	888
900	920
900	924
900	925
900	956
900	966
900	980
901	19
901	134
901	147
901	276
901	310
901	391
901	450
901	497
901	506
901	538
901	571
901	585
901	710
901	721
901	797
901	798
901	852
901	954
901	966
901	989
901	994
902	516
902	592
902	639
902	668
902	709
902	736
902	782
902	785
902	789
902	802
902	806
902	821
902	843
902	873
902	933
902	970
902	978
902	979
902	983
902	987
902	995
903	197
903	233
903	259
903	279
903	371
903	374
903	522
903	698
903	744
903	766
903	780
903	820
903	857
903	875
903	894
903	907
903	908
903	951
903	958
903	976
903	993
903	998
904	21
904	39
904	40
904	158
904	186
904	212
904	232
904	264
904	495
904	557
904	633
904	685
904	702
904	760
904	879
904	908
904	923
904	936
904	940
904	960
904	972
904	979
905	171
905	203
905	549
905	606
905	608
905	660
905	663
905	730
905	741
905	744
905	784
905	789
905	808
905	870
905	883
905	887
905	910
905	920
905	942
905	948
905	978
905	993
906	30
906	259
906	326
906	392
906	450
906	576
906	630
906	670
906	676
906	696
906	707
906	734
906	737
906	746
906	764
906	831
906	909
906	944
906	967
906	984
906	985
906	992
907	40
907	236
907	374
907	572
907	626
907	627
907	653
907	657
907	716
907	785
907	809
907	814
907	816
907	903
907	929
907	950
907	953
907	970
907	981
907	984
907	986
907	993
908	164
908	422
908	463
908	523
908	586
908	624
908	736
908	795
908	813
908	837
908	854
908	892
908	903
908	904
908	918
908	935
908	946
908	951
908	958
908	960
908	970
908	975
909	113
909	257
909	350
909	402
909	497
909	527
909	575
909	604
909	651
909	696
909	715
909	787
909	806
909	860
909	871
909	906
909	910
909	921
909	962
909	978
909	984
909	985
910	81
910	186
910	263
910	450
910	478
910	505
910	533
910	552
910	592
910	616
910	617
910	756
910	800
910	864
910	876
910	905
910	909
910	945
910	947
910	952
910	981
910	982
910	994
911	196
911	225
911	335
911	378
911	416
911	436
911	444
911	531
911	554
911	634
911	666
911	693
911	701
911	808
911	826
911	856
911	863
911	874
911	886
911	917
911	937
911	965
911	988
912	41
912	190
912	293
912	381
912	436
912	524
912	560
912	599
912	691
912	724
912	764
912	766
912	795
912	808
912	810
912	830
912	842
912	860
912	896
912	936
912	943
912	977
912	978
913	172
913	325
913	372
913	416
913	677
913	700
913	706
913	713
913	725
913	732
913	735
913	741
913	770
913	773
913	795
913	818
913	820
913	832
913	835
913	862
913	899
913	966
913	999
914	20
914	32
914	205
914	239
914	253
914	271
914	323
914	400
914	420
914	522
914	609
914	755
914	807
914	823
914	828
914	830
914	845
914	861
914	950
914	957
914	968
914	992
914	995
915	29
915	67
915	120
915	554
915	568
915	581
915	623
915	658
915	674
915	691
915	713
915	739
915	745
915	751
915	841
915	869
915	881
915	895
915	921
915	935
915	938
915	978
915	987
916	84
916	103
916	158
916	289
916	376
916	481
916	498
916	540
916	567
916	669
916	722
916	760
916	788
916	798
916	846
916	899
916	949
916	957
916	965
916	967
916	969
916	970
916	985
917	49
917	71
917	91
917	196
917	684
917	691
917	702
917	755
917	759
917	801
917	814
917	832
917	881
917	884
917	890
917	897
917	911
917	924
917	929
917	941
917	954
917	974
917	1000
918	11
918	34
918	111
918	181
918	185
918	215
918	225
918	506
918	551
918	555
918	609
918	677
918	735
918	780
918	789
918	802
918	864
918	908
918	920
918	943
918	963
918	977
918	989
919	84
919	111
919	442
919	503
919	539
919	557
919	558
919	590
919	610
919	641
919	671
919	679
919	738
919	765
919	807
919	810
919	827
919	830
919	861
919	928
919	947
919	965
919	977
919	985
920	35
920	468
920	482
920	512
920	606
920	636
920	641
920	646
920	740
920	766
920	844
920	855
920	885
920	893
920	900
920	905
920	918
920	922
920	928
920	935
920	974
920	976
920	986
920	999
921	62
921	107
921	247
921	399
921	402
921	438
921	617
921	696
921	734
921	757
921	791
921	804
921	814
921	823
921	866
921	896
921	909
921	915
921	929
921	972
921	981
921	984
921	985
921	996
922	88
922	197
922	286
922	319
922	414
922	484
922	512
922	522
922	574
922	637
922	719
922	812
922	831
922	855
922	857
922	870
922	883
922	920
922	928
922	944
922	961
922	974
922	995
922	1000
923	164
923	303
923	390
923	410
923	448
923	462
923	488
923	492
923	619
923	643
923	704
923	759
923	762
923	829
923	872
923	878
923	904
923	924
923	940
923	943
923	973
923	989
923	992
923	997
924	22
924	56
924	239
924	350
924	352
924	364
924	419
924	464
924	486
924	518
924	519
924	627
924	675
924	740
924	753
924	789
924	839
924	872
924	891
924	900
924	917
924	923
924	964
924	997
925	307
925	367
925	466
925	470
925	557
925	618
925	633
925	729
925	763
925	808
925	824
925	839
925	851
925	859
925	881
925	887
925	898
925	900
925	938
925	951
925	964
925	980
925	985
925	997
926	246
926	249
926	273
926	292
926	395
926	467
926	494
926	518
926	544
926	600
926	629
926	670
926	716
926	745
926	816
926	823
926	834
926	847
926	875
926	877
926	886
926	936
926	960
926	970
927	90
927	206
927	333
927	397
927	565
927	626
927	632
927	645
927	662
927	665
927	713
927	739
927	745
927	781
927	782
927	815
927	841
927	891
927	944
927	956
927	962
927	980
927	988
927	1000
928	80
928	324
928	340
928	369
928	481
928	548
928	673
928	731
928	751
928	770
928	772
928	810
928	849
928	855
928	857
928	868
928	889
928	891
928	919
928	920
928	922
928	931
928	945
928	974
928	981
929	308
929	389
929	395
929	492
929	552
929	566
929	581
929	651
929	714
929	732
929	812
929	814
929	827
929	832
929	884
929	890
929	897
929	907
929	917
929	921
929	944
929	957
929	979
929	995
929	1000
930	50
930	83
930	143
930	169
930	232
930	243
930	254
930	490
930	579
930	634
930	650
930	671
930	707
930	720
930	732
930	764
930	801
930	831
930	848
930	851
930	854
930	935
930	951
930	975
930	984
931	63
931	94
931	109
931	155
931	339
931	458
931	496
931	556
931	583
931	596
931	613
931	636
931	653
931	757
931	768
931	834
931	836
931	894
931	928
931	932
931	947
931	955
931	960
931	996
931	997
932	92
932	179
932	206
932	329
932	359
932	402
932	404
932	434
932	601
932	604
932	629
932	679
932	757
932	774
932	805
932	884
932	894
932	931
932	939
932	957
932	967
932	970
932	974
932	990
932	996
933	70
933	215
933	422
933	561
933	578
933	582
933	601
933	607
933	668
933	689
933	717
933	726
933	730
933	804
933	806
933	821
933	829
933	886
933	902
933	977
933	981
933	988
933	995
933	996
933	1000
934	80
934	89
934	137
934	199
934	355
934	371
934	500
934	535
934	550
934	616
934	620
934	629
934	834
934	881
934	899
934	942
934	950
934	951
934	960
934	972
934	976
934	987
934	993
934	994
934	998
935	61
935	87
935	143
935	406
935	466
935	490
935	509
935	537
935	606
935	634
935	728
935	736
935	740
935	764
935	795
935	846
935	908
935	915
935	920
935	930
935	944
935	951
935	975
935	980
935	994
935	996
936	10
936	14
936	182
936	329
936	388
936	402
936	485
936	578
936	579
936	602
936	649
936	659
936	662
936	738
936	772
936	777
936	830
936	834
936	857
936	864
936	904
936	912
936	926
936	939
936	979
936	999
937	92
937	282
937	353
937	378
937	407
937	507
937	510
937	525
937	532
937	539
937	574
937	588
937	635
937	667
937	693
937	752
937	758
937	819
937	861
937	911
937	956
937	958
937	959
937	969
937	975
937	976
938	145
938	227
938	280
938	302
938	360
938	398
938	465
938	480
938	482
938	508
938	597
938	665
938	682
938	778
938	791
938	838
938	856
938	858
938	859
938	862
938	892
938	915
938	925
938	960
938	961
938	972
939	17
939	127
939	174
939	234
939	299
939	366
939	403
939	456
939	485
939	614
939	622
939	649
939	657
939	678
939	792
939	803
939	811
939	825
939	827
939	876
939	932
939	936
939	946
939	947
939	965
939	986
939	991
940	8
940	377
940	390
940	439
940	459
940	474
940	500
940	513
940	685
940	686
940	725
940	742
940	761
940	885
940	892
940	895
940	904
940	923
940	943
940	956
940	960
940	961
940	972
940	979
940	985
940	986
940	993
941	67
941	95
941	160
941	214
941	267
941	309
941	396
941	416
941	497
941	537
941	597
941	656
941	686
941	699
941	706
941	728
941	729
941	740
941	777
941	808
941	818
941	852
941	885
941	917
941	968
941	981
941	985
942	213
942	405
942	430
942	465
942	482
942	515
942	524
942	612
942	645
942	666
942	695
942	698
942	739
942	760
942	773
942	785
942	856
942	875
942	891
942	898
942	905
942	934
942	943
942	948
942	961
942	980
942	981
943	15
943	57
943	181
943	193
943	197
943	371
943	399
943	428
943	500
943	503
943	507
943	561
943	575
943	593
943	771
943	838
943	879
943	884
943	912
943	918
943	923
943	940
943	942
943	956
943	960
943	961
943	978
944	72
944	129
944	213
944	292
944	333
944	381
944	404
944	551
944	586
944	594
944	644
944	650
944	678
944	713
944	772
944	787
944	834
944	906
944	922
944	927
944	929
944	935
944	956
944	961
944	974
944	988
944	995
945	87
945	185
945	247
945	252
945	266
945	352
945	370
945	446
945	472
945	476
945	585
945	652
945	673
945	677
945	743
945	770
945	800
945	805
945	810
945	848
945	849
945	873
945	910
945	928
945	974
945	976
945	987
946	82
946	378
946	479
946	562
946	587
946	600
946	607
946	620
946	640
946	680
946	712
946	733
946	804
946	867
946	880
946	889
946	908
946	939
946	948
946	949
946	957
946	971
946	973
946	982
946	989
946	994
946	997
946	998
947	54
947	101
947	210
947	230
947	241
947	308
947	353
947	433
947	458
947	468
947	474
947	552
947	559
947	592
947	706
947	733
947	736
947	781
947	833
947	844
947	864
947	875
947	910
947	919
947	931
947	939
947	952
947	955
948	55
948	154
948	286
948	421
948	441
948	495
948	508
948	526
948	562
948	683
948	684
948	707
948	710
948	715
948	723
948	833
948	879
948	893
948	905
948	942
948	946
948	955
948	964
948	971
948	973
948	975
948	977
948	990
948	998
949	75
949	131
949	150
949	166
949	195
949	224
949	301
949	398
949	424
949	514
949	526
949	540
949	655
949	741
949	754
949	762
949	788
949	798
949	813
949	851
949	863
949	899
949	916
949	946
949	950
949	953
949	957
949	958
949	969
950	68
950	156
950	337
950	407
950	409
950	420
950	508
950	519
950	522
950	582
950	624
950	669
950	684
950	708
950	731
950	784
950	793
950	810
950	860
950	862
950	878
950	883
950	885
950	907
950	914
950	934
950	949
950	989
950	992
951	17
951	84
951	149
951	335
951	498
951	509
951	599
951	637
951	639
951	656
951	665
951	707
951	795
951	813
951	831
951	837
951	841
951	854
951	856
951	874
951	903
951	908
951	925
951	930
951	934
951	935
951	961
951	974
951	975
951	996
952	31
952	120
952	124
952	250
952	458
952	474
952	478
952	500
952	550
952	596
952	628
952	689
952	734
952	737
952	745
952	747
952	748
952	781
952	833
952	846
952	848
952	868
952	910
952	947
952	958
952	969
952	972
952	973
952	977
952	996
953	13
953	115
953	128
953	154
953	231
953	315
953	412
953	548
953	584
953	609
953	651
953	737
953	775
953	795
953	813
953	846
953	848
953	850
953	868
953	873
953	878
953	887
953	907
953	949
953	955
953	963
953	967
953	977
953	986
953	991
953	992
954	46
954	134
954	138
954	245
954	261
954	330
954	347
954	428
954	450
954	466
954	498
954	505
954	607
954	703
954	756
954	769
954	830
954	847
954	853
954	865
954	868
954	871
954	884
954	893
954	894
954	901
954	917
954	969
954	972
954	985
954	994
955	37
955	128
955	221
955	249
955	310
955	330
955	363
955	457
955	534
955	543
955	554
955	639
955	681
955	713
955	721
955	747
955	774
955	855
955	873
955	877
955	878
955	887
955	931
955	947
955	948
955	953
955	961
955	963
955	965
955	985
955	991
956	3
956	98
956	111
956	193
956	273
956	284
956	493
956	498
956	555
956	589
956	601
956	632
956	662
956	711
956	713
956	738
956	758
956	787
956	885
956	900
956	927
956	937
956	940
956	943
956	944
956	958
956	960
956	961
956	975
956	988
956	994
957	198
957	262
957	440
957	455
957	478
957	511
957	526
957	554
957	555
957	647
957	721
957	760
957	851
957	858
957	863
957	899
957	914
957	916
957	929
957	932
957	946
957	949
957	961
957	965
957	966
957	969
957	972
957	988
957	992
957	994
957	997
958	29
958	38
958	146
958	313
958	353
958	356
958	400
958	417
958	532
958	574
958	667
958	690
958	742
958	758
958	779
958	811
958	823
958	827
958	845
958	857
958	862
958	903
958	908
958	937
958	949
958	952
958	956
958	959
958	976
958	980
958	982
959	99
959	115
959	202
959	211
959	251
959	327
959	330
959	400
959	510
959	525
959	532
959	663
959	667
959	671
959	688
959	731
959	758
959	765
959	779
959	809
959	811
959	828
959	845
959	880
959	937
959	958
959	960
959	962
959	964
959	985
959	996
960	107
960	201
960	280
960	317
960	524
960	612
960	695
960	742
960	749
960	758
960	770
960	780
960	824
960	856
960	858
960	892
960	904
960	908
960	926
960	931
960	934
960	938
960	940
960	943
960	956
960	959
960	961
960	967
960	968
960	976
960	994
961	86
961	181
961	212
961	267
961	354
961	361
961	459
961	465
961	468
961	622
961	659
961	769
961	781
961	838
961	847
961	879
961	922
961	938
961	940
961	942
961	943
961	944
961	951
961	955
961	956
961	957
961	960
961	965
961	969
961	972
961	989
962	23
962	45
962	60
962	133
962	140
962	180
962	185
962	188
962	298
962	476
962	560
962	587
962	602
962	640
962	750
962	756
962	820
962	844
962	848
962	850
962	909
962	927
962	959
962	963
962	964
962	967
962	979
962	980
962	988
962	989
962	990
962	999
963	24
963	204
963	213
963	241
963	311
963	324
963	408
963	511
963	520
963	543
963	593
963	698
963	739
963	795
963	804
963	821
963	835
963	839
963	845
963	868
963	873
963	878
963	879
963	887
963	918
963	953
963	955
963	962
963	979
963	986
963	987
963	991
964	45
964	216
964	235
964	249
964	392
964	423
964	461
964	517
964	699
964	712
964	722
964	727
964	728
964	745
964	750
964	765
964	778
964	810
964	836
964	850
964	924
964	925
964	948
964	959
964	962
964	967
964	971
964	973
964	977
964	995
964	996
964	998
965	9
965	66
965	105
965	120
965	258
965	260
965	315
965	327
965	351
965	383
965	541
965	604
965	605
965	671
965	699
965	718
965	752
965	783
965	812
965	844
965	864
965	880
965	911
965	916
965	919
965	939
965	955
965	957
965	961
965	966
965	979
965	990
966	72
966	77
966	252
966	258
966	265
966	270
966	383
966	444
966	536
966	547
966	556
966	571
966	604
966	661
966	720
966	741
966	771
966	775
966	783
966	785
966	796
966	812
966	815
966	828
966	844
966	889
966	900
966	901
966	913
966	957
966	965
966	974
967	16
967	180
967	200
967	244
967	298
967	384
967	572
967	590
967	600
967	689
967	709
967	719
967	722
967	802
967	809
967	818
967	836
967	850
967	876
967	877
967	888
967	906
967	916
967	932
967	953
967	960
967	962
967	964
967	979
967	980
967	989
967	993
967	997
968	51
968	59
968	112
968	183
968	207
968	271
968	274
968	303
968	332
968	409
968	415
968	427
968	544
968	567
968	569
968	644
968	708
968	709
968	748
968	752
968	778
968	783
968	806
968	819
968	820
968	836
968	856
968	864
968	883
968	914
968	941
968	960
968	992
968	1000
969	27
969	110
969	130
969	198
969	206
969	218
969	222
969	256
969	307
969	310
969	334
969	421
969	429
969	622
969	647
969	736
969	742
969	770
969	783
969	851
969	867
969	871
969	899
969	916
969	937
969	949
969	952
969	954
969	957
969	961
969	973
969	988
969	998
969	999
970	4
970	114
970	152
970	169
970	223
970	259
970	329
970	353
970	388
970	396
970	487
970	532
970	586
970	603
970	613
970	632
970	637
970	698
970	716
970	741
970	766
970	782
970	811
970	878
970	897
970	902
970	907
970	908
970	916
970	926
970	932
970	990
970	991
970	993
971	21
971	35
971	195
971	321
971	346
971	363
971	412
971	446
971	467
971	552
971	617
971	646
971	651
971	658
971	683
971	709
971	722
971	724
971	735
971	828
971	858
971	861
971	889
971	897
971	946
971	948
971	964
971	973
971	982
971	990
971	993
971	994
971	997
971	998
972	27
972	74
972	104
972	161
972	197
972	344
972	358
972	487
972	515
972	562
972	612
972	629
972	677
972	691
972	739
972	809
972	849
972	870
972	878
972	879
972	884
972	904
972	921
972	934
972	938
972	940
972	952
972	954
972	957
972	961
972	973
972	978
972	981
972	995
973	89
973	216
973	312
973	437
973	495
973	542
973	564
973	674
973	697
973	722
973	724
973	729
973	735
973	753
973	788
973	794
973	801
973	802
973	812
973	837
973	889
973	894
973	923
973	946
973	948
973	952
973	964
973	969
973	971
973	972
973	982
973	983
973	990
973	994
973	998
974	62
974	105
974	419
974	448
974	484
974	548
974	573
974	654
974	673
974	681
974	706
974	715
974	727
974	728
974	742
974	788
974	791
974	845
974	848
974	849
974	855
974	869
974	874
974	883
974	917
974	920
974	922
974	928
974	932
974	944
974	945
974	951
974	966
974	976
974	999
975	8
975	50
975	187
975	203
975	290
975	342
975	390
975	406
975	415
975	431
975	436
975	490
975	524
975	698
975	736
975	760
975	780
975	813
975	821
975	837
975	846
975	847
975	854
975	868
975	876
975	887
975	908
975	930
975	935
975	937
975	948
975	951
975	956
975	985
975	990
976	10
976	14
976	16
976	62
976	266
976	319
976	360
976	417
976	478
976	484
976	636
976	637
976	654
976	717
976	719
976	725
976	753
976	770
976	792
976	796
976	799
976	837
976	845
976	849
976	876
976	892
976	893
976	903
976	920
976	934
976	937
976	945
976	958
976	960
976	974
976	979
977	59
977	73
977	100
977	184
977	268
977	331
977	408
977	452
977	454
977	548
977	636
977	656
977	683
977	717
977	777
977	786
977	803
977	807
977	810
977	830
977	841
977	881
977	896
977	897
977	912
977	918
977	919
977	933
977	948
977	952
977	953
977	964
977	987
977	989
977	996
977	997
978	29
978	98
978	139
978	141
978	259
978	398
978	401
978	420
978	426
978	466
978	475
978	479
978	510
978	549
978	565
978	624
978	641
978	694
978	705
978	730
978	740
978	743
978	808
978	826
978	837
978	846
978	855
978	879
978	892
978	902
978	905
978	909
978	912
978	915
978	943
978	972
978	979
979	153
979	204
979	336
979	397
979	411
979	423
979	429
979	491
979	546
979	562
979	593
979	602
979	619
979	628
979	681
979	719
979	742
979	782
979	809
979	820
979	842
979	850
979	863
979	875
979	902
979	904
979	929
979	936
979	940
979	962
979	963
979	965
979	967
979	976
979	978
979	989
979	993
980	19
980	314
980	322
980	362
980	403
980	430
980	465
980	504
980	513
980	520
980	555
980	571
980	583
980	633
980	716
980	736
980	759
980	768
980	782
980	790
980	791
980	796
980	830
980	845
980	852
980	859
980	874
980	893
980	898
980	900
980	925
980	927
980	935
980	942
980	958
980	962
980	967
980	999
981	26
981	37
981	42
981	95
981	152
981	160
981	214
981	234
981	268
981	309
981	368
981	399
981	405
981	472
981	512
981	517
981	527
981	594
981	597
981	627
981	636
981	638
981	655
981	728
981	731
981	740
981	779
981	815
981	822
981	865
981	907
981	910
981	921
981	928
981	933
981	941
981	942
981	972
982	22
982	55
982	108
982	237
982	279
982	294
982	296
982	312
982	322
982	345
982	427
982	428
982	459
982	492
982	542
982	564
982	587
982	590
982	610
982	640
982	674
982	683
982	706
982	732
982	735
982	743
982	805
982	807
982	828
982	889
982	910
982	946
982	958
982	971
982	973
982	989
982	990
982	994
982	998
982	1000
983	149
983	163
983	203
983	208
983	221
983	268
983	351
983	377
983	383
983	438
983	483
983	503
983	511
983	540
983	614
983	621
983	638
983	650
983	670
983	690
983	692
983	772
983	793
983	797
983	840
983	843
983	863
983	871
983	879
983	882
983	892
983	896
983	902
983	973
983	986
983	988
983	989
983	990
983	995
983	999
984	18
984	51
984	70
984	109
984	122
984	246
984	283
984	294
984	390
984	423
984	436
984	480
984	492
984	496
984	529
984	547
984	580
984	582
984	594
984	610
984	680
984	686
984	703
984	748
984	778
984	791
984	808
984	823
984	854
984	861
984	865
984	871
984	880
984	906
984	907
984	909
984	921
984	930
984	985
984	998
985	140
985	414
985	445
985	527
985	566
985	573
985	582
985	615
985	648
985	652
985	681
985	683
985	714
985	746
985	761
985	773
985	791
985	816
985	817
985	821
985	823
985	858
985	866
985	870
985	871
985	872
985	889
985	906
985	909
985	916
985	919
985	921
985	925
985	940
985	941
985	954
985	955
985	959
985	975
985	984
985	986
986	17
986	103
986	142
986	182
986	242
986	328
986	354
986	362
986	391
986	415
986	423
986	446
986	490
986	509
986	562
986	619
986	642
986	678
986	688
986	695
986	749
986	776
986	792
986	817
986	822
986	825
986	827
986	857
986	869
986	874
986	876
986	880
986	897
986	907
986	920
986	939
986	940
986	953
986	963
986	983
986	985
987	252
987	254
987	269
987	365
987	409
987	414
987	424
987	435
987	475
987	588
987	631
987	642
987	664
987	668
987	689
987	703
987	726
987	745
987	747
987	756
987	757
987	762
987	782
987	789
987	806
987	810
987	818
987	821
987	823
987	852
987	860
987	902
987	915
987	934
987	945
987	963
987	977
987	991
987	993
987	995
987	998
988	14
988	79
988	85
988	123
988	173
988	218
988	231
988	273
988	284
988	379
988	413
988	444
988	449
988	493
988	494
988	498
988	546
988	555
988	564
988	589
988	601
988	626
988	713
988	733
988	739
988	750
988	751
988	759
988	787
988	855
988	879
988	880
988	911
988	927
988	933
988	944
988	956
988	957
988	962
988	969
988	983
988	993
988	994
989	54
989	142
989	167
989	200
989	270
989	281
989	307
989	367
989	372
989	384
989	423
989	459
989	491
989	497
989	590
989	600
989	634
989	661
989	692
989	712
989	717
989	719
989	722
989	750
989	822
989	825
989	827
989	836
989	850
989	883
989	901
989	918
989	923
989	946
989	950
989	961
989	962
989	967
989	977
989	979
989	982
989	983
989	994
990	51
990	189
990	228
990	293
990	418
990	479
990	562
990	569
990	591
990	597
990	611
990	620
990	627
990	651
990	655
990	674
990	685
990	701
990	724
990	735
990	737
990	738
990	758
990	777
990	780
990	808
990	815
990	828
990	866
990	867
990	889
990	898
990	932
990	948
990	962
990	965
990	970
990	971
990	973
990	975
990	982
990	983
990	994
990	998
991	24
991	132
991	151
991	178
991	205
991	208
991	229
991	266
991	324
991	369
991	387
991	393
991	408
991	457
991	528
991	536
991	543
991	546
991	554
991	583
991	585
991	593
991	606
991	615
991	691
991	737
991	783
991	787
991	791
991	820
991	837
991	868
991	873
991	875
991	878
991	879
991	882
991	887
991	939
991	953
991	955
991	963
991	970
991	987
991	998
992	68
992	83
992	139
992	183
992	224
992	263
992	285
992	288
992	341
992	362
992	401
992	413
992	427
992	434
992	437
992	458
992	501
992	530
992	539
992	635
992	688
992	696
992	714
992	718
992	731
992	752
992	755
992	778
992	819
992	820
992	830
992	853
992	856
992	866
992	867
992	892
992	906
992	914
992	923
992	950
992	953
992	957
992	968
992	995
992	997
993	6
993	24
993	91
993	282
993	287
993	347
993	394
993	467
993	491
993	506
993	531
993	538
993	550
993	551
993	568
993	613
993	616
993	649
993	653
993	657
993	670
993	698
993	720
993	766
993	784
993	801
993	814
993	816
993	829
993	834
993	875
993	881
993	898
993	903
993	905
993	907
993	934
993	940
993	967
993	970
993	971
993	979
993	987
993	988
993	995
994	13
994	20
994	100
994	207
994	240
994	244
994	260
994	281
994	332
994	408
994	410
994	433
994	443
994	470
994	553
994	558
994	586
994	635
994	649
994	686
994	710
994	720
994	756
994	769
994	784
994	803
994	822
994	850
994	865
994	884
994	891
994	901
994	910
994	934
994	935
994	946
994	954
994	956
994	957
994	960
994	971
994	973
994	982
994	988
994	989
994	990
994	995
995	45
995	47
995	154
995	177
995	254
995	291
995	306
995	309
995	363
995	408
995	424
995	493
995	534
995	613
995	617
995	631
995	642
995	646
995	664
995	668
995	678
995	679
995	692
995	703
995	709
995	718
995	719
995	726
995	760
995	782
995	806
995	807
995	821
995	849
995	853
995	902
995	914
995	922
995	929
995	933
995	944
995	964
995	972
995	983
995	987
995	992
995	993
995	994
996	63
996	77
996	94
996	95
996	106
996	109
996	130
996	155
996	250
996	255
996	289
996	329
996	359
996	379
996	389
996	396
996	404
996	412
996	434
996	496
996	498
996	541
996	547
996	584
996	595
996	607
996	643
996	647
996	653
996	693
996	699
996	757
996	774
996	805
996	849
996	876
996	894
996	921
996	931
996	932
996	933
996	935
996	951
996	952
996	959
996	964
996	977
996	1000
997	48
997	113
997	151
997	198
997	209
997	253
997	303
997	315
997	381
997	412
997	414
997	448
997	462
997	463
997	488
997	492
997	502
997	533
997	568
997	571
997	576
997	649
997	652
997	659
997	678
997	690
997	697
997	715
997	726
997	748
997	790
997	794
997	797
997	824
997	854
997	872
997	878
997	896
997	923
997	924
997	925
997	931
997	946
997	957
997	967
997	971
997	977
997	992
998	3
998	225
998	286
998	321
998	336
998	357
998	486
998	495
998	513
998	538
998	542
998	564
998	587
998	620
998	642
998	651
998	657
998	683
998	707
998	721
998	724
998	735
998	766
998	767
998	780
998	796
998	816
998	819
998	828
998	836
998	840
998	876
998	889
998	891
998	899
998	903
998	934
998	946
998	948
998	964
998	969
998	971
998	973
998	982
998	984
998	987
998	990
998	991
999	5
999	16
999	68
999	69
999	131
999	167
999	217
999	268
999	299
999	351
999	377
999	405
999	438
999	483
999	503
999	519
999	540
999	545
999	572
999	574
999	580
999	614
999	621
999	638
999	643
999	650
999	692
999	693
999	712
999	720
999	756
999	759
999	797
999	840
999	843
999	844
999	863
999	871
999	879
999	895
999	913
999	920
999	936
999	962
999	969
999	974
999	980
999	983
1000	33
1000	55
1000	71
1000	75
1000	79
1000	103
1000	194
1000	196
1000	260
1000	280
1000	285
1000	299
1000	308
1000	389
1000	396
1000	441
1000	463
1000	497
1000	523
1000	575
1000	592
1000	629
1000	630
1000	646
1000	653
1000	714
1000	759
1000	788
1000	814
1000	818
1000	824
1000	832
1000	840
1000	851
1000	858
1000	860
1000	874
1000	877
1000	884
1000	890
1000	897
1000	917
1000	922
1000	927
1000	929
1000	933
1000	968
1000	982
1000	996
