1	219
1	697
1	797
1	919
2	112
2	576
2	786
2	791
3	817
3	874
3	962
3	979
4	655
4	809
4	914
4	991
5	62
5	573
5	600
5	974
6	522
6	812
6	952
6	993
7	308
7	400
7	776
7	942
8	163
8	577
8	917
8	982
9	125
9	348
9	392
9	771
10	158
10	920
10	934
10	977
11	631
11	842
11	982
11	983
12	699
12	790
12	915
12	947
13	255
13	585
13	819
13	927
14	725
14	764
14	887
14	983
15	421
15	791
15	808
15	832
16	626
16	737
16	832
16	868
17	24
17	496
17	770
17	992
18	326
18	697
18	717
18	956
19	396
19	633
19	895
19	936
20	498
20	677
20	693
20	870
21	523
21	911
21	956
21	987
22	409
22	846
22	897
22	949
23	517
23	752
23	791
23	918
24	17
24	543
24	978
24	999
25	250
25	741
25	764
25	968
26	651
26	913
26	961
26	968
27	467
27	498
27	652
27	935
28	673
28	684
28	845
28	868
29	678
29	865
29	902
29	962
30	234
30	584
30	866
30	901
31	508
31	731
31	930
31	992
32	555
32	721
32	940
32	972
33	75
33	503
33	977
33	983
34	81
34	443
34	701
34	884
35	265
35	628
35	677
35	924
36	753
36	800
36	919
36	997
37	606
37	634
37	762
37	985
38	121
38	472
38	709
38	912
39	555
39	746
39	979
39	988
40	646
40	794
40	840
40	921
41	633
41	845
41	866
41	868
42	254
42	906
42	982
42	989
43	345
43	349
43	864
43	967
44	695
44	795
44	805
44	994
45	296
45	482
45	667
45	898
46	80
46	317
46	521
46	942
47	48
47	656
47	819
47	954
48	47
48	87
48	216
48	789
49	70
49	781
49	928
49	994
50	889
50	950
50	990
50	998
51	134
51	878
51	890
51	898
52	738
52	748
52	831
52	945
53	917
53	921
53	945
53	993
54	832
54	845
54	973
54	996
55	352
55	401
55	801
55	914
56	572
56	765
56	948
56	962
57	131
57	533
57	915
57	970
58	247
58	975
58	998
58	1000
59	69
59	446
59	782
59	944
60	267
60	412
60	715
60	977
61	283
61	871
61	973
61	996
62	5
62	108
62	130
62	552
63	732
63	874
63	962
63	999
64	157
64	640
64	696
64	921
65	122
65	147
65	227
65	511
66	776
66	888
66	953
66	979
67	114
67	595
67	980
67	996
68	260
68	844
68	977
68	997
69	59
69	944
69	985
69	1000
70	49
70	268
70	883
70	994
71	666
71	942
71	971
71	997
72	295
72	319
72	437
72	688
73	142
73	649
73	713
73	991
74	424
74	761
74	856
74	997
75	33
75	258
75	879
75	997
76	410
76	610
76	934
76	958
77	468
77	565
77	699
77	920
78	213
78	675
78	801
78	914
79	707
79	836
79	865
79	920
80	46
80	839
80	859
80	974
81	34
81	407
81	818
81	978
82	495
82	755
82	957
82	998
83	413
83	844
83	858
83	984
84	676
84	828
84	955
84	966
85	845
85	858
85	928
85	985
86	254
86	722
86	962
86	980
87	48
87	487
87	790
87	845
88	563
88	761
88	833
88	945
89	731
89	776
89	803
89	812
90	124
90	306
90	659
90	701
91	621
91	665
91	855
91	970
92	136
92	534
92	677
92	830
93	843
93	880
93	977
93	989
94	164
94	923
94	972
94	992
95	893
95	928
95	961
95	971
96	244
96	334
96	425
96	966
97	237
97	811
97	915
97	970
98	523
98	913
98	947
98	968
99	259
99	301
99	437
99	764
100	418
100	464
100	840
100	875
101	264
101	275
101	906
101	978
102	427
102	553
102	881
102	885
103	516
103	930
103	964
103	981
104	605
104	670
104	869
104	959
105	266
105	916
105	938
105	944
106	291
106	353
106	597
106	947
107	458
107	516
107	980
107	996
108	62
108	451
108	696
108	928
109	494
109	732
109	931
109	987
110	497
110	728
110	915
110	944
111	517
111	551
111	701
111	995
112	2
112	709
112	791
112	979
113	209
113	386
113	910
113	988
114	67
114	572
114	782
114	787
115	426
115	918
115	959
115	986
116	778
116	817
116	904
116	924
117	199
117	556
117	626
117	968
118	606
118	938
118	944
118	961
119	398
119	499
119	689
119	946
120	671
120	938
120	980
120	991
121	38
121	557
121	593
121	670
122	65
122	736
122	970
122	987
123	403
123	878
123	929
123	956
124	90
124	812
124	867
124	974
125	9
125	485
125	856
125	922
126	508
126	797
126	926
126	995
127	206
127	590
127	761
127	971
128	420
128	822
128	869
128	949
129	454
129	627
129	809
129	875
130	62
130	593
130	857
130	952
131	57
131	873
131	988
131	999
132	277
132	432
132	980
132	996
133	411
133	873
133	889
133	993
134	51
134	152
134	895
134	981
135	179
135	834
135	948
135	992
136	92
136	537
136	861
136	951
137	735
137	953
137	980
137	991
138	697
138	900
138	954
138	990
139	680
139	704
139	723
139	937
140	237
140	954
140	964
140	972
141	475
141	732
141	922
141	992
142	73
142	294
142	794
142	833
143	160
143	797
143	973
143	980
144	585
144	613
144	871
144	954
145	893
145	923
145	935
145	982
146	344
146	403
146	958
146	970
147	65
147	929
147	948
147	995
148	956
148	974
148	990
148	998
149	510
149	769
149	973
149	996
150	575
150	817
150	894
150	983
151	182
151	278
151	673
151	1000
152	134
152	801
152	980
152	996
153	587
153	971
153	985
153	988
154	734
154	917
154	921
154	924
155	744
155	809
155	946
155	982
156	747
156	809
156	847
156	967
157	64
157	883
157	885
157	966
158	10
158	449
158	490
158	833
159	307
159	644
159	927
159	991
160	143
160	432
160	596
160	604
161	857
161	900
161	937
161	965
162	535
162	763
162	886
162	986
163	8
163	803
163	906
163	959
164	94
164	760
164	957
164	999
165	347
165	870
165	990
165	998
166	253
166	493
166	741
166	906
167	185
167	374
167	397
167	997
168	262
168	402
168	980
168	996
169	577
169	968
169	970
169	987
170	800
170	965
170	967
170	987
171	337
171	744
171	990
171	1000
172	563
172	869
172	990
172	1000
173	191
173	858
173	905
173	946
174	652
174	823
174	979
174	991
175	711
175	926
175	955
175	990
176	372
176	709
176	839
176	867
177	757
177	822
177	836
177	951
178	348
178	391
178	932
178	967
179	135
179	866
179	883
179	999
180	672
180	763
180	921
180	970
181	511
181	729
181	913
181	997
182	151
182	443
182	939
182	998
183	395
183	527
183	563
183	893
184	627
184	917
184	962
184	975
185	167
185	254
185	549
185	951
186	429
186	827
186	870
186	903
187	413
187	545
187	680
187	848
188	577
188	829
188	833
188	888
189	416
189	427
189	514
189	947
190	326
190	830
190	933
190	970
191	173
191	276
191	952
191	994
192	721
192	918
192	977
192	995
193	194
193	583
193	930
193	992
194	193
194	962
194	971
194	997
195	911
195	972
195	979
195	998
196	441
196	571
196	675
196	901
197	666
197	684
197	863
197	978
198	391
198	758
198	868
198	919
199	117
199	544
199	990
199	995
200	561
200	760
200	834
200	885
201	421
201	754
201	773
201	958
202	346
202	443
202	709
202	956
203	909
203	934
203	938
203	977
204	768
204	771
204	923
204	940
205	728
205	737
205	814
205	845
206	127
206	671
206	915
206	991
207	686
207	713
207	813
207	920
208	652
208	767
208	907
208	916
209	113
209	532
209	820
209	908
210	663
210	731
210	743
210	842
211	677
211	795
211	821
211	979
212	735
212	880
212	970
212	991
213	78
213	745
213	929
213	953
214	833
214	847
214	950
214	959
215	491
215	707
215	713
215	991
216	48
216	848
216	990
216	1000
217	838
217	919
217	977
217	990
218	632
218	784
218	979
218	1000
219	1
219	270
219	474
219	991
220	703
220	779
220	900
220	986
221	720
221	988
221	998
221	1000
222	497
222	575
222	907
222	994
223	721
223	870
223	904
223	947
224	564
224	730
224	830
224	932
225	295
225	695
225	725
225	797
226	725
226	741
226	890
226	987
227	65
227	905
227	972
227	994
228	317
228	927
228	941
228	985
229	275
229	744
229	868
229	976
230	616
230	850
230	853
230	969
230	992
231	520
231	732
231	779
231	842
231	956
232	707
232	722
232	841
232	873
232	979
233	306
233	622
233	916
233	973
233	996
234	30
234	522
234	939
234	943
234	999
235	493
235	557
235	622
235	736
235	846
236	624
236	669
236	831
236	859
236	988
237	97
237	140
237	657
237	746
237	960
238	558
238	702
238	889
238	947
238	987
239	275
239	552
239	724
239	901
239	977
240	592
240	859
240	979
240	988
240	996
241	568
241	848
241	898
241	936
241	981
242	423
242	463
242	727
242	758
242	987
243	315
243	639
243	825
243	898
243	972
244	96
244	491
244	596
244	743
244	994
245	732
245	834
245	936
245	938
245	981
246	442
246	590
246	616
246	832
246	967
247	58
247	964
247	974
247	986
247	994
248	454
248	648
248	958
248	973
248	996
249	489
249	510
249	600
249	733
249	908
250	25
250	280
250	739
250	920
250	928
251	390
251	554
251	907
251	961
251	971
252	458
252	632
252	704
252	718
252	787
253	166
253	667
253	775
253	828
253	984
254	42
254	86
254	185
254	392
254	601
255	13
255	376
255	423
255	534
255	657
256	276
256	343
256	448
256	501
256	814
257	836
257	934
257	961
257	998
257	1000
258	75
258	712
258	940
258	956
258	997
259	99
259	831
259	848
259	902
259	938
260	68
260	761
260	828
260	981
260	983
261	698
261	892
261	896
261	914
261	964
262	168
262	290
262	645
262	691
262	984
263	285
263	468
263	640
263	664
263	930
264	101
264	589
264	992
264	994
264	995
265	35
265	821
265	939
265	949
265	981
266	105
266	349
266	868
266	955
266	992
267	60
267	862
267	906
267	971
267	999
268	70
268	499
268	600
268	814
268	989
269	743
269	836
269	928
269	961
269	985
270	219
270	638
270	652
270	885
270	991
271	507
271	852
271	901
271	930
271	985
272	287
272	565
272	686
272	873
272	976
273	512
273	863
273	939
273	972
273	978
274	715
274	859
274	860
274	963
274	975
275	101
275	229
275	239
275	667
275	890
276	191
276	256
276	845
276	868
276	933
277	132
277	545
277	846
277	981
277	991
278	151
278	671
278	696
278	791
278	827
279	554
279	763
279	963
279	980
279	996
280	250
280	397
280	554
280	676
280	949
281	414
281	602
281	952
281	964
281	975
282	567
282	587
282	656
282	675
282	948
283	61
283	775
283	804
283	891
283	974
284	748
284	827
284	955
284	980
284	996
285	263
285	626
285	877
285	890
285	968
286	695
286	723
286	921
286	932
286	999
287	272
287	634
287	946
287	953
287	992
288	686
288	840
288	949
288	982
288	983
289	563
289	714
289	760
289	930
289	953
290	262
290	439
290	592
290	975
290	979
291	106
291	757
291	768
291	824
291	956
292	435
292	682
292	838
292	848
292	971
293	420
293	536
293	570
293	847
293	917
294	142
294	605
294	749
294	814
294	944
295	72
295	225
295	601
295	676
295	895
296	45
296	629
296	672
296	738
296	951
297	703
297	752
297	967
297	994
297	995
298	886
298	973
298	980
298	996
298	1000
299	669
299	722
299	758
299	970
299	987
300	693
300	727
300	794
300	833
300	835
301	99
301	637
301	843
301	870
301	945
302	615
302	706
302	750
302	811
302	845
303	489
303	700
303	779
303	867
303	929
304	354
304	734
304	977
304	983
304	995
305	637
305	872
305	914
305	957
305	1000
306	90
306	233
306	737
306	925
306	933
307	159
307	769
307	884
307	964
307	994
308	7
308	874
308	920
308	962
308	991
309	569
309	729
309	754
309	776
309	973
310	387
310	839
310	926
310	974
310	994
311	475
311	680
311	806
311	850
311	899
312	741
312	891
312	948
312	979
312	988
313	572
313	573
313	595
313	914
313	991
314	696
314	977
314	983
314	985
314	995
315	243
315	757
315	802
315	825
315	967
316	698
316	842
316	899
316	948
316	978
317	46
317	228
317	783
317	968
317	970
318	549
318	679
318	895
318	981
318	983
319	72
319	619
319	949
319	976
319	987
320	905
320	940
320	964
320	988
320	994
321	652
321	914
321	940
321	970
321	991
322	670
322	695
322	932
322	967
322	984
323	480
323	663
323	841
323	848
323	900
324	460
324	672
324	920
324	949
324	978
325	739
325	902
325	933
325	947
325	956
326	18
326	190
326	779
326	917
326	1000
327	724
327	846
327	873
327	880
327	967
328	484
328	719
328	788
328	975
328	998
329	822
329	916
329	976
329	980
329	986
330	584
330	606
330	871
330	912
330	959
331	410
331	705
331	958
331	970
331	1000
332	568
332	924
332	941
332	985
332	993
333	522
333	654
333	718
333	724
333	875
334	96
334	453
334	964
334	980
334	996
335	925
335	952
335	958
335	984
335	987
336	691
336	788
336	789
336	807
336	860
337	171
337	746
337	769
337	814
337	936
338	741
338	828
338	836
338	886
338	902
339	638
339	756
339	861
339	964
339	994
340	675
340	905
340	917
340	944
340	994
341	788
341	935
341	952
341	966
341	993
342	839
342	844
342	925
342	986
342	993
343	256
343	609
343	939
343	965
343	989
344	146
344	760
344	800
344	948
344	965
345	43
345	557
345	842
345	912
345	967
346	202
346	518
346	694
346	903
346	983
347	165
347	761
347	893
347	940
347	989
348	9
348	178
348	769
348	826
348	993
349	43
349	266
349	705
349	896
349	899
350	429
350	677
350	722
350	907
350	999
351	768
351	838
351	897
351	934
351	995
352	55
352	644
352	661
352	867
352	914
353	106
353	674
353	801
353	936
353	981
354	304
354	865
354	876
354	902
354	930
355	874
355	923
355	966
355	984
355	996
356	681
356	819
356	979
356	983
356	995
357	702
357	749
357	759
357	892
357	965
358	445
358	815
358	886
358	975
358	993
359	499
359	745
359	972
359	975
359	993
360	366
360	547
360	887
360	937
360	995
361	487
361	820
361	878
361	900
361	959
362	666
362	762
362	915
362	970
362	987
363	556
363	754
363	797
363	877
363	967
364	481
364	779
364	976
364	977
364	989
365	526
365	548
365	713
365	984
365	991
366	360
366	412
366	932
366	983
366	994
367	448
367	555
367	641
367	721
367	967
368	490
368	750
368	840
368	895
368	981
369	555
369	574
369	586
369	642
369	848
370	973
370	980
370	988
370	996
370	997
371	806
371	854
371	889
371	965
371	966
372	176
372	823
372	859
372	986
372	988
373	388
373	804
373	877
373	942
373	974
374	167
374	750
374	874
374	917
374	921
375	388
375	714
375	863
375	898
375	944
376	255
376	821
376	917
376	962
376	992
377	855
377	964
377	966
377	975
377	994
378	399
378	611
378	790
378	947
378	951
379	588
379	682
379	686
379	840
379	963
380	569
380	835
380	876
380	888
380	960
381	470
381	703
381	961
381	983
381	995
382	463
382	869
382	957
382	998
382	1000
383	465
383	717
383	855
383	899
383	920
384	631
384	875
384	910
384	968
384	989
385	552
385	645
385	691
385	969
385	992
386	113
386	741
386	875
386	920
386	990
387	310
387	509
387	849
387	906
387	969
388	373
388	375
388	572
388	833
388	866
389	417
389	650
389	701
389	835
389	881
389	966
390	251
390	545
390	807
390	859
390	987
390	988
391	178
391	198
391	422
391	746
391	917
391	989
392	9
392	254
392	609
392	635
392	944
392	962
393	649
393	754
393	886
393	946
393	980
393	984
394	419
394	464
394	837
394	941
394	955
394	985
395	183
395	497
395	870
395	937
395	958
395	987
396	19
396	733
396	810
396	864
396	921
396	986
397	167
397	280
397	461
397	647
397	707
397	780
398	119
398	813
398	901
398	932
398	950
398	995
399	378
399	628
399	637
399	860
399	906
399	993
400	7
400	602
400	888
400	889
400	920
400	993
401	55
401	426
401	558
401	948
401	956
401	965
402	168
402	448
402	507
402	872
402	964
402	994
403	123
403	146
403	743
403	852
403	941
403	985
404	731
404	798
404	871
404	881
404	958
404	966
405	520
405	630
405	641
405	752
405	945
405	981
406	578
406	724
406	882
406	981
406	991
406	997
407	81
407	433
407	678
407	708
407	856
407	971
408	826
408	932
408	990
408	996
408	998
408	1000
409	22
409	424
409	790
409	798
409	837
409	865
410	76
410	331
410	447
410	905
410	957
410	970
411	133
411	824
411	942
411	957
411	990
411	998
412	60
412	366
412	550
412	665
412	969
412	982
413	83
413	187
413	438
413	664
413	877
413	984
414	281
414	828
414	882
414	922
414	970
414	997
415	462
415	603
415	782
415	924
415	949
415	951
416	189
416	613
416	683
416	747
416	763
416	998
417	389
417	508
417	525
417	723
417	770
417	980
418	100
418	684
418	796
418	877
418	979
418	988
419	394
419	515
419	806
419	834
419	965
419	976
420	128
420	293
420	615
420	780
420	979
420	988
421	15
421	201
421	561
421	821
421	979
421	988
422	391
422	508
422	799
422	834
422	923
422	951
423	242
423	255
423	898
423	949
423	960
423	968
424	74
424	409
424	511
424	617
424	929
424	933
425	96
425	487
425	712
425	754
425	773
425	983
426	115
426	401
426	434
426	770
426	899
426	965
427	102
427	189
427	658
427	811
427	825
427	927
428	842
428	876
428	921
428	969
428	982
428	999
429	186
429	350
429	701
429	964
429	970
429	994
430	471
430	574
430	660
430	868
430	967
430	992
431	486
431	749
431	806
431	944
431	948
431	961
432	132
432	160
432	570
432	685
432	735
432	991
433	407
433	590
433	670
433	964
433	990
433	1000
434	426
434	627
434	804
434	948
434	965
434	995
435	292
435	467
435	490
435	597
435	799
435	978
436	655
436	917
436	951
436	953
436	961
436	997
437	72
437	99
437	478
437	764
437	866
437	995
438	413
438	441
438	504
438	701
438	773
438	860
439	290
439	583
439	800
439	894
439	946
439	984
440	552
440	929
440	955
440	977
440	983
440	995
441	196
441	438
441	500
441	711
441	825
441	999
442	246
442	727
442	854
442	908
442	970
442	987
443	34
443	182
443	202
443	832
443	864
443	974
444	608
444	872
444	898
444	938
444	958
444	995
445	358
445	741
445	918
445	954
445	972
445	983
446	59
446	521
446	719
446	720
446	910
446	942
447	410
447	682
447	766
447	913
447	922
447	994
448	256
448	367
448	402
448	713
448	811
448	845
449	158
449	647
449	779
449	808
449	930
449	992
450	541
450	624
450	834
450	961
450	965
450	968
451	108
451	691
451	715
451	872
451	883
451	996
452	489
452	510
452	674
452	846
452	847
452	981
453	334
453	776
453	789
453	923
453	960
453	987
454	129
454	248
454	490
454	612
454	664
454	870
455	624
455	717
455	849
455	911
455	948
455	965
456	562
456	780
456	932
456	988
456	995
456	997
457	592
457	867
457	947
457	953
457	956
457	962
458	107
458	252
458	471
458	536
458	910
458	947
459	700
459	790
459	808
459	897
459	909
459	933
460	324
460	500
460	803
460	950
460	980
460	986
461	397
461	631
461	657
461	739
461	820
461	822
462	415
462	656
462	876
462	922
462	998
462	1000
463	242
463	382
463	631
463	663
463	910
463	960
464	100
464	394
464	957
464	973
464	998
464	1000
465	383
465	481
465	583
465	744
465	950
465	989
466	603
466	638
466	883
466	925
466	964
466	965
467	27
467	435
467	528
467	755
467	932
467	982
468	77
468	263
468	531
468	801
468	877
468	993
469	821
469	856
469	865
469	923
469	982
469	999
470	381
470	852
470	893
470	937
470	950
470	986
471	430
471	458
471	600
471	632
471	828
471	979
472	38
472	882
472	900
472	960
472	962
472	986
473	613
473	682
473	897
473	934
473	977
473	995
474	219
474	893
474	935
474	967
474	978
474	987
475	141
475	311
475	539
475	692
475	969
475	981
476	784
476	822
476	918
476	939
476	954
476	975
476	989
477	642
477	903
477	936
477	975
477	981
477	986
477	993
478	437
478	637
478	759
478	792
478	927
478	946
478	952
479	517
479	538
479	779
479	947
479	956
479	976
479	991
480	323
480	660
480	857
480	878
480	922
480	986
480	996
481	364
481	465
481	540
481	662
481	765
481	973
481	989
482	45
482	520
482	661
482	928
482	941
482	971
482	985
483	676
483	711
483	741
483	828
483	852
483	955
483	968
484	328
484	590
484	889
484	917
484	921
484	943
484	962
485	125
485	721
485	763
485	885
485	950
485	966
485	996
486	431
486	706
486	740
486	785
486	879
486	929
486	965
487	87
487	361
487	425
487	801
487	853
487	861
487	877
488	565
488	916
488	935
488	942
488	946
488	979
488	987
489	249
489	303
489	452
489	525
489	645
489	903
489	960
490	158
490	368
490	435
490	454
490	537
490	600
490	988
491	215
491	244
491	811
491	842
491	881
491	953
491	966
492	503
492	533
492	855
492	918
492	926
492	954
492	972
493	166
493	235
493	530
493	874
493	939
493	972
493	976
494	109
494	583
494	734
494	828
494	836
494	944
494	990
495	82
495	675
495	819
495	858
495	965
495	976
495	989
496	17
496	558
496	709
496	808
496	947
496	948
496	959
497	110
497	222
497	395
497	668
497	857
497	863
497	938
498	20
498	27
498	805
498	895
498	923
498	958
498	987
499	119
499	268
499	359
499	585
499	719
499	735
499	942
500	441
500	460
500	639
500	812
500	872
500	939
500	996
501	256
501	698
501	728
501	935
501	960
501	970
501	987
502	612
502	646
502	953
502	956
502	962
502	987
502	997
503	33
503	492
503	757
503	840
503	858
503	871
503	949
504	438
504	544
504	578
504	801
504	877
504	918
504	983
505	761
505	864
505	909
505	953
505	955
505	992
505	998
506	567
506	573
506	891
506	944
506	974
506	994
506	996
507	271
507	402
507	625
507	816
507	907
507	990
507	994
508	31
508	126
508	417
508	422
508	728
508	885
508	966
509	387
509	702
509	740
509	755
509	950
509	986
509	998
510	149
510	249
510	452
510	559
510	581
510	695
510	967
511	65
511	181
511	424
511	591
511	897
511	949
511	988
512	273
512	694
512	733
512	754
512	825
512	924
512	978
513	750
513	815
513	825
513	872
513	928
513	946
513	985
514	189
514	529
514	650
514	850
514	899
514	905
514	957
515	419
515	552
515	608
515	613
515	790
515	866
515	1000
516	103
516	107
516	679
516	752
516	889
516	952
516	981
517	23
517	111
517	479
517	590
517	823
517	832
517	934
518	346
518	774
518	851
518	862
518	908
518	937
518	993
519	633
519	673
519	692
519	867
519	905
519	926
519	972
520	231
520	405
520	482
520	978
520	982
520	995
520	999
521	46
521	446
521	622
521	699
521	881
521	983
521	995
522	6
522	234
522	333
522	824
522	915
522	925
522	999
523	21
523	98
523	700
523	844
523	943
523	956
523	973
524	660
524	662
524	664
524	675
524	773
524	877
524	972
525	417
525	489
525	639
525	760
525	798
525	935
525	966
526	365
526	810
526	876
526	914
526	980
526	988
526	991
527	183
527	714
527	945
527	960
527	961
527	982
527	999
528	467
528	771
528	785
528	806
528	948
528	965
528	994
529	514
529	596
529	835
529	886
529	892
529	896
529	969
530	493
530	531
530	927
530	973
530	980
530	993
530	996
531	468
531	530
531	684
531	784
531	971
531	979
531	988
532	209
532	751
532	869
532	928
532	941
532	985
532	993
533	57
533	492
533	726
533	990
533	995
533	998
533	1000
534	92
534	255
534	582
534	804
534	891
534	935
534	974
535	162
535	671
535	701
535	849
535	852
535	932
535	953
536	293
536	458
536	718
536	764
536	890
536	951
536	967
537	136
537	490
537	748
537	817
537	916
537	987
537	993
538	479
538	814
538	819
538	832
538	911
538	926
538	972
539	475
539	637
539	702
539	867
539	897
539	976
539	990
540	481
540	659
540	796
540	864
540	954
540	991
540	996
541	450
541	632
541	676
541	778
541	828
541	903
541	989
542	559
542	712
542	730
542	758
542	786
542	953
542	992
543	24
543	575
543	934
543	977
543	983
543	995
543	997
544	199
544	504
544	550
544	767
544	990
544	998
544	1000
545	187
545	277
545	390
545	849
545	895
545	936
545	981
546	763
546	847
546	951
546	955
546	976
546	980
546	992
547	360
547	587
547	628
547	854
547	928
547	976
547	985
548	365
548	685
548	816
548	883
548	895
548	897
548	991
549	185
549	318
549	792
549	919
549	958
549	970
549	982
550	412
550	544
550	626
550	909
550	978
550	996
550	999
551	111
551	619
551	710
551	844
551	920
551	951
551	986
552	62
552	239
552	385
552	440
552	515
552	877
552	943
553	102
553	915
553	973
553	980
553	981
553	994
553	996
554	251
554	279
554	280
554	580
554	783
554	940
554	961
555	32
555	39
555	367
555	369
555	810
555	967
555	986
556	117
556	363
556	626
556	675
556	718
556	726
556	787
557	121
557	235
557	345
557	618
557	676
557	716
557	953
558	238
558	401
558	496
558	680
558	904
558	929
558	999
559	510
559	542
559	883
559	888
559	903
559	955
559	958
560	646
560	773
560	874
560	893
560	921
560	944
560	962
561	200
561	421
561	673
561	722
561	907
561	964
561	994
562	456
562	586
562	859
562	914
562	941
562	977
562	988
563	88
563	172
563	183
563	289
563	783
563	808
563	992
564	224
564	820
564	827
564	843
564	894
564	945
564	974
565	77
565	272
565	488
565	713
565	875
565	878
565	951
566	596
566	605
566	644
566	650
566	826
566	892
566	966
567	282
567	506
567	707
567	855
567	920
567	943
567	974
568	241
568	332
568	584
568	629
568	642
568	847
568	981
569	309
569	380
569	705
569	773
569	782
569	845
569	908
570	293
570	432
570	660
570	790
570	846
570	847
570	950
571	196
571	880
571	919
571	922
571	933
571	971
571	985
572	56
572	114
572	313
572	388
572	688
572	850
572	875
572	949
573	5
573	313
573	506
573	595
573	674
573	855
573	972
573	974
574	369
574	430
574	618
574	711
574	801
574	945
574	967
574	972
575	150
575	222
575	543
575	645
575	831
575	860
575	942
575	968
576	2
576	596
576	654
576	952
576	963
576	973
576	980
576	996
577	8
577	169
577	188
577	889
577	934
577	952
577	974
577	984
578	406
578	504
578	655
578	882
578	892
578	915
578	943
578	997
579	640
579	658
579	844
579	848
579	863
579	890
579	901
579	993
580	554
580	593
580	658
580	926
580	961
580	971
580	984
580	997
581	510
581	771
581	793
581	874
581	923
581	966
581	967
581	984
582	534
582	756
582	798
582	839
582	855
582	873
582	971
582	974
583	193
583	439
583	465
583	494
583	674
583	865
583	933
583	938
584	30
584	330
584	568
584	817
584	937
584	950
584	986
584	998
585	13
585	144
585	499
585	602
585	794
585	910
585	964
585	995
586	369
586	562
586	636
586	781
586	889
586	905
586	984
586	993
587	153
587	282
587	547
587	640
587	743
587	878
587	985
587	994
588	379
588	618
588	684
588	713
588	757
588	840
588	920
588	969
589	264
589	678
589	910
589	934
589	937
589	972
589	983
589	995
590	127
590	246
590	433
590	484
590	517
590	710
590	832
590	967
591	511
591	630
591	648
591	688
591	752
591	841
591	936
591	991
592	240
592	290
592	457
592	843
592	880
592	900
592	904
592	945
593	121
593	130
593	580
593	598
593	836
593	857
593	931
593	988
594	724
594	730
594	754
594	878
594	900
594	916
594	961
594	986
595	67
595	313
595	573
595	607
595	766
595	911
595	989
595	999
596	160
596	244
596	529
596	566
596	576
596	815
596	850
596	983
597	106
597	435
597	683
597	720
597	924
597	943
597	947
597	990
598	593
598	763
598	830
598	902
598	938
598	973
598	980
598	993
599	673
599	807
599	863
599	891
599	957
599	990
599	998
599	1000
600	5
600	249
600	268
600	471
600	490
600	676
600	862
600	968
601	254
601	295
601	782
601	814
601	963
601	973
601	980
601	996
602	281
602	400
602	585
602	927
602	946
602	955
602	966
602	999
603	415
603	466
603	813
603	863
603	901
603	934
603	956
603	979
604	160
604	619
604	654
604	751
604	892
604	896
604	899
604	928
605	104
605	294
605	566
605	623
605	659
605	729
605	848
605	988
606	37
606	118
606	330
606	612
606	908
606	917
606	921
606	962
607	595
607	796
607	805
607	842
607	954
607	974
607	985
607	989
608	444
608	515
608	616
608	868
608	895
608	978
608	997
608	999
609	343
609	392
609	620
609	874
609	882
609	921
609	962
609	998
610	76
610	665
610	745
610	748
610	774
610	787
610	788
610	975
611	378
611	802
611	835
611	863
611	897
611	898
611	947
611	956
612	454
612	502
612	606
612	797
612	839
612	921
612	962
612	986
613	144
613	416
613	473
613	515
613	825
613	888
613	901
613	947
614	650
614	727
614	753
614	763
614	934
614	977
614	983
614	989
615	302
615	420
615	690
615	819
615	855
615	891
615	974
615	997
616	230
616	246
616	608
616	738
616	764
616	813
616	825
616	872
617	424
617	622
617	973
617	977
617	982
617	983
617	985
617	995
618	557
618	574
618	588
618	695
618	698
618	777
618	846
618	982
619	319
619	551
619	604
619	677
619	840
619	854
619	961
619	962
620	609
620	639
620	813
620	852
620	882
620	883
620	890
620	905
621	91
621	699
621	804
621	891
621	906
621	974
621	989
621	996
622	233
622	235
622	521
622	617
622	683
622	765
622	887
622	983
623	605
623	859
623	861
623	872
623	905
623	964
623	969
623	994
624	236
624	450
624	455
624	654
624	772
624	861
624	948
624	965
625	507
625	669
625	722
625	745
625	867
625	922
625	929
625	974
626	16
626	117
626	285
626	550
626	556
626	656
626	673
626	753
627	129
627	184
627	434
627	687
627	880
627	894
627	922
627	945
628	35
628	399
628	547
628	783
628	953
628	955
628	969
628	995
629	296
629	568
629	681
629	780
629	900
629	977
629	982
629	995
630	405
630	591
630	730
630	830
630	895
630	910
630	981
630	991
631	11
631	384
631	461
631	463
631	760
631	808
631	871
631	941
631	960
632	218
632	252
632	471
632	541
632	654
632	702
632	731
632	775
632	983
633	19
633	41
633	519
633	742
633	777
633	957
633	990
633	998
633	1000
634	37
634	287
634	692
634	699
634	711
634	761
634	853
634	916
634	955
635	392
635	797
635	815
635	858
635	916
635	939
635	960
635	976
635	989
636	586
636	765
636	785
636	828
636	834
636	852
636	948
636	965
636	978
637	301
637	305
637	399
637	478
637	539
637	679
637	781
637	927
637	975
638	270
638	339
638	466
638	689
638	747
638	836
638	849
638	883
638	950
639	243
639	500
639	525
639	620
639	853
639	890
639	898
639	938
639	954
640	64
640	263
640	579
640	587
640	701
640	737
640	749
640	832
640	971
641	367
641	405
641	712
641	824
641	926
641	957
641	990
641	998
641	1000
642	369
642	477
642	568
642	768
642	802
642	895
642	945
642	962
642	981
643	750
643	762
643	815
643	837
643	872
643	880
643	884
643	985
643	993
644	159
644	352
644	566
644	671
644	872
644	939
644	953
644	990
644	991
645	262
645	385
645	489
645	575
645	749
645	851
645	910
645	945
645	968
646	40
646	502
646	560
646	711
646	854
646	905
646	917
646	962
646	998
647	397
647	449
647	754
647	858
647	860
647	896
647	918
647	972
647	976
648	248
648	591
648	674
648	820
648	857
648	868
648	936
648	955
648	981
649	73
649	393
649	700
649	798
649	816
649	907
649	964
649	994
649	1000
650	389
650	514
650	566
650	614
650	749
650	850
650	892
650	980
650	994
651	26
651	783
651	831
651	849
651	904
651	909
651	955
651	969
651	982
652	27
652	174
652	208
652	270
652	321
652	720
652	887
652	911
652	991
653	807
653	826
653	857
653	887
653	977
653	980
653	983
653	992
653	995
654	333
654	576
654	604
654	624
654	632
654	676
654	775
654	809
654	992
655	4
655	436
655	578
655	726
655	766
655	853
655	935
655	961
655	997
656	47
656	282
656	462
656	626
656	667
656	696
656	754
656	801
656	856
657	237
657	255
657	461
657	658
657	835
657	914
657	968
657	974
657	996
658	427
658	579
658	580
658	657
658	759
658	813
658	825
658	837
658	872
659	90
659	540
659	605
659	716
659	733
659	889
659	916
659	939
659	989
660	430
660	480
660	524
660	570
660	684
660	700
660	736
660	802
660	879
661	352
661	482
661	816
661	826
661	861
661	905
661	960
661	964
661	994
662	481
662	524
662	793
662	798
662	881
662	885
662	923
662	960
662	993
663	210
663	323
663	463
663	671
663	816
663	918
663	939
663	989
663	995
664	263
664	413
664	454
664	524
664	687
664	754
664	773
664	901
664	906
665	91
665	412
665	610
665	745
665	782
665	952
665	984
665	993
665	994
666	71
666	197
666	362
666	670
666	781
666	924
666	932
666	949
666	978
667	45
667	253
667	275
667	656
667	689
667	863
667	898
667	914
667	964
668	497
668	793
668	857
668	911
668	933
668	938
668	944
668	962
668	990
669	236
669	299
669	625
669	742
669	821
669	823
669	979
669	985
669	988
670	104
670	121
670	322
670	433
670	666
670	736
670	847
670	897
670	967
671	120
671	206
671	278
671	535
671	644
671	663
671	897
671	914
671	991
671	998
672	180
672	296
672	324
672	677
672	717
672	783
672	917
672	959
672	968
672	971
673	28
673	151
673	519
673	561
673	599
673	626
673	911
673	939
673	976
673	989
674	353
674	452
674	573
674	583
674	648
674	706
674	895
674	936
674	955
674	981
675	78
675	196
675	282
675	340
675	495
675	524
675	556
675	801
675	861
675	957
676	84
676	280
676	295
676	483
676	541
676	557
676	600
676	654
676	828
676	993
677	20
677	35
677	92
677	211
677	350
677	619
677	672
677	901
677	949
677	998
678	29
678	407
678	589
678	872
678	877
678	884
678	932
678	943
678	966
678	982
679	318
679	516
679	637
679	693
679	751
679	752
679	772
679	936
679	945
679	981
680	139
680	187
680	311
680	558
680	690
680	705
680	729
680	791
680	896
680	997
681	356
681	629
681	826
681	912
681	958
681	974
681	979
681	983
681	988
681	995
682	292
682	379
682	447
682	473
682	723
682	919
682	940
682	962
682	978
682	997
683	416
683	597
683	622
683	704
683	742
683	943
683	945
683	978
683	999
683	1000
684	28
684	197
684	418
684	531
684	588
684	660
684	784
684	813
684	873
684	988
685	432
685	548
685	735
685	885
685	914
685	942
685	952
685	957
685	979
685	991
686	207
686	272
686	288
686	379
686	695
686	701
686	801
686	944
686	951
686	976
687	627
687	664
687	740
687	779
687	789
687	812
687	856
687	916
687	937
687	986
688	72
688	572
688	591
688	707
688	781
688	782
688	805
688	875
688	951
688	956
689	119
689	638
689	667
689	774
689	890
689	904
689	930
689	943
689	954
689	957
690	615
690	680
690	746
690	839
690	855
690	891
690	949
690	952
690	954
690	974
691	262
691	336
691	385
691	451
691	768
691	829
691	834
691	946
691	993
691	998
692	475
692	519
692	634
692	782
692	877
692	888
692	955
692	970
692	992
692	996
693	20
693	300
693	679
693	738
693	867
693	894
693	895
693	904
693	981
693	983
694	346
694	512
694	856
694	900
694	901
694	924
694	932
694	969
694	972
694	982
695	44
695	225
695	286
695	322
695	510
695	618
695	686
695	802
695	905
695	967
696	64
696	108
696	278
696	314
696	656
696	701
696	737
696	832
696	903
696	952
697	1
697	18
697	138
697	716
697	774
697	829
697	850
697	939
697	950
697	972
698	261
698	316
698	501
698	618
698	705
698	749
698	753
698	848
698	899
698	997
699	12
699	77
699	521
699	621
699	634
699	831
699	835
699	862
699	942
699	960
700	303
700	459
700	523
700	649
700	660
700	722
700	732
700	893
700	956
700	974
701	34
701	90
701	111
701	389
701	429
701	438
701	535
701	640
701	686
701	696
702	238
702	357
702	509
702	539
702	632
702	768
702	790
702	835
702	929
702	984
703	220
703	297
703	381
703	730
703	826
703	927
703	948
703	983
703	995
703	1000
704	139
704	252
704	683
704	723
704	746
704	769
704	811
704	934
704	954
704	972
705	331
705	349
705	569
705	680
705	698
705	759
705	823
705	896
705	957
705	966
706	302
706	486
706	674
706	716
706	809
706	829
706	878
706	952
706	984
706	993
707	79
707	215
707	232
707	397
707	567
707	688
707	717
707	875
707	921
707	935
708	407
708	862
708	871
708	880
708	900
708	903
708	910
708	960
708	975
708	978
709	38
709	112
709	176
709	202
709	496
709	765
709	863
709	897
709	947
709	956
709	978
710	551
710	590
710	834
710	875
710	919
710	922
710	940
710	961
710	971
710	991
710	994
711	175
711	441
711	483
711	574
711	634
711	646
711	742
711	849
711	909
711	924
711	969
712	258
712	425
712	542
712	641
712	790
712	832
712	876
712	957
712	990
712	998
712	1000
713	73
713	207
713	215
713	365
713	448
713	565
713	588
713	818
713	855
713	914
713	991
714	289
714	375
714	527
714	752
714	853
714	881
714	924
714	943
714	982
714	996
714	999
715	60
715	274
715	451
715	716
715	810
715	874
715	937
715	950
715	959
715	971
715	986
716	557
716	659
716	697
716	706
716	715
716	824
716	911
716	938
716	954
716	976
716	989
717	18
717	383
717	455
717	672
717	707
717	885
717	949
717	950
717	951
717	972
717	995
718	252
718	333
718	536
718	556
718	741
718	749
718	775
718	851
718	881
718	981
718	999
719	328
719	446
719	499
719	789
719	835
719	874
719	925
719	942
719	963
719	982
719	992
720	221
720	446
720	597
720	652
720	864
720	919
720	922
720	961
720	965
720	991
720	997
721	32
721	192
721	223
721	367
721	485
721	802
721	837
721	847
721	921
721	954
721	967
722	86
722	232
722	299
722	350
722	561
722	625
722	700
722	778
722	779
722	790
722	929
723	139
723	286
723	417
723	682
723	704
723	746
723	811
723	860
723	868
723	894
723	912
724	239
724	327
724	333
724	406
724	594
724	931
724	963
724	973
724	974
724	980
724	996
725	14
725	225
725	226
725	764
725	775
725	786
725	821
725	835
725	906
725	919
725	1000
726	533
726	556
726	655
726	838
726	864
726	910
726	913
726	922
726	971
726	976
726	981
727	242
727	300
727	442
727	614
727	732
727	839
727	881
727	958
727	963
727	987
727	999
728	110
728	205
728	501
728	508
728	805
728	811
728	893
728	946
728	958
728	981
728	987
729	181
729	309
729	605
729	680
729	736
729	749
729	796
729	850
729	879
729	899
729	936
730	224
730	542
730	594
730	630
730	703
730	769
730	842
730	854
730	887
730	982
730	999
731	31
731	89
731	210
731	404
731	632
731	766
731	891
731	926
731	957
731	976
731	989
732	63
732	109
732	141
732	231
732	245
732	700
732	727
732	935
732	970
732	987
732	992
733	249
733	396
733	512
733	659
733	740
733	812
733	847
733	869
733	937
733	958
733	959
734	154
734	304
734	494
734	820
734	856
734	865
734	914
734	933
734	944
734	969
734	977
735	137
735	212
735	432
735	499
735	685
735	801
735	827
735	831
735	914
735	987
735	991
736	122
736	235
736	660
736	670
736	729
736	802
736	810
736	846
736	865
736	902
736	967
737	16
737	205
737	306
737	640
737	696
737	791
737	910
737	923
737	939
737	962
737	993
738	52
738	296
738	616
738	693
738	756
738	784
738	794
738	818
738	827
738	880
738	985
739	250
739	325
739	461
739	768
739	831
739	835
739	942
739	943
739	960
739	968
739	988
740	486
740	509
740	687
740	733
740	841
740	848
740	950
740	954
740	979
740	986
740	993
741	25
741	166
741	226
741	312
741	338
741	386
741	445
741	483
741	718
741	843
741	986
742	633
742	669
742	683
742	711
742	824
742	854
742	869
742	884
742	943
742	991
742	999
743	210
743	244
743	269
743	403
743	587
743	762
743	928
743	945
743	985
743	991
743	1000
744	155
744	171
744	229
744	465
744	797
744	876
744	900
744	954
744	962
744	972
744	978
745	213
745	359
745	610
745	625
745	665
745	768
745	867
745	880
745	897
745	947
745	963
745	984
746	39
746	237
746	337
746	391
746	690
746	704
746	723
746	769
746	814
746	959
746	968
746	990
747	156
747	416
747	638
747	813
747	866
747	877
747	883
747	885
747	887
747	888
747	901
747	910
748	52
748	284
748	537
748	610
748	756
748	766
748	818
748	870
748	880
748	894
748	978
748	990
749	294
749	357
749	431
749	640
749	645
749	650
749	698
749	718
749	729
749	759
749	955
749	975
750	302
750	368
750	374
750	513
750	643
750	798
750	828
750	837
750	928
750	941
750	985
750	1000
751	532
751	604
751	679
751	815
751	837
751	884
751	928
751	941
751	985
751	986
751	998
751	1000
752	23
752	297
752	405
752	516
752	591
752	679
752	714
752	856
752	915
752	927
752	936
752	981
753	36
753	614
753	626
753	698
753	851
753	887
753	934
753	977
753	983
753	987
753	993
753	995
754	201
754	309
754	363
754	393
754	425
754	512
754	594
754	647
754	656
754	664
754	845
754	877
755	82
755	467
755	509
755	778
755	808
755	849
755	866
755	888
755	909
755	953
755	956
755	969
756	339
756	582
756	738
756	748
756	772
756	812
756	876
756	926
756	957
756	990
756	998
756	1000
757	177
757	291
757	315
757	503
757	588
757	770
757	782
757	837
757	940
757	949
757	951
757	987
758	198
758	242
758	299
758	542
758	792
758	891
758	913
758	915
758	923
758	958
758	973
758	987
759	357
759	478
759	658
759	705
759	749
759	848
759	879
759	892
759	899
759	903
759	969
759	977
760	164
760	200
760	289
760	344
760	525
760	631
760	840
760	852
760	881
760	922
760	923
760	966
761	74
761	88
761	127
761	260
761	347
761	505
761	634
761	814
761	855
761	864
761	950
761	961
762	37
762	362
762	643
762	743
762	813
762	859
762	867
762	907
762	941
762	985
762	994
762	998
763	162
763	180
763	279
763	416
763	485
763	546
763	598
763	614
763	770
763	853
763	930
763	992
764	14
764	25
764	99
764	437
764	536
764	616
764	725
764	788
764	883
764	926
764	947
764	994
765	56
765	481
765	622
765	636
765	709
765	800
765	834
765	882
765	905
765	948
765	965
765	998
766	447
766	595
766	655
766	731
766	748
766	817
766	897
766	918
766	972
766	976
766	985
766	989
767	208
767	544
767	812
767	878
767	912
767	947
767	950
767	959
767	965
767	978
767	991
767	995
768	204
768	291
768	351
768	642
768	691
768	702
768	739
768	745
768	790
768	913
768	929
768	947
769	149
769	307
769	337
769	348
769	704
769	730
769	746
769	785
769	814
769	862
769	868
769	898
770	17
770	417
770	426
770	757
770	763
770	852
770	853
770	966
770	969
770	983
770	985
770	992
771	9
771	204
771	528
771	581
771	772
771	793
771	799
771	927
771	947
771	964
771	966
771	996
772	624
772	679
772	756
772	771
772	876
772	906
772	910
772	942
772	957
772	990
772	998
772	1000
773	201
773	425
773	438
773	524
773	560
773	569
773	664
773	827
773	840
773	877
773	970
773	994
774	518
774	610
774	689
774	697
774	803
774	862
774	866
774	872
774	883
774	890
774	898
774	912
775	253
775	283
775	632
775	654
775	718
775	725
775	819
775	828
775	893
775	955
775	963
775	966
776	7
776	66
776	89
776	309
776	453
776	851
776	877
776	883
776	924
776	942
776	960
776	982
777	618
777	633
777	838
777	876
777	941
777	957
777	958
777	966
777	983
777	990
777	998
777	1000
778	116
778	541
778	722
778	755
778	779
778	847
778	864
778	882
778	913
778	940
778	961
778	971
779	220
779	231
779	303
779	326
779	364
779	449
779	479
779	687
779	722
779	778
779	839
779	947
779	956
780	397
780	420
780	456
780	629
780	823
780	873
780	899
780	915
780	948
780	979
780	980
780	988
780	990
781	49
781	586
781	637
781	666
781	688
781	838
781	860
781	886
781	889
781	894
781	919
781	975
781	993
782	59
782	114
782	415
782	569
782	601
782	665
782	688
782	692
782	757
782	799
782	949
782	951
782	961
783	317
783	554
783	563
783	628
783	651
783	672
783	785
783	853
783	858
783	909
783	924
783	953
783	969
784	218
784	476
784	531
784	684
784	738
784	807
784	873
784	906
784	919
784	921
784	978
784	979
784	988
785	486
785	528
785	636
785	769
785	783
785	800
785	826
785	948
785	965
785	975
785	981
785	987
785	999
786	2
786	542
786	725
786	799
786	849
786	853
786	873
786	926
786	953
786	955
786	969
786	981
786	992
787	114
787	252
787	556
787	610
787	818
787	844
787	865
787	925
787	975
787	984
787	989
787	993
787	994
788	328
788	336
788	341
788	610
788	764
788	838
788	878
788	946
788	963
788	979
788	984
788	993
788	996
789	48
789	336
789	453
789	687
789	719
789	791
789	804
789	862
789	871
789	903
789	942
789	968
789	992
790	12
790	87
790	378
790	409
790	459
790	515
790	570
790	702
790	712
790	722
790	768
790	923
790	944
791	2
791	15
791	23
791	112
791	278
791	680
791	737
791	789
791	799
791	838
791	977
791	978
791	1000
792	478
792	549
792	758
792	849
792	890
792	909
792	915
792	935
792	952
792	958
792	964
792	987
792	997
793	581
793	662
793	668
793	771
793	799
793	819
793	853
793	869
793	881
793	923
793	966
793	992
793	1000
794	40
794	142
794	300
794	585
794	738
794	803
794	818
794	827
794	904
794	914
794	920
794	945
794	947
795	44
795	211
795	829
795	834
795	861
795	871
795	874
795	905
795	907
795	918
795	923
795	964
795	994
796	418
796	540
796	607
796	729
796	858
796	895
796	907
796	926
796	954
796	963
796	967
796	984
796	989
797	1
797	126
797	143
797	225
797	363
797	612
797	635
797	744
797	819
797	867
797	934
797	939
797	996
798	404
798	409
798	525
798	582
798	649
798	662
798	750
798	881
798	885
798	902
798	923
798	947
798	966
799	422
799	435
799	771
799	782
799	786
799	791
799	793
799	885
799	923
799	936
799	943
799	966
799	988
800	36
800	170
800	344
800	439
800	765
800	785
800	834
800	851
800	852
800	868
800	878
800	931
800	948
801	55
801	78
801	152
801	353
801	468
801	487
801	504
801	574
801	656
801	675
801	686
801	735
801	958
802	315
802	611
802	642
802	660
802	695
802	721
802	736
802	835
802	846
802	909
802	910
802	936
802	967
803	89
803	163
803	460
803	774
803	794
803	813
803	834
803	860
803	878
803	912
803	916
803	950
803	977
803	986
804	283
804	373
804	434
804	534
804	621
804	789
804	825
804	839
804	891
804	911
804	952
804	971
804	974
804	998
805	44
805	498
805	607
805	688
805	728
805	841
805	865
805	893
805	903
805	915
805	935
805	958
805	959
805	987
806	311
806	371
806	419
806	431
806	528
806	829
806	834
806	907
806	917
806	935
806	945
806	948
806	965
806	969
807	336
807	390
807	599
807	653
807	784
807	821
807	859
807	861
807	873
807	896
807	941
807	979
807	988
807	997
808	15
808	449
808	459
808	496
808	563
808	631
808	755
808	812
808	888
808	953
808	955
808	957
808	959
808	992
809	4
809	129
809	155
809	156
809	654
809	706
809	829
809	889
809	927
809	960
809	978
809	979
809	984
809	993
810	396
810	526
810	555
810	715
810	736
810	816
810	832
810	878
810	911
810	912
810	916
810	937
810	959
810	971
811	97
811	302
811	427
811	448
811	491
811	704
811	723
811	728
811	814
811	845
811	868
811	882
811	966
811	983
812	6
812	89
812	124
812	500
812	687
812	733
812	756
812	767
812	808
812	912
812	914
812	916
812	951
812	959
813	207
813	398
813	603
813	616
813	620
813	658
813	684
813	747
813	762
813	803
813	841
813	863
813	894
813	936
814	205
814	256
814	268
814	294
814	337
814	538
814	601
814	746
814	761
814	769
814	811
814	868
814	988
814	992
815	358
815	513
815	596
815	635
815	643
815	751
815	837
815	875
815	928
815	941
815	958
815	985
815	993
815	999
816	507
816	548
816	649
816	661
816	663
816	810
816	829
816	855
816	861
816	907
816	949
816	952
816	964
816	994
817	3
817	116
817	150
817	537
817	584
817	766
817	833
817	868
817	876
817	880
817	894
817	945
817	960
817	1000
818	81
818	713
818	738
818	748
818	787
818	794
818	833
818	852
818	870
818	894
818	904
818	923
818	977
818	984
819	13
819	47
819	356
819	495
819	538
819	615
819	775
819	793
819	797
819	858
819	926
819	941
819	972
819	976
820	209
820	361
820	461
820	564
820	648
820	734
820	830
820	836
820	865
820	870
820	902
820	909
820	933
820	938
821	211
821	265
821	376
821	421
821	469
821	669
821	725
821	807
821	823
821	895
821	954
821	979
821	988
821	992
822	128
822	177
822	329
822	461
822	476
822	841
822	878
822	886
822	899
822	900
822	940
822	959
822	986
822	988
823	174
823	372
823	517
823	669
823	705
823	780
823	821
823	873
823	901
823	932
823	979
823	982
823	988
823	1000
824	291
824	411
824	522
824	641
824	716
824	742
824	854
824	856
824	874
824	875
824	906
824	912
824	918
824	932
824	999
825	243
825	315
825	427
825	441
825	512
825	513
825	613
825	616
825	658
825	804
825	883
825	887
825	944
825	956
825	968
826	348
826	408
826	566
826	653
826	661
826	681
826	703
826	785
826	887
826	934
826	937
826	952
826	966
826	977
826	995
827	186
827	278
827	284
827	564
827	735
827	738
827	773
827	794
827	843
827	880
827	884
827	937
827	945
827	952
827	984
828	84
828	253
828	260
828	338
828	414
828	471
828	483
828	494
828	541
828	636
828	676
828	750
828	775
828	931
828	965
829	188
829	691
829	697
829	706
829	795
829	806
829	809
829	816
829	834
829	843
829	925
829	935
829	952
829	968
829	975
830	92
830	190
830	224
830	598
830	630
830	820
830	857
830	892
830	902
830	933
830	938
830	944
830	975
830	983
830	999
831	52
831	236
831	259
831	575
831	651
831	699
831	735
831	739
831	871
831	879
831	903
831	908
831	942
831	968
831	997
832	15
832	16
832	54
832	246
832	443
832	517
832	538
832	590
832	640
832	696
832	712
832	810
832	869
832	929
832	938
832	963
833	88
833	142
833	158
833	188
833	214
833	300
833	388
833	817
833	818
833	870
833	904
833	921
833	946
833	982
833	994
833	999
834	135
834	200
834	245
834	419
834	422
834	450
834	636
834	691
834	710
834	765
834	795
834	800
834	803
834	806
834	829
834	965
835	300
835	380
835	389
835	529
835	611
835	657
835	699
835	702
835	719
835	725
835	739
835	802
835	871
835	910
835	968
835	992
836	79
836	177
836	257
836	269
836	338
836	494
836	593
836	638
836	820
836	865
836	902
836	933
836	938
836	944
836	945
836	975
837	394
837	409
837	643
837	658
837	721
837	750
837	751
837	757
837	815
837	850
837	925
837	928
837	940
837	941
837	944
837	985
838	217
838	292
838	351
838	726
838	777
838	781
838	788
838	791
838	864
838	893
838	913
838	922
838	971
838	972
838	974
838	997
839	80
839	176
839	310
839	342
839	582
839	612
839	690
839	727
839	779
839	804
839	855
839	891
839	917
839	951
839	974
839	996
840	40
840	100
840	288
840	368
840	379
840	503
840	588
840	619
840	760
840	773
840	875
840	912
840	920
840	926
840	942
840	982
841	232
841	323
841	591
841	740
841	805
841	813
841	822
841	845
841	869
841	900
841	937
841	959
841	972
841	985
841	986
841	990
842	11
842	210
842	231
842	316
842	345
842	428
842	491
842	607
842	730
842	887
842	924
842	934
842	959
842	978
842	988
842	999
843	93
843	301
843	564
843	592
843	741
843	827
843	829
843	870
843	892
843	904
843	913
843	945
843	946
843	974
843	975
843	997
844	68
844	83
844	342
844	523
844	551
844	579
844	787
844	857
844	888
844	900
844	925
844	946
844	952
844	984
844	990
844	993
845	28
845	41
845	54
845	85
845	87
845	205
845	276
845	302
845	448
845	569
845	754
845	811
845	841
845	868
845	892
845	984
846	22
846	235
846	277
846	327
846	452
846	570
846	618
846	736
846	802
846	847
846	891
846	940
846	959
846	964
846	967
846	978
846	998
847	156
847	214
847	293
847	452
847	546
847	568
847	570
847	670
847	721
847	733
847	778
847	846
847	875
847	882
847	919
847	945
847	967
848	187
848	216
848	241
848	259
848	292
848	323
848	369
848	579
848	605
848	698
848	740
848	759
848	850
848	892
848	896
848	899
848	971
849	387
849	455
849	535
849	545
849	638
849	651
849	711
849	755
849	786
849	792
849	946
849	948
849	953
849	955
849	965
849	969
849	987
850	230
850	311
850	514
850	572
850	596
850	650
850	697
850	729
850	837
850	848
850	851
850	896
850	899
850	913
850	931
850	933
850	971
851	518
851	645
851	718
851	753
851	776
851	800
851	850
851	857
851	862
851	871
851	903
851	908
851	916
851	942
851	964
851	968
851	987
852	271
852	403
852	470
852	483
852	535
852	620
852	636
852	760
852	770
852	800
852	818
852	888
852	909
852	935
852	969
852	988
852	992
853	230
853	487
853	634
853	639
853	655
853	714
853	763
853	770
853	783
853	786
853	793
853	894
853	909
853	930
853	941
853	959
853	999
854	371
854	442
854	547
854	619
854	646
854	730
854	742
854	824
854	906
854	924
854	932
854	963
854	980
854	982
854	991
854	998
854	999
855	91
855	377
855	383
855	492
855	567
855	573
855	582
855	615
855	690
855	713
855	761
855	816
855	839
855	891
855	902
855	943
855	974
856	74
856	125
856	407
856	469
856	656
856	687
856	694
856	734
856	752
856	824
856	879
856	884
856	930
856	935
856	943
856	978
856	999
857	130
857	161
857	480
857	497
857	593
857	648
857	653
857	668
857	830
857	844
857	851
857	865
857	891
857	902
857	938
857	944
857	973
858	83
858	85
858	173
858	495
858	503
858	635
858	647
858	783
858	796
858	819
858	911
858	920
858	925
858	926
858	951
858	954
858	976
859	80
859	236
859	240
859	274
859	372
859	390
859	562
859	623
859	762
859	807
859	873
859	879
859	885
859	926
859	949
859	955
859	979
859	988
860	274
860	336
860	399
860	438
860	575
860	647
860	723
860	781
860	803
860	885
860	925
860	927
860	938
860	952
860	963
860	975
860	984
860	999
861	136
861	339
861	487
861	623
861	624
861	661
861	675
861	795
861	807
861	816
861	901
861	905
861	907
861	955
861	964
861	980
861	994
861	999
862	267
862	518
862	600
862	699
862	708
862	769
862	774
862	789
862	851
862	887
862	908
862	919
862	927
862	947
862	960
862	968
862	977
862	995
863	197
863	273
863	375
863	497
863	579
863	599
863	603
863	611
863	667
863	709
863	813
863	866
863	867
863	872
863	883
863	896
863	898
863	939
864	43
864	396
864	443
864	505
864	540
864	720
864	726
864	761
864	778
864	838
864	899
864	922
864	937
864	940
864	957
864	971
864	991
864	997
865	29
865	79
865	354
865	409
865	469
865	583
865	734
865	736
865	787
865	805
865	820
865	836
865	857
865	890
865	898
865	904
865	933
865	938
866	30
866	41
866	179
866	388
866	437
866	515
866	747
866	755
866	774
866	863
866	890
866	896
866	901
866	908
866	929
866	961
866	976
866	992
867	124
867	176
867	303
867	352
867	457
867	519
867	539
867	625
867	693
867	745
867	762
867	797
867	863
867	897
867	929
867	956
867	990
867	992
868	16
868	28
868	41
868	198
868	229
868	266
868	276
868	430
868	608
868	648
868	723
868	769
868	800
868	811
868	814
868	817
868	845
868	884
869	104
869	128
869	172
869	382
869	532
869	733
869	742
869	793
869	832
869	841
869	899
869	912
869	937
869	944
869	950
869	959
869	967
869	968
869	986
870	20
870	165
870	186
870	223
870	301
870	395
870	454
870	748
870	818
870	820
870	833
870	843
870	881
870	882
870	930
870	945
870	951
870	965
870	995
871	61
871	144
871	330
871	404
871	503
871	631
871	708
871	789
871	795
871	831
871	835
871	851
871	881
871	893
871	903
871	908
871	943
871	968
871	997
872	305
872	402
872	444
872	451
872	500
872	513
872	616
872	623
872	643
872	644
872	658
872	678
872	774
872	863
872	890
872	901
872	945
872	954
872	973
873	131
873	133
873	232
873	272
873	327
873	582
873	684
873	780
873	784
873	786
873	807
873	823
873	859
873	902
873	957
873	979
873	988
873	990
873	999
874	3
874	63
874	308
874	355
874	374
874	493
874	560
874	581
874	609
874	715
874	719
874	795
874	824
874	894
874	907
874	917
874	921
874	962
874	989
875	100
875	129
875	333
875	384
875	386
875	565
875	572
875	688
875	707
875	710
875	815
875	824
875	840
875	847
875	949
875	951
875	966
875	967
875	989
876	354
876	380
876	428
876	462
876	526
876	712
876	744
876	756
876	772
876	777
876	817
876	950
876	957
876	964
876	986
876	990
876	997
876	998
876	1000
877	285
877	363
877	373
877	413
877	418
877	468
877	487
877	504
877	524
877	552
877	678
877	692
877	747
877	754
877	773
877	776
877	904
877	935
877	981
878	51
878	123
878	361
878	480
878	565
878	587
878	594
878	706
878	767
878	788
878	800
878	803
878	810
878	822
878	912
878	916
878	936
878	982
878	986
879	75
879	486
879	660
879	729
879	759
879	831
879	856
879	859
879	931
879	963
879	973
879	980
879	996
879	998
879	1000
880	93
880	212
880	327
880	571
880	592
880	627
880	643
880	708
880	738
880	745
880	748
880	817
880	827
880	894
880	904
880	944
880	945
880	946
880	972
881	102
881	389
881	404
881	491
881	521
881	662
881	714
881	718
881	727
881	760
881	793
881	798
881	870
881	871
881	897
881	960
881	966
881	967
881	989
882	406
882	414
882	472
882	578
882	609
882	620
882	765
882	778
882	811
882	847
882	870
882	913
882	919
882	933
882	940
882	961
882	971
882	977
882	997
883	70
883	157
883	179
883	451
883	466
883	548
883	559
883	620
883	638
883	747
883	764
883	774
883	776
883	825
883	863
883	937
883	963
883	975
883	999
884	34
884	307
884	643
884	678
884	742
884	751
884	827
884	856
884	868
884	896
884	897
884	906
884	932
884	934
884	943
884	978
884	982
884	998
884	999
885	102
885	157
885	200
885	270
885	485
885	508
885	662
885	685
885	717
885	747
885	798
885	799
885	859
885	860
885	923
885	937
885	949
885	966
885	976
886	162
886	298
886	338
886	358
886	393
886	529
886	781
886	822
886	907
886	916
886	917
886	925
886	927
886	952
886	975
886	984
886	985
886	987
886	993
887	14
887	360
887	622
887	652
887	653
887	730
887	747
887	753
887	825
887	826
887	842
887	862
887	905
887	914
887	934
887	967
887	977
887	983
887	995
888	66
888	188
888	380
888	400
888	559
888	613
888	692
888	747
888	755
888	808
888	844
888	852
888	910
888	930
888	952
888	954
888	955
888	969
888	979
888	992
889	50
889	133
889	238
889	371
889	400
889	484
889	516
889	577
889	586
889	659
889	781
889	809
889	918
889	927
889	946
889	949
889	952
889	961
889	963
889	993
890	51
890	226
890	275
890	285
890	536
890	579
890	620
890	639
890	689
890	774
890	792
890	865
890	866
890	872
890	894
890	898
890	907
890	976
890	979
890	1000
891	283
891	312
891	506
891	534
891	599
891	615
891	621
891	690
891	731
891	758
891	804
891	839
891	846
891	855
891	857
891	941
891	953
891	974
891	981
891	996
892	261
892	357
892	529
892	566
892	578
892	604
892	650
892	759
892	830
892	843
892	845
892	848
892	896
892	899
892	909
892	915
892	934
892	937
892	964
892	990
893	95
893	145
893	183
893	347
893	470
893	474
893	560
893	700
893	728
893	775
893	805
893	838
893	871
893	915
893	924
893	935
893	958
893	970
893	979
893	987
894	150
894	439
894	564
894	627
894	693
894	723
894	748
894	781
894	813
894	817
894	818
894	853
894	874
894	880
894	890
894	898
894	904
894	945
894	967
894	987
895	19
895	134
895	295
895	318
895	368
895	498
895	545
895	548
895	608
895	630
895	642
895	674
895	693
895	796
895	821
895	936
895	981
895	985
895	986
895	989
896	261
896	349
896	529
896	604
896	647
896	680
896	705
896	807
896	848
896	850
896	863
896	866
896	884
896	892
896	899
896	966
896	969
896	991
896	994
896	997
897	22
897	351
897	459
897	473
897	511
897	539
897	548
897	611
897	670
897	671
897	709
897	745
897	766
897	867
897	881
897	884
897	929
897	956
897	961
897	986
898	45
898	51
898	241
898	243
898	375
898	423
898	444
898	611
898	639
898	667
898	769
898	774
898	863
898	865
898	890
898	894
898	919
898	938
898	941
898	986
898	997
899	311
899	316
899	349
899	383
899	426
899	514
899	604
899	698
899	729
899	759
899	780
899	822
899	848
899	850
899	864
899	869
899	892
899	896
899	931
899	934
899	997
900	138
900	161
900	220
900	323
900	361
900	472
900	592
900	594
900	629
900	694
900	708
900	744
900	822
900	841
900	844
900	916
900	923
900	950
900	959
900	970
900	1000
901	30
901	196
901	239
901	271
901	398
901	579
901	603
901	613
901	664
901	677
901	694
901	747
901	823
901	861
901	866
901	872
901	902
901	947
901	959
901	977
901	996
902	29
902	259
902	325
902	338
902	354
902	598
902	736
902	798
902	820
902	830
902	836
902	855
902	857
902	873
902	901
902	918
902	922
902	933
902	941
902	944
902	979
902	980
903	186
903	346
903	477
903	489
903	541
903	559
903	696
903	708
903	759
903	789
903	805
903	831
903	851
903	871
903	908
903	915
903	929
903	942
903	960
903	968
903	981
903	997
904	116
904	223
904	558
904	592
904	651
904	689
904	693
904	794
904	818
904	833
904	843
904	865
904	877
904	880
904	894
904	916
904	940
904	941
904	945
904	973
904	981
904	991
905	173
905	227
905	320
905	340
905	410
905	514
905	519
905	586
905	620
905	623
905	646
905	661
905	695
905	765
905	795
905	861
905	887
905	907
905	964
905	984
905	991
905	994
906	42
906	101
906	163
906	166
906	267
906	387
906	399
906	621
906	664
906	725
906	772
906	784
906	824
906	854
906	884
906	924
906	929
906	943
906	982
906	991
906	994
906	999
907	208
907	222
907	251
907	350
907	507
907	561
907	649
907	762
907	795
907	796
907	806
907	816
907	861
907	874
907	886
907	890
907	905
907	932
907	964
907	981
907	994
907	997
908	209
908	249
908	442
908	518
908	569
908	606
908	831
908	851
908	862
908	866
908	871
908	903
908	910
908	919
908	938
908	944
908	968
908	985
908	986
908	988
908	991
908	992
909	203
909	459
909	505
909	550
909	651
909	711
909	755
909	783
909	792
909	802
909	820
909	852
909	853
909	892
909	921
909	930
909	937
909	953
909	969
909	970
909	992
909	994
910	113
910	384
910	446
910	458
910	463
910	585
910	589
910	630
910	645
910	708
910	726
910	737
910	747
910	772
910	802
910	835
910	888
910	908
910	960
910	966
910	968
910	993
911	21
911	195
911	455
911	538
911	595
911	652
911	668
911	673
911	716
911	804
911	810
911	858
911	918
911	934
911	953
911	954
911	958
911	963
911	972
911	976
911	978
911	989
912	38
912	330
912	345
912	681
912	723
912	767
912	774
912	803
912	810
912	812
912	824
912	840
912	869
912	878
912	916
912	930
912	934
912	937
912	948
912	950
912	973
912	1000
913	26
913	98
913	181
913	447
913	726
913	758
913	768
913	778
913	838
913	843
913	850
913	882
913	917
913	933
913	940
913	941
913	960
913	961
913	970
913	971
913	980
913	997
914	4
914	55
914	78
914	261
914	305
914	313
914	321
914	352
914	526
914	562
914	657
914	667
914	671
914	685
914	713
914	734
914	735
914	794
914	812
914	887
914	963
914	991
915	12
915	57
915	97
915	110
915	206
915	362
915	522
915	553
915	578
915	752
915	758
915	780
915	792
915	805
915	892
915	893
915	903
915	935
915	954
915	958
915	970
915	983
915	987
916	105
916	208
916	233
916	329
916	488
916	537
916	594
916	634
916	635
916	659
916	687
916	803
916	810
916	812
916	851
916	878
916	886
916	900
916	904
916	912
916	950
916	962
916	986
917	8
917	53
917	154
917	184
917	293
917	326
917	340
917	374
917	376
917	391
917	436
917	484
917	606
917	646
917	672
917	806
917	839
917	874
917	886
917	913
917	921
917	962
917	986
918	23
918	115
918	192
918	445
918	476
918	492
918	504
918	647
918	663
918	766
918	795
918	824
918	889
918	902
918	911
918	939
918	943
918	954
918	959
918	972
918	976
918	989
918	999
919	1
919	36
919	198
919	217
919	549
919	571
919	682
919	710
919	720
919	725
919	781
919	784
919	847
919	862
919	882
919	898
919	908
919	922
919	938
919	940
919	961
919	997
919	1000
920	10
920	77
920	79
920	207
920	250
920	308
920	324
920	383
920	386
920	400
920	551
920	567
920	588
920	794
920	840
920	858
920	923
920	949
920	951
920	961
920	985
920	986
920	988
920	997
921	40
921	53
921	64
921	154
921	180
921	286
921	374
921	396
921	428
921	484
921	560
921	606
921	609
921	612
921	707
921	721
921	784
921	833
921	874
921	909
921	917
921	929
921	931
921	962
922	125
922	141
922	414
922	447
922	462
922	480
922	571
922	625
922	627
922	710
922	720
922	726
922	760
922	838
922	864
922	902
922	919
922	928
922	936
922	940
922	950
922	961
922	984
922	997
923	94
923	145
923	204
923	355
923	422
923	453
923	469
923	498
923	581
923	662
923	737
923	758
923	760
923	790
923	793
923	795
923	798
923	799
923	818
923	885
923	900
923	920
923	966
923	983
924	35
924	116
924	154
924	332
924	415
924	512
924	597
924	666
924	694
924	711
924	714
924	776
924	783
924	842
924	854
924	893
924	906
924	929
924	943
924	953
924	968
924	978
924	982
924	999
925	306
925	335
925	342
925	466
925	522
925	719
925	787
925	829
925	837
925	844
925	858
925	860
925	886
925	927
925	933
925	941
925	946
925	957
925	967
925	972
925	975
925	984
925	993
925	995
926	126
926	175
926	310
926	492
926	519
926	538
926	580
926	641
926	731
926	756
926	764
926	786
926	796
926	819
926	840
926	858
926	859
926	939
926	943
926	948
926	965
926	972
926	976
926	989
927	13
927	159
927	228
927	427
927	478
927	530
927	602
927	637
927	703
927	752
927	771
927	809
927	860
927	862
927	886
927	889
927	925
927	946
927	975
927	976
927	984
927	988
927	989
927	993
928	49
928	85
928	95
928	108
928	250
928	269
928	482
928	513
928	532
928	547
928	604
928	743
928	750
928	751
928	815
928	837
928	922
928	941
928	965
928	975
928	987
928	993
928	995
928	996
929	123
929	147
929	213
929	303
929	424
929	440
929	486
929	558
929	625
929	702
929	722
929	768
929	832
929	866
929	867
929	897
929	903
929	906
929	921
929	924
929	947
929	951
929	975
929	991
929	996
930	31
930	103
930	193
930	263
930	271
930	289
930	354
930	449
930	689
930	763
930	853
930	856
930	870
930	888
930	909
930	912
930	942
930	955
930	956
930	969
930	988
930	989
930	991
930	992
930	998
931	109
931	593
931	724
931	800
931	828
931	850
931	879
931	899
931	921
931	948
931	953
931	963
931	966
931	972
931	973
931	980
931	982
931	996
932	178
932	224
932	286
932	322
932	366
932	398
932	408
932	456
932	467
932	535
932	666
932	678
932	694
932	823
932	824
932	854
932	884
932	907
932	942
932	943
932	960
932	978
932	982
932	996
932	999
933	190
933	276
933	306
933	325
933	424
933	459
933	571
933	583
933	668
933	734
933	820
933	830
933	836
933	850
933	865
933	882
933	902
933	913
933	925
933	936
933	938
933	944
933	956
933	970
933	994
934	10
934	76
934	203
934	257
934	351
934	473
934	517
934	543
934	577
934	589
934	603
934	614
934	704
934	753
934	797
934	826
934	842
934	884
934	887
934	892
934	899
934	911
934	912
934	977
934	983
934	995
935	27
935	145
935	341
935	474
935	488
935	501
935	525
935	534
935	655
935	707
935	732
935	792
935	805
935	806
935	829
935	852
935	856
935	877
935	893
935	915
935	939
935	958
935	970
935	980
935	982
935	987
936	19
936	241
936	245
936	337
936	353
936	477
936	545
936	591
936	648
936	674
936	679
936	729
936	752
936	799
936	802
936	813
936	878
936	895
936	922
936	933
936	940
936	941
936	981
936	986
936	989
936	990
937	139
937	161
937	360
937	395
937	470
937	518
937	584
937	589
937	687
937	715
937	733
937	810
937	826
937	827
937	841
937	864
937	869
937	883
937	885
937	892
937	909
937	912
937	950
937	959
937	981
937	986
938	105
938	118
938	120
938	203
938	245
938	259
938	444
938	497
938	583
938	598
938	639
938	668
938	716
938	820
938	830
938	832
938	836
938	857
938	860
938	865
938	898
938	908
938	919
938	933
938	944
938	946
938	959
939	182
939	234
939	265
939	273
939	343
939	476
939	493
939	500
939	635
939	644
939	659
939	663
939	673
939	697
939	737
939	797
939	863
939	918
939	926
939	935
939	972
939	976
939	977
939	985
939	986
939	989
939	990
940	32
940	204
940	258
940	320
940	321
940	347
940	554
940	682
940	710
940	757
940	778
940	822
940	837
940	846
940	864
940	882
940	904
940	913
940	919
940	922
940	936
940	948
940	949
940	957
940	971
940	974
940	997
941	228
941	332
941	394
941	403
941	482
941	532
941	562
941	631
941	750
941	751
941	762
941	777
941	807
941	815
941	819
941	837
941	853
941	891
941	898
941	902
941	904
941	913
941	925
941	928
941	936
941	969
941	985
942	7
942	46
942	71
942	373
942	411
942	446
942	488
942	499
942	575
942	685
942	699
942	719
942	739
942	772
942	776
942	789
942	831
942	840
942	851
942	903
942	930
942	932
942	953
942	959
942	960
942	973
942	984
942	987
943	234
943	484
943	523
943	552
943	567
943	578
943	597
943	678
943	683
943	689
943	714
943	739
943	742
943	799
943	855
943	856
943	871
943	884
943	906
943	918
943	924
943	926
943	932
943	971
943	975
943	978
943	982
943	999
944	59
944	69
944	105
944	110
944	118
944	294
944	340
944	375
944	392
944	431
944	494
944	506
944	560
944	668
944	686
944	734
944	790
944	825
944	830
944	836
944	837
944	857
944	869
944	880
944	902
944	908
944	933
944	938
945	52
945	53
945	88
945	301
945	405
945	527
945	564
945	574
945	592
945	627
945	642
945	645
945	679
945	683
945	743
945	794
945	806
945	817
945	827
945	836
945	843
945	847
945	870
945	872
945	880
945	894
945	904
945	956
945	982
946	119
946	155
946	173
946	287
946	393
946	439
946	478
946	488
946	513
946	602
946	691
946	728
946	788
946	833
946	843
946	844
946	849
946	880
946	889
946	925
946	927
946	938
946	952
946	960
946	974
946	975
946	978
946	984
946	993
947	12
947	98
947	106
947	189
947	223
947	238
947	325
947	378
947	457
947	458
947	479
947	496
947	597
947	611
947	613
947	709
947	745
947	764
947	767
947	768
947	771
947	779
947	794
947	798
947	862
947	901
947	929
947	956
947	962
948	56
948	135
948	147
948	282
948	312
948	316
948	344
948	401
948	431
948	434
948	455
948	496
948	528
948	624
948	636
948	703
948	765
948	780
948	785
948	800
948	806
948	849
948	912
948	926
948	931
948	940
948	951
948	965
948	968
948	985
949	22
949	128
949	265
949	280
949	288
949	319
949	324
949	415
949	423
949	503
949	511
949	572
949	666
949	677
949	690
949	717
949	757
949	782
949	816
949	859
949	875
949	885
949	889
949	920
949	940
949	950
949	951
949	954
949	955
949	959
950	50
950	214
950	398
950	460
950	465
950	470
950	485
950	509
950	570
950	584
950	638
950	697
950	715
950	717
950	740
950	761
950	767
950	803
950	869
950	876
950	900
950	912
950	916
950	922
950	937
950	949
950	961
950	973
950	975
950	986
951	136
951	177
951	185
951	296
951	378
951	415
951	422
951	436
951	536
951	546
951	551
951	565
951	686
951	688
951	717
951	757
951	782
951	812
951	839
951	858
951	870
951	875
951	920
951	929
951	948
951	949
951	953
951	969
951	971
951	986
952	6
952	130
952	191
952	281
952	335
952	341
952	478
952	516
952	576
952	577
952	665
952	685
952	690
952	696
952	706
952	792
952	804
952	816
952	826
952	827
952	829
952	844
952	860
952	886
952	888
952	889
952	946
952	955
952	975
952	977
952	984
953	66
953	137
953	213
953	287
953	289
953	436
953	457
953	491
953	502
953	505
953	535
953	542
953	557
953	628
953	644
953	755
953	783
953	786
953	808
953	849
953	891
953	909
953	911
953	924
953	931
953	942
953	951
953	955
953	969
953	991
953	992
954	47
954	138
954	140
954	144
954	445
954	476
954	492
954	540
954	607
954	639
954	689
954	690
954	704
954	716
954	721
954	740
954	744
954	796
954	821
954	858
954	872
954	888
954	911
954	915
954	918
954	949
954	962
954	974
954	976
954	989
954	997
955	84
955	175
955	266
955	284
955	394
955	440
955	483
955	505
955	546
955	559
955	602
955	628
955	634
955	648
955	651
955	674
955	692
955	749
955	775
955	786
955	808
955	849
955	859
955	861
955	888
955	930
955	949
955	952
955	953
955	983
955	995
956	18
956	21
956	123
956	148
956	202
956	231
956	258
956	291
956	325
956	401
956	457
956	479
956	502
956	523
956	603
956	611
956	688
956	700
956	709
956	755
956	779
956	825
956	867
956	897
956	930
956	933
956	945
956	947
956	957
956	959
956	982
957	82
957	164
957	305
957	382
957	410
957	411
957	464
957	514
957	599
957	633
957	641
957	675
957	685
957	689
957	705
957	712
957	731
957	756
957	772
957	777
957	808
957	864
957	873
957	876
957	925
957	940
957	956
957	990
957	994
957	995
957	998
957	1000
958	76
958	146
958	201
958	248
958	331
958	335
958	395
958	404
958	444
958	498
958	549
958	559
958	681
958	727
958	728
958	733
958	758
958	777
958	792
958	801
958	805
958	815
958	893
958	911
958	915
958	935
958	965
958	970
958	984
958	987
958	992
958	993
959	104
959	115
959	163
959	214
959	330
959	361
959	496
959	672
959	715
959	733
959	746
959	767
959	805
959	808
959	810
959	812
959	822
959	841
959	842
959	846
959	853
959	869
959	900
959	901
959	918
959	937
959	938
959	942
959	949
959	956
959	973
959	974
959	986
960	237
960	380
960	423
960	453
960	463
960	472
960	489
960	501
960	527
960	631
960	635
960	661
960	662
960	699
960	708
960	739
960	776
960	809
960	817
960	862
960	881
960	903
960	910
960	913
960	932
960	942
960	946
960	963
960	968
960	980
960	985
960	986
960	995
961	26
961	95
961	118
961	251
961	257
961	269
961	381
961	431
961	436
961	450
961	527
961	554
961	580
961	594
961	619
961	655
961	710
961	720
961	761
961	778
961	782
961	866
961	882
961	889
961	897
961	913
961	919
961	920
961	922
961	950
961	964
961	971
961	987
961	997
962	3
962	29
962	56
962	63
962	86
962	184
962	194
962	308
962	376
962	392
962	457
962	472
962	484
962	502
962	560
962	606
962	609
962	612
962	619
962	642
962	646
962	668
962	682
962	737
962	744
962	874
962	916
962	917
962	921
962	947
962	954
962	973
962	978
962	982
963	274
963	279
963	379
963	576
963	601
963	719
963	724
963	727
963	745
963	775
963	788
963	796
963	832
963	854
963	860
963	879
963	883
963	889
963	911
963	914
963	931
963	960
963	973
963	976
963	980
963	996
964	103
964	140
964	247
964	261
964	281
964	307
964	320
964	334
964	339
964	377
964	402
964	429
964	433
964	466
964	561
964	585
964	623
964	649
964	661
964	667
964	771
964	792
964	795
964	816
964	846
964	851
964	861
964	876
964	892
964	905
964	907
964	961
964	969
964	994
964	999
965	161
965	170
965	343
965	344
965	357
965	371
965	401
965	419
965	426
965	434
965	450
965	455
965	466
965	486
965	495
965	528
965	624
965	636
965	720
965	765
965	767
965	785
965	806
965	828
965	834
965	849
965	870
965	926
965	928
965	948
965	958
965	969
965	971
965	977
965	990
966	84
966	96
966	157
966	341
966	355
966	371
966	377
966	389
966	404
966	485
966	491
966	508
966	525
966	566
966	581
966	602
966	678
966	705
966	760
966	770
966	771
966	775
966	777
966	793
966	798
966	799
966	811
966	826
966	875
966	881
966	885
966	896
966	910
966	923
966	931
966	981
967	43
967	156
967	170
967	178
967	246
967	297
967	315
967	322
967	327
967	345
967	363
967	367
967	430
967	474
967	510
967	536
967	555
967	574
967	581
967	590
967	670
967	695
967	721
967	736
967	796
967	802
967	846
967	847
967	869
967	875
967	881
967	887
967	894
967	925
967	996
967	998
968	25
968	26
968	98
968	117
968	169
968	285
968	317
968	384
968	423
968	450
968	483
968	575
968	600
968	645
968	657
968	672
968	739
968	746
968	789
968	825
968	829
968	831
968	835
968	851
968	862
968	869
968	871
968	903
968	908
968	910
968	924
968	948
968	960
968	975
968	984
968	992
969	230
969	385
969	387
969	412
969	428
969	475
969	529
969	588
969	623
969	628
969	651
969	694
969	711
969	734
969	755
969	759
969	770
969	783
969	786
969	806
969	849
969	852
969	888
969	896
969	909
969	930
969	941
969	951
969	953
969	964
969	965
969	982
969	992
969	993
969	994
969	998
970	57
970	91
970	97
970	122
970	146
970	169
970	180
970	190
970	212
970	299
970	317
970	321
970	331
970	362
970	410
970	414
970	429
970	442
970	501
970	549
970	692
970	732
970	773
970	893
970	900
970	909
970	913
970	915
970	933
970	935
970	958
970	985
970	986
970	987
970	989
970	993
971	71
971	95
971	127
971	153
971	194
971	251
971	267
971	292
971	407
971	482
971	531
971	571
971	580
971	582
971	640
971	672
971	710
971	715
971	726
971	778
971	804
971	810
971	838
971	848
971	850
971	864
971	882
971	913
971	940
971	943
971	951
971	961
971	965
971	973
971	985
971	997
972	32
972	94
972	140
972	195
972	227
972	243
972	273
972	359
972	445
972	492
972	493
972	519
972	524
972	538
972	573
972	574
972	589
972	647
972	694
972	697
972	704
972	717
972	744
972	766
972	819
972	838
972	841
972	880
972	911
972	918
972	925
972	926
972	931
972	939
972	976
972	989
972	990
973	54
973	61
973	143
973	149
973	233
973	248
973	298
973	309
973	370
973	464
973	481
973	523
973	530
973	553
973	576
973	598
973	601
973	617
973	724
973	758
973	857
973	872
973	879
973	904
973	912
973	931
973	942
973	950
973	959
973	962
973	963
973	971
973	980
973	984
973	989
973	992
973	996
974	5
974	80
974	124
974	148
974	247
974	283
974	310
974	373
974	443
974	506
974	534
974	564
974	567
974	573
974	577
974	582
974	607
974	615
974	621
974	625
974	657
974	681
974	690
974	700
974	724
974	804
974	838
974	839
974	843
974	855
974	891
974	940
974	946
974	954
974	959
974	993
974	997
975	58
975	184
975	274
975	281
975	290
975	328
975	358
975	359
975	377
975	476
975	477
975	610
975	637
975	708
975	749
975	781
975	785
975	787
975	829
975	830
975	836
975	843
975	860
975	883
975	886
975	925
975	927
975	928
975	929
975	943
975	946
975	950
975	952
975	968
975	978
975	984
975	993
976	229
976	272
976	319
976	329
976	364
976	419
976	479
976	493
976	495
976	539
976	546
976	547
976	635
976	647
976	673
976	686
976	716
976	726
976	731
976	766
976	819
976	858
976	866
976	885
976	890
976	911
976	918
976	926
976	927
976	939
976	954
976	963
976	972
976	978
976	989
976	992
976	998
976	999
977	10
977	33
977	60
977	68
977	93
977	192
977	203
977	217
977	239
977	304
977	314
977	364
977	440
977	473
977	543
977	562
977	614
977	617
977	629
977	653
977	734
977	753
977	759
977	791
977	803
977	818
977	826
977	862
977	882
977	887
977	901
977	934
977	939
977	952
977	965
977	979
977	983
977	995
977	997
978	24
978	81
978	101
978	197
978	273
978	316
978	324
978	435
978	474
978	512
978	520
978	550
978	608
978	636
978	666
978	682
978	683
978	708
978	709
978	744
978	748
978	767
978	784
978	791
978	809
978	842
978	846
978	856
978	884
978	911
978	924
978	932
978	943
978	946
978	962
978	975
978	976
978	982
978	990
978	999
979	3
979	39
979	66
979	112
979	174
979	195
979	211
979	218
979	232
979	240
979	290
979	312
979	356
979	418
979	420
979	421
979	471
979	488
979	531
979	603
979	669
979	681
979	685
979	740
979	780
979	784
979	788
979	807
979	809
979	821
979	823
979	859
979	873
979	888
979	890
979	893
979	902
979	977
979	988
979	989
979	991
980	67
980	86
980	107
980	120
980	132
980	137
980	143
980	152
980	168
980	279
980	284
980	298
980	329
980	334
980	370
980	393
980	417
980	460
980	526
980	530
980	546
980	553
980	576
980	598
980	601
980	650
980	653
980	724
980	780
980	854
980	861
980	879
980	902
980	913
980	931
980	935
980	960
980	963
980	973
980	988
980	990
980	996
981	103
981	134
981	241
981	245
981	260
981	265
981	277
981	318
981	353
981	368
981	405
981	406
981	452
981	475
981	477
981	516
981	545
981	553
981	568
981	630
981	642
981	648
981	674
981	679
981	693
981	718
981	726
981	728
981	752
981	785
981	786
981	877
981	891
981	895
981	903
981	904
981	907
981	936
981	937
981	966
981	997
981	999
982	8
982	11
982	42
982	145
982	155
982	288
982	412
982	428
982	467
982	469
982	520
982	527
982	549
982	617
982	618
982	629
982	651
982	678
982	694
982	714
982	719
982	730
982	776
982	823
982	833
982	840
982	854
982	878
982	884
982	906
982	924
982	931
982	932
982	935
982	943
982	945
982	956
982	962
982	969
982	978
982	993
982	999
983	11
983	14
983	33
983	150
983	260
983	288
983	304
983	314
983	318
983	346
983	356
983	366
983	381
983	425
983	440
983	445
983	504
983	521
983	543
983	589
983	596
983	614
983	617
983	622
983	632
983	653
983	681
983	693
983	703
983	753
983	770
983	777
983	811
983	830
983	887
983	915
983	923
983	934
983	955
983	977
983	987
983	989
983	995
984	83
984	253
984	262
984	322
984	335
984	355
984	365
984	393
984	413
984	439
984	577
984	580
984	581
984	586
984	665
984	702
984	706
984	745
984	787
984	788
984	796
984	809
984	818
984	827
984	844
984	845
984	860
984	886
984	905
984	922
984	925
984	927
984	942
984	946
984	952
984	958
984	968
984	973
984	975
984	992
984	993
984	998
984	1000
985	37
985	69
985	85
985	153
985	228
985	269
985	271
985	314
985	332
985	394
985	403
985	482
985	513
985	532
985	547
985	571
985	587
985	607
985	617
985	643
985	669
985	738
985	743
985	750
985	751
985	762
985	766
985	770
985	815
985	837
985	841
985	886
985	895
985	908
985	920
985	939
985	941
985	948
985	960
985	970
985	971
985	986
985	992
986	115
986	162
986	220
986	247
986	329
986	342
986	372
986	396
986	460
986	470
986	472
986	477
986	480
986	509
986	551
986	555
986	584
986	594
986	612
986	687
986	715
986	740
986	741
986	751
986	803
986	822
986	841
986	869
986	876
986	878
986	895
986	897
986	898
986	908
986	916
986	917
986	920
986	936
986	937
986	939
986	950
986	951
986	959
986	960
986	970
986	985
987	21
987	109
987	122
987	169
987	170
987	226
987	238
987	242
987	299
987	319
987	335
987	362
987	390
987	395
987	442
987	453
987	474
987	488
987	498
987	501
987	502
987	537
987	727
987	728
987	732
987	735
987	753
987	757
987	758
987	785
987	792
987	805
987	849
987	851
987	886
987	893
987	894
987	915
987	928
987	935
987	942
987	958
987	961
987	970
987	983
987	988
988	39
988	113
988	131
988	153
988	221
988	236
988	240
988	312
988	320
988	370
988	372
988	390
988	418
988	420
988	421
988	456
988	490
988	511
988	526
988	531
988	562
988	593
988	605
988	669
988	681
988	684
988	739
988	780
988	784
988	799
988	807
988	814
988	821
988	822
988	823
988	842
988	852
988	859
988	873
988	908
988	920
988	927
988	930
988	979
988	980
988	987
988	989
989	42
989	93
989	268
989	343
989	347
989	364
989	384
989	391
989	465
989	476
989	481
989	495
989	541
989	595
989	607
989	614
989	621
989	635
989	659
989	663
989	673
989	716
989	731
989	766
989	787
989	796
989	874
989	875
989	881
989	895
989	911
989	918
989	926
989	927
989	930
989	936
989	939
989	954
989	970
989	972
989	973
989	976
989	979
989	983
989	988
989	992
989	995
990	50
990	138
990	148
990	165
990	171
990	172
990	175
990	199
990	216
990	217
990	386
990	408
990	411
990	433
990	494
990	507
990	533
990	539
990	544
990	597
990	599
990	633
990	641
990	644
990	668
990	712
990	746
990	748
990	756
990	772
990	777
990	780
990	841
990	844
990	867
990	873
990	876
990	892
990	936
990	939
990	957
990	965
990	972
990	978
990	980
990	998
990	1000
991	4
991	73
991	120
991	137
991	159
991	174
991	206
991	212
991	215
991	219
991	270
991	277
991	308
991	313
991	321
991	365
991	406
991	432
991	479
991	526
991	540
991	548
991	591
991	630
991	644
991	652
991	671
991	685
991	710
991	713
991	720
991	735
991	742
991	743
991	767
991	854
991	864
991	896
991	904
991	905
991	906
991	908
991	914
991	929
991	930
991	953
991	979
991	1000
992	17
992	31
992	94
992	135
992	141
992	193
992	230
992	264
992	266
992	287
992	376
992	385
992	430
992	449
992	505
992	542
992	546
992	563
992	653
992	654
992	692
992	719
992	732
992	763
992	770
992	786
992	789
992	793
992	808
992	814
992	821
992	835
992	852
992	866
992	867
992	888
992	908
992	909
992	930
992	953
992	958
992	968
992	969
992	973
992	976
992	984
992	985
992	989
993	6
993	53
993	133
993	332
993	341
993	342
993	348
993	358
993	359
993	399
993	400
993	468
993	477
993	518
993	530
993	532
993	537
993	579
993	586
993	598
993	643
993	662
993	665
993	676
993	691
993	706
993	737
993	740
993	753
993	781
993	787
993	788
993	809
993	815
993	844
993	886
993	889
993	910
993	925
993	927
993	928
993	946
993	958
993	969
993	970
993	974
993	975
993	982
993	984
994	44
994	49
994	70
994	191
994	222
994	227
994	244
994	247
994	264
994	297
994	307
994	310
994	320
994	339
994	340
994	366
994	377
994	402
994	429
994	447
994	506
994	507
994	528
994	553
994	561
994	587
994	623
994	649
994	650
994	661
994	665
994	710
994	762
994	764
994	773
994	787
994	795
994	816
994	833
994	861
994	896
994	905
994	906
994	907
994	909
994	933
994	957
994	964
994	969
995	111
995	126
995	147
995	192
995	199
995	264
995	297
995	304
995	314
995	351
995	356
995	360
995	381
995	398
995	434
995	437
995	440
995	444
995	456
995	473
995	520
995	521
995	533
995	543
995	585
995	589
995	617
995	628
995	629
995	653
995	663
995	681
995	703
995	717
995	753
995	767
995	826
995	862
995	870
995	887
995	925
995	928
995	934
995	955
995	957
995	960
995	977
995	983
995	989
996	54
996	61
996	67
996	107
996	132
996	149
996	152
996	168
996	233
996	240
996	248
996	279
996	284
996	298
996	334
996	355
996	370
996	408
996	451
996	480
996	485
996	500
996	506
996	530
996	540
996	550
996	553
996	576
996	601
996	621
996	657
996	692
996	714
996	724
996	771
996	788
996	797
996	839
996	879
996	891
996	901
996	928
996	929
996	931
996	932
996	963
996	967
996	973
996	980
997	36
997	68
997	71
997	74
997	75
997	167
997	181
997	194
997	258
997	370
997	406
997	414
997	436
997	456
997	502
997	543
997	578
997	580
997	608
997	615
997	655
997	680
997	682
997	698
997	720
997	792
997	807
997	831
997	838
997	843
997	864
997	871
997	876
997	882
997	896
997	898
997	899
997	903
997	907
997	913
997	919
997	920
997	922
997	940
997	954
997	961
997	971
997	974
997	977
997	981
998	50
998	58
998	82
998	148
998	165
998	182
998	195
998	221
998	257
998	328
998	382
998	408
998	411
998	416
998	462
998	464
998	505
998	509
998	533
998	544
998	584
998	599
998	609
998	633
998	641
998	646
998	671
998	677
998	691
998	712
998	751
998	756
998	762
998	765
998	772
998	777
998	804
998	846
998	854
998	876
998	879
998	884
998	930
998	957
998	967
998	969
998	976
998	984
998	990
998	1000
999	24
999	63
999	131
999	164
999	179
999	234
999	267
999	286
999	350
999	428
999	441
999	469
999	520
999	522
999	527
999	550
999	558
999	595
999	602
999	608
999	683
999	714
999	718
999	727
999	730
999	742
999	785
999	815
999	824
999	830
999	833
999	842
999	853
999	854
999	856
999	860
999	861
999	873
999	883
999	884
999	906
999	918
999	924
999	932
999	943
999	964
999	976
999	978
999	981
999	982
1000	58
1000	69
1000	151
1000	171
1000	172
1000	216
1000	218
1000	221
1000	257
1000	298
1000	305
1000	326
1000	331
1000	382
1000	408
1000	433
1000	462
1000	464
1000	515
1000	533
1000	544
1000	599
1000	633
1000	641
1000	649
1000	683
1000	703
1000	712
1000	725
1000	743
1000	750
1000	751
1000	756
1000	772
1000	777
1000	791
1000	793
1000	817
1000	823
1000	876
1000	879
1000	890
1000	900
1000	912
1000	919
1000	957
1000	984
1000	990
1000	991
1000	998
