1	702
1	730
1	959
1	967
2	380
2	895
2	914
2	954
3	360
3	781
3	813
3	928
4	186
4	356
4	881
4	988
5	379
5	509
5	686
5	720
6	633
6	798
6	970
6	993
7	582
7	724
7	913
7	933
8	478
8	819
8	952
8	984
9	490
9	956
9	984
9	1000
10	715
10	826
10	851
10	962
11	849
11	973
11	992
11	996
12	193
12	726
12	841
12	914
13	416
13	567
13	649
13	978
14	35
14	418
14	877
14	984
15	383
15	572
15	946
15	970
16	800
16	967
16	982
16	999
17	659
17	789
17	916
17	994
18	225
18	880
18	906
18	994
19	726
19	825
19	929
19	942
20	241
20	894
20	941
20	944
21	88
21	386
21	615
21	993
22	146
22	190
22	851
22	955
23	43
23	409
23	910
23	970
24	700
24	839
24	958
24	997
25	296
25	408
25	443
25	933
26	351
26	467
26	593
26	716
27	190
27	386
27	794
27	952
28	41
28	383
28	999
28	1000
29	139
29	788
29	943
29	989
30	318
30	606
30	670
30	953
31	249
31	826
31	976
31	998
32	243
32	730
32	865
32	999
33	572
33	910
33	925
33	993
34	742
34	886
34	989
34	999
35	14
35	207
35	213
35	962
36	439
36	808
36	939
36	992
37	393
37	925
37	955
37	993
38	420
38	742
38	875
38	953
39	873
39	959
39	987
39	997
40	410
40	720
40	986
40	991
41	28
41	594
41	949
41	954
42	450
42	866
42	898
42	950
43	23
43	230
43	430
43	771
44	393
44	631
44	956
44	1000
45	115
45	604
45	929
45	993
46	539
46	977
46	979
46	988
47	850
47	919
47	944
47	989
48	56
48	873
48	876
48	917
49	414
49	596
49	796
49	996
50	858
50	859
50	955
50	960
51	549
51	769
51	788
51	806
52	467
52	525
52	836
52	969
53	278
53	578
53	813
53	957
54	67
54	837
54	945
54	948
55	126
55	310
55	533
55	660
56	48
56	630
56	805
56	940
57	121
57	780
57	881
57	977
58	678
58	970
58	978
58	1000
59	585
59	692
59	755
59	995
60	382
60	638
60	709
60	872
61	778
61	782
61	788
61	892
62	111
62	630
62	916
62	969
63	890
63	973
63	992
63	999
64	850
64	955
64	978
64	996
65	199
65	522
65	889
65	943
66	607
66	933
66	950
66	990
67	54
67	871
67	885
67	922
68	223
68	456
68	561
68	998
69	797
69	852
69	902
69	995
70	293
70	669
70	870
70	931
71	743
71	918
71	964
71	980
72	458
72	621
72	675
72	964
73	158
73	645
73	791
73	916
74	544
74	719
74	855
74	994
75	392
75	960
75	966
75	994
76	263
76	588
76	778
76	977
77	149
77	299
77	774
77	969
78	227
78	622
78	917
78	987
79	626
79	896
79	908
79	921
80	311
80	558
80	627
80	915
81	483
81	505
81	674
81	962
82	906
82	944
82	974
82	983
83	203
83	732
83	799
83	818
84	551
84	724
84	869
84	969
85	744
85	819
85	989
85	999
86	843
86	866
86	903
86	983
87	574
87	641
87	977
87	988
88	21
88	807
88	865
88	970
89	847
89	941
89	944
89	994
90	551
90	644
90	978
90	1000
91	426
91	984
91	985
91	995
92	863
92	925
92	970
92	990
93	142
93	485
93	921
93	989
94	665
94	853
94	923
94	980
95	951
95	961
95	989
95	999
96	698
96	742
96	773
96	868
97	410
97	629
97	945
97	948
98	616
98	833
98	841
98	922
99	548
99	585
99	985
99	990
100	345
100	673
100	903
100	983
101	103
101	864
101	974
101	998
102	655
102	864
102	943
102	998
103	101
103	641
103	930
103	953
104	712
104	851
104	968
104	996
105	565
105	777
105	991
105	995
106	516
106	952
106	981
106	985
107	231
107	520
107	749
107	991
108	509
108	679
108	904
108	921
109	505
109	904
109	949
109	991
110	364
110	579
110	932
110	965
111	62
111	756
111	955
111	975
112	633
112	889
112	936
112	994
113	388
113	895
113	978
113	1000
114	300
114	630
114	747
114	962
115	45
115	333
115	934
115	943
116	818
116	900
116	934
116	984
117	661
117	715
117	883
117	948
118	554
118	862
118	961
118	967
119	721
119	979
119	986
119	991
120	405
120	664
120	746
120	816
121	57
121	911
121	932
121	965
122	917
122	969
122	972
122	997
123	574
123	844
123	861
123	906
124	182
124	677
124	782
124	926
125	840
125	895
125	963
125	983
126	55
126	896
126	921
126	925
127	329
127	635
127	963
127	995
128	161
128	499
128	817
128	982
129	655
129	950
129	957
129	976
130	274
130	598
130	939
130	980
131	337
131	865
131	956
131	989
132	143
132	474
132	866
132	879
133	136
133	415
133	753
133	833
134	600
134	916
134	941
134	944
135	436
135	600
135	927
135	982
136	133
136	872
136	922
136	940
137	353
137	789
137	986
137	991
138	172
138	893
138	928
138	976
139	29
139	614
139	968
139	992
140	484
140	741
140	832
140	924
141	508
141	681
141	850
141	970
142	93
142	908
142	921
142	928
143	132
143	481
143	693
143	960
144	280
144	618
144	818
144	879
145	495
145	742
145	975
145	996
146	22
146	681
146	934
146	943
147	594
147	772
147	929
147	993
148	738
148	852
148	989
148	999
149	77
149	378
149	957
149	998
150	217
150	861
150	903
150	926
151	354
151	555
151	873
151	947
152	254
152	892
152	934
152	943
153	749
153	859
153	986
153	993
154	773
154	782
154	830
154	880
155	566
155	851
155	858
155	930
156	547
156	615
156	777
156	967
157	626
157	862
157	899
157	922
158	73
158	819
158	836
158	918
159	224
159	893
159	957
159	967
160	292
160	421
160	727
160	815
161	128
161	715
161	747
161	962
162	687
162	791
162	925
162	929
163	486
163	596
163	879
163	983
164	881
164	941
164	944
164	946
165	445
165	852
165	884
165	938
166	741
166	794
166	896
166	919
167	639
167	866
167	945
167	983
168	481
168	573
168	872
168	942
169	515
169	638
169	924
169	947
170	610
170	721
170	931
170	961
171	472
171	647
171	989
171	995
172	138
172	777
172	822
172	872
173	698
173	757
173	821
173	835
174	371
174	560
174	868
174	884
175	283
175	740
175	932
175	953
176	863
176	950
176	970
176	980
177	779
177	927
177	980
177	1000
178	526
178	956
178	978
178	1000
179	500
179	715
179	973
179	992
180	261
180	351
180	925
180	993
181	648
181	828
181	934
181	936
182	124
182	661
182	817
182	987
183	209
183	733
183	801
183	976
184	719
184	798
184	892
184	937
185	673
185	798
185	911
185	997
186	4
186	618
186	966
186	994
187	576
187	783
187	876
187	939
188	298
188	880
188	974
188	998
189	641
189	648
189	805
189	953
190	22
190	27
190	474
190	745
191	695
191	863
191	910
191	925
192	483
192	549
192	979
192	981
193	12
193	832
193	891
193	969
194	771
194	859
194	902
194	977
195	736
195	801
195	942
195	955
196	540
196	881
196	986
196	991
197	694
197	743
197	917
197	964
198	356
198	868
198	974
198	979
199	65
199	880
199	943
199	999
200	496
200	851
200	933
200	990
201	658
201	810
201	885
201	921
202	723
202	972
202	978
202	1000
203	83
203	281
203	446
203	929
204	499
204	663
204	821
204	869
205	559
205	649
205	847
205	953
206	319
206	785
206	838
206	859
207	35
207	270
207	962
207	995
208	616
208	836
208	874
208	922
209	183
209	708
209	817
209	886
210	422
210	479
210	632
210	664
211	229
211	502
211	708
211	990
212	352
212	471
212	972
212	997
213	35
213	653
213	962
213	975
214	565
214	771
214	902
214	914
215	700
215	762
215	973
215	992
216	277
216	565
216	792
216	999
217	150
217	629
217	645
217	676
217	954
218	344
218	400
218	930
218	945
218	948
219	722
219	735
219	861
219	916
219	995
220	663
220	837
220	945
220	948
220	970
221	812
221	834
221	983
221	985
221	1000
222	296
222	359
222	361
222	936
222	958
223	68
223	540
223	885
223	957
223	976
224	159
224	643
224	928
224	976
224	1000
225	18
225	374
225	866
225	949
225	983
226	504
226	560
226	755
226	840
226	957
227	78
227	271
227	369
227	952
227	981
228	568
228	659
228	862
228	901
228	999
229	211
229	891
229	920
229	997
229	1000
230	43
230	517
230	577
230	848
230	928
231	107
231	916
231	918
231	969
231	983
232	443
232	614
232	910
232	925
232	993
233	826
233	905
233	913
233	936
233	998
234	526
234	823
234	827
234	902
234	971
235	959
235	964
235	967
235	972
235	997
236	713
236	880
236	951
236	954
236	988
237	507
237	839
237	950
237	962
237	990
238	560
238	848
238	889
238	891
238	967
239	810
239	858
239	864
239	906
239	974
240	779
240	941
240	959
240	989
240	999
241	20
241	455
241	480
241	974
241	998
242	746
242	860
242	955
242	958
242	963
243	32
243	493
243	909
243	989
243	999
244	687
244	782
244	867
244	868
244	924
245	432
245	792
245	901
245	953
245	999
246	444
246	476
246	933
246	950
246	990
247	883
247	945
247	946
247	948
247	986
248	716
248	758
248	926
248	968
248	992
249	31
249	357
249	824
249	872
249	939
250	601
250	801
250	825
250	829
250	991
251	506
251	732
251	775
251	799
251	817
252	642
252	720
252	885
252	893
252	976
253	891
253	952
253	961
253	968
253	987
254	152
254	715
254	731
254	945
254	948
255	451
255	844
255	986
255	989
255	991
256	482
256	624
256	870
256	904
256	983
257	766
257	802
257	845
257	882
257	986
258	420
258	674
258	677
258	717
258	962
259	840
259	878
259	894
259	933
259	990
260	385
260	830
260	929
260	970
260	993
261	180
261	569
261	829
261	971
261	995
262	741
262	852
262	940
262	963
262	995
263	76
263	863
263	867
263	977
263	988
264	714
264	825
264	952
264	959
264	985
265	575
265	721
265	749
265	931
265	986
266	384
266	608
266	925
266	929
266	970
267	609
267	885
267	901
267	957
267	976
268	642
268	660
268	835
268	924
268	943
269	510
269	847
269	941
269	944
269	950
270	207
270	826
270	888
270	974
270	998
271	227
271	857
271	889
271	975
271	996
272	343
272	837
272	872
272	945
272	948
273	341
273	545
273	863
273	970
273	993
274	130
274	511
274	578
274	687
274	974
275	376
275	846
275	859
275	935
275	977
276	706
276	826
276	906
276	927
276	974
277	216
277	923
277	980
277	982
277	998
278	53
278	881
278	977
278	988
278	991
279	284
279	613
279	769
279	848
279	991
280	144
280	632
280	794
280	936
280	984
281	203
281	696
281	788
281	881
281	988
282	881
282	967
282	977
282	984
282	988
283	175
283	657
283	673
283	953
283	978
284	279
284	656
284	711
284	868
284	869
285	436
285	964
285	980
285	982
285	992
286	505
286	849
286	866
286	932
286	965
287	720
287	848
287	885
287	922
287	974
288	513
288	876
288	936
288	978
288	1000
289	717
289	747
289	767
289	885
289	962
290	303
290	592
290	933
290	950
290	990
291	682
291	796
291	816
291	956
291	1000
292	160
292	801
292	822
292	871
292	874
293	70
293	822
293	866
293	949
293	981
294	636
294	640
294	800
294	957
294	973
295	369
295	910
295	970
295	993
295	1000
296	25
296	222
296	371
296	898
296	990
297	752
297	760
297	967
297	987
297	997
298	188
298	750
298	793
298	808
298	852
299	77
299	346
299	687
299	907
299	998
300	114
300	505
300	582
300	962
300	989
301	774
301	865
301	899
301	905
301	969
302	756
302	913
302	949
302	966
302	996
303	290
303	493
303	651
303	743
303	954
304	539
304	640
304	739
304	980
304	982
305	691
305	712
305	772
305	843
305	877
306	402
306	643
306	841
306	846
306	892
307	449
307	898
307	933
307	977
307	990
308	835
308	868
308	904
308	924
308	975
309	501
309	870
309	926
309	949
309	987
310	55
310	792
310	892
310	934
310	943
311	80
311	844
311	978
311	989
311	1000
312	515
312	872
312	926
312	947
312	958
313	421
313	529
313	895
313	975
313	996
314	377
314	832
314	846
314	858
314	902
315	580
315	947
315	951
315	977
315	988
316	453
316	635
316	637
316	895
316	932
317	391
317	734
317	935
317	959
317	985
318	30
318	751
318	880
318	974
318	985
319	206
319	842
319	887
319	984
319	985
320	716
320	740
320	907
320	919
320	921
321	793
321	883
321	963
321	971
321	1000
322	366
322	899
322	965
322	978
322	1000
323	732
323	811
323	837
323	911
323	965
324	528
324	552
324	560
324	672
324	846
325	771
325	785
325	831
325	902
325	1000
326	461
326	511
326	710
326	856
326	878
327	558
327	633
327	723
327	968
327	1000
328	557
328	625
328	878
328	935
328	950
329	127
329	724
329	820
329	882
329	965
330	833
330	884
330	885
330	957
330	976
331	846
331	859
331	914
331	973
331	994
332	591
332	756
332	911
332	932
332	965
333	115
333	654
333	915
333	981
333	984
334	508
334	705
334	877
334	938
334	961
335	649
335	829
335	852
335	883
335	963
336	490
336	608
336	774
336	922
336	1000
337	131
337	549
337	763
337	953
337	962
338	635
338	732
338	895
338	918
338	954
339	587
339	713
339	951
339	988
339	991
340	625
340	739
340	759
340	860
340	938
341	273
341	759
341	823
341	894
341	941
342	437
342	636
342	829
342	842
342	982
343	272
343	907
343	968
343	973
343	992
344	218
344	815
344	927
344	945
344	948
345	100
345	722
345	808
345	929
345	993
346	299
346	862
346	923
346	961
346	997
347	559
347	763
347	875
347	907
347	953
348	771
348	823
348	955
348	975
348	984
349	353
349	825
349	912
349	967
349	997
350	512
350	532
350	937
350	958
350	994
351	26
351	180
351	886
351	942
351	972
352	212
352	811
352	882
352	903
352	965
353	137
353	349
353	927
353	986
353	991
354	151
354	910
354	925
354	985
354	993
355	596
355	614
355	758
355	959
355	984
356	4
356	198
356	782
356	807
356	835
357	249
357	365
357	855
357	939
357	947
358	803
358	812
358	951
358	977
358	988
359	222
359	622
359	735
359	922
359	969
360	3
360	750
360	971
360	994
360	995
361	222
361	966
361	985
361	993
361	994
362	422
362	558
362	820
362	879
362	971
363	523
363	865
363	986
363	999
363	1000
364	110
364	511
364	744
364	880
364	905
365	357
365	435
365	495
365	964
365	982
366	322
366	387
366	902
366	956
366	1000
367	544
367	856
367	963
367	971
367	995
368	870
368	940
368	949
368	976
368	983
369	227
369	295
369	816
369	887
369	961
370	434
370	646
370	675
370	887
370	906
370	974
371	174
371	296
371	578
371	763
371	868
371	924
372	550
372	619
372	715
372	717
372	747
372	911
373	811
373	845
373	909
373	932
373	965
373	980
374	225
374	652
374	681
374	788
374	892
374	943
375	849
375	911
375	923
375	932
375	950
375	965
376	275
376	517
376	605
376	771
376	914
376	968
377	314
377	696
377	951
377	965
377	977
377	988
378	149
378	626
378	760
378	842
378	861
378	918
379	5
379	623
379	768
379	928
379	974
379	976
380	2
380	641
380	791
380	895
380	954
380	982
381	694
381	726
381	858
381	873
381	939
381	947
382	60
382	862
382	894
382	917
382	934
382	972
383	15
383	28
383	604
383	678
383	989
383	999
384	266
384	679
384	787
384	796
384	974
384	996
385	260
385	396
385	780
385	844
385	951
385	988
386	21
386	27
386	398
386	597
386	954
386	962
387	366
387	675
387	836
387	946
387	955
387	996
388	113
388	616
388	804
388	873
388	905
388	947
389	623
389	883
389	945
389	948
389	961
389	994
390	736
390	858
390	886
390	916
390	918
390	969
391	317
391	463
391	676
391	884
391	938
391	996
392	75
392	588
392	865
392	941
392	989
392	999
393	37
393	44
393	812
393	929
393	970
393	993
394	519
394	612
394	880
394	905
394	979
394	998
395	629
395	773
395	865
395	868
395	924
395	970
396	385
396	761
396	805
396	952
396	979
396	985
397	628
397	698
397	965
397	968
397	973
397	992
398	386
398	653
398	747
398	947
398	959
398	962
399	541
399	546
399	783
399	940
399	947
399	985
400	218
400	785
400	832
400	846
400	907
400	914
401	902
401	917
401	979
401	981
401	985
401	995
402	306
402	460
402	602
402	655
402	747
402	902
403	619
403	726
403	822
403	937
403	958
403	966
404	676
404	823
404	897
404	912
404	920
404	972
405	120
405	727
405	866
405	903
405	926
405	983
406	492
406	564
406	826
406	838
406	900
406	990
407	666
407	843
407	853
407	947
407	986
407	991
408	25
408	538
408	808
408	910
408	925
408	993
409	23
409	838
409	855
409	865
409	913
409	996
410	40
410	97
410	767
410	853
410	986
410	991
411	627
411	651
411	933
411	979
411	984
411	985
412	425
412	634
412	891
412	961
412	967
412	997
413	620
413	758
413	795
413	853
413	991
413	993
414	49
414	487
414	609
414	823
414	895
414	996
415	133
415	496
415	541
415	665
415	878
415	990
416	13
416	799
416	817
416	886
416	890
416	930
417	777
417	830
417	835
417	906
417	924
417	990
418	14
418	849
418	884
418	938
418	972
418	993
419	424
419	556
419	672
419	758
419	915
419	979
420	38
420	258
420	743
420	923
420	964
420	992
421	160
421	313
421	541
421	573
421	942
421	953
422	210
422	362
422	486
422	794
422	814
422	1000
423	542
423	895
423	897
423	921
423	930
423	987
424	419
424	620
424	642
424	709
424	955
424	991
425	412
425	691
425	739
425	938
425	944
425	968
426	91
426	488
426	493
426	679
426	791
426	954
427	512
427	678
427	720
427	871
427	885
427	928
428	734
428	851
428	863
428	946
428	955
428	960
429	648
429	709
429	828
429	846
429	934
429	943
430	43
430	832
430	859
430	883
430	914
430	993
431	516
431	585
431	809
431	892
431	896
431	908
432	245
432	684
432	731
432	883
432	945
432	948
433	489
433	515
433	606
433	823
433	905
433	998
434	370
434	489
434	880
434	896
434	904
434	956
435	365
435	613
435	878
435	898
435	950
435	990
436	135
436	285
436	639
436	870
436	978
436	983
437	342
437	572
437	612
437	907
437	975
437	980
438	496
438	936
438	937
438	958
438	961
438	966
439	36
439	638
439	735
439	890
439	973
439	992
440	549
440	583
440	598
440	805
440	867
440	953
441	491
441	599
441	644
441	677
441	949
441	983
442	891
442	944
442	959
442	974
442	981
442	984
443	25
443	232
443	951
443	977
443	988
443	992
444	246
444	847
444	888
444	894
444	944
444	981
445	165
445	491
445	713
445	877
445	938
445	955
446	203
446	733
446	825
446	831
446	886
446	996
447	468
447	741
447	912
447	956
447	978
447	1000
448	727
448	754
448	915
448	916
448	971
448	995
449	307
449	484
449	799
449	825
449	886
449	984
450	42
450	589
450	797
450	883
450	945
450	948
451	255
451	640
451	702
451	853
451	883
451	991
452	604
452	646
452	940
452	953
452	974
452	998
453	316
453	568
453	787
453	796
453	968
453	996
454	652
454	850
454	857
454	869
454	877
454	960
455	241
455	697
455	838
455	841
455	906
455	938
456	68
456	697
456	893
456	905
456	979
456	998
457	654
457	721
457	892
457	934
457	958
457	961
458	72
458	551
458	652
458	907
458	980
458	989
459	554
459	628
459	923
459	927
459	939
459	980
460	402
460	656
460	841
460	859
460	914
460	987
461	326
461	672
461	752
461	769
461	819
461	967
462	512
462	696
462	902
462	961
462	987
462	997
463	391
463	594
463	705
463	809
463	877
463	884
464	782
464	882
464	911
464	925
464	932
464	965
465	673
465	729
465	799
465	966
465	981
465	993
465	994
466	664
466	727
466	795
466	920
466	923
466	961
466	987
467	26
467	52
467	499
467	541
467	620
467	928
467	942
468	447
468	593
468	753
468	803
468	939
468	940
468	971
469	588
469	695
469	709
469	837
469	883
469	945
469	992
470	559
470	745
470	824
470	845
470	958
470	963
470	971
471	212
471	473
471	637
471	760
471	791
471	793
471	954
472	171
472	784
472	844
472	851
472	956
472	978
472	1000
473	471
473	488
473	629
473	651
473	954
473	991
473	992
474	132
474	190
474	509
474	723
474	948
474	960
474	971
475	511
475	763
475	805
475	806
475	953
475	976
475	985
476	246
476	697
476	840
476	870
476	922
476	949
476	983
477	556
477	591
477	733
477	822
477	826
477	886
477	986
478	8
478	628
478	890
478	892
478	968
478	973
478	992
479	210
479	480
479	587
479	632
479	723
479	817
479	879
480	241
480	479
480	509
480	609
480	856
480	879
480	985
481	143
481	168
481	524
481	732
481	838
481	942
481	979
482	256
482	572
482	790
482	851
482	946
482	964
482	995
483	81
483	192
483	727
483	824
483	971
483	988
483	995
484	140
484	449
484	745
484	773
484	830
484	867
484	957
485	93
485	803
485	865
485	877
485	939
485	989
485	999
486	163
486	422
486	530
486	633
486	752
486	790
486	879
487	414
487	738
487	747
487	779
487	971
487	989
487	999
488	426
488	473
488	507
488	676
488	819
488	895
488	954
489	433
489	434
489	857
489	864
489	906
489	927
489	998
490	9
490	336
490	632
490	705
490	772
490	884
490	938
491	441
491	445
491	691
491	772
491	904
491	938
491	957
492	406
492	682
492	784
492	956
492	978
492	986
492	1000
493	243
493	303
493	426
493	553
493	576
493	900
493	954
494	790
494	802
494	913
494	946
494	960
494	965
494	995
495	145
495	365
495	751
495	781
495	923
495	963
495	980
496	200
496	415
496	438
496	710
496	877
496	947
496	990
497	689
497	745
497	829
497	879
497	963
497	995
497	996
498	621
498	716
498	763
498	874
498	968
498	973
498	992
499	128
499	204
499	467
499	822
499	896
499	942
499	943
500	179
500	631
500	749
500	815
500	972
500	986
500	991
501	309
501	520
501	599
501	766
501	843
501	853
501	986
502	211
502	586
502	810
502	898
502	916
502	990
502	994
503	683
503	703
503	752
503	869
503	930
503	966
503	990
504	226
504	602
504	840
504	866
504	904
504	934
504	977
505	81
505	109
505	286
505	300
505	651
505	717
505	962
506	251
506	612
506	648
506	719
506	828
506	934
506	943
507	237
507	488
507	764
507	856
507	898
507	974
507	976
508	141
508	334
508	583
508	623
508	846
508	929
508	993
509	5
509	108
509	474
509	480
509	723
509	794
509	952
510	269
510	711
510	767
510	961
510	972
510	987
510	997
511	274
511	326
511	364
511	475
511	564
511	833
511	998
512	350
512	427
512	462
512	889
512	891
512	920
512	959
513	288
513	764
513	808
513	910
513	970
513	982
513	993
514	761
514	804
514	831
514	888
514	941
514	944
514	992
515	169
515	312
515	433
515	753
515	759
515	783
515	940
516	106
516	431
516	679
516	693
516	725
516	810
516	919
517	230
517	376
517	778
517	883
517	951
517	977
517	988
518	688
518	724
518	731
518	752
518	821
518	869
518	976
519	394
519	580
519	611
519	721
519	904
519	986
519	991
520	107
520	501
520	763
520	873
520	975
520	986
520	991
521	550
521	656
521	674
521	717
521	723
521	747
521	884
522	65
522	736
522	864
522	874
522	910
522	918
522	969
523	363
523	779
523	861
523	868
523	901
523	983
523	999
524	481
524	591
524	693
524	825
524	840
524	923
524	986
525	52
525	591
525	644
525	918
525	922
525	969
525	998
526	178
526	234
526	647
526	824
526	834
526	995
526	997
527	684
527	738
527	765
527	921
527	941
527	989
527	999
528	324
528	683
528	688
528	752
528	821
528	870
528	873
529	313
529	580
529	790
529	857
529	955
529	984
529	989
530	486
530	622
530	758
530	860
530	933
530	936
530	994
531	716
531	755
531	903
531	904
531	926
531	983
531	993
532	350
532	553
532	586
532	620
532	754
532	898
532	950
533	55
533	773
533	808
533	830
533	924
533	942
533	965
534	874
534	878
534	898
534	940
534	950
534	964
534	990
535	706
535	728
535	781
535	873
535	968
535	973
535	990
536	871
536	910
536	929
536	970
536	971
536	979
536	993
537	829
537	874
537	899
537	916
537	923
537	956
537	969
538	408
538	911
538	942
538	961
538	967
538	987
538	997
539	46
539	304
539	717
539	842
539	914
539	964
539	982
540	196
540	223
540	651
540	710
540	815
540	986
540	991
541	399
541	415
541	421
541	467
541	817
541	927
541	942
542	423
542	664
542	711
542	918
542	958
542	966
542	994
543	597
543	664
543	839
543	958
543	966
543	972
543	994
544	74
544	367
544	555
544	595
544	725
544	896
544	919
545	273
545	685
545	693
545	733
545	817
545	942
545	973
546	399
546	769
546	865
546	939
546	940
546	947
546	967
547	156
547	692
547	777
547	862
547	960
547	972
547	997
548	99
548	711
548	746
548	937
548	951
548	966
548	967
548	994
549	51
549	192
549	337
549	440
549	806
549	902
549	953
549	998
550	372
550	521
550	604
550	653
550	715
550	743
550	898
550	962
551	84
551	90
551	458
551	656
551	769
551	780
551	821
551	869
552	324
552	581
552	712
552	789
552	796
552	850
552	975
552	998
553	493
553	532
553	744
553	764
553	856
553	898
553	950
553	990
554	118
554	459
554	765
554	836
554	901
554	984
554	989
554	999
555	151
555	544
555	638
555	803
555	854
555	940
555	962
555	996
556	419
556	477
556	900
556	946
556	967
556	979
556	981
556	985
557	328
557	743
557	764
557	804
557	878
557	887
557	950
557	990
558	80
558	327
558	362
558	596
558	609
558	633
558	858
558	971
559	205
559	347
559	470
559	754
559	805
559	806
559	953
559	981
560	174
560	226
560	238
560	324
560	683
560	724
560	821
560	869
561	68
561	694
561	728
561	748
561	827
561	942
561	971
561	995
562	663
562	713
562	728
562	731
562	806
562	968
562	973
562	992
563	612
563	671
563	769
563	838
563	864
563	878
563	995
563	998
564	406
564	511
564	848
564	864
564	905
564	970
564	975
564	998
565	105
565	214
565	216
565	654
565	815
565	843
565	986
565	991
566	155
566	636
566	761
566	858
566	875
566	954
566	955
566	975
567	13
567	608
567	612
567	657
567	763
567	806
567	839
567	953
568	228
568	453
568	853
568	931
568	935
568	981
568	984
568	985
569	261
569	861
569	874
569	918
569	922
569	941
569	942
569	969
570	813
570	814
570	866
570	871
570	928
570	957
570	976
570	985
571	770
571	828
571	840
571	901
571	926
571	937
571	949
571	983
572	15
572	33
572	437
572	482
572	739
572	823
572	955
572	996
573	168
573	421
573	591
573	688
573	735
573	830
573	886
573	928
574	87
574	123
574	736
574	787
574	861
574	916
574	968
574	969
575	265
575	673
575	871
575	885
575	890
575	893
575	957
575	976
576	187
576	493
576	635
576	791
576	812
576	895
576	948
576	954
577	230
577	763
577	813
577	848
577	908
577	928
577	960
577	976
578	53
578	274
578	371
578	634
578	660
578	782
578	783
578	868
579	110
579	631
579	860
579	931
579	935
579	954
579	979
579	981
580	315
580	519
580	529
580	638
580	858
580	913
580	960
580	975
581	552
581	857
581	908
581	917
581	960
581	966
581	975
581	996
582	7
582	300
582	759
582	851
582	869
582	933
582	950
582	990
583	440
583	508
583	649
583	657
583	806
583	892
583	953
583	996
584	647
584	650
584	863
584	920
584	925
584	970
584	975
584	993
585	59
585	99
585	431
585	786
585	868
585	900
585	935
585	981
586	502
586	532
586	837
586	874
586	886
586	933
586	958
586	990
587	339
587	479
587	811
587	928
587	952
587	959
587	981
587	985
588	76
588	392
588	469
588	865
588	901
588	915
588	989
588	999
589	450
589	788
589	828
589	885
589	892
589	934
589	940
589	943
590	713
590	881
590	951
590	952
590	958
590	960
590	977
590	988
591	332
591	477
591	524
591	525
591	573
591	732
591	942
591	971
592	290
592	606
592	897
592	967
592	972
592	987
592	991
592	997
593	26
593	468
593	608
593	836
593	861
593	899
593	927
593	969
594	41
594	147
594	463
594	599
594	637
594	791
594	895
594	919
595	544
595	708
595	801
595	809
595	896
595	908
595	919
595	953
596	49
596	163
596	355
596	558
596	609
596	723
596	794
596	974
597	386
597	543
597	653
597	715
597	747
597	875
597	947
597	962
598	130
598	440
598	803
598	833
598	875
598	939
598	940
598	985
599	441
599	501
599	594
599	755
599	891
599	926
599	942
599	983
600	134
600	135
600	743
600	785
600	800
600	952
600	964
600	994
601	250
601	693
601	726
601	777
601	936
601	942
601	974
601	987
602	402
602	504
602	634
602	650
602	787
602	841
602	859
602	902
603	707
603	829
603	837
603	864
603	924
603	963
603	971
603	995
603	996
604	45
604	383
604	452
604	550
604	722
604	818
604	901
604	989
604	999
605	376
605	606
605	646
605	697
605	704
605	826
605	975
605	981
605	998
606	30
606	433
606	592
606	605
606	906
606	974
606	988
606	998
606	999
607	66
607	759
607	831
607	864
607	888
607	894
607	921
607	941
607	944
608	266
608	336
608	567
608	593
608	611
608	736
608	916
608	922
608	969
609	267
609	414
609	480
609	558
609	596
609	794
609	839
609	879
609	925
610	170
610	629
610	712
610	743
610	879
610	889
610	920
610	972
610	987
611	519
611	608
611	696
611	815
611	841
611	843
611	933
611	986
611	991
612	394
612	437
612	506
612	563
612	567
612	880
612	905
612	974
612	1000
613	279
613	435
613	656
613	672
613	703
613	769
613	810
613	821
613	943
614	139
614	232
614	355
614	657
614	706
614	807
614	882
614	968
614	992
615	21
615	156
615	623
615	643
615	692
615	747
615	929
615	970
615	993
616	98
616	208
616	388
616	686
616	691
616	854
616	873
616	940
616	947
617	670
617	731
617	833
617	837
617	856
617	883
617	945
617	948
617	955
618	144
618	186
618	664
618	832
618	936
618	937
618	966
618	989
618	994
619	372
619	403
619	789
619	851
619	906
619	912
619	958
619	966
619	994
620	413
620	424
620	467
620	532
620	703
620	760
620	815
620	843
620	986
621	72
621	498
621	644
621	734
621	834
621	956
621	961
621	978
621	1000
622	78
622	359
622	530
622	641
622	729
622	936
622	958
622	994
622	1000
623	379
623	389
623	508
623	615
623	681
623	910
623	959
623	970
623	993
624	256
624	766
624	811
624	820
624	833
624	849
624	965
624	974
624	990
625	328
625	340
625	705
625	714
625	814
625	877
625	884
625	938
625	992
626	79
626	157
626	378
626	679
626	774
626	899
626	916
626	938
626	969
627	80
627	411
627	819
627	900
627	915
627	951
627	959
627	960
627	993
628	397
628	459
628	478
628	676
628	814
628	890
628	934
628	968
628	992
629	97
629	217
629	395
629	473
629	610
629	651
629	676
629	895
629	954
630	56
630	62
630	114
630	709
630	854
630	873
630	940
630	954
630	958
631	44
631	500
631	579
631	663
631	910
631	931
631	979
631	981
631	984
632	210
632	280
632	479
632	490
632	698
632	754
632	794
632	836
632	879
633	6
633	112
633	327
633	486
633	558
633	794
633	879
633	892
633	989
634	412
634	578
634	602
634	698
634	769
634	791
634	867
634	868
634	924
635	127
635	316
635	338
635	576
635	690
635	710
635	824
635	895
635	954
636	294
636	342
636	566
636	813
636	885
636	893
636	928
636	952
636	957
637	316
637	471
637	594
637	651
637	819
637	895
637	942
637	954
637	985
638	60
638	169
638	439
638	555
638	580
638	709
638	854
638	947
638	996
639	167
639	436
639	648
639	864
639	903
639	914
639	926
639	963
639	983
640	294
640	304
640	451
640	701
640	848
640	871
640	928
640	957
640	976
641	87
641	103
641	189
641	380
641	622
641	649
641	657
641	805
641	953
642	252
642	268
642	424
642	703
642	721
642	853
642	864
642	986
642	991
643	224
643	306
643	615
643	674
643	751
643	863
643	929
643	970
643	993
644	90
644	441
644	525
644	621
644	734
644	741
644	956
644	972
644	1000
645	73
645	217
645	757
645	830
645	856
645	878
645	898
645	950
645	990
646	370
646	452
646	605
646	762
646	772
646	838
646	880
646	915
646	935
646	998
647	171
647	526
647	584
647	649
647	727
647	750
647	824
647	960
647	990
647	995
648	181
648	189
648	429
648	506
648	639
648	788
648	828
648	930
648	934
648	943
649	13
649	205
649	335
649	583
649	641
649	647
649	805
649	868
649	953
649	968
650	584
650	602
650	667
650	778
650	780
650	869
650	951
650	977
650	981
650	988
651	303
651	411
651	473
651	505
651	540
651	629
651	637
651	895
651	954
651	998
652	374
652	454
652	458
652	685
652	885
652	893
652	928
652	945
652	957
652	976
653	213
653	398
653	550
653	597
653	674
653	931
653	939
653	945
653	962
653	986
654	333
654	457
654	565
654	674
654	685
654	788
654	828
654	892
654	934
654	943
655	102
655	129
655	402
655	728
655	814
655	837
655	890
655	968
655	973
655	992
656	284
656	460
656	521
656	551
656	613
656	683
656	821
656	869
656	890
656	925
657	283
657	567
657	583
657	614
657	641
657	693
657	805
657	806
657	870
657	913
658	201
658	690
658	725
658	809
658	865
658	908
658	919
658	921
658	952
658	953
659	17
659	228
659	738
659	779
659	814
659	901
659	914
659	919
659	989
659	999
660	55
660	268
660	578
660	835
660	867
660	886
660	924
660	928
660	942
660	994
661	117
661	182
661	786
661	787
661	802
661	897
661	917
661	926
661	937
661	987
662	678
662	834
662	876
662	879
662	896
662	956
662	978
662	983
662	998
662	1000
663	204
663	220
663	562
663	631
663	818
663	940
663	952
663	959
663	979
663	984
664	120
664	210
664	466
664	542
664	543
664	618
664	798
664	844
664	937
664	939
665	94
665	415
665	804
665	847
665	881
665	888
665	894
665	941
665	944
665	997
666	407
666	762
666	875
666	907
666	909
666	949
666	956
666	980
666	982
666	983
667	650
667	691
667	701
667	713
667	915
667	951
667	977
667	978
667	988
667	989
668	803
668	812
668	907
668	909
668	923
668	946
668	964
668	980
668	982
668	988
669	70
669	677
669	816
669	863
669	903
669	904
669	911
669	949
669	983
669	994
670	30
670	617
670	697
670	838
670	864
670	870
670	890
670	905
670	943
670	974
671	563
671	692
671	694
671	797
671	805
671	827
671	829
671	903
671	963
671	970
672	324
672	419
672	461
672	613
672	703
672	724
672	742
672	824
672	869
672	988
673	100
673	185
673	283
673	465
673	575
673	798
673	811
673	839
673	936
673	937
674	81
674	258
674	521
674	643
674	653
674	654
674	715
674	770
674	830
674	962
675	72
675	370
675	387
675	731
675	796
675	858
675	913
675	946
675	988
675	996
676	217
676	391
676	404
676	488
676	628
676	629
676	791
676	895
676	954
676	990
677	124
677	258
677	441
677	669
677	770
677	860
677	903
677	911
677	983
677	989
678	58
678	383
678	427
678	662
678	784
678	791
678	812
678	834
678	877
678	1000
679	108
679	384
679	426
679	516
679	626
679	740
679	809
679	913
679	919
679	921
680	711
680	719
680	738
680	751
680	813
680	920
680	936
680	937
680	966
680	994
681	141
681	146
681	374
681	623
681	732
681	828
681	834
681	892
681	934
681	943
682	291
682	492
682	738
682	784
682	936
682	956
682	968
682	978
682	979
682	1000
683	503
683	528
683	560
683	656
683	703
683	752
683	911
683	947
683	978
683	981
684	432
684	527
684	819
684	893
684	935
684	952
684	959
684	984
684	985
684	999
685	545
685	652
685	654
685	768
685	813
685	871
685	897
685	957
685	976
685	997
686	5
686	616
686	779
686	828
686	831
686	847
686	888
686	894
686	941
686	944
687	162
687	244
687	274
687	299
687	732
687	826
687	864
687	932
687	974
687	998
688	518
688	528
688	573
688	726
688	759
688	817
688	822
688	886
688	930
688	942
689	497
689	706
689	814
689	890
689	911
689	943
689	968
689	973
689	991
689	992
690	635
690	658
690	705
690	739
690	772
690	877
690	884
690	911
690	938
690	975
691	305
691	425
691	491
691	616
691	667
691	877
691	884
691	938
691	966
691	975
692	59
692	547
692	615
692	671
692	745
692	827
692	971
692	992
692	995
692	996
693	143
693	516
693	524
693	545
693	601
693	657
693	801
693	942
693	950
693	997
694	197
694	381
694	561
694	671
694	793
694	797
694	824
694	963
694	966
694	992
695	191
695	469
695	731
695	830
695	837
695	876
695	883
695	945
695	948
695	987
696	281
696	377
696	462
696	611
696	778
696	903
696	951
696	977
696	979
696	988
697	455
697	456
697	476
697	605
697	670
697	757
697	905
697	969
697	974
697	998
698	96
698	173
698	397
698	632
698	634
698	782
698	867
698	924
698	937
698	948
699	749
699	820
699	845
699	882
699	911
699	932
699	963
699	965
699	987
699	996
700	24
700	215
700	807
700	814
700	815
700	944
700	968
700	973
700	975
700	992
701	640
701	667
701	720
701	780
701	857
701	881
701	951
701	977
701	986
701	988
702	1
702	451
702	785
702	811
702	850
702	913
702	935
702	946
702	960
702	975
702	996
703	503
703	613
703	620
703	642
703	672
703	683
703	752
703	769
703	812
703	840
703	869
704	605
704	740
704	809
704	810
704	871
704	896
704	908
704	919
704	921
704	952
704	966
705	334
705	463
705	490
705	625
705	690
705	877
705	882
705	915
705	938
705	959
705	986
706	276
706	535
706	614
706	689
706	807
706	821
706	850
706	882
706	968
706	973
706	992
707	603
707	716
707	733
707	748
707	793
707	852
707	931
707	963
707	971
707	995
707	1000
708	209
708	211
708	595
708	756
708	780
708	946
708	955
708	960
708	961
708	975
708	996
709	60
709	424
709	429
709	469
709	630
709	638
709	833
709	937
709	939
709	947
709	996
710	326
710	496
710	540
710	635
710	764
710	783
710	856
710	912
710	950
710	969
710	990
711	284
711	510
711	542
711	548
711	680
711	760
711	855
711	860
711	909
711	958
711	994
712	104
712	305
712	552
712	610
712	742
712	756
712	871
712	946
712	957
712	965
712	996
713	236
713	339
713	445
713	562
713	590
713	667
713	822
713	947
713	951
713	977
713	988
714	264
714	625
714	782
714	858
714	889
714	917
714	959
714	961
714	967
714	972
714	997
715	10
715	117
715	161
715	179
715	254
715	372
715	550
715	597
715	674
715	889
715	962
716	26
716	248
716	320
716	498
716	531
716	707
716	807
716	840
716	968
716	973
716	992
717	258
717	289
717	372
717	505
717	521
717	539
717	845
717	869
717	931
717	962
717	992
718	725
718	800
718	842
718	857
718	889
718	909
718	927
718	936
718	964
718	980
718	982
719	74
719	184
719	506
719	680
719	839
719	896
719	899
719	937
719	966
719	994
719	997
720	5
720	40
720	252
720	287
720	427
720	701
720	848
720	871
720	904
720	913
720	957
721	119
721	170
721	265
721	457
721	519
721	642
721	853
721	939
721	966
721	986
721	991
722	219
722	345
722	604
722	738
722	744
722	763
722	765
722	771
722	958
722	989
722	999
723	202
723	327
723	474
723	479
723	509
723	521
723	596
723	794
723	874
723	879
723	897
724	7
724	84
724	329
724	518
724	560
724	672
724	752
724	864
724	869
724	942
724	999
725	516
725	544
725	658
725	718
725	886
725	896
725	901
725	908
725	919
725	921
725	999
726	12
726	19
726	381
726	403
726	601
726	688
726	732
726	777
726	799
726	942
726	988
727	160
727	405
727	448
727	466
727	483
727	647
727	750
727	764
727	854
727	971
727	995
728	535
728	561
728	562
728	655
728	754
728	888
728	890
728	968
728	973
728	987
728	992
729	465
729	622
729	804
729	839
729	860
729	915
729	936
729	966
729	988
729	991
729	994
730	1
730	32
730	761
730	799
730	887
730	900
730	909
730	931
730	937
730	959
730	981
730	986
731	254
731	432
731	518
731	562
731	617
731	675
731	695
731	837
731	883
731	908
731	945
731	948
732	83
732	251
732	323
732	338
732	481
732	591
732	681
732	687
732	726
732	733
732	777
732	876
733	183
733	446
733	477
733	545
733	707
733	732
733	777
733	799
733	910
733	928
733	932
733	958
734	317
734	428
734	621
734	644
734	772
734	784
734	844
734	860
734	876
734	906
734	978
734	1000
735	219
735	359
735	439
735	573
735	736
735	874
735	894
735	906
735	918
735	922
735	969
735	971
736	195
736	390
736	522
736	574
736	608
736	735
736	845
736	879
736	918
736	943
736	945
736	962
737	743
737	762
737	875
737	893
737	907
737	909
737	949
737	954
737	964
737	982
737	994
737	995
738	148
738	487
738	527
738	659
738	680
738	682
738	722
738	930
738	958
738	970
738	989
738	999
739	304
739	340
739	425
739	572
739	690
739	772
739	828
739	877
739	881
739	884
739	938
739	992
740	175
740	320
740	679
740	704
740	810
740	896
740	908
740	919
740	921
740	940
740	975
740	998
741	140
741	166
741	262
741	447
741	644
741	778
741	812
741	844
741	876
741	963
741	978
741	1000
742	34
742	38
742	96
742	145
742	672
742	712
742	855
742	857
742	960
742	975
742	994
742	996
743	71
743	197
743	303
743	420
743	550
743	557
743	600
743	610
743	737
743	781
743	893
743	923
744	85
744	364
744	553
744	722
744	765
744	779
744	792
744	915
744	981
744	989
744	991
744	999
745	190
745	470
745	484
745	497
745	692
745	765
745	808
745	852
745	963
745	971
745	995
745	1000
746	120
746	242
746	548
746	760
746	789
746	828
746	860
746	901
746	958
746	964
746	976
746	994
747	114
747	161
747	289
747	372
747	398
747	402
747	487
747	521
747	597
747	615
747	753
747	962
748	561
748	707
748	795
748	827
748	835
748	852
748	894
748	922
748	951
748	963
748	971
748	995
749	107
749	153
749	265
749	500
749	699
749	773
749	843
749	929
749	943
749	986
749	991
749	997
750	298
750	360
750	647
750	727
750	797
750	913
750	951
750	963
750	969
750	979
750	984
750	995
751	318
751	495
751	643
751	680
751	841
751	842
751	907
751	909
751	927
751	964
751	980
751	982
752	297
752	461
752	486
752	503
752	518
752	528
752	683
752	703
752	724
752	769
752	908
752	966
753	133
753	468
753	515
753	747
753	756
753	772
753	833
753	854
753	868
753	872
753	939
753	949
754	448
754	532
754	559
754	632
754	728
754	783
754	803
754	833
754	854
754	872
754	939
754	940
755	59
755	226
755	531
755	599
755	757
755	793
755	840
755	841
755	901
755	903
755	917
755	949
756	111
756	302
756	332
756	708
756	712
756	753
756	815
756	855
756	883
756	955
756	969
756	975
757	173
757	645
757	697
757	755
757	770
757	813
757	847
757	866
757	904
757	926
757	949
757	983
758	248
758	355
758	413
758	419
758	530
758	765
758	845
758	915
758	935
758	959
758	979
758	981
758	985
759	340
759	341
759	515
759	582
759	607
759	688
759	801
759	804
759	831
759	888
759	894
759	941
759	944
760	297
760	378
760	471
760	620
760	711
760	746
760	807
760	839
760	860
760	937
760	958
760	966
760	994
761	396
761	514
761	566
761	730
761	765
761	816
761	869
761	915
761	931
761	952
761	981
761	984
761	988
762	215
762	646
762	666
762	737
762	801
762	843
762	875
762	910
762	923
762	927
762	964
762	980
762	982
763	337
763	347
763	371
763	475
763	498
763	520
763	567
763	577
763	722
763	805
763	806
763	953
763	997
764	507
764	513
764	553
764	557
764	710
764	727
764	878
764	933
764	950
764	955
764	963
764	987
764	990
765	527
765	554
765	722
765	744
765	745
765	758
765	761
765	840
765	859
765	865
765	901
765	989
765	999
766	257
766	501
766	624
766	776
766	820
766	832
766	845
766	911
766	932
766	955
766	957
766	965
766	976
767	289
767	410
767	510
767	769
767	862
767	863
767	889
767	912
767	917
767	956
767	967
767	987
767	997
768	379
768	685
768	774
768	848
768	871
768	876
768	893
768	928
768	941
768	957
768	971
768	976
768	982
769	51
769	279
769	461
769	546
769	551
769	563
769	613
769	634
769	703
769	752
769	767
769	821
769	893
770	571
770	674
770	677
770	757
770	784
770	802
770	831
770	903
770	904
770	926
770	949
770	982
770	983
771	43
771	194
771	214
771	325
771	348
771	376
771	722
771	785
771	841
771	902
771	940
771	961
771	967
772	147
772	305
772	490
772	491
772	646
772	690
772	734
772	739
772	753
772	884
772	938
772	960
772	968
773	96
773	154
773	395
773	484
773	533
773	749
773	794
773	830
773	867
773	916
773	924
773	982
773	990
774	77
774	301
774	336
774	626
774	768
774	874
774	899
774	908
774	918
774	922
774	954
774	966
774	969
775	251
775	896
775	915
775	917
775	931
775	935
775	946
775	952
775	959
775	979
775	981
775	984
775	985
776	766
776	811
776	820
776	826
776	844
776	845
776	849
776	882
776	911
776	933
776	963
776	965
776	997
777	105
777	156
777	172
777	417
777	547
777	601
777	726
777	732
777	733
777	801
777	822
777	886
777	964
778	61
778	76
778	517
778	650
778	696
778	741
778	799
778	870
778	881
778	951
778	970
778	977
778	988
779	177
779	240
779	487
779	523
779	659
779	686
779	744
779	792
779	901
779	937
779	952
779	954
779	989
780	57
780	385
780	551
780	650
780	701
780	708
780	781
780	859
780	881
780	951
780	963
780	977
780	988
781	3
781	495
781	535
781	743
781	780
781	842
781	870
781	909
781	927
781	964
781	980
781	982
781	994
782	61
782	124
782	154
782	244
782	356
782	464
782	578
782	698
782	714
782	783
782	830
782	835
782	867
782	943
783	187
783	399
783	515
783	578
783	710
783	754
783	782
783	854
783	872
783	880
783	905
783	939
783	940
783	964
784	472
784	492
784	678
784	682
784	734
784	770
784	806
784	876
784	906
784	924
784	956
784	973
784	978
784	1000
785	206
785	325
785	400
785	600
785	702
785	771
785	846
785	859
785	885
785	902
785	914
785	944
785	970
785	972
786	585
786	661
786	796
786	802
786	891
786	897
786	898
786	912
786	917
786	930
786	946
786	972
786	973
786	987
787	384
787	453
787	574
787	602
787	661
787	793
787	851
787	855
787	857
787	894
787	946
787	951
787	960
787	996
788	29
788	51
788	61
788	281
788	374
788	589
788	648
788	654
788	803
788	859
788	892
788	934
788	943
788	998
789	17
789	137
789	552
789	619
789	746
789	852
789	860
789	862
789	901
789	936
789	958
789	966
789	967
789	994
790	482
790	486
790	494
790	529
790	827
790	831
790	846
790	858
790	913
790	920
790	946
790	955
790	960
790	996
791	73
791	162
791	380
791	426
791	471
791	576
791	594
791	634
791	676
791	678
791	841
791	925
791	954
791	965
792	216
792	245
792	310
792	744
792	779
792	865
792	901
792	906
792	939
792	959
792	973
792	983
792	989
792	999
793	298
793	321
793	471
793	694
793	707
793	755
793	787
793	829
793	831
793	876
793	963
793	971
793	979
793	995
794	27
794	166
794	280
794	422
794	509
794	596
794	609
794	632
794	633
794	723
794	773
794	879
794	961
794	978
795	413
795	466
795	748
795	897
795	917
795	920
795	930
795	958
795	965
795	972
795	987
795	993
795	995
795	997
796	49
796	291
796	384
796	453
796	552
796	675
796	786
796	855
796	877
796	946
796	960
796	979
796	982
796	996
797	69
797	450
797	671
797	694
797	750
797	827
797	829
797	899
797	910
797	956
797	962
797	963
797	971
797	995
798	6
798	184
798	185
798	664
798	673
798	849
798	860
798	878
798	893
798	902
798	936
798	937
798	966
798	994
799	83
799	251
799	416
799	449
799	465
799	726
799	730
799	733
799	778
799	806
799	886
799	966
799	977
799	995
800	16
800	294
800	600
800	718
800	831
800	907
800	923
800	927
800	964
800	972
800	980
800	982
800	993
800	996
801	183
801	195
801	250
801	292
801	595
801	693
801	759
801	762
801	777
801	825
801	903
801	908
801	942
801	987
802	257
802	494
802	661
802	770
802	786
802	889
802	910
802	912
802	930
802	933
802	967
802	972
802	990
802	997
803	358
803	468
803	485
803	555
803	598
803	668
803	754
803	788
803	833
803	873
803	939
803	940
803	947
803	955
804	388
804	514
804	557
804	665
804	729
804	759
804	831
804	847
804	888
804	894
804	909
804	932
804	941
804	944
805	56
805	189
805	396
805	440
805	475
805	559
805	641
805	649
805	657
805	671
805	763
805	884
805	922
805	936
805	953
806	51
806	475
806	549
806	559
806	562
806	567
806	583
806	657
806	763
806	784
806	799
806	821
806	937
806	953
806	984
807	88
807	356
807	614
807	700
807	706
807	716
807	760
807	814
807	890
807	968
807	973
807	992
807	993
807	999
807	1000
808	36
808	298
808	345
808	408
808	513
808	533
808	745
808	863
808	883
808	887
808	910
808	925
808	929
808	970
808	993
809	431
809	463
809	595
809	658
809	679
809	704
809	810
809	885
809	908
809	919
809	920
809	921
809	941
809	959
809	996
810	201
810	239
810	502
810	516
810	613
810	704
810	740
810	809
810	890
810	896
810	899
810	908
810	919
810	921
810	997
811	323
811	352
811	373
811	587
811	624
811	673
811	702
811	776
811	849
811	866
811	896
811	911
811	932
811	950
811	965
812	221
812	358
812	393
812	576
812	668
812	678
812	703
812	741
812	834
812	844
812	876
812	956
812	958
812	978
812	1000
813	3
813	53
813	570
813	577
813	636
813	680
813	685
813	757
813	825
813	848
813	898
813	926
813	957
813	976
813	980
814	422
814	570
814	625
814	628
814	655
814	659
814	689
814	700
814	807
814	890
814	968
814	973
814	982
814	992
814	995
815	160
815	344
815	500
815	540
815	565
815	611
815	620
815	700
815	756
815	843
815	853
815	920
815	938
815	986
815	991
816	120
816	291
816	369
816	669
816	761
816	881
816	887
816	915
816	931
816	937
816	950
816	952
816	979
816	984
816	985
817	128
817	182
817	209
817	251
817	416
817	479
817	541
817	545
817	688
817	822
817	935
817	942
817	949
817	955
817	967
818	83
818	116
818	144
818	604
818	663
818	824
818	839
818	887
818	897
818	900
818	915
818	931
818	979
818	984
818	985
819	8
819	85
819	158
819	461
819	488
819	627
819	637
819	684
819	887
819	900
819	935
819	978
819	979
819	984
819	985
820	329
820	362
820	624
820	699
820	766
820	776
820	822
820	845
820	853
820	882
820	911
820	965
820	969
820	971
820	977
821	173
821	204
821	518
821	528
821	551
821	560
821	613
821	656
821	706
821	769
821	806
821	869
821	961
821	974
821	998
822	172
822	292
822	293
822	403
822	477
822	499
822	688
822	713
822	777
822	817
822	820
822	825
822	847
822	886
822	909
823	234
823	341
823	348
823	404
823	414
823	433
823	572
823	850
823	857
823	858
823	900
823	913
823	947
823	960
823	975
824	249
824	470
824	483
824	526
824	635
824	647
824	672
824	694
824	818
824	852
824	904
824	954
824	963
824	971
824	995
825	19
825	250
825	264
825	349
825	446
825	449
825	524
825	801
825	813
825	822
825	874
825	886
825	942
825	965
825	977
826	10
826	31
826	233
826	270
826	276
826	406
826	477
826	605
826	687
826	776
826	840
826	853
826	906
826	918
826	998
827	234
827	561
827	671
827	692
827	748
827	790
827	797
827	887
827	900
827	930
827	963
827	971
827	987
827	995
827	999
828	181
828	429
828	506
828	571
828	589
828	648
828	654
828	681
828	686
828	739
828	746
828	892
828	923
828	934
828	943
828	982
829	250
829	261
829	335
829	342
829	497
829	537
829	603
829	671
829	793
829	797
829	880
829	890
829	926
829	955
829	971
829	995
830	154
830	260
830	417
830	484
830	533
830	573
830	645
830	674
830	695
830	773
830	782
830	867
830	868
830	891
830	897
830	924
831	325
831	446
831	514
831	607
831	686
831	759
831	770
831	790
831	793
831	800
831	804
831	847
831	888
831	894
831	941
831	944
832	140
832	193
832	314
832	400
832	430
832	618
832	766
832	841
832	846
832	859
832	902
832	914
832	934
832	954
832	962
832	968
833	98
833	133
833	330
833	511
833	598
833	617
833	624
833	709
833	753
833	754
833	803
833	839
833	872
833	939
833	942
833	947
834	221
834	526
834	621
834	662
834	678
834	681
834	812
834	844
834	861
834	862
834	876
834	920
834	948
834	956
834	978
834	1000
835	173
835	268
835	308
835	356
835	417
835	660
835	748
835	782
835	846
835	862
835	867
835	868
835	880
835	924
835	944
835	997
836	52
836	158
836	208
836	387
836	554
836	593
836	632
836	859
836	874
836	899
836	916
836	918
836	922
836	935
836	969
836	987
837	54
837	220
837	272
837	323
837	469
837	586
837	603
837	617
837	655
837	695
837	731
837	883
837	945
837	948
837	969
837	978
838	206
838	406
838	409
838	455
838	481
838	563
838	646
838	670
838	864
838	880
838	894
838	906
838	934
838	964
838	974
838	998
839	24
839	237
839	543
839	567
839	609
839	673
839	719
839	729
839	760
839	818
839	833
839	908
839	936
839	958
839	994
839	996
840	125
840	226
840	259
840	476
840	504
840	524
840	571
840	703
840	716
840	755
840	765
840	826
840	866
840	870
840	903
840	949
841	12
841	98
841	306
841	455
841	460
841	602
841	611
841	751
841	755
841	771
841	791
841	832
841	846
841	902
841	914
841	938
842	319
842	342
842	378
842	539
842	718
842	751
842	781
842	856
842	875
842	907
842	909
842	927
842	936
842	969
842	973
842	982
843	86
843	305
843	407
843	501
843	565
843	611
843	620
843	749
843	762
843	815
843	853
843	898
843	916
843	970
843	986
843	991
844	123
844	255
844	311
844	385
844	472
844	664
844	734
844	741
844	776
844	812
844	834
844	876
844	878
844	956
844	978
844	992
844	1000
845	257
845	373
845	470
845	699
845	717
845	736
845	758
845	766
845	776
845	820
845	849
845	882
845	924
845	932
845	947
845	951
845	965
846	275
846	306
846	314
846	324
846	331
846	400
846	429
846	508
846	785
846	790
846	832
846	835
846	841
846	902
846	905
846	914
846	933
847	89
847	205
847	269
847	444
847	665
847	686
847	757
847	804
847	822
847	831
847	888
847	891
847	894
847	907
847	912
847	941
847	944
848	230
848	238
848	279
848	287
848	564
848	577
848	640
848	720
848	768
848	813
848	871
848	885
848	893
848	899
848	976
848	983
848	989
849	11
849	286
849	375
849	418
849	624
849	776
849	798
849	811
849	845
849	862
849	880
849	882
849	911
849	932
849	944
849	948
849	965
850	47
850	64
850	141
850	454
850	552
850	702
850	706
850	823
850	853
850	855
850	857
850	913
850	931
850	955
850	975
850	976
850	996
851	10
851	22
851	104
851	155
851	200
851	428
851	472
851	482
851	582
851	619
851	787
851	858
851	919
851	955
851	975
851	978
851	996
852	69
852	148
852	165
852	262
852	298
852	335
852	707
852	745
852	748
852	789
852	824
852	936
852	962
852	963
852	971
852	978
852	995
853	94
853	407
853	410
853	413
853	451
853	501
853	568
853	642
853	721
853	815
853	820
853	826
853	843
853	850
853	918
853	986
853	991
854	555
854	616
854	630
854	638
854	727
854	753
854	754
854	783
854	872
854	897
854	900
854	903
854	935
854	940
854	947
854	964
854	994
855	74
855	357
855	409
855	711
855	742
855	756
855	787
855	796
855	850
855	927
855	946
855	955
855	960
855	975
855	992
855	995
855	996
856	326
856	367
856	480
856	507
856	553
856	617
856	645
856	710
856	842
856	867
856	878
856	898
856	919
856	924
856	933
856	950
856	990
857	271
857	454
857	489
857	529
857	581
857	701
857	718
857	742
857	787
857	823
857	850
857	918
857	935
857	937
857	960
857	962
857	975
858	50
858	155
858	239
858	314
858	381
858	390
858	558
858	566
858	580
858	675
858	714
858	790
858	823
858	851
858	900
858	946
858	975
858	996
859	50
859	153
859	194
859	206
859	275
859	331
859	430
859	460
859	602
859	765
859	780
859	785
859	788
859	832
859	836
859	902
859	914
859	949
860	242
860	340
860	530
860	579
860	677
860	711
860	729
860	734
860	746
860	760
860	789
860	798
860	907
860	929
860	936
860	937
860	966
860	973
861	123
861	150
861	219
861	378
861	523
861	569
861	574
861	593
861	834
861	874
861	899
861	918
861	922
861	932
861	944
861	969
861	983
861	986
862	118
862	157
862	228
862	346
862	382
862	547
862	767
862	789
862	834
862	835
862	849
862	930
862	967
862	972
862	987
862	993
862	994
862	997
863	92
863	176
863	191
863	263
863	273
863	428
863	584
863	643
863	669
863	767
863	808
863	887
863	910
863	925
863	934
863	970
863	972
863	993
864	101
864	102
864	239
864	489
864	522
864	563
864	564
864	603
864	607
864	639
864	642
864	670
864	687
864	724
864	838
864	957
864	974
864	998
865	32
865	88
865	131
865	301
865	363
865	392
865	395
865	409
865	485
865	546
865	588
865	658
865	765
865	792
865	901
865	982
865	989
865	999
866	42
866	86
866	132
866	167
866	225
866	286
866	293
866	405
866	504
866	570
866	757
866	811
866	840
866	904
866	926
866	962
866	983
866	998
867	244
867	263
867	440
867	484
867	634
867	660
867	698
867	773
867	782
867	830
867	835
867	856
867	868
867	915
867	924
867	941
867	983
867	991
867	1000
868	96
868	174
868	198
868	244
868	284
868	308
868	371
868	395
868	523
868	578
868	585
868	634
868	649
868	753
868	830
868	835
868	867
868	944
868	989
869	84
869	204
869	284
869	454
869	503
869	518
869	551
869	560
869	582
869	650
869	656
869	672
869	703
869	717
869	724
869	761
869	821
869	884
869	945
870	70
870	256
870	309
870	368
870	436
870	476
870	528
870	657
870	670
870	778
870	781
870	840
870	904
870	926
870	949
870	966
870	971
870	983
870	992
871	67
871	292
871	427
871	536
871	570
871	575
871	640
871	685
871	704
871	712
871	720
871	768
871	848
871	884
871	893
871	909
871	928
871	976
871	982
872	60
872	136
872	168
872	172
872	249
872	272
872	312
872	753
872	754
872	783
872	833
872	854
872	873
872	900
872	931
872	947
872	950
872	962
872	972
873	39
873	48
873	151
873	381
873	388
873	520
873	528
873	535
873	616
873	630
873	803
873	872
873	882
873	906
873	939
873	940
873	945
873	947
873	1000
874	208
874	292
874	498
874	522
874	534
874	537
874	569
874	586
874	723
874	735
874	774
874	825
874	836
874	861
874	899
874	918
874	922
874	957
874	969
875	38
875	347
875	566
875	597
875	598
875	666
875	737
875	762
875	842
875	878
875	907
875	909
875	923
875	927
875	973
875	980
875	982
875	985
875	994
876	48
876	187
876	288
876	662
876	695
876	732
876	734
876	741
876	768
876	784
876	793
876	812
876	834
876	844
876	914
876	933
876	956
876	978
876	1000
877	14
877	305
877	334
877	445
877	454
877	463
877	485
877	496
877	625
877	678
877	690
877	691
877	705
877	739
877	796
877	884
877	907
877	938
877	941
877	945
878	259
878	326
878	328
878	415
878	435
878	534
878	557
878	563
878	645
878	764
878	798
878	844
878	856
878	875
878	895
878	905
878	929
878	933
878	940
878	990
879	132
879	144
879	163
879	362
879	479
879	480
879	486
879	497
879	609
879	610
879	632
879	633
879	662
879	723
879	736
879	794
879	926
879	977
879	993
879	995
880	18
880	154
880	188
880	199
880	236
880	318
880	364
880	394
880	434
880	612
880	646
880	783
880	829
880	835
880	838
880	849
880	894
880	905
880	974
880	998
881	4
881	57
881	164
881	196
881	278
881	281
881	282
881	590
881	665
881	701
881	739
881	778
881	780
881	816
881	951
881	975
881	977
881	980
881	988
881	996
882	257
882	329
882	352
882	464
882	614
882	699
882	705
882	706
882	776
882	820
882	845
882	849
882	873
882	888
882	902
882	911
882	929
882	932
882	965
882	983
883	117
883	247
883	321
883	335
883	389
883	430
883	432
883	450
883	451
883	469
883	517
883	617
883	695
883	731
883	756
883	808
883	837
883	945
883	948
883	970
884	165
884	174
884	330
884	391
884	418
884	463
884	490
884	521
884	625
884	690
884	691
884	739
884	772
884	805
884	869
884	871
884	877
884	938
884	946
884	999
885	67
885	201
885	223
885	252
885	267
885	287
885	289
885	330
885	427
885	575
885	589
885	636
885	652
885	785
885	809
885	848
885	918
885	940
885	976
885	985
886	34
886	209
886	351
886	390
886	416
886	446
886	449
886	477
886	573
886	586
886	660
886	688
886	725
886	777
886	799
886	822
886	825
886	887
886	896
886	958
887	319
887	369
887	370
887	557
887	730
887	808
887	816
887	818
887	819
887	827
887	863
887	886
887	892
887	931
887	935
887	951
887	952
887	979
887	981
887	985
888	270
888	444
888	514
888	607
888	665
888	686
888	728
888	759
888	804
888	831
888	847
888	882
888	894
888	926
888	927
888	932
888	941
888	944
888	963
888	980
889	65
889	112
889	238
889	271
889	512
889	610
889	714
889	715
889	718
889	767
889	802
889	897
889	912
889	917
889	921
889	961
889	967
889	972
889	993
889	997
890	63
890	416
890	439
890	478
890	575
890	628
890	655
890	656
890	670
890	689
890	728
890	807
890	810
890	814
890	829
890	931
890	938
890	968
890	973
890	992
891	193
891	229
891	238
891	253
891	412
891	442
891	512
891	599
891	786
891	830
891	847
891	912
891	916
891	922
891	930
891	961
891	967
891	972
891	987
891	993
891	997
892	61
892	152
892	184
892	306
892	310
892	374
892	431
892	457
892	478
892	583
892	589
892	633
892	654
892	681
892	788
892	828
892	887
892	893
892	934
892	943
892	973
893	138
893	159
893	252
893	456
893	575
893	636
893	652
893	684
893	737
893	743
893	768
893	769
893	798
893	848
893	871
893	892
893	928
893	938
893	951
893	957
893	976
894	20
894	259
894	341
894	382
894	444
894	607
894	665
894	686
894	735
894	748
894	759
894	787
894	804
894	831
894	838
894	847
894	880
894	888
894	941
894	944
894	971
895	2
895	113
895	125
895	313
895	316
895	338
895	380
895	414
895	423
895	488
895	576
895	594
895	629
895	635
895	637
895	651
895	676
895	878
895	943
895	954
895	997
896	79
896	126
896	166
896	431
896	434
896	499
896	544
896	595
896	662
896	704
896	719
896	725
896	740
896	775
896	810
896	811
896	886
896	897
896	908
896	919
896	992
897	404
897	423
897	592
897	661
897	685
897	723
897	786
897	795
897	818
897	830
897	854
897	889
897	896
897	912
897	920
897	930
897	961
897	972
897	977
897	979
897	997
898	42
898	296
898	307
898	435
898	502
898	507
898	532
898	534
898	550
898	553
898	645
898	786
898	813
898	843
898	856
898	911
898	933
898	950
898	963
898	973
898	990
898	991
899	157
899	301
899	322
899	537
899	593
899	626
899	719
899	774
899	797
899	810
899	836
899	848
899	861
899	874
899	913
899	916
899	918
899	919
899	922
899	945
899	969
899	997
900	116
900	406
900	493
900	556
900	585
900	627
900	730
900	818
900	819
900	823
900	827
900	854
900	858
900	872
900	905
900	931
900	935
900	952
900	959
900	979
900	985
900	987
901	228
901	245
901	267
901	523
901	554
901	571
901	588
901	604
901	659
901	725
901	746
901	755
901	765
901	779
901	789
901	792
901	865
901	949
901	957
901	965
901	989
901	999
902	69
902	194
902	214
902	234
902	314
902	325
902	366
902	401
902	402
902	462
902	549
902	602
902	771
902	785
902	798
902	832
902	841
902	846
902	859
902	882
902	914
902	991
903	86
903	100
903	150
903	352
903	405
903	531
903	639
903	669
903	671
903	677
903	696
903	755
903	770
903	801
903	840
903	854
903	904
903	905
903	926
903	938
903	949
903	981
904	108
904	109
904	256
904	308
904	434
904	491
904	504
904	519
904	531
904	669
904	720
904	757
904	770
904	824
904	866
904	870
904	903
904	925
904	926
904	949
904	980
904	983
905	233
905	301
905	364
905	388
905	394
905	433
905	456
905	564
905	612
905	670
905	697
905	783
905	846
905	878
905	880
905	900
905	903
905	906
905	967
905	969
905	974
905	998
906	18
906	82
906	123
906	239
906	276
906	370
906	417
906	455
906	489
906	606
906	619
906	734
906	735
906	784
906	792
906	826
906	838
906	873
906	905
906	974
906	995
906	998
907	299
907	320
907	343
907	347
907	400
907	437
907	458
907	666
907	668
907	737
907	751
907	800
907	842
907	847
907	860
907	875
907	877
907	909
907	910
907	923
907	927
907	980
907	982
908	79
908	142
908	431
908	577
908	581
908	595
908	658
908	704
908	725
908	731
908	740
908	752
908	774
908	801
908	809
908	810
908	839
908	896
908	919
908	921
908	930
908	940
908	948
909	243
909	373
909	666
909	668
909	711
909	718
909	730
909	737
909	751
909	781
909	804
909	822
909	842
909	871
909	875
909	907
909	914
909	923
909	927
909	934
909	964
909	980
909	982
910	23
910	33
910	191
910	232
910	295
910	354
910	408
910	513
910	522
910	536
910	623
910	631
910	733
910	762
910	797
910	802
910	808
910	863
910	907
910	929
910	976
910	977
910	993
911	121
911	185
911	323
911	332
911	372
911	375
911	464
911	538
911	669
911	677
911	683
911	689
911	690
911	699
911	766
911	776
911	811
911	820
911	849
911	882
911	898
911	932
911	965
912	349
912	404
912	447
912	619
912	710
912	767
912	786
912	802
912	847
912	889
912	891
912	897
912	920
912	929
912	930
912	944
912	949
912	961
912	967
912	976
912	987
912	997
912	998
913	7
913	233
913	302
913	409
913	494
913	580
913	657
913	675
913	679
913	702
913	720
913	750
913	790
913	823
913	850
913	899
913	946
913	955
913	960
913	975
913	996
913	998
913	999
914	2
914	12
914	214
914	331
914	376
914	400
914	430
914	460
914	539
914	639
914	659
914	785
914	832
914	841
914	846
914	859
914	876
914	902
914	909
914	958
914	985
914	992
914	999
915	80
915	333
915	419
915	448
915	588
915	627
915	646
915	667
915	705
915	729
915	744
915	758
915	761
915	775
915	816
915	818
915	867
915	935
915	938
915	959
915	979
915	981
915	984
915	997
916	17
916	62
916	73
916	134
916	219
916	231
916	390
916	448
916	502
916	537
916	574
916	608
916	626
916	773
916	836
916	843
916	891
916	899
916	918
916	922
916	957
916	969
916	981
916	987
917	48
917	78
917	122
917	197
917	382
917	401
917	581
917	661
917	714
917	755
917	767
917	775
917	786
917	795
917	889
917	918
917	920
917	921
917	930
917	949
917	961
917	972
917	987
917	997
918	71
918	158
918	231
918	338
918	378
918	390
918	522
918	525
918	542
918	569
918	735
918	736
918	774
918	826
918	836
918	853
918	857
918	861
918	874
918	885
918	899
918	916
918	917
918	970
919	47
919	166
919	320
919	516
919	544
919	594
919	595
919	658
919	659
919	679
919	704
919	725
919	740
919	809
919	810
919	851
919	856
919	896
919	899
919	908
919	921
919	929
919	997
919	998
920	229
920	404
920	466
920	512
920	584
920	610
920	680
920	790
920	795
920	809
920	815
920	834
920	897
920	912
920	917
920	927
920	930
920	937
920	961
920	967
920	972
920	987
920	989
920	995
920	997
921	79
921	93
921	108
921	126
921	142
921	201
921	320
921	423
921	527
921	607
921	658
921	679
921	704
921	725
921	740
921	809
921	810
921	889
921	908
921	917
921	919
921	922
921	945
921	966
921	983
922	67
922	98
922	136
922	157
922	208
922	287
922	336
922	359
922	476
922	525
922	569
922	608
922	735
922	748
922	774
922	805
922	836
922	861
922	874
922	891
922	899
922	916
922	921
922	941
922	969
923	94
923	277
923	346
923	375
923	420
923	459
923	466
923	495
923	524
923	537
923	668
923	743
923	762
923	800
923	828
923	875
923	907
923	909
923	925
923	964
923	965
923	980
923	981
923	982
923	999
924	140
924	169
924	244
924	268
924	308
924	371
924	395
924	417
924	533
924	603
924	634
924	660
924	698
924	773
924	784
924	830
924	835
924	845
924	856
924	867
924	926
924	928
924	933
924	953
924	967
925	33
925	37
925	92
925	126
925	162
925	180
925	191
925	232
925	266
925	354
925	408
925	464
925	584
925	609
925	656
925	791
925	808
925	863
925	904
925	923
925	929
925	939
925	965
925	970
925	974
926	124
926	150
926	248
926	309
926	312
926	405
926	531
926	571
926	599
926	639
926	661
926	757
926	770
926	813
926	829
926	866
926	870
926	879
926	888
926	903
926	904
926	924
926	943
926	949
926	983
926	988
927	135
927	177
927	276
927	344
927	353
927	459
927	489
927	541
927	593
927	718
927	751
927	762
927	781
927	800
927	842
927	855
927	875
927	888
927	907
927	909
927	920
927	946
927	959
927	964
927	980
927	982
928	3
928	138
928	142
928	224
928	230
928	379
928	427
928	467
928	570
928	573
928	577
928	587
928	636
928	640
928	652
928	660
928	733
928	768
928	871
928	893
928	924
928	950
928	957
928	966
928	976
928	999
929	19
929	45
929	147
929	162
929	203
929	260
929	266
929	345
929	393
929	508
929	536
929	615
929	643
929	749
929	808
929	860
929	878
929	882
929	910
929	912
929	919
929	925
929	970
929	988
929	993
929	998
930	103
930	155
930	218
930	416
930	423
930	503
930	648
930	688
930	738
930	786
930	795
930	802
930	827
930	862
930	891
930	897
930	908
930	912
930	917
930	920
930	947
930	961
930	967
930	972
930	987
930	997
931	70
931	170
931	265
931	568
931	579
931	631
931	653
931	707
931	717
931	730
931	761
931	775
931	816
931	818
931	850
931	872
931	887
931	890
931	900
931	935
931	952
931	957
931	979
931	981
931	984
931	985
932	110
932	121
932	175
932	286
932	316
932	332
932	373
932	375
932	464
932	687
932	699
932	733
932	766
932	804
932	811
932	845
932	849
932	861
932	882
932	888
932	911
932	965
932	978
932	983
932	985
932	1000
933	7
933	25
933	66
933	200
933	246
933	259
933	290
933	307
933	411
933	530
933	582
933	586
933	611
933	764
933	776
933	802
933	846
933	856
933	876
933	878
933	898
933	924
933	950
933	960
933	982
933	990
933	998
934	115
934	116
934	146
934	152
934	181
934	310
934	382
934	429
934	457
934	504
934	506
934	589
934	628
934	648
934	654
934	681
934	788
934	828
934	832
934	838
934	863
934	892
934	909
934	939
934	943
934	974
934	988
935	275
935	317
935	328
935	568
935	579
935	585
935	646
935	684
935	702
935	758
935	775
935	817
935	819
935	836
935	854
935	857
935	887
935	900
935	915
935	931
935	941
935	952
935	959
935	978
935	979
935	981
935	984
935	998
936	112
936	181
936	222
936	233
936	280
936	288
936	438
936	530
936	601
936	618
936	622
936	673
936	680
936	682
936	718
936	729
936	789
936	798
936	805
936	839
936	842
936	852
936	860
936	937
936	958
936	966
936	984
936	994
937	184
937	350
937	403
937	438
937	548
937	571
937	618
937	661
937	664
937	673
937	680
937	698
937	709
937	719
937	730
937	760
937	779
937	798
937	806
937	816
937	857
937	860
937	920
937	936
937	958
937	964
937	966
937	994
938	165
938	334
938	340
938	391
938	418
938	425
938	445
938	455
938	490
938	491
938	625
938	626
938	690
938	691
938	705
938	739
938	772
938	815
938	841
938	877
938	884
938	890
938	893
938	903
938	915
938	939
938	972
938	987
939	36
939	130
939	187
939	249
939	357
939	381
939	459
939	468
939	485
939	546
939	598
939	653
939	664
939	709
939	721
939	753
939	754
939	783
939	792
939	803
939	833
939	873
939	925
939	934
939	938
939	940
939	947
939	996
939	997
940	56
940	136
940	262
940	368
940	399
940	452
940	468
940	515
940	534
940	546
940	555
940	589
940	598
940	616
940	630
940	663
940	740
940	754
940	771
940	783
940	803
940	854
940	873
940	878
940	885
940	908
940	939
940	946
940	947
941	20
941	89
941	134
941	164
941	240
941	269
941	341
941	392
941	514
941	527
941	569
941	607
941	665
941	686
941	759
941	768
941	804
941	809
941	831
941	847
941	867
941	877
941	888
941	894
941	922
941	935
941	944
941	980
941	983
942	19
942	168
942	195
942	351
942	421
942	467
942	481
942	499
942	533
942	538
942	541
942	545
942	561
942	569
942	591
942	599
942	601
942	637
942	660
942	688
942	693
942	724
942	726
942	801
942	817
942	825
942	833
942	947
942	988
942	1000
943	29
943	65
943	102
943	115
943	146
943	152
943	199
943	268
943	310
943	374
943	429
943	499
943	506
943	589
943	613
943	648
943	654
943	670
943	681
943	689
943	736
943	749
943	782
943	788
943	828
943	892
943	895
943	926
943	934
943	983
944	20
944	47
944	82
944	89
944	134
944	164
944	269
944	425
944	442
944	444
944	514
944	607
944	665
944	686
944	700
944	759
944	785
944	804
944	831
944	835
944	847
944	849
944	861
944	868
944	888
944	894
944	912
944	941
944	953
944	954
945	54
945	97
945	167
945	218
945	220
945	247
945	254
945	272
945	344
945	389
945	432
945	450
945	469
945	617
945	652
945	653
945	695
945	731
945	736
945	837
945	869
945	873
945	877
945	883
945	899
945	921
945	948
945	952
945	957
945	971
946	15
946	164
946	247
946	387
946	428
946	482
946	494
946	556
946	668
946	675
946	702
946	708
946	712
946	775
946	786
946	787
946	790
946	796
946	855
946	858
946	884
946	913
946	927
946	940
946	955
946	960
946	962
946	995
946	996
946	998
947	151
947	169
947	312
947	315
947	357
947	381
947	388
947	398
947	399
947	407
947	496
947	546
947	597
947	616
947	638
947	683
947	709
947	713
947	803
947	823
947	833
947	845
947	854
947	872
947	873
947	930
947	939
947	940
947	942
947	990
948	54
948	97
948	117
948	218
948	220
948	247
948	254
948	272
948	344
948	389
948	432
948	450
948	474
948	576
948	617
948	695
948	698
948	731
948	834
948	837
948	849
948	883
948	908
948	945
948	951
948	956
948	960
948	986
948	998
948	999
949	41
949	109
949	225
949	293
949	302
949	309
949	368
949	441
949	476
949	571
949	666
949	669
949	737
949	753
949	755
949	757
949	770
949	817
949	840
949	859
949	870
949	901
949	903
949	904
949	912
949	917
949	926
949	956
949	963
949	983
950	42
950	66
950	129
950	176
950	237
950	246
950	269
950	290
950	328
950	375
950	435
950	532
950	534
950	553
950	557
950	582
950	645
950	693
950	710
950	764
950	811
950	816
950	856
950	872
950	898
950	928
950	933
950	972
950	979
950	990
950	992
951	95
951	236
951	315
951	339
951	358
951	377
951	385
951	443
951	517
951	548
951	590
951	627
951	650
951	667
951	696
951	701
951	713
951	748
951	750
951	778
951	780
951	787
951	845
951	881
951	887
951	893
951	948
951	962
951	977
951	986
951	988
952	8
952	27
952	106
952	227
952	253
952	264
952	396
952	509
952	587
952	590
952	600
952	636
952	658
952	663
952	684
952	704
952	761
952	775
952	779
952	816
952	887
952	900
952	931
952	935
952	945
952	959
952	979
952	981
952	982
952	985
952	990
953	30
953	38
953	103
953	175
953	189
953	205
953	245
953	283
953	337
953	347
953	421
953	440
953	452
953	475
953	549
953	559
953	567
953	583
953	595
953	641
953	649
953	658
953	763
953	805
953	806
953	924
953	944
953	957
953	978
953	979
953	999
954	2
954	41
954	217
954	236
954	303
954	338
954	380
954	386
954	426
954	471
954	473
954	488
954	493
954	566
954	576
954	579
954	629
954	630
954	635
954	637
954	651
954	676
954	737
954	774
954	779
954	791
954	824
954	832
954	895
954	944
954	977
954	988
955	22
955	37
955	50
955	64
955	111
955	195
955	242
955	348
955	387
955	424
955	428
955	445
955	529
955	566
955	572
955	617
955	708
955	756
955	764
955	766
955	790
955	803
955	817
955	829
955	850
955	851
955	855
955	913
955	946
955	960
955	975
955	988
956	9
956	44
956	131
956	178
956	291
956	366
956	434
956	447
956	472
956	492
956	537
956	621
956	644
956	662
956	666
956	682
956	767
956	784
956	797
956	812
956	834
956	844
956	876
956	948
956	949
956	966
956	973
956	978
956	980
956	981
956	999
956	1000
957	53
957	129
957	149
957	159
957	223
957	226
957	267
957	294
957	330
957	484
957	491
957	570
957	575
957	636
957	640
957	652
957	685
957	712
957	720
957	766
957	768
957	813
957	864
957	874
957	893
957	901
957	916
957	928
957	931
957	945
957	953
957	976
958	24
958	222
958	242
958	312
958	350
958	403
958	438
958	457
958	470
958	542
958	543
958	586
958	590
958	619
958	622
958	630
958	711
958	722
958	733
958	738
958	746
958	760
958	789
958	795
958	812
958	839
958	886
958	914
958	936
958	937
958	966
958	982
958	994
959	1
959	39
959	235
959	240
959	264
959	317
959	355
959	398
959	442
959	512
959	587
959	623
959	627
959	663
959	684
959	705
959	714
959	730
959	758
959	775
959	792
959	809
959	900
959	915
959	927
959	935
959	952
959	979
959	981
959	982
959	984
959	985
959	986
960	50
960	75
960	143
960	428
960	454
960	474
960	494
960	547
960	577
960	580
960	581
960	590
960	627
960	647
960	702
960	708
960	742
960	772
960	787
960	790
960	796
960	823
960	855
960	857
960	913
960	933
960	946
960	948
960	955
960	968
960	974
960	975
960	996
961	95
961	118
961	170
961	253
961	334
961	346
961	369
961	389
961	412
961	438
961	457
961	462
961	466
961	510
961	538
961	621
961	708
961	714
961	771
961	794
961	821
961	889
961	891
961	897
961	912
961	917
961	920
961	930
961	967
961	987
961	989
961	996
961	997
962	10
962	35
962	81
962	114
962	161
962	207
962	213
962	237
962	258
962	289
962	300
962	337
962	386
962	398
962	505
962	550
962	555
962	597
962	653
962	674
962	715
962	717
962	736
962	747
962	797
962	832
962	852
962	857
962	866
962	872
962	946
962	951
962	973
962	987
963	125
963	127
963	242
963	262
963	321
963	335
963	367
963	470
963	495
963	497
963	603
963	639
963	671
963	694
963	699
963	707
963	741
963	745
963	748
963	750
963	764
963	776
963	780
963	793
963	797
963	824
963	827
963	852
963	888
963	898
963	949
963	964
963	974
963	995
964	71
964	72
964	197
964	235
964	285
964	365
964	420
964	482
964	534
964	539
964	600
964	668
964	718
964	737
964	746
964	751
964	762
964	777
964	781
964	783
964	800
964	838
964	854
964	909
964	923
964	927
964	937
964	963
964	975
964	977
964	980
964	982
964	984
964	993
965	110
965	121
965	286
965	322
965	323
965	329
965	332
965	352
965	373
965	375
965	377
965	397
965	464
965	494
965	533
965	624
965	699
965	712
965	766
965	776
965	791
965	795
965	811
965	820
965	825
965	845
965	849
965	882
965	901
965	911
965	923
965	925
965	932
965	968
965	994
966	75
966	186
966	302
966	361
966	403
966	438
966	465
966	503
966	542
966	543
966	548
966	581
966	618
966	619
966	680
966	691
966	694
966	704
966	719
966	721
966	729
966	752
966	760
966	774
966	789
966	798
966	799
966	860
966	870
966	921
966	928
966	936
966	937
966	956
966	958
966	994
967	1
967	16
967	118
967	156
967	159
967	235
967	238
967	282
967	297
967	349
967	412
967	461
967	538
967	546
967	548
967	556
967	592
967	714
967	767
967	771
967	789
967	802
967	817
967	862
967	889
967	891
967	905
967	912
967	920
967	924
967	930
967	961
967	972
967	980
967	987
967	997
968	104
968	139
968	248
968	253
968	327
968	343
968	376
968	397
968	425
968	453
968	478
968	498
968	535
968	562
968	574
968	614
968	628
968	649
968	655
968	682
968	689
968	700
968	706
968	716
968	728
968	772
968	807
968	814
968	832
968	890
968	960
968	965
968	973
968	974
968	990
968	992
969	52
969	62
969	77
969	84
969	122
969	193
969	231
969	301
969	359
969	390
969	522
969	525
969	537
969	569
969	574
969	593
969	608
969	626
969	697
969	710
969	735
969	750
969	756
969	774
969	820
969	836
969	837
969	842
969	861
969	874
969	899
969	905
969	916
969	922
969	973
969	990
970	6
970	15
970	23
970	58
970	88
970	92
970	141
970	176
970	220
970	260
970	266
970	273
970	295
970	393
970	395
970	513
970	536
970	564
970	584
970	615
970	623
970	643
970	671
970	738
970	778
970	785
970	808
970	843
970	863
970	883
970	918
970	925
970	929
970	980
970	993
970	994
971	234
971	261
971	321
971	360
971	362
971	367
971	448
971	468
971	470
971	474
971	483
971	487
971	536
971	558
971	561
971	591
971	603
971	692
971	707
971	727
971	735
971	745
971	748
971	768
971	793
971	797
971	820
971	824
971	827
971	829
971	852
971	870
971	894
971	945
971	984
971	995
971	996
972	122
972	202
972	212
972	235
972	351
972	382
972	404
972	418
972	500
972	510
972	543
972	547
972	592
972	610
972	644
972	714
972	785
972	786
972	795
972	800
972	802
972	862
972	863
972	872
972	889
972	891
972	897
972	917
972	920
972	930
972	938
972	950
972	967
972	980
972	988
972	995
972	997
973	11
973	63
973	179
973	215
973	294
973	331
973	343
973	397
973	439
973	478
973	498
973	535
973	545
973	562
973	655
973	689
973	700
973	706
973	716
973	728
973	784
973	786
973	792
973	807
973	814
973	842
973	860
973	875
973	890
973	892
973	898
973	956
973	962
973	968
973	969
973	986
973	992
974	82
974	101
974	188
974	198
974	239
974	241
974	270
974	274
974	276
974	287
974	318
974	370
974	379
974	384
974	442
974	452
974	507
974	596
974	601
974	606
974	612
974	624
974	670
974	687
974	697
974	821
974	838
974	864
974	880
974	905
974	906
974	925
974	934
974	960
974	963
974	968
974	998
975	111
975	145
975	213
975	271
975	308
975	313
975	348
975	437
975	520
975	552
975	564
975	566
975	580
975	581
975	584
975	605
975	690
975	691
975	700
975	702
975	708
975	740
975	742
975	756
975	823
975	850
975	851
975	855
975	857
975	858
975	881
975	913
975	955
975	960
975	964
975	990
975	996
976	31
976	129
976	138
976	183
976	223
976	224
976	252
976	267
976	330
976	368
976	379
976	475
976	507
976	518
976	570
976	575
976	577
976	640
976	652
976	685
976	746
976	766
976	768
976	813
976	848
976	850
976	871
976	885
976	893
976	910
976	912
976	928
976	957
976	984
976	991
976	992
976	995
977	46
977	57
977	76
977	87
977	194
977	263
977	275
977	278
977	282
977	307
977	315
977	358
977	377
977	443
977	504
977	517
977	590
977	650
977	667
977	696
977	701
977	713
977	778
977	780
977	799
977	820
977	825
977	879
977	881
977	897
977	910
977	951
977	954
977	964
977	981
977	984
977	988
977	998
978	13
978	58
978	64
978	90
978	113
978	178
978	202
978	283
978	288
978	311
978	322
978	436
978	447
978	472
978	492
978	621
978	662
978	667
978	682
978	683
978	734
978	741
978	784
978	794
978	812
978	819
978	834
978	837
978	844
978	851
978	852
978	876
978	932
978	935
978	953
978	956
978	994
978	1000
979	46
979	119
979	192
979	198
979	394
979	396
979	401
979	411
979	419
979	456
979	481
979	536
979	556
979	579
979	631
979	663
979	682
979	696
979	750
979	758
979	775
979	793
979	796
979	816
979	818
979	819
979	887
979	897
979	900
979	915
979	931
979	935
979	950
979	952
979	953
979	959
979	981
979	984
979	985
980	71
980	94
980	130
980	176
980	177
980	277
980	285
980	304
980	373
980	437
980	458
980	459
980	495
980	666
980	668
980	718
980	751
980	762
980	781
980	800
980	813
980	875
980	881
980	888
980	904
980	907
980	909
980	923
980	927
980	941
980	956
980	964
980	967
980	970
980	972
980	982
980	984
980	986
980	994
981	106
981	192
981	227
981	293
981	333
981	401
981	442
981	444
981	465
981	556
981	559
981	568
981	579
981	585
981	587
981	605
981	631
981	650
981	683
981	730
981	744
981	758
981	761
981	775
981	887
981	903
981	915
981	916
981	923
981	931
981	935
981	952
981	956
981	959
981	977
981	979
981	984
981	990
981	996
981	999
982	16
982	128
982	135
982	277
982	285
982	304
982	342
982	365
982	380
982	513
982	539
982	666
982	668
982	718
982	737
982	751
982	762
982	768
982	770
982	773
982	781
982	796
982	800
982	814
982	828
982	842
982	865
982	871
982	875
982	907
982	909
982	923
982	927
982	933
982	952
982	958
982	959
982	964
982	980
982	993
983	82
983	86
983	100
983	125
983	163
983	167
983	221
983	225
983	231
983	256
983	368
983	405
983	436
983	441
983	476
983	523
983	531
983	571
983	599
983	639
983	662
983	666
983	669
983	677
983	757
983	770
983	792
983	848
983	861
983	866
983	867
983	870
983	882
983	904
983	921
983	926
983	932
983	941
983	943
983	949
984	8
984	9
984	14
984	91
984	116
984	280
984	282
984	319
984	333
984	348
984	355
984	411
984	442
984	449
984	529
984	554
984	568
984	631
984	663
984	684
984	750
984	761
984	775
984	806
984	816
984	818
984	819
984	915
984	931
984	935
984	936
984	959
984	964
984	971
984	976
984	977
984	979
984	980
984	981
984	985
984	993
985	91
985	99
985	106
985	221
985	264
985	317
985	318
985	319
985	354
985	361
985	396
985	399
985	401
985	411
985	475
985	480
985	556
985	568
985	570
985	587
985	598
985	637
985	684
985	758
985	775
985	816
985	818
985	819
985	875
985	885
985	887
985	900
985	914
985	931
985	932
985	952
985	959
985	979
985	984
985	986
985	987
985	997
986	40
986	119
986	137
986	153
986	196
986	247
986	255
986	257
986	265
986	353
986	363
986	407
986	410
986	477
986	492
986	500
986	501
986	519
986	520
986	524
986	540
986	565
986	611
986	620
986	642
986	653
986	701
986	705
986	721
986	730
986	749
986	815
986	843
986	853
986	861
986	948
986	951
986	959
986	973
986	980
986	985
986	991
987	39
987	78
987	182
987	253
987	297
987	309
987	423
987	460
987	462
987	466
987	510
987	538
987	592
987	601
987	610
987	661
987	695
987	699
987	728
987	764
987	767
987	786
987	795
987	801
987	827
987	836
987	862
987	891
987	900
987	912
987	916
987	917
987	920
987	930
987	938
987	961
987	962
987	967
987	985
987	991
987	997
987	999
988	4
988	46
988	87
988	236
988	263
988	278
988	281
988	282
988	315
988	339
988	358
988	377
988	385
988	443
988	483
988	517
988	590
988	606
988	650
988	667
988	668
988	672
988	675
988	696
988	701
988	713
988	726
988	729
988	761
988	778
988	780
988	881
988	926
988	929
988	934
988	942
988	951
988	954
988	955
988	972
988	977
988	999
989	29
989	34
989	47
989	85
989	93
989	95
989	131
989	148
989	171
989	240
989	243
989	255
989	300
989	311
989	383
989	392
989	458
989	485
989	487
989	527
989	529
989	554
989	588
989	604
989	618
989	633
989	659
989	667
989	677
989	722
989	738
989	744
989	765
989	779
989	792
989	848
989	865
989	868
989	901
989	920
989	961
989	991
989	999
990	66
990	92
990	99
990	200
990	211
990	237
990	246
990	259
990	290
990	296
990	307
990	406
990	415
990	417
990	435
990	496
990	502
990	503
990	534
990	535
990	553
990	557
990	582
990	586
990	624
990	645
990	647
990	676
990	710
990	764
990	773
990	802
990	856
990	878
990	898
990	933
990	947
990	950
990	952
990	968
990	969
990	975
990	981
990	997
991	40
991	105
991	107
991	109
991	119
991	137
991	196
991	250
991	255
991	278
991	279
991	339
991	353
991	407
991	410
991	413
991	424
991	451
991	473
991	500
991	519
991	520
991	540
991	565
991	592
991	611
991	642
991	689
991	721
991	729
991	744
991	749
991	815
991	843
991	853
991	867
991	898
991	902
991	976
991	986
991	987
991	989
991	997
991	998
992	11
992	36
992	63
992	139
992	179
992	215
992	248
992	285
992	343
992	397
992	420
992	439
992	443
992	469
992	473
992	478
992	498
992	514
992	562
992	614
992	625
992	628
992	655
992	689
992	692
992	694
992	700
992	706
992	716
992	717
992	728
992	739
992	807
992	814
992	844
992	855
992	870
992	890
992	896
992	914
992	950
992	968
992	973
992	976
993	6
993	21
993	33
993	37
993	45
993	147
993	153
993	180
993	232
993	260
993	273
993	295
993	345
993	354
993	361
993	393
993	408
993	413
993	418
993	430
993	465
993	508
993	513
993	531
993	536
993	584
993	615
993	623
993	627
993	643
993	795
993	800
993	807
993	808
993	862
993	863
993	879
993	889
993	891
993	910
993	929
993	964
993	970
993	982
993	984
994	17
994	18
994	74
994	75
994	89
994	112
994	186
994	331
994	350
994	360
994	361
994	389
994	465
994	502
994	530
994	542
994	543
994	548
994	600
994	618
994	619
994	622
994	660
994	669
994	680
994	711
994	719
994	729
994	737
994	742
994	746
994	760
994	781
994	789
994	798
994	839
994	854
994	862
994	875
994	936
994	937
994	958
994	965
994	966
994	970
994	978
994	980
995	59
995	69
995	91
995	105
995	127
995	171
995	207
995	219
995	261
995	262
995	360
995	367
995	401
995	448
995	482
995	483
995	494
995	497
995	526
995	561
995	563
995	603
995	647
995	692
995	707
995	727
995	737
995	745
995	748
995	750
995	793
995	795
995	797
995	799
995	814
995	824
995	827
995	829
995	852
995	855
995	879
995	906
995	920
995	946
995	963
995	971
995	972
995	976
996	11
996	49
996	64
996	104
996	145
996	271
996	302
996	313
996	384
996	387
996	391
996	409
996	414
996	446
996	453
996	497
996	555
996	572
996	581
996	583
996	603
996	638
996	675
996	692
996	699
996	702
996	708
996	709
996	712
996	742
996	787
996	790
996	796
996	800
996	809
996	839
996	850
996	851
996	855
996	858
996	881
996	913
996	939
996	946
996	960
996	961
996	971
996	975
996	981
997	24
997	39
997	122
997	185
997	212
997	229
997	235
997	297
997	346
997	349
997	412
997	462
997	510
997	526
997	538
997	547
997	592
997	665
997	685
997	693
997	714
997	719
997	749
997	763
997	767
997	776
997	795
997	802
997	810
997	835
997	862
997	889
997	891
997	895
997	897
997	899
997	912
997	915
997	917
997	919
997	920
997	930
997	939
997	961
997	967
997	972
997	985
997	987
997	990
997	991
998	31
998	68
998	101
998	102
998	149
998	188
998	233
998	241
998	270
998	277
998	299
998	394
998	433
998	452
998	456
998	489
998	511
998	525
998	549
998	552
998	563
998	564
998	605
998	606
998	646
998	651
998	662
998	687
998	697
998	740
998	788
998	821
998	826
998	838
998	864
998	866
998	880
998	905
998	906
998	912
998	913
998	919
998	929
998	933
998	935
998	946
998	948
998	974
998	977
998	991
999	16
999	28
999	32
999	34
999	63
999	85
999	95
999	148
999	199
999	216
999	228
999	240
999	243
999	245
999	363
999	383
999	392
999	485
999	487
999	523
999	527
999	554
999	588
999	604
999	606
999	659
999	684
999	722
999	724
999	725
999	738
999	744
999	765
999	792
999	807
999	827
999	865
999	884
999	901
999	913
999	914
999	923
999	928
999	948
999	953
999	956
999	981
999	987
999	988
999	989
1000	9
1000	28
1000	44
1000	58
1000	90
1000	113
1000	177
1000	178
1000	202
1000	221
1000	224
1000	229
1000	288
1000	291
1000	295
1000	311
1000	321
1000	322
1000	325
1000	327
1000	336
1000	363
1000	366
1000	422
1000	447
1000	472
1000	492
1000	612
1000	621
1000	622
1000	644
1000	662
1000	678
1000	682
1000	707
1000	734
1000	741
1000	745
1000	784
1000	807
1000	812
1000	834
1000	844
1000	867
1000	873
1000	876
1000	932
1000	942
1000	956
1000	978
