0 466
0 867
0 934
0 985
466 175
466 259
466 786
466 941
466 996
867 101
867 128
867 349
867 376
867 617
867 719
867 781
867 782
867 820
867 880
867 888
867 905
867 941
867 944
867 952
867 954
867 986
934 57
934 79
934 86
934 134
934 216
934 225
934 461
934 499
934 550
934 617
934 694
934 743
934 763
934 796
934 802
934 808
934 834
934 848
934 858
934 889
934 909
934 953
934 957
934 976
934 997
985 84
985 127
985 161
985 191
985 237
985 288
985 454
985 486
985 490
985 492
985 508
985 568
985 587
985 607
985 615
985 703
985 728
985 759
985 768
985 780
985 805
985 833
985 844
985 871
985 889
985 890
985 899
985 907
985 936
985 939
985 942
985 945
985 952
985 962
985 964
985 965
985 968
985 988
985 994
175 531
175 895
175 932
259 755
259 947
259 962
259 520
786 621
786 318
786 949
786 973
786 868
786 787
786 683
786 825
786 502
786 653
786 655
786 845
941 980
941 972
941 958
941 951
941 939
941 817
941 992
941 971
941 858
941 956
941 946
941 778
941 886
941 132
941 220
941 426
941 524
941 578
941 758
941 805
941 811
941 870
941 925
941 936
941 991
996 6
996 987
996 16
996 74
996 110
996 116
996 152
996 309
996 319
996 394
996 514
996 518
996 525
996 534
996 577
996 591
996 624
996 626
996 662
996 673
996 689
996 746
996 747
996 785
996 791
996 820
996 866
996 892
996 896
996 906
996 913
996 916
996 921
996 922
996 926
996 933
996 935
996 936
996 945
996 946
996 947
996 953
996 971
996 981
996 982
996 984
996 993
101 984
101 227
101 619
128 268
128 469
128 779
349 404
349 780
349 752
349 782
376 986
376 840
376 957
376 364
617 515
617 929
617 221
617 160
617 761
617 898
719 987
719 909
719 981
719 988
719 861
719 453
719 736
719 696
719 706
719 593
781 802
781 902
781 43
781 188
781 231
781 801
781 817
781 844
781 888
781 908
781 917
781 960
782 930
782 855
782 770
782 660
782 923
782 767
782 758
782 882
782 861
782 657
782 548
820 26
820 138
820 168
820 393
820 488
820 594
820 715
820 825
820 845
820 847
820 869
820 933
820 999
880 133
880 979
880 489
880 958
880 960
880 942
880 707
880 130
880 139
880 395
880 555
880 584
880 696
880 769
880 796
880 896
880 935
880 937
888 864
888 930
888 948
888 863
888 962
888 868
888 132
888 245
888 297
888 490
888 521
888 533
888 569
888 589
888 629
888 773
888 859
888 898
905 27
905 38
905 41
905 162
905 334
905 362
905 559
905 603
905 653
905 669
905 709
905 768
905 815
905 904
905 940
905 954
905 959
905 960
905 963
905 988
944 346
944 855
944 35
944 68
944 79
944 115
944 116
944 438
944 446
944 570
944 596
944 598
944 624
944 660
944 727
944 746
944 764
944 768
944 806
944 810
944 836
944 865
944 873
944 916
944 926
944 957
944 963
952 385
952 989
952 711
952 895
952 964
952 979
952 852
952 685
952 950
952 803
952 753
952 969
952 701
952 779
952 893
952 173
952 326
952 355
952 452
952 595
952 597
952 748
952 756
952 776
952 808
952 862
952 891
954 980
954 920
954 943
954 948
954 994
954 949
954 972
954 807
954 961
954 851
954 885
954 154
954 975
954 860
954 988
954 911
954 884
954 882
954 150
954 294
954 309
954 347
954 357
954 462
954 527
954 623
954 874
954 917
986 1
986 7
986 193
986 212
986 305
986 313
986 343
986 354
986 552
986 578
986 595
986 608
986 609
986 624
986 626
986 643
986 645
986 659
986 690
986 702
986 721
986 748
986 765
986 793
986 822
986 836
986 865
986 878
986 879
986 902
986 910
986 912
986 931
986 932
986 938
986 964
986 965
986 983
57 895
57 847
57 875
79 902
79 714
86 755
86 588
86 975
134 974
134 775
134 925
216 989
216 637
216 649
225 416
225 988
225 465
461 802
461 561
461 916
461 285
461 626
499 642
499 853
499 465
499 229
499 371
499 877
550 580
550 981
550 740
550 649
550 339
550 507
694 948
694 945
694 976
694 946
694 963
694 762
694 282
694 317
694 695
743 938
743 995
743 59
743 245
743 308
743 336
743 667
743 823
743 885
743 992
763 909
763 745
763 651
763 735
763 714
763 956
763 556
763 110
763 519
763 703
763 792
796 939
796 266
796 508
796 887
796 572
796 946
796 911
796 932
796 963
796 970
796 463
796 732
802 346
802 17
802 145
802 331
802 565
802 590
802 620
802 648
802 662
802 808
802 881
808 754
808 999
808 834
808 686
808 907
808 678
808 238
808 240
808 497
808 732
808 837
834 909
834 505
834 878
834 659
834 40
834 70
834 315
834 611
834 671
834 679
834 908
834 945
834 983
848 987
848 997
848 747
848 894
848 965
848 950
848 131
848 885
848 942
848 975
848 686
848 876
848 775
848 907
848 921
858 505
858 914
858 999
858 951
858 85
858 88
858 117
858 451
858 533
858 601
858 647
858 809
858 870
858 925
858 956
889 930
889 19
889 88
889 207
889 312
889 373
889 390
889 575
889 576
889 659
889 669
889 699
889 775
889 831
889 925
889 926
889 951
889 975
909 751
909 10
909 23
909 100
909 182
909 210
909 398
909 521
909 686
909 721
909 740
909 762
909 766
909 805
909 924
909 970
909 974
909 991
953 726
953 133
953 912
953 980
953 930
953 45
953 104
953 135
953 233
953 341
953 419
953 440
953 504
953 656
953 699
953 708
953 805
953 818
953 832
953 863
953 877
953 893
953 898
953 904
953 926
953 933
953 957
953 961
957 850
957 178
957 949
957 973
957 755
957 961
957 801
957 951
957 847
957 885
957 969
957 911
957 872
957 510
957 614
957 670
957 840
957 257
957 292
957 415
957 511
957 603
957 623
957 629
957 734
957 773
957 898
976 650
976 978
976 980
976 850
976 965
976 606
976 959
976 389
976 553
976 97
976 118
976 124
976 283
976 327
976 417
976 423
976 481
976 542
976 544
976 570
976 608
976 665
976 699
976 742
976 752
976 774
976 780
976 844
976 873
976 917
976 919
976 925
976 991
997 955
997 938
997 978
997 987
997 812
997 912
997 17
997 68
997 76
997 125
997 136
997 142
997 165
997 168
997 197
997 206
997 273
997 275
997 298
997 302
997 327
997 362
997 382
997 442
997 540
997 575
997 643
997 652
997 706
997 771
997 777
997 787
997 798
997 815
997 853
997 857
997 859
997 861
997 868
997 885
997 886
997 921
997 935
997 942
997 961
997 983
997 991
997 995
84 789
84 448
84 484
127 826
127 563
127 831
161 583
161 482
161 689
191 599
191 824
191 551
237 290
237 660
237 764
237 924
288 978
288 881
288 971
288 526
454 48
454 340
454 862
454 907
454 962
486 914
486 614
486 907
486 967
486 530
490 537
490 853
490 966
490 772
492 23
492 687
492 718
492 778
492 969
508 591
508 76
508 683
508 710
508 975
568 579
568 110
568 501
568 514
568 656
568 886
568 966
587 980
587 88
587 690
587 715
587 742
587 810
587 890
607 850
607 982
607 939
607 826
607 863
607 893
607 141
615 852
615 947
615 984
615 106
615 413
615 892
615 977
703 920
703 984
703 835
703 977
703 793
703 277
703 390
703 728
728 995
728 972
728 580
728 939
728 471
728 917
728 574
728 771
728 836
759 850
759 939
759 847
759 671
759 412
759 901
759 166
759 278
759 447
759 732
759 805
768 920
768 914
768 994
768 959
768 778
768 925
768 184
768 690
768 780
780 912
780 965
780 902
780 556
780 907
780 871
780 218
780 699
780 791
805 973
805 863
805 966
805 173
805 381
805 543
805 695
805 916
805 937
833 989
833 980
833 410
833 948
833 994
833 847
833 971
833 873
833 478
833 772
833 877
833 538
833 350
833 355
844 989
844 789
844 725
844 981
844 118
844 188
844 351
844 533
844 640
844 693
844 898
844 908
844 937
871 987
871 850
871 581
871 972
871 788
871 983
871 885
871 777
871 929
871 975
871 981
871 872
871 177
871 612
871 700
871 837
890 989
890 938
890 995
890 777
890 708
890 887
890 432
890 145
890 198
890 637
890 682
890 696
890 706
890 757
890 766
890 804
890 841
890 921
899 503
899 23
899 305
899 317
899 361
899 517
899 543
899 562
899 592
899 674
899 722
899 729
899 788
899 825
899 860
899 928
899 931
899 933
899 973
899 982
907 829
907 906
907 965
907 883
907 939
907 138
907 181
907 215
907 320
907 347
907 574
907 576
907 647
907 733
907 853
907 882
936 912
936 730
936 990
936 979
936 994
936 982
936 412
936 876
936 567
936 882
936 623
936 627
936 301
936 328
936 383
936 431
936 573
936 632
936 653
936 732
936 771
936 816
936 874
939 80
939 52
939 754
939 803
939 807
939 827
939 209
939 229
939 287
939 416
939 567
939 710
939 734
939 787
939 886
939 923
939 942
939 969
939 984
942 713
942 943
942 965
942 979
942 738
942 897
942 875
942 266
942 641
942 70
942 137
942 455
942 569
942 572
942 655
942 663
942 691
942 742
942 771
942 814
942 825
942 981
942 988
945 713
945 987
945 879
945 914
945 949
945 950
945 961
945 55
945 102
945 379
945 419
945 427
945 576
945 582
945 733
945 744
945 770
945 775
945 815
945 818
945 831
945 917
945 975
945 991
962 684
962 726
962 915
962 943
962 356
962 999
962 851
962 605
962 875
962 968
962 720
962 988
962 113
962 149
962 321
962 394
962 421
962 422
962 436
962 474
962 509
962 573
962 667
962 766
962 822
962 836
962 866
964 955
964 253
964 993
964 20
964 30
964 55
964 63
964 72
964 248
964 265
964 405
964 474
964 494
964 671
964 677
964 720
964 749
964 794
964 800
964 811
964 826
964 849
964 851
964 852
964 886
964 887
964 949
964 977
964 999
965 989
965 316
965 21
965 180
965 326
965 358
965 374
965 408
965 411
965 455
965 479
965 569
965 590
965 599
965 616
965 637
965 659
965 723
965 767
965 875
965 898
965 918
965 927
965 931
965 995
968 879
968 994
968 869
968 931
968 881
968 960
968 984
968 983
968 63
968 111
968 160
968 177
968 224
968 277
968 460
968 536
968 569
968 573
968 585
968 637
968 693
968 710
968 748
968 749
968 813
968 870
968 908
968 929
968 967
968 970
968 988
988 726
988 998
988 506
988 754
988 498
988 982
988 983
988 789
988 992
988 918
988 928
988 863
988 981
988 98
988 114
988 194
988 199
988 217
988 233
988 305
988 339
988 457
988 524
988 637
988 765
988 772
988 776
988 804
988 810
988 861
988 903
988 940
988 991
994 906
994 28
994 913
994 34
994 44
994 61
994 76
994 159
994 164
994 220
994 404
994 460
994 512
994 562
994 571
994 591
994 606
994 609
994 647
994 651
994 705
994 771
994 776
994 784
994 857
994 872
994 874
994 882
994 892
994 896
994 917
994 921
994 928
994 937
994 947
994 960
994 963
994 972
1 385
1 864
1 989
385 484
385 737
385 751
864 269
864 278
864 390
864 393
864 758
864 773
864 775
864 819
864 862
864 868
864 897
864 920
864 929
864 948
864 979
864 999
989 14
989 122
989 309
989 316
989 351
989 375
989 399
989 425
989 464
989 491
989 600
989 604
989 685
989 691
989 695
989 709
989 716
989 756
989 762
989 779
989 790
989 795
989 825
989 852
989 866
989 892
989 898
989 902
989 908
989 950
989 967
989 987
989 990
989 991
484 788
484 341
484 567
484 739
737 920
737 869
737 999
737 972
737 973
737 334
737 882
737 207
737 350
737 403
751 906
751 9
751 391
751 635
751 643
751 855
751 946
751 958
751 973
751 990
269 990
269 973
269 885
269 102
278 306
278 422
278 620
390 971
390 771
390 822
393 824
393 551
393 784
393 467
758 591
758 324
758 140
758 281
758 310
758 527
758 545
758 734
758 748
773 980
773 930
773 541
773 644
773 738
773 649
773 325
773 441
773 687
773 816
775 990
775 973
775 977
775 785
775 793
775 841
775 857
775 874
819 978
819 895
819 878
819 902
819 999
819 702
819 47
819 309
819 391
819 538
819 798
819 815
819 849
819 929
862 987
862 915
862 855
862 999
862 704
862 714
862 981
862 903
862 977
862 810
862 919
862 937
862 488
862 697
868 770
868 956
868 778
868 114
868 238
868 296
868 371
868 373
868 430
868 501
868 596
868 657
868 721
868 921
897 356
897 738
897 881
897 55
897 103
897 122
897 200
897 240
897 254
897 378
897 408
897 417
897 496
897 553
897 674
897 710
897 901
897 921
897 956
920 13
920 177
920 287
920 438
920 450
920 512
920 523
920 598
920 658
920 845
920 846
920 877
920 878
920 894
920 902
920 927
920 929
920 961
920 999
929 621
929 980
929 902
929 927
929 676
929 605
929 74
929 169
929 289
929 302
929 404
929 517
929 540
929 795
929 818
929 892
929 916
929 981
929 991
948 126
948 21
948 142
948 156
948 229
948 497
948 518
948 548
948 562
948 576
948 583
948 636
948 732
948 760
948 792
948 815
948 917
948 932
948 961
948 963
948 977
948 979
948 995
979 978
979 998
979 23
979 173
979 208
979 228
979 264
979 344
979 424
979 565
979 576
979 636
979 669
979 691
979 721
979 733
979 736
979 772
979 795
979 798
979 807
979 811
979 823
979 902
979 919
979 924
979 935
979 970
979 992
999 713
999 842
999 912
999 930
999 990
999 894
999 902
999 32
999 69
999 108
999 141
999 145
999 155
999 166
999 242
999 246
999 262
999 338
999 372
999 404
999 422
999 563
999 593
999 638
999 647
999 656
999 664
999 701
999 744
999 746
999 752
999 785
999 797
999 828
999 851
999 876
999 935
999 959
999 981
999 992
7 621
7 906
7 915
193 650
193 900
193 788
212 27
212 811
212 828
305 940
305 813
313 900
313 413
313 518
313 690
343 938
343 63
343 268
343 893
354 959
354 708
354 966
354 865
552 900
552 812
552 984
552 625
552 477
552 418
578 711
578 869
578 933
578 856
578 793
578 424
595 912
595 735
595 959
595 966
595 840
595 223
608 971
608 956
608 824
608 744
608 935
608 511
609 895
609 32
609 641
609 753
609 821
609 851
624 630
624 951
624 81
624 769
624 861
626 894
626 794
626 963
626 304
626 749
643 906
643 927
643 231
643 429
643 261
643 699
645 980
645 788
645 723
645 847
645 701
645 798
645 358
645 632
659 930
659 31
659 396
659 512
659 835
690 910
690 894
690 878
690 801
690 885
690 846
702 922
702 914
702 39
702 554
702 818
702 859
702 961
702 969
721 998
721 735
721 720
721 757
721 849
721 462
721 610
748 698
748 489
748 195
748 254
748 279
748 319
748 504
748 865
765 264
765 830
765 803
765 642
765 117
765 596
765 640
765 658
765 742
765 762
793 990
793 972
793 973
793 925
793 160
793 431
793 634
793 749
793 799
822 978
822 895
822 956
822 901
822 892
822 774
822 637
822 916
822 570
822 565
822 439
822 639
836 537
836 498
836 881
836 950
836 605
836 800
836 870
836 866
836 756
836 857
836 921
836 487
865 698
865 995
865 803
865 960
865 887
865 800
865 956
865 940
865 932
865 791
865 291
865 444
865 504
865 664
878 531
878 912
878 910
878 25
878 142
878 270
878 286
878 360
878 491
878 603
878 660
878 800
878 960
878 970
879 987
879 990
879 18
879 104
879 194
879 401
879 441
879 657
879 678
879 714
879 723
879 750
879 785
879 837
879 863
879 949
902 894
902 26
902 378
902 387
902 478
902 593
902 631
902 647
902 918
902 981
902 984
910 900
910 938
910 10
910 350
910 434
910 536
910 541
910 575
910 601
910 634
910 710
910 831
910 856
910 857
910 863
910 877
910 886
910 901
910 977
912 726
912 9
912 138
912 358
912 391
912 406
912 536
912 543
912 636
912 665
912 709
912 753
912 887
912 911
912 967
931 978
931 990
931 747
931 541
931 40
931 53
931 148
931 295
931 325
931 378
931 536
931 565
931 631
931 801
931 883
931 885
931 908
931 926
931 960
931 969
931 970
932 930
932 126
932 949
932 788
932 983
932 794
932 809
932 946
932 977
932 202
932 319
932 457
932 543
932 557
932 653
932 729
932 757
932 774
932 917
932 963
938 3
938 900
938 10
938 64
938 66
938 211
938 222
938 380
938 389
938 413
938 554
938 586
938 653
938 770
938 887
938 913
938 921
938 927
938 947
938 972
983 955
983 998
983 410
983 973
983 788
983 851
983 58
983 115
983 162
983 177
983 367
983 377
983 409
983 428
983 524
983 549
983 620
983 682
983 700
983 705
983 777
983 778
983 811
983 824
983 885
983 908
983 919
983 921
983 926
983 977
14 345
14 399
14 505
122 711
122 631
309 853
316 8
316 30
316 908
351 927
351 949
351 755
375 998
375 754
375 284
375 518
399 955
399 532
399 766
399 984
425 973
425 901
425 323
425 320
425 657
464 812
464 925
464 452
464 679
464 935
491 998
491 701
491 935
491 507
600 973
600 108
600 144
600 190
600 256
600 293
600 837
604 851
604 641
604 72
604 282
604 287
604 570
604 966
685 37
685 342
685 716
685 789
685 810
685 846
685 849
685 967
691 950
691 826
691 701
691 184
691 447
691 449
691 746
695 842
695 476
695 821
695 467
695 652
695 493
695 639
709 950
709 947
709 835
709 823
709 762
709 298
709 733
716 990
716 648
716 852
716 838
716 686
716 572
716 925
716 528
716 857
756 483
756 915
756 767
756 625
756 482
756 742
756 295
756 480
756 675
762 673
762 567
762 891
762 217
762 258
762 364
762 428
779 943
779 950
779 960
779 885
779 553
779 876
779 740
779 821
779 341
779 839
790 812
790 476
790 59
790 158
790 480
790 488
790 511
790 718
790 764
790 891
790 981
790 992
795 726
795 943
795 847
795 78
795 107
795 350
795 623
795 656
795 778
795 873
795 891
825 583
825 995
825 933
825 251
825 364
825 439
825 524
825 640
825 693
825 845
852 980
852 922
852 993
852 31
852 111
852 182
852 362
852 566
852 749
852 767
852 916
852 982
866 345
866 995
866 972
866 561
866 863
866 669
866 189
866 560
866 249
866 422
866 500
866 700
866 766
866 967
892 978
892 850
892 318
892 973
892 958
892 777
892 817
892 124
892 431
892 548
892 785
892 791
892 840
892 891
898 987
898 745
898 515
898 843
898 961
898 951
898 904
898 794
898 673
898 991
898 665
898 818
898 546
898 679
908 987
908 265
908 406
908 855
908 960
908 801
908 982
908 928
908 975
908 800
908 681
908 970
908 321
908 488
950 998
950 42
950 730
950 922
950 281
950 287
950 365
950 434
950 589
950 602
950 655
950 712
950 715
950 740
950 767
950 771
950 838
950 873
950 874
950 926
950 961
967 980
967 914
967 947
967 885
967 571
967 846
967 854
967 469
967 522
967 841
967 443
967 792
967 257
967 201
967 381
967 441
967 542
967 667
967 668
967 697
967 752
967 810
967 837
967 839
967 857
967 970
987 6
987 39
987 159
987 210
987 239
987 300
987 411
987 416
987 468
987 471
987 529
987 545
987 584
987 622
987 680
987 687
987 712
987 723
987 733
987 750
987 764
987 801
987 812
987 853
987 856
987 928
987 975
987 982
987 991
990 930
990 15
990 98
990 99
990 112
990 203
990 267
990 368
990 414
990 469
990 525
990 540
990 549
990 564
990 582
990 628
990 632
990 696
990 724
990 778
990 799
990 803
990 846
990 853
990 857
990 901
990 921
990 928
990 947
990 973
990 975
991 539
991 914
991 995
991 972
991 152
991 982
991 904
991 348
991 992
991 975
991 876
991 599
991 831
991 853
991 670
991 258
991 260
991 295
991 315
991 386
991 388
991 414
991 521
991 573
991 582
991 610
991 612
991 750
991 776
991 785
991 811
991 924
2 11
2 531
2 650
2 955
11 410
11 537
11 978
531 60
531 881
531 895
531 915
650 445
650 478
650 571
650 727
650 870
650 925
955 6
955 194
955 249
955 270
955 342
955 423
955 548
955 565
955 590
955 614
955 639
955 670
955 677
955 720
955 730
955 769
955 817
955 861
955 875
955 919
955 924
955 925
955 927
955 969
955 993
410 262
410 891
410 966
537 684
537 329
537 455
537 723
978 3
978 22
978 31
978 118
978 168
978 214
978 243
978 266
978 321
978 392
978 439
978 638
978 644
978 680
978 688
978 754
978 774
978 791
978 883
978 895
978 922
978 933
978 959
978 972
978 992
978 995
60 12
60 671
60 885
881 812
881 506
881 41
881 211
881 370
881 451
881 544
881 585
881 631
881 911
881 933
881 960
881 970
895 900
895 20
895 27
895 183
895 205
895 498
895 577
895 619
895 627
895 642
895 806
895 877
895 974
915 906
915 92
915 116
915 289
915 328
915 332
915 527
915 575
915 612
915 731
915 750
915 856
915 873
915 913
915 924
915 958
915 971
915 984
445 809
445 99
445 577
445 655
445 736
478 148
478 271
478 849
571 94
571 243
571 585
571 767
571 804
727 980
727 973
727 992
727 429
727 924
727 849
727 937
727 574
727 398
870 998
870 951
870 753
870 946
870 841
870 622
870 169
870 204
870 511
870 652
870 697
870 749
870 818
925 998
925 930
925 503
925 654
925 644
925 951
925 397
925 847
925 344
925 594
925 457
925 459
925 633
925 744
6 829
194 885
249 684
249 959
249 530
270 451
270 678
270 597
342 407
342 946
342 612
423 714
423 174
423 504
423 656
548 876
548 846
548 963
565 998
565 606
565 363
590 605
590 335
590 896
590 787
590 963
614 949
614 738
614 969
614 981
614 130
639 842
639 711
639 855
639 809
639 532
639 859
670 906
670 842
670 947
670 826
670 901
670 149
677 684
677 407
677 97
677 105
677 675
677 760
677 940
720 922
720 803
720 66
720 304
720 710
720 884
720 992
730 13
730 164
730 274
730 365
730 619
730 937
730 981
730 993
769 829
769 993
769 470
769 841
769 760
769 861
769 661
769 668
769 394
817 914
817 67
817 158
817 378
817 434
817 525
817 527
817 692
817 766
817 816
817 916
861 922
861 704
861 884
861 557
861 792
861 234
861 310
861 706
861 761
861 791
875 745
875 613
875 676
875 157
875 275
875 333
875 365
875 383
875 577
875 640
875 772
875 911
875 966
875 992
919 812
919 922
919 855
919 883
919 801
919 851
919 992
919 918
919 800
919 901
919 471
919 924
919 530
919 661
919 267
919 301
919 394
919 440
919 710
924 914
924 356
924 958
924 851
924 660
924 923
924 157
924 244
924 312
924 542
924 635
924 661
924 813
924 816
924 849
924 874
927 894
927 265
927 26
927 69
927 226
927 244
927 246
927 395
927 513
927 527
927 593
927 664
927 853
927 856
927 901
927 935
927 949
927 995
969 900
969 949
969 330
969 704
969 847
969 389
969 81
969 98
969 155
969 181
969 257
969 308
969 355
969 528
969 602
969 734
969 757
969 776
969 837
969 840
969 841
969 876
969 884
969 901
969 956
993 842
993 980
993 930
993 922
993 16
993 25
993 49
993 154
993 180
993 182
993 196
993 208
993 234
993 267
993 373
993 380
993 384
993 435
993 511
993 521
993 526
993 665
993 739
993 740
993 749
993 760
993 778
993 810
993 815
993 827
993 838
993 845
993 863
993 872
993 937
993 963
993 982
3 230
3 900
230 12
230 500
230 572
230 855
900 59
900 227
900 275
900 297
900 315
900 510
900 535
900 681
900 725
900 735
900 746
900 778
900 970
12 698
12 711
500 949
500 847
500 835
500 226
500 302
572 619
572 102
572 610
572 821
855 812
855 27
855 176
855 433
855 519
855 667
855 718
855 872
855 949
59 974
227 556
227 665
275 370
275 544
297 992
297 911
297 538
315 549
315 732
510 830
510 606
510 992
510 124
510 511
535 842
535 843
535 903
535 545
535 452
535 488
681 829
681 906
681 973
681 90
681 201
681 799
681 857
725 922
725 745
725 995
725 96
725 247
725 280
725 717
725 761
725 935
735 998
735 913
735 783
735 50
735 280
735 296
735 935
746 869
746 977
746 254
746 413
746 438
746 574
746 700
778 680
778 112
778 797
778 891
970 998
970 812
970 842
970 869
970 972
970 807
970 704
970 960
970 801
970 904
970 823
970 896
970 585
970 757
970 245
970 263
970 430
970 534
970 586
970 593
970 633
970 679
970 718
970 761
10 930
64 348
64 835
64 926
66 266
66 344
211 260
211 372
222 894
222 958
222 415
380 717
380 166
380 616
389 73
389 224
389 431
413 318
413 668
554 980
554 887
554 940
554 185
554 700
586 926
586 556
586 873
586 352
586 408
586 653
653 673
653 739
653 368
770 973
770 73
770 176
770 199
770 298
770 750
770 856
770 876
887 995
887 330
887 951
887 82
887 201
887 210
887 398
887 597
887 800
887 849
887 859
887 877
887 916
913 21
913 111
913 146
913 206
913 340
913 359
913 487
913 658
913 682
913 734
913 840
913 843
913 883
913 903
913 947
913 949
913 971
913 984
921 930
921 943
921 894
921 886
921 420
921 792
921 479
921 683
921 797
921 744
921 415
921 394
921 457
947 684
947 998
947 906
947 566
947 45
947 234
947 255
947 283
947 311
947 392
947 427
947 495
947 526
947 596
947 689
947 734
947 956
947 982
972 980
972 698
972 943
972 583
972 676
972 34
972 36
972 218
972 328
972 365
972 366
972 573
972 580
972 610
972 651
972 661
972 666
972 771
972 813
972 816
972 874
972 974
22 583
22 613
22 914
31 783
118 404
168 854
214 519
214 555
214 715
243 906
243 505
243 766
266 171
321 407
321 982
392 850
392 891
392 433
392 733
439 998
439 893
439 717
638 56
638 381
638 799
638 884
638 937
638 959
638 981
644 35
644 396
644 543
644 641
644 877
644 958
680 581
680 914
680 806
680 69
680 320
680 412
688 314
688 397
688 494
688 831
688 331
688 320
688 544
688 294
688 308
754 25
754 532
754 767
754 771
754 813
754 814
754 995
774 842
774 850
774 503
774 506
774 146
774 292
774 408
774 409
774 811
791 850
791 973
791 561
791 246
791 853
791 352
791 481
883 402
883 49
883 163
883 272
883 276
883 431
883 618
883 636
883 692
883 816
883 901
883 923
883 946
883 984
883 992
922 13
922 35
922 135
922 248
922 299
922 485
922 502
922 664
922 766
922 799
922 804
922 814
922 891
922 973
933 906
933 70
933 154
933 238
933 281
933 525
933 549
933 560
933 564
933 678
933 749
933 785
933 787
933 845
933 846
933 873
933 963
959 346
959 583
959 973
959 731
959 827
959 951
959 68
959 109
959 198
959 333
959 362
959 450
959 582
959 663
959 692
959 706
959 724
959 729
959 935
959 946
959 963
959 981
992 630
992 723
992 851
992 92
992 904
992 67
992 75
992 87
992 90
992 93
992 151
992 189
992 273
992 340
992 379
992 386
992 437
992 444
992 507
992 563
992 675
992 712
992 760
992 849
992 923
992 928
992 975
995 850
995 745
995 32
995 949
995 40
995 209
995 303
995 338
995 449
995 474
995 534
995 582
995 597
995 611
995 646
995 663
995 666
995 705
995 708
995 712
995 734
995 738
995 757
995 764
995 841
995 857
995 911
995 916
995 946
4 684
4 713
4 726
4 998
684 47
684 394
684 666
684 740
713 197
713 308
713 707
713 742
713 777
713 951
726 336
726 589
726 850
726 872
726 958
998 33
998 53
998 130
998 229
998 233
998 239
998 272
998 417
998 424
998 450
998 462
998 545
998 551
998 625
998 636
998 646
998 647
998 652
998 698
998 699
998 717
998 736
998 744
998 783
998 788
998 807
998 818
998 823
998 838
998 911
998 923
998 935
998 958
998 963
998 974
47 894
47 580
666 973
666 303
666 143
666 196
666 623
666 736
740 789
740 114
740 157
740 295
740 722
197 236
197 891
308 984
707 581
707 330
707 672
707 470
707 886
707 113
707 507
707 977
742 830
742 738
742 975
742 293
742 496
777 672
777 984
777 63
777 277
777 584
777 620
777 981
951 147
951 843
951 704
951 51
951 124
951 235
951 513
951 522
951 524
951 543
951 570
951 679
951 689
951 744
951 804
951 893
951 940
951 956
336 80
336 107
336 946
589 192
589 714
589 764
589 383
589 495
850 13
850 29
850 660
850 722
850 798
850 806
872 926
872 901
872 116
872 196
872 443
872 452
872 474
872 597
872 675
872 784
872 785
872 854
958 42
958 930
958 46
958 56
958 73
958 241
958 273
958 311
958 335
958 357
958 387
958 693
958 699
958 739
958 750
958 752
958 854
958 896
958 904
958 911
958 923
33 153
33 489
33 559
53 558
53 605
130 926
229 412
233 984
233 901
239 974
239 744
239 530
272 926
272 411
272 610
417 144
417 668
417 792
424 926
424 901
424 616
450 956
450 841
450 891
462 558
462 247
462 845
545 314
545 884
545 640
551 517
551 831
551 739
551 431
625 152
625 794
625 261
625 449
625 935
636 54
636 507
636 668
646 745
646 943
646 605
646 841
646 185
646 341
646 501
647 163
647 254
647 810
652 798
652 557
652 289
652 475
652 573
698 267
698 512
698 744
698 816
698 963
699 247
699 525
699 655
717 894
717 860
717 148
717 185
717 271
717 435
717 697
736 961
736 926
736 828
736 310
736 514
736 640
744 178
744 597
783 231
783 276
783 632
783 804
783 809
783 827
783 828
783 937
783 960
783 981
788 41
788 144
788 446
788 807
788 857
807 44
807 362
807 369
807 421
807 580
807 599
807 640
807 935
818 980
818 918
818 946
818 977
818 884
818 678
818 277
818 357
823 264
823 789
823 911
823 115
823 294
823 383
823 411
823 526
823 854
823 935
838 973
838 827
838 61
838 273
838 329
838 368
838 469
838 635
838 831
838 963
838 971
838 981
911 711
911 219
911 628
911 971
911 110
911 139
911 482
911 687
911 696
911 845
911 896
923 930
923 566
923 851
923 561
923 971
923 460
923 121
923 256
923 301
923 311
923 437
923 444
923 472
923 479
923 532
923 891
923 917
935 747
935 753
935 826
935 611
935 814
935 824
935 673
935 526
935 705
935 534
963 869
963 731
963 588
963 982
963 806
963 846
963 946
963 977
963 159
963 187
963 310
963 338
963 495
963 668
963 874
963 917
974 42
974 842
974 980
974 402
974 54
974 103
974 125
974 260
974 347
974 412
974 415
974 481
974 530
974 584
974 667
974 672
974 675
974 749
974 816
974 824
974 874
974 884
974 893
974 904
974 928
974 940
974 975
5 133
5 253
5 483
5 621
133 95
253 232
253 701
253 747
483 73
483 135
483 263
483 516
621 693
621 700
621 760
621 949
95 515
95 400
95 764
232 961
232 172
232 603
232 810
701 982
701 85
701 174
701 449
747 20
747 213
747 289
747 338
747 409
747 504
747 918
135 896
263 975
263 767
263 649
516 984
516 353
516 859
516 441
516 366
516 426
693 949
693 622
693 298
693 430
693 804
700 806
700 966
700 729
700 761
760 971
760 469
760 157
760 319
760 683
760 761
949 32
949 192
949 252
949 374
949 443
949 528
949 529
949 553
949 663
949 718
949 794
949 832
829 250
829 312
829 433
829 481
829 603
829 676
829 772
829 801
829 842
829 891
829 966
250 960
250 956
250 739
250 453
312 873
312 279
433 236
433 918
433 217
481 966
481 632
603 715
603 426
603 633
676 28
676 339
676 831
676 876
676 956
772 506
772 984
772 179
772 244
772 271
772 656
772 715
801 930
801 50
801 131
801 174
801 307
842 9
842 71
842 123
842 140
842 329
842 980
891 630
891 539
891 975
891 956
891 893
891 882
891 384
966 503
966 613
966 851
966 835
966 806
966 981
966 940
966 831
966 896
966 143
966 174
966 299
966 328
966 353
966 428
966 435
966 446
966 475
966 477
966 739
966 784
39 147
39 515
159 832
210 826
300 559
300 928
300 975
300 242
411 846
411 839
416 82
416 722
416 826
468 731
468 821
468 665
468 520
468 612
471 977
471 137
471 527
529 903
529 824
529 792
529 186
529 679
584 863
584 286
584 733
584 837
622 406
622 588
622 563
622 167
622 682
687 904
687 494
687 729
687 797
687 662
687 521
712 345
712 745
712 975
712 824
712 129
712 757
723 48
723 396
723 528
723 602
723 982
733 843
733 961
733 937
733 307
750 442
750 162
750 511
750 635
750 657
750 811
764 678
764 679
764 683
764 757
764 840
812 8
812 38
812 103
812 156
812 209
812 631
853 505
853 960
853 975
853 863
853 143
853 459
853 757
856 906
856 980
856 794
856 77
856 114
856 252
856 261
856 633
856 683
856 724
856 971
928 80
928 671
928 926
928 971
928 120
928 199
928 202
928 260
928 285
928 363
928 715
928 839
928 860
928 893
928 937
928 940
975 579
975 290
975 628
975 252
975 274
975 414
975 440
975 472
975 475
975 518
975 673
975 767
975 811
975 816
975 841
982 980
982 961
982 51
982 832
982 71
982 75
982 94
982 156
982 163
982 167
982 218
982 240
982 384
982 447
982 473
982 623
982 632
982 689
982 826
982 859
982 873
982 940
16 346
16 539
74 154
74 575
152 37
319 419
514 738
514 860
514 896
514 495
518 918
518 903
525 971
525 496
534 930
534 594
534 504
577 797
577 547
577 784
577 430
591 630
591 40
591 494
591 831
662 648
662 876
662 729
662 254
662 279
662 696
673 498
673 129
673 665
689 904
689 971
689 207
689 391
689 438
785 961
785 172
785 810
785 859
785 874
896 960
896 832
896 442
896 981
896 619
896 854
896 563
896 165
896 195
896 443
896 562
906 43
906 217
906 352
906 397
906 485
906 729
906 749
906 827
916 943
916 613
916 498
916 451
916 814
916 522
916 465
916 799
916 245
916 358
916 418
916 437
916 697
926 830
926 755
926 843
926 832
926 129
926 180
926 370
926 657
926 724
926 901
946 324
946 981
946 105
946 285
946 371
946 395
946 627
946 697
946 797
946 813
946 821
946 903
946 917
946 977
971 914
971 153
971 566
971 515
971 961
971 960
971 290
971 794
971 344
971 78
971 94
971 298
971 501
971 512
971 564
971 664
971 674
971 874
981 322
981 918
981 96
981 669
981 339
981 366
981 372
981 465
981 507
981 532
981 637
981 824
981 831
981 854
981 977
984 914
984 830
984 566
984 54
984 85
984 119
984 179
984 204
984 276
984 293
984 329
984 427
984 555
984 596
984 606
984 739
984 741
984 752
984 798
984 811
984 903
43 651
43 803
352 766
352 839
397 56
397 348
397 776
485 980
485 108
485 729
485 874
729 827
729 155
729 937
749 806
749 724
827 46
827 192
827 240
827 252
827 279
827 374
827 438
827 555
92 52
92 155
289 977
328 797
332 556
332 886
332 202
332 440
527 710
575 282
575 669
575 804
612 559
612 598
612 752
731 41
731 136
731 281
731 487
731 840
731 917
731 977
873 980
873 442
873 821
873 121
873 199
873 360
873 532
873 547
8 42
8 630
630 82
630 248
630 519
30 318
30 869
82 67
248 828
248 661
519 651
519 405
519 732
38 402
38 498
103 860
156 960
209 980
631 961
631 598
631 813
9 980
980 24
980 164
980 403
980 421
980 547
980 616
980 642
980 675
980 860
980 884
980 940
980 956
391 364
391 543
635 847
635 387
635 854
635 821
973 34
973 55
973 93
973 290
973 291
973 402
973 493
973 598
973 671
973 824
973 882
973 917
71 100
71 236
123 224
123 360
123 767
140 333
140 884
329 859
138 787
358 361
406 24
406 251
406 869
536 903
536 372
536 937
665 616
665 816
753 918
753 81
753 427
753 436
753 480
753 828
753 937
24 264
24 265
164 585
403 869
403 851
403 302
403 369
421 886
421 787
421 304
547 333
547 893
547 198
547 813
616 477
616 169
616 292
642 67
642 91
642 261
642 306
642 594
675 876
675 482
675 366
860 961
860 96
860 98
860 285
860 317
860 361
860 369
860 474
860 831
860 886
884 847
884 956
884 400
884 517
884 854
884 940
884 166
884 395
884 455
884 569
940 558
940 628
940 794
940 886
940 121
940 388
940 395
940 562
940 576
940 627
940 633
940 752
940 937
956 704
956 671
956 448
956 93
956 241
956 347
956 382
956 444
956 475
956 776
956 787
956 837
956 840
956 877
930 28
930 72
930 274
930 365
930 540
930 696
930 828
930 854
100 432
100 599
182 651
398 429
398 420
398 520
521 581
521 255
686 832
686 809
686 91
686 447
686 732
686 877
766 960
766 917
766 849
350 323
434 660
434 120
434 292
541 34
541 144
541 706
541 961
601 178
601 832
601 113
601 453
601 493
601 792
634 943
634 803
634 815
634 903
634 284
634 488
710 745
710 323
831 327
831 544
857 671
857 806
857 388
857 859
857 473
857 655
863 314
863 960
863 904
863 89
863 517
863 752
877 654
877 648
877 303
877 379
877 627
877 734
877 235
877 523
877 658
886 581
886 147
886 876
886 112
886 267
886 446
886 562
886 797
901 843
901 109
901 205
901 474
901 741
901 874
977 628
977 826
977 876
977 121
977 183
977 187
977 286
977 301
977 457
977 473
977 497
977 533
977 573
977 618
977 661
977 705
977 917
28 17
72 708
274 798
274 374
540 903
540 306
540 463
696 345
696 318
696 674
828 918
828 798
828 674
828 223
828 235
828 325
828 513
828 682
854 851
854 903
854 117
854 205
854 692
854 718
854 882
262 809
262 284
262 813
455 893
455 718
711 292
711 718
711 882
711 937
671 285
885 539
885 420
885 501
885 715
885 724
885 800
512 800
512 378
816 961
816 704
816 882
816 379
816 839
718 943
718 649
718 256
882 961
882 789
882 236
882 460
882 142
882 620
882 629
882 874
937 654
937 588
937 800
937 470
937 824
937 893
937 291
937 311
937 668
619 348
619 555
619 682
29 407
29 648
29 830
660 75
660 741
722 789
722 236
722 918
722 125
722 317
722 456
722 658
798 830
798 109
798 179
798 276
798 337
806 65
806 522
806 542
806 557
806 837
287 513
438 787
523 346
523 627
523 242
523 520
523 656
598 522
598 146
598 381
658 904
658 903
658 821
658 682
845 581
845 814
845 903
845 602
845 849
845 509
845 804
845 430
846 648
846 918
846 448
846 470
846 105
846 752
846 757
894 20
894 220
894 223
894 339
894 353
894 509
894 566
894 664
894 708
894 714
961 45
961 99
961 160
961 179
961 386
961 501
961 502
961 593
961 678
961 837
35 330
299 219
299 472
299 837
502 914
502 960
502 792
502 284
664 453
664 706
664 377
799 843
799 185
799 271
799 377
799 495
799 564
799 576
799 640
804 755
804 415
804 459
804 507
804 679
814 943
814 832
814 102
814 120
814 234
814 291
814 452
814 593
814 813
345 21
505 914
505 943
532 190
914 65
914 149
914 228
914 294
914 493
914 538
914 741
914 904
943 19
943 360
943 371
943 382
943 418
943 437
943 489
943 555
943 580
943 606
943 663
943 697
943 732
943 813
943 851
15 80
15 503
15 745
503 70
503 408
745 302
745 428
745 810
408 771
428 835
428 533
810 448
810 787
810 917
810 839
99 460
112 903
203 306
203 678
203 784
368 497
368 574
414 960
414 337
414 656
469 487
549 869
549 563
549 426
564 869
564 633
564 741
582 258
582 383
582 496
628 62
628 479
628 674
632 826
632 563
724 803
724 579
724 835
724 509
724 497
803 132
803 234
803 579
803 705
803 741
539 36
539 83
539 370
36 62
36 566
83 654
83 126
83 826
370 268
25 476
49 136
49 960
180 195
196 832
208 280
208 629
373 458
373 663
384 893
384 357
435 560
435 776
435 405
526 147
526 470
739 843
739 172
739 629
815 69
815 251
815 325
815 327
815 337
815 429
815 574
815 797
17 581
581 387
387 81
387 90
145 363
331 556
331 171
331 668
620 869
620 876
620 903
648 131
648 353
648 849
68 641
76 251
125 580
136 221
165 832
165 557
206 674
206 734
273 437
327 296
382 513
382 317
442 77
442 150
706 335
706 475
706 761
771 714
771 837
787 200
787 487
787 761
859 826
859 602
859 257
859 293
859 473
859 574
859 874
18 52
18 506
18 654
52 330
506 231
506 489
654 48
654 480
654 570
654 592
231 117
489 960
48 588
480 692
480 452
570 542
570 355
592 58
592 93
592 238
592 286
592 459
592 496
104 470
104 594
401 876
401 111
401 148
401 186
401 436
441 324
441 813
657 843
657 448
657 242
678 221
714 789
714 776
714 826
837 869
837 515
837 811
837 418
19 126
19 178
88 611
207 200
576 323
669 789
669 96
669 623
360 672
371 247
418 918
418 369
437 449
555 255
580 585
606 58
606 307
663 245
663 546
663 874
697 672
697 797
697 813
732 599
732 436
813 472
813 661
851 51
851 91
213 583
213 794
213 479
338 841
409 228
409 497
409 538
504 546
918 651
918 794
918 78
918 87
918 235
918 255
918 400
918 444
918 637
220 559
223 849
353 235
509 359
509 377
509 741
566 515
708 151
708 444
708 520
708 546
183 204
183 917
205 904
498 544
627 195
627 361
265 715
405 705
405 682
405 655
494 106
494 497
794 65
794 75
794 917
800 87
800 364
800 475
800 849
811 407
811 789
811 181
811 374
826 372
849 917
849 487
849 618
146 588
340 187
340 629
359 334
359 840
359 752
682 296
734 443
734 467
840 755
840 835
840 553
840 268
840 158
840 757
843 45
843 151
843 477
843 520
843 832
843 960
903 613
903 322
903 473
903 679
903 824
562 618
583 115
792 167
792 304
792 453
792 752
917 221
917 186
917 283
917 618
326 830
326 242
326 282
479 169
569 960
569 396
569 426
599 585
599 610
767 558
767 279
613 105
613 107
613 347
107 458
65 789
149 436
228 841
294 705
493 561
493 667
538 306
538 244
741 755
741 611
741 456
741 381
904 58
904 143
904 458
904 477
904 546
904 789
904 839
361 296
517 106
517 436
674 893
674 367
173 533
264 451
344 456
451 87
715 651
715 465
251 594
869 119
869 369
869 520
869 667
476 447
476 482
476 847
447 784
482 567
847 280
847 363
847 459
286 440
960 215
960 277
960 422
960 456
960 633
26 356
356 153
153 189
594 429
594 533
593 402
226 367
226 459
244 784
246 94
246 528
395 567
513 546
513 839
176 830
176 465
667 893
667 530
162 443
334 106
334 293
559 181
559 656
876 97
876 151
876 190
876 839
44 314
44 755
61 755
61 579
404 281
460 602
651 77
705 560
705 874
776 588
776 557
776 415
776 426
784 400
784 522
784 337
784 357
784 419
874 821
874 839
407 303
830 190
830 377
830 449
830 544
830 649
830 835
303 137
131 56
649 641
649 456
649 839
835 85
835 241
835 307
835 420
835 456
835 761
119 832
119 333
396 258
396 692
276 542
809 314
809 611
809 89
809 215
809 240
809 463
809 640
641 558
641 198
641 463
821 324
821 120
821 280
821 597
821 610
192 46
252 629
528 187
528 573
553 605
553 90
832 51
832 839
597 446
611 432
611 841
738 37
738 158
738 448
738 524
757 188
841 150
841 170
841 200
108 556
141 458
141 429
422 283
797 402
797 171
797 524
797 596
189 241
218 348
366 692
610 291
661 602
661 560
290 62
824 113
824 224
824 574
446 219
596 467
596 618
62 324
37 219
295 367
325 307
585 363
602 137
655 618
655 761
46 704
241 672
311 692
335 91
335 310
54 605
260 672
412 97
530 419
672 50
672 542
893 755
893 322
893 129
893 341
893 419
893 692
77 561
188 201
132 522
579 355
579 427
579 761
755 89
89 109
477 167
255 388
283 467
427 184
495 463
440 560
386 704
386 268
386 501
704 618
588 204
163 367
692 457
215 472
633 271
50 558
558 337
839 420
839 472
839 668
473 432
623 184
567 432
567 139
496 629
379 170
238 320
458 256
458 546
420 150
761 463
557 683
171 257
304 453
261 388
560 186
432 400
282 400
683 170
683 430
561 388
78 322
322 170
202 323
247 256
139 172
301 467
258 284
