1	280
1	912
1	944
1	989
2	373
2	724
2	859
2	891
3	283
3	347
3	834
3	952
4	76
4	924
4	965
4	987
5	43
5	547
5	571
5	629
6	619
6	695
6	807
6	986
7	547
7	715
7	872
7	956
8	113
8	316
8	640
8	870
9	559
9	617
9	799
9	845
10	116
10	936
10	972
10	973
11	595
11	816
11	986
11	989
12	862
12	870
12	927
12	950
13	618
13	952
13	978
13	995
14	812
14	908
14	971
14	994
15	395
15	605
15	813
15	992
16	392
16	691
16	830
16	840
17	911
17	929
17	933
17	962
18	530
18	612
18	900
18	968
19	787
19	801
19	878
19	920
20	228
20	768
20	937
20	968
21	357
21	538
21	668
21	771
22	495
22	588
22	662
22	727
23	288
23	960
23	962
23	971
24	702
24	856
24	857
24	921
25	345
25	454
25	827
25	965
26	857
26	864
26	896
26	935
27	510
27	932
27	976
27	989
28	791
28	798
28	891
28	923
29	103
29	205
29	798
29	844
30	470
30	879
30	991
30	993
31	369
31	467
31	899
31	956
32	334
32	587
32	984
32	1000
33	109
33	112
33	836
33	940
34	580
34	627
34	781
34	922
35	76
35	832
35	899
35	969
36	925
36	975
36	982
36	999
37	381
37	685
37	964
37	978
38	307
38	336
38	888
38	974
39	136
39	524
39	920
39	974
40	940
40	952
40	961
40	965
41	321
41	430
41	529
41	962
42	331
42	397
42	985
42	996
43	5
43	273
43	546
43	705
44	482
44	727
44	824
44	955
45	300
45	509
45	653
45	861
46	52
46	410
46	894
46	948
47	94
47	607
47	637
47	663
48	726
48	871
48	924
48	947
49	643
49	669
49	785
49	883
50	621
50	814
50	868
50	963
51	244
51	530
51	765
51	972
52	46
52	342
52	907
52	962
53	55
53	784
53	948
53	991
54	574
54	700
54	946
54	1000
55	53
55	368
55	956
55	968
56	659
56	833
56	889
56	932
57	480
57	862
57	956
57	990
58	192
58	714
58	741
58	746
59	678
59	757
59	920
59	998
60	87
60	499
60	760
60	907
61	133
61	746
61	957
61	985
62	497
62	916
62	991
62	995
63	356
63	360
63	715
63	911
64	274
64	882
64	936
64	997
65	308
65	550
65	740
65	982
66	884
66	900
66	945
66	950
67	582
67	605
67	956
67	998
68	324
68	773
68	775
68	886
69	184
69	504
69	960
69	962
70	123
70	171
70	484
70	581
71	371
71	475
71	721
71	994
72	203
72	729
72	894
72	995
73	827
73	833
73	929
73	989
74	549
74	802
74	942
74	957
75	206
75	609
75	703
75	962
76	4
76	35
76	940
76	954
77	349
77	376
77	737
77	761
78	479
78	850
78	917
78	968
79	478
79	762
79	834
79	889
80	755
80	836
80	881
80	976
81	780
81	837
81	967
81	986
82	123
82	438
82	839
82	858
83	257
83	768
83	826
83	940
84	808
84	883
84	982
84	990
85	360
85	402
85	947
85	976
86	677
86	857
86	935
86	938
87	60
87	565
87	769
87	1000
88	392
88	521
88	863
88	950
89	186
89	810
89	902
89	944
90	842
90	867
90	887
90	936
91	356
91	507
91	612
91	659
92	474
92	558
92	927
92	984
93	718
93	870
93	910
93	940
94	47
94	343
94	850
94	960
95	492
95	573
95	678
95	894
96	101
96	318
96	964
96	982
97	555
97	697
97	882
97	996
98	823
98	944
98	984
98	999
99	414
99	727
99	835
99	899
100	545
100	635
100	649
100	750
101	96
101	884
101	942
101	956
102	690
102	818
102	865
102	958
103	29
103	492
103	850
103	936
104	157
104	447
104	461
104	807
105	777
105	893
105	983
105	995
106	110
106	920
106	969
106	972
107	477
107	532
107	813
107	866
108	660
108	928
108	976
108	985
109	33
109	494
109	733
109	987
110	106
110	693
110	796
110	998
111	314
111	878
111	940
111	971
112	33
112	880
112	914
112	917
113	8
113	523
113	845
113	990
114	517
114	883
114	972
114	997
115	845
115	915
115	983
115	997
116	10
116	885
116	890
116	903
117	135
117	219
117	394
117	429
118	476
118	903
118	969
118	982
119	964
119	972
119	990
119	993
120	464
120	915
120	955
120	992
121	149
121	852
121	854
121	953
122	632
122	945
122	952
122	974
123	70
123	82
123	662
123	969
124	503
124	797
124	896
124	903
125	474
125	677
125	868
125	968
126	491
126	792
126	897
126	993
127	654
127	752
127	941
127	987
128	687
128	792
128	877
128	893
129	306
129	610
129	950
129	961
130	510
130	544
130	868
130	970
131	332
131	647
131	923
131	972
132	355
132	899
132	926
132	957
133	61
133	541
133	628
133	902
134	218
134	335
134	887
134	926
135	117
135	319
135	633
135	979
136	39
136	159
136	943
136	960
137	657
137	832
137	952
137	968
138	285
138	508
138	932
138	1000
139	536
139	608
139	789
139	998
140	769
140	778
140	810
140	876
141	432
141	466
141	467
141	964
142	395
142	579
142	739
142	802
143	296
143	807
143	826
143	879
144	442
144	525
144	895
144	975
145	906
145	916
145	952
145	968
146	719
146	736
146	764
146	969
147	854
147	899
147	953
147	995
148	332
148	823
148	870
148	981
149	121
149	822
149	966
149	969
150	427
150	760
150	856
150	985
151	323
151	539
151	979
151	984
152	310
152	971
152	982
152	983
153	352
153	805
153	862
153	946
154	569
154	868
154	886
154	903
155	255
155	652
155	824
155	847
156	806
156	853
156	871
156	928
157	104
157	288
157	710
157	978
158	366
158	387
158	515
158	722
159	136
159	456
159	684
159	853
160	256
160	405
160	974
160	977
161	515
161	929
161	970
161	981
162	805
162	926
162	993
162	998
163	585
163	759
163	971
163	994
164	630
164	769
164	786
164	992
165	292
165	456
165	475
165	483
166	606
166	844
166	966
166	977
167	796
167	897
167	989
167	1000
168	428
168	472
168	895
168	974
169	353
169	526
169	940
169	974
170	552
170	560
170	960
170	962
171	70
171	860
171	961
171	979
172	274
172	851
172	983
172	997
173	243
173	749
173	874
173	912
174	449
174	631
174	694
174	712
175	679
175	824
175	924
175	992
176	354
176	598
176	804
176	896
177	440
177	803
177	834
177	899
178	613
178	748
178	898
178	1000
179	331
179	663
179	776
179	928
180	685
180	854
180	939
180	993
181	258
181	697
181	929
181	933
182	743
182	811
182	953
182	960
183	399
183	862
183	939
183	981
184	69
184	777
184	897
184	944
185	309
185	769
185	885
185	909
186	89
186	775
186	987
186	990
187	353
187	551
187	871
187	936
188	424
188	651
188	737
188	1000
189	685
189	688
189	924
189	986
190	630
190	635
190	842
190	932
191	484
191	675
191	690
191	757
192	58
192	624
192	736
192	975
193	606
193	615
193	851
193	986
194	364
194	411
194	875
194	922
195	513
195	702
195	991
195	992
196	842
196	845
196	901
196	937
197	469
197	564
197	893
197	950
198	480
198	721
198	752
198	964
199	396
199	492
199	648
199	910
200	355
200	837
200	946
200	959
201	402
201	868
201	902
201	984
202	749
202	807
202	874
202	977
203	72
203	427
203	782
203	791
204	336
204	725
204	908
204	915
205	29
205	335
205	949
205	988
206	75
206	646
206	834
206	938
207	259
207	860
207	885
207	996
208	739
208	892
208	920
208	981
209	712
209	827
209	971
209	989
210	524
210	953
210	975
210	995
211	628
211	720
211	824
211	999
212	762
212	970
212	973
212	986
213	377
213	502
213	675
213	978
214	346
214	644
214	855
214	991
215	276
215	774
215	907
215	998
216	292
216	339
216	569
216	676
217	500
217	885
217	925
217	989
218	134
218	252
218	752
218	886
219	117
219	827
219	930
219	989
220	314
220	716
220	787
220	870
221	633
221	710
221	879
221	913
222	309
222	963
222	982
222	995
223	367
223	479
223	906
223	999
224	585
224	819
224	860
224	892
225	689
225	716
225	879
225	957
226	246
226	418
226	774
226	974
227	252
227	266
227	612
227	768
228	20
228	358
228	865
228	996
229	232
229	780
229	948
229	978
230	463
230	533
230	772
230	851
231	646
231	912
231	944
231	989
232	229
232	429
232	599
232	809
233	451
233	859
233	914
233	995
234	681
234	803
234	914
234	957
235	408
235	701
235	910
235	989
236	534
236	841
236	973
236	986
237	526
237	764
237	792
237	887
238	848
238	886
238	951
238	989
239	371
239	433
239	848
239	927
240	422
240	769
240	902
240	983
241	278
241	566
241	909
241	1000
242	431
242	716
242	892
242	925
243	173
243	859
243	964
243	973
244	51
244	385
244	422
244	589
245	260
245	836
245	941
245	944
246	226
246	637
246	996
246	1000
247	675
247	777
247	952
247	998
248	520
248	851
248	964
248	978
249	579
249	798
249	966
249	989
250	772
250	849
250	917
250	948
250	980
251	681
251	732
251	759
251	798
251	895
252	218
252	227
252	340
252	385
252	954
253	631
253	682
253	963
253	984
253	988
254	275
254	297
254	819
254	948
254	964
255	155
255	563
255	821
255	934
255	999
256	160
256	723
256	834
256	889
256	993
257	83
257	344
257	939
257	964
257	980
258	181
258	307
258	576
258	842
258	979
259	207
259	714
259	799
259	915
259	995
260	245
260	671
260	835
260	931
260	960
261	421
261	627
261	672
261	695
261	869
262	570
262	733
262	799
262	885
262	987
263	485
263	601
263	847
263	856
263	989
264	687
264	899
264	968
264	990
264	993
265	542
265	631
265	948
265	965
265	999
266	227
266	652
266	966
266	997
266	1000
267	952
267	957
267	969
267	970
267	977
268	297
268	461
268	692
268	791
268	988
269	278
269	283
269	355
269	605
269	848
270	852
270	924
270	945
270	948
270	969
271	634
271	691
271	783
271	810
271	842
272	660
272	679
272	862
272	880
272	948
273	43
273	794
273	937
273	941
273	966
274	64
274	172
274	893
274	952
274	987
275	254
275	897
275	926
275	993
275	998
276	215
276	656
276	864
276	947
276	978
277	709
277	855
277	962
277	987
277	988
278	241
278	269
278	764
278	769
278	906
279	559
279	788
279	875
279	971
279	987
280	1
280	718
280	795
280	913
280	998
281	559
281	700
281	703
281	898
281	976
282	491
282	757
282	767
282	773
282	810
283	3
283	269
283	420
283	622
283	707
284	413
284	630
284	705
284	855
284	872
285	138
285	438
285	729
285	813
285	862
286	471
286	812
286	848
286	866
286	992
287	323
287	516
287	805
287	976
287	983
288	23
288	157
288	609
288	631
288	985
289	362
289	548
289	785
289	857
289	997
290	633
290	692
290	923
290	931
290	976
291	653
291	951
291	978
291	990
291	998
292	165
292	216
292	743
292	825
292	916
293	311
293	439
293	862
293	932
293	984
294	772
294	842
294	906
294	909
294	928
295	383
295	391
295	859
295	932
295	951
296	143
296	340
296	518
296	872
296	972
297	254
297	268
297	705
297	843
297	943
298	664
298	743
298	755
298	799
298	997
299	450
299	676
299	761
299	973
299	997
300	45
300	483
300	685
300	788
300	823
301	444
301	477
301	819
301	848
301	887
302	329
302	453
302	559
302	605
302	788
303	658
303	892
303	896
303	979
303	993
304	443
304	738
304	802
304	935
304	952
305	448
305	774
305	855
305	952
305	992
306	129
306	834
306	924
306	933
306	945
307	38
307	258
307	839
307	875
307	882
308	65
308	491
308	795
308	814
308	958
309	185
309	222
309	732
309	906
309	966
310	152
310	544
310	897
310	980
310	987
311	293
311	546
311	572
311	807
311	958
312	801
312	818
312	821
312	832
312	861
313	588
313	605
313	902
313	948
313	996
314	111
314	220
314	745
314	876
314	954
315	428
315	688
315	876
315	885
315	993
316	8
316	867
316	885
316	971
316	999
317	594
317	886
317	952
317	953
317	984
318	96
318	348
318	447
318	830
318	991
319	135
319	496
319	702
319	847
319	933
320	577
320	595
320	623
320	856
320	946
321	41
321	546
321	574
321	661
321	960
322	741
322	778
322	912
322	977
322	990
323	151
323	287
323	498
323	966
323	998
324	68
324	473
324	894
324	898
324	1000
325	468
325	840
325	894
325	987
325	1000
326	711
326	734
326	933
326	942
326	993
327	627
327	871
327	898
327	961
327	1000
328	391
328	831
328	883
328	884
328	952
329	302
329	423
329	827
329	944
329	990
330	746
330	804
330	883
330	898
330	987
331	42
331	179
331	863
331	936
331	964
332	131
332	148
332	789
332	911
332	931
333	352
333	630
333	722
333	942
333	972
334	32
334	417
334	667
334	775
334	970
335	134
335	205
335	562
335	762
335	773
336	38
336	204
336	677
336	876
336	978
337	643
337	982
337	987
337	988
337	989
338	839
338	872
338	922
338	946
338	983
339	216
339	509
339	525
339	683
339	984
340	252
340	296
340	845
340	869
340	996
341	697
341	716
341	870
341	874
341	980
342	52
342	481
342	994
342	995
342	996
343	94
343	903
343	931
343	951
343	979
344	257
344	375
344	573
344	943
344	966
345	25
345	446
345	887
345	908
345	965
346	214
346	375
346	735
346	963
346	998
347	3
347	873
347	972
347	993
347	998
348	318
348	475
348	603
348	689
348	911
349	77
349	449
349	741
349	863
349	952
350	780
350	829
350	881
350	917
350	933
351	476
351	516
351	650
351	745
351	852
352	153
352	333
352	385
352	564
352	825
353	169
353	187
353	917
353	977
353	986
354	176
354	924
354	988
354	990
354	998
355	132
355	200
355	269
355	493
355	878
356	63
356	91
356	770
356	964
356	976
357	21
357	681
357	885
357	905
357	929
358	228
358	564
358	825
358	941
358	945
359	625
359	780
359	856
359	911
359	927
360	63
360	85
360	539
360	833
360	947
361	464
361	501
361	618
361	694
361	928
362	289
362	627
362	779
362	849
362	990
363	794
363	859
363	905
363	946
363	953
364	194
364	741
364	919
364	939
364	990
365	529
365	600
365	749
365	808
365	950
366	158
366	477
366	575
366	638
366	928
367	223
367	828
367	869
367	897
367	901
368	55
368	888
368	918
368	976
368	994
369	31
369	408
369	605
369	796
369	956
370	498
370	687
370	747
370	797
370	975
371	71
371	239
371	753
371	868
371	985
372	647
372	821
372	905
372	928
372	975
373	2
373	806
373	935
373	943
373	1000
374	426
374	956
374	978
374	982
374	993
375	344
375	346
375	487
375	539
375	669
376	77
376	584
376	728
376	770
376	954
377	213
377	903
377	958
377	967
377	988
378	834
378	961
378	987
378	989
378	991
379	828
379	880
379	896
379	904
379	905
380	523
380	663
380	777
380	790
380	894
381	37
381	436
381	576
381	945
381	985
382	393
382	707
382	892
382	945
382	955
383	295
383	896
383	932
383	979
383	997
384	493
384	783
384	884
384	966
384	995
385	244
385	252
385	352
385	681
385	929
386	589
386	818
386	825
386	955
386	974
387	158
387	602
387	620
387	749
387	968
388	828
388	882
388	942
388	947
388	991
389	878
389	914
389	943
389	971
389	985
390	500
390	621
390	795
390	924
390	968
391	295
391	328
391	806
391	906
391	917
392	16
392	88
392	670
392	962
392	989
393	382
393	517
393	534
393	950
393	989
394	117
394	456
394	830
394	919
394	998
395	15
395	142
395	572
395	979
395	995
396	199
396	939
396	951
396	952
396	968
397	42
397	939
397	958
397	978
397	989
398	657
398	900
398	960
398	961
398	987
399	183
399	729
399	852
399	942
399	947
400	817
400	924
400	956
400	985
400	991
401	584
401	608
401	925
401	957
401	983
402	85
402	201
402	472
402	552
402	1000
403	441
403	942
403	956
403	984
403	989
404	436
404	460
404	743
404	919
404	990
405	160
405	497
405	868
405	979
405	985
406	531
406	608
406	701
406	759
406	936
407	414
407	859
407	883
407	897
407	923
408	235
408	369
408	619
408	828
408	981
409	899
409	921
409	945
409	951
409	979
410	46
410	643
410	880
410	943
410	957
410	981
411	194
411	693
411	853
411	954
411	959
411	963
412	472
412	683
412	834
412	893
412	904
412	909
413	284
413	713
413	771
413	839
413	908
413	940
414	99
414	407
414	739
414	761
414	942
414	965
415	734
415	760
415	785
415	959
415	961
415	986
416	462
416	940
416	956
416	980
416	984
416	985
417	334
417	827
417	939
417	944
417	961
417	986
418	226
418	478
418	882
418	892
418	935
418	997
419	669
419	793
419	819
419	935
419	940
419	977
420	283
420	489
420	582
420	710
420	793
420	874
421	261
421	838
421	884
421	934
421	982
421	999
422	240
422	244
422	732
422	800
422	837
422	986
423	329
423	753
423	771
423	877
423	949
423	953
424	188
424	783
424	902
424	929
424	963
424	980
425	490
425	586
425	654
425	718
425	964
425	984
426	374
426	506
426	801
426	889
426	972
426	987
427	150
427	203
427	674
427	826
427	901
427	972
428	168
428	315
428	768
428	881
428	938
428	971
429	117
429	232
429	505
429	613
429	924
429	955
430	41
430	488
430	830
430	839
430	894
430	913
431	242
431	575
431	658
431	753
431	776
431	838
432	141
432	443
432	816
432	924
432	955
432	995
433	239
433	469
433	507
433	760
433	883
433	926
434	729
434	793
434	822
434	880
434	888
434	976
435	527
435	545
435	758
435	872
435	890
435	973
436	381
436	404
436	865
436	927
436	946
436	970
437	513
437	715
437	722
437	847
437	928
437	974
438	82
438	285
438	683
438	902
438	910
438	996
439	293
439	601
439	661
439	762
439	827
439	975
440	177
440	562
440	663
440	762
440	840
440	997
441	403
441	831
441	937
441	966
441	995
441	997
442	144
442	750
442	840
442	865
442	922
442	980
443	304
443	432
443	619
443	722
443	920
443	992
444	301
444	674
444	717
444	765
444	774
444	920
445	543
445	555
445	809
445	883
445	998
445	999
446	345
446	729
446	887
446	932
446	941
446	992
447	104
447	318
447	612
447	861
447	944
447	997
448	305
448	645
448	786
448	877
448	910
448	955
449	174
449	349
449	557
449	647
449	900
449	975
450	299
450	609
450	833
450	853
450	918
450	983
451	233
451	724
451	783
451	824
451	936
451	984
452	612
452	632
452	649
452	845
452	943
452	955
453	302
453	522
453	873
453	965
453	980
453	999
454	25
454	469
454	707
454	718
454	898
454	1000
455	483
455	611
455	628
455	825
455	869
455	951
456	159
456	165
456	394
456	529
456	712
456	973
457	571
457	751
457	850
457	860
457	944
457	989
458	657
458	701
458	746
458	784
458	800
458	974
459	529
459	861
459	912
459	959
459	992
459	993
460	404
460	707
460	859
460	887
460	941
460	997
461	104
461	268
461	814
461	846
461	923
461	950
462	416
462	553
462	676
462	811
462	963
462	967
463	230
463	533
463	709
463	850
463	909
463	992
464	120
464	361
464	830
464	852
464	894
464	923
465	600
465	840
465	922
465	970
465	972
465	988
466	141
466	487
466	506
466	893
466	969
466	970
467	31
467	141
467	793
467	846
467	970
467	993
468	325
468	758
468	820
468	905
468	945
468	989
469	197
469	433
469	454
469	922
469	970
469	992
470	30
470	644
470	689
470	752
470	791
470	905
471	286
471	589
471	869
471	941
471	969
471	996
472	168
472	402
472	412
472	844
472	845
472	1000
473	324
473	666
473	766
473	958
473	975
473	996
474	92
474	125
474	490
474	499
474	522
474	890
475	71
475	165
475	348
475	799
475	816
475	824
476	118
476	351
476	478
476	892
476	930
476	976
477	107
477	301
477	366
477	624
477	788
477	792
478	79
478	418
478	476
478	899
478	968
478	998
479	78
479	223
479	536
479	796
479	989
479	990
480	57
480	198
480	688
480	931
480	990
480	998
481	342
481	771
481	839
481	923
481	942
481	989
482	44
482	772
482	832
482	864
482	984
482	985
483	165
483	300
483	455
483	610
483	872
483	957
484	70
484	191
484	796
484	916
484	935
484	965
485	263
485	676
485	884
485	914
485	952
485	965
486	546
486	963
486	965
486	967
486	979
486	990
487	375
487	466
487	834
487	931
487	944
487	977
488	430
488	751
488	849
488	958
488	964
488	978
489	420
489	497
489	617
489	634
489	808
489	950
490	425
490	474
490	698
490	863
490	988
490	994
491	126
491	282
491	308
491	588
491	824
491	892
492	95
492	103
492	199
492	916
492	930
492	997
493	355
493	384
493	581
493	905
493	924
493	969
494	109
494	507
494	576
494	831
494	880
494	1000
495	22
495	715
495	777
495	940
495	974
495	980
496	319
496	537
496	567
496	574
496	748
496	967
497	62
497	405
497	489
497	775
497	873
497	970
498	323
498	370
498	525
498	731
498	829
498	977
499	60
499	474
499	594
499	835
499	866
499	969
500	217
500	390
500	622
500	732
500	818
500	890
501	361
501	535
501	544
501	860
501	958
501	961
502	213
502	534
502	699
502	781
502	875
502	989
503	124
503	778
503	835
503	846
503	984
503	989
504	69
504	737
504	740
504	920
504	938
504	972
505	429
505	556
505	751
505	889
505	953
505	993
506	426
506	466
506	894
506	903
506	961
506	988
507	91
507	433
507	494
507	801
507	926
507	940
508	138
508	514
508	813
508	932
508	948
508	962
509	45
509	339
509	661
509	679
509	940
509	982
510	27
510	130
510	550
510	551
510	846
510	980
511	617
511	672
511	808
511	936
511	943
511	979
512	593
512	829
512	848
512	907
512	909
512	996
513	195
513	437
513	739
513	814
513	954
513	975
514	508
514	653
514	718
514	790
514	821
514	894
515	158
515	161
515	787
515	917
515	950
515	963
516	287
516	351
516	778
516	972
516	994
516	996
517	114
517	393
517	888
517	954
517	974
517	994
518	296
518	786
518	792
518	941
518	995
518	997
519	554
519	878
519	901
519	975
519	981
519	985
520	248
520	737
520	793
520	954
520	993
520	996
521	88
521	558
521	844
521	899
521	938
521	994
522	453
522	474
522	811
522	944
522	989
522	991
523	113
523	380
523	625
523	844
523	972
523	984
524	39
524	210
524	584
524	620
524	960
524	962
525	144
525	339
525	498
525	877
525	911
525	973
525	1000
526	169
526	237
526	753
526	856
526	893
526	963
526	984
527	435
527	564
527	865
527	922
527	936
527	970
527	996
528	587
528	674
528	790
528	807
528	882
528	900
528	1000
529	41
529	365
529	456
529	459
529	666
529	782
529	906
530	18
530	51
530	542
530	568
530	649
530	900
530	901
531	406
531	541
531	621
531	732
531	883
531	897
531	967
532	107
532	534
532	811
532	862
532	865
532	916
532	972
533	230
533	463
533	580
533	706
533	932
533	951
533	968
534	236
534	393
534	502
534	532
534	600
534	909
534	989
535	501
535	759
535	805
535	929
535	930
535	947
535	990
536	139
536	479
536	588
536	599
536	797
536	875
536	960
537	496
537	592
537	742
537	858
537	945
537	962
537	987
538	21
538	815
538	908
538	930
538	944
538	966
538	994
539	151
539	360
539	375
539	801
539	884
539	896
539	916
540	572
540	581
540	679
540	746
540	780
540	911
540	917
541	133
541	531
541	756
541	846
541	944
541	975
541	989
542	265
542	530
542	646
542	727
542	925
542	932
542	970
543	445
543	602
543	619
543	939
543	990
543	998
543	999
544	130
544	310
544	501
544	757
544	919
544	950
544	967
545	100
545	435
545	636
545	841
545	923
545	941
545	987
546	43
546	311
546	321
546	486
546	849
546	876
546	960
547	5
547	7
547	650
547	755
547	781
547	903
547	926
548	289
548	561
548	706
548	846
548	919
548	988
548	990
549	74
549	756
549	763
549	800
549	817
549	975
549	999
550	65
550	510
550	641
550	726
550	899
550	976
550	980
551	187
551	510
551	590
551	728
551	794
551	835
551	935
552	170
552	402
552	579
552	626
552	742
552	928
552	948
553	462
553	566
553	753
553	812
553	817
553	856
553	885
554	519
554	613
554	856
554	907
554	939
554	961
554	981
555	97
555	445
555	557
555	570
555	796
555	947
555	988
556	505
556	592
556	689
556	815
556	828
556	861
556	916
557	449
557	555
557	585
557	895
557	925
557	927
557	929
558	92
558	521
558	565
558	655
558	680
558	880
558	972
559	9
559	279
559	281
559	302
559	685
559	980
559	993
560	170
560	764
560	782
560	784
560	867
560	994
560	996
561	548
561	855
561	899
561	938
561	959
561	992
561	1000
562	335
562	440
562	807
562	865
562	889
562	911
562	974
563	255
563	614
563	679
563	800
563	805
563	828
563	867
564	197
564	352
564	358
564	527
564	930
564	960
564	985
565	87
565	558
565	603
565	810
565	863
565	937
565	992
566	241
566	553
566	800
566	958
566	964
566	978
566	994
567	496
567	688
567	737
567	758
567	771
567	859
567	960
568	530
568	807
568	810
568	964
568	982
568	985
568	993
569	154
569	216
569	642
569	869
569	871
569	970
569	986
570	262
570	555
570	693
570	721
570	765
570	930
570	988
571	5
571	457
571	703
571	809
571	897
571	951
571	979
572	311
572	395
572	540
572	606
572	619
572	845
572	955
573	95
573	344
573	662
573	733
573	867
573	887
573	959
574	54
574	321
574	496
574	620
574	732
574	936
574	967
575	366
575	431
575	702
575	723
575	748
575	897
575	993
576	258
576	381
576	494
576	772
576	843
576	867
576	881
577	320
577	799
577	812
577	856
577	890
577	944
577	983
578	645
578	725
578	808
578	902
578	958
578	978
578	992
579	142
579	249
579	552
579	807
579	831
579	990
579	1000
580	34
580	533
580	592
580	623
580	703
580	882
580	979
581	70
581	493
581	540
581	959
581	991
581	995
581	997
582	67
582	420
582	904
582	944
582	969
582	972
582	989
583	731
583	735
583	779
583	825
583	934
583	936
583	955
584	376
584	401
584	524
584	744
584	819
584	881
584	931
585	163
585	224
585	557
585	648
585	657
585	897
585	973
586	425
586	842
586	904
586	934
586	944
586	978
586	998
587	32
587	528
587	779
587	890
587	971
587	984
587	1000
588	22
588	313
588	491
588	536
588	769
588	919
588	961
589	244
589	386
589	471
589	777
589	888
589	963
589	974
590	551
590	693
590	758
590	825
590	883
590	936
590	991
591	758
591	841
591	864
591	878
591	918
591	926
591	981
592	537
592	556
592	580
592	798
592	845
592	929
592	974
593	512
593	711
593	835
593	867
593	952
593	957
593	964
594	317
594	499
594	622
594	644
594	698
594	828
594	965
595	11
595	320
595	805
595	858
595	903
595	990
595	998
596	808
596	814
596	819
596	822
596	930
596	943
596	965
596	977
597	644
597	669
597	829
597	882
597	913
597	927
597	941
597	981
598	176
598	632
598	723
598	922
598	940
598	941
598	970
598	997
599	232
599	536
599	688
599	747
599	915
599	955
599	977
599	998
600	365
600	465
600	534
600	666
600	760
600	912
600	937
600	947
601	263
601	439
601	789
601	917
601	942
601	946
601	977
601	988
602	387
602	543
602	764
602	804
602	853
602	928
602	948
602	990
603	348
603	565
603	620
603	662
603	932
603	962
603	979
603	988
604	692
604	710
604	782
604	814
604	917
604	950
604	967
604	977
605	15
605	67
605	269
605	302
605	313
605	369
605	977
605	990
606	166
606	193
606	572
606	614
606	807
606	848
606	911
606	921
607	47
607	633
607	681
607	785
607	835
607	957
607	960
607	977
608	139
608	401
608	406
608	922
608	936
608	957
608	958
608	978
609	75
609	288
609	450
609	675
609	786
609	836
609	846
609	915
610	129
610	483
610	642
610	670
610	826
610	939
610	995
610	1000
611	455
611	657
611	771
611	961
611	971
611	982
611	987
611	988
612	18
612	91
612	227
612	447
612	452
612	639
612	955
612	993
613	178
613	429
613	554
613	769
613	771
613	837
613	947
613	953
614	563
614	606
614	641
614	642
614	749
614	795
614	874
614	949
615	193
615	754
615	764
615	823
615	873
615	878
615	920
615	960
616	774
616	862
616	894
616	906
616	935
616	961
616	977
616	999
617	9
617	489
617	511
617	638
617	685
617	943
617	956
617	986
618	13
618	361
618	644
618	681
618	923
618	932
618	954
618	985
619	6
619	408
619	443
619	543
619	572
619	956
619	981
619	986
620	387
620	524
620	574
620	603
620	628
620	658
620	798
620	956
621	50
621	390
621	531
621	639
621	689
621	855
621	923
621	963
622	283
622	500
622	594
622	665
622	793
622	871
622	912
622	976
623	320
623	580
623	773
623	803
623	864
623	888
623	935
623	941
624	192
624	477
624	784
624	819
624	914
624	942
624	991
624	1000
625	359
625	523
625	812
625	956
625	981
625	983
625	984
625	985
626	552
626	706
626	717
626	841
626	857
626	891
626	945
626	948
627	34
627	261
627	327
627	362
627	697
627	756
627	934
627	964
628	133
628	211
628	455
628	620
628	637
628	916
628	937
628	980
629	5
629	632
629	636
629	672
629	768
629	797
629	839
629	907
630	164
630	190
630	284
630	333
630	872
630	888
630	889
630	959
631	174
631	253
631	265
631	288
631	906
631	987
631	990
631	999
632	122
632	452
632	598
632	629
632	688
632	707
632	928
632	946
633	135
633	221
633	290
633	607
633	649
633	856
633	862
633	937
634	271
634	489
634	691
634	739
634	770
634	831
634	832
634	941
635	100
635	190
635	713
635	786
635	794
635	907
635	948
635	958
636	545
636	629
636	674
636	793
636	886
636	933
636	973
636	985
637	47
637	246
637	628
637	919
637	940
637	942
637	952
637	980
638	366
638	617
638	649
638	796
638	803
638	904
638	927
638	989
639	612
639	621
639	701
639	875
639	967
639	972
639	988
639	993
640	8
640	749
640	754
640	867
640	921
640	938
640	945
640	950
641	550
641	614
641	657
641	748
641	829
641	838
641	907
641	935
642	569
642	610
642	614
642	840
642	847
642	955
642	967
642	970
643	49
643	337
643	410
643	659
643	731
643	975
643	976
643	993
644	214
644	470
644	594
644	597
644	618
644	821
644	855
644	935
645	448
645	578
645	706
645	790
645	910
645	924
645	959
645	994
646	206
646	231
646	542
646	791
646	878
646	904
646	929
646	977
647	131
647	372
647	449
647	682
647	737
647	936
647	938
647	960
648	199
648	585
648	702
648	744
648	951
648	956
648	984
648	985
649	100
649	452
649	530
649	633
649	638
649	866
649	962
649	994
650	351
650	547
650	877
650	894
650	949
650	953
650	992
650	999
651	188
651	774
651	783
651	865
651	904
651	909
651	910
651	913
652	155
652	266
652	763
652	888
652	889
652	940
652	949
652	974
653	45
653	291
653	514
653	733
653	861
653	957
653	981
653	992
654	127
654	425
654	655
654	788
654	925
654	929
654	933
654	976
655	558
655	654
655	679
655	731
655	747
655	842
655	880
655	891
656	276
656	674
656	748
656	815
656	839
656	906
656	923
656	973
657	137
657	398
657	458
657	585
657	611
657	641
657	725
657	736
657	879
658	303
658	431
658	620
658	702
658	847
658	856
658	882
658	951
658	970
659	56
659	91
659	643
659	798
659	845
659	876
659	975
659	976
659	985
660	108
660	272
660	880
660	920
660	941
660	949
660	975
660	984
660	985
661	321
661	439
661	509
661	794
661	859
661	869
661	923
661	969
661	993
662	22
662	123
662	573
662	603
662	723
662	746
662	946
662	970
662	977
663	47
663	179
663	380
663	440
663	731
663	830
663	847
663	979
663	980
664	298
664	711
664	725
664	828
664	898
664	903
664	967
664	968
664	1000
665	622
665	708
665	714
665	781
665	805
665	840
665	886
665	927
665	972
666	473
666	529
666	600
666	667
666	722
666	949
666	966
666	984
666	985
667	334
667	666
667	699
667	706
667	784
667	787
667	897
667	971
667	979
668	21
668	700
668	755
668	775
668	827
668	909
668	925
668	932
668	977
669	49
669	375
669	419
669	597
669	779
669	835
669	881
669	931
669	975
670	392
670	610
670	724
670	893
670	917
670	930
670	970
670	981
670	998
671	260
671	703
671	811
671	886
671	959
671	962
671	977
671	981
671	1000
672	261
672	511
672	629
672	712
672	782
672	798
672	841
672	894
672	986
673	773
673	836
673	841
673	888
673	893
673	920
673	959
673	986
673	991
674	427
674	444
674	528
674	636
674	656
674	871
674	940
674	973
674	974
675	191
675	213
675	247
675	609
675	691
675	825
675	864
675	931
675	992
676	216
676	299
676	462
676	485
676	708
676	749
676	786
676	844
676	963
677	86
677	125
677	336
677	687
677	759
677	828
677	906
677	934
677	958
678	59
678	95
678	754
678	849
678	918
678	924
678	932
678	987
678	989
679	175
679	272
679	509
679	540
679	563
679	655
679	905
679	952
679	996
680	558
680	738
680	750
680	832
680	946
680	967
680	987
680	988
680	994
681	234
681	251
681	357
681	385
681	607
681	618
681	781
681	962
681	984
682	253
682	647
682	827
682	831
682	833
682	933
682	953
682	963
682	1000
683	339
683	412
683	438
683	710
683	843
683	860
683	909
683	992
683	994
684	159
684	720
684	860
684	880
684	925
684	930
684	941
684	968
684	995
685	37
685	180
685	189
685	300
685	559
685	617
685	823
685	915
685	919
686	717
686	817
686	850
686	868
686	888
686	966
686	981
686	992
686	999
687	128
687	264
687	370
687	677
687	812
687	847
687	862
687	865
687	989
688	189
688	315
688	480
688	567
688	599
688	632
688	771
688	910
688	965
689	225
689	348
689	470
689	556
689	621
689	710
689	790
689	861
689	949
690	102
690	191
690	713
690	726
690	806
690	890
690	920
690	991
690	992
691	16
691	271
691	634
691	675
691	814
691	840
691	992
691	995
691	997
692	268
692	290
692	604
692	719
692	754
692	861
692	918
692	961
692	988
693	110
693	411
693	570
693	590
693	843
693	934
693	958
693	964
693	978
694	174
694	361
694	733
694	874
694	875
694	928
694	946
694	961
694	983
695	6
695	261
695	742
695	752
695	767
695	851
695	895
695	971
695	983
696	763
696	893
696	901
696	908
696	911
696	944
696	953
696	982
696	985
697	97
697	181
697	341
697	627
697	699
697	934
697	954
697	964
697	974
698	490
698	594
698	709
698	712
698	866
698	922
698	942
698	945
698	996
699	502
699	667
699	697
699	851
699	865
699	916
699	930
699	941
699	984
699	995
700	54
700	281
700	668
700	776
700	778
700	872
700	913
700	937
700	998
700	999
701	235
701	406
701	458
701	639
701	717
701	837
701	960
701	963
701	966
701	967
702	24
702	195
702	319
702	575
702	648
702	658
702	860
702	880
702	885
702	927
703	75
703	281
703	571
703	580
703	671
703	763
703	959
703	962
703	967
703	993
704	747
704	789
704	825
704	910
704	918
704	921
704	950
704	961
704	987
704	988
705	43
705	284
705	297
705	855
705	872
705	879
705	913
705	927
705	951
705	996
706	533
706	548
706	626
706	645
706	667
706	779
706	804
706	869
706	914
706	987
707	283
707	382
707	454
707	460
707	632
707	715
707	766
707	884
707	945
707	987
708	665
708	676
708	710
708	730
708	787
708	795
708	907
708	963
708	967
708	998
709	277
709	463
709	698
709	717
709	802
709	920
709	939
709	981
709	986
709	996
710	157
710	221
710	420
710	604
710	683
710	689
710	708
710	811
710	832
710	980
711	326
711	593
711	664
711	831
711	898
711	905
711	928
711	935
711	997
711	1000
712	174
712	209
712	456
712	672
712	698
712	783
712	793
712	936
712	966
712	987
713	413
713	635
713	690
713	792
713	799
713	857
713	897
713	957
713	959
713	991
714	58
714	259
714	665
714	719
714	730
714	817
714	946
714	961
714	987
714	988
715	7
715	63
715	437
715	495
715	707
715	830
715	875
715	928
715	945
715	975
716	220
716	225
716	242
716	341
716	783
716	802
716	910
716	937
716	942
716	978
717	444
717	626
717	686
717	701
717	709
717	734
717	918
717	965
717	983
717	992
718	93
718	280
718	425
718	454
718	514
718	807
718	815
718	831
718	974
718	1000
719	146
719	692
719	714
719	725
719	738
719	751
719	892
719	941
719	974
719	981
720	211
720	684
720	727
720	858
720	895
720	923
720	959
720	977
720	983
720	991
721	71
721	198
721	570
721	745
721	768
721	824
721	958
721	971
721	979
721	994
722	158
722	333
722	437
722	443
722	666
722	745
722	750
722	888
722	954
722	974
723	256
723	575
723	598
723	662
723	727
723	762
723	821
723	893
723	904
723	945
724	2
724	451
724	670
724	742
724	758
724	823
724	863
724	900
724	993
724	997
725	204
725	578
725	657
725	664
725	719
725	739
725	843
725	896
725	982
725	992
726	48
726	550
726	690
726	806
726	866
726	946
726	970
726	983
726	991
726	997
727	22
727	44
727	99
727	542
727	720
727	723
727	897
727	931
727	958
727	964
728	376
728	551
728	746
728	761
728	774
728	846
728	982
728	988
728	990
728	999
729	72
729	285
729	399
729	434
729	446
729	911
729	917
729	950
729	968
729	985
730	708
730	714
730	733
730	743
730	800
730	866
730	882
730	988
730	994
730	996
731	498
731	583
731	643
731	655
731	663
731	771
731	786
731	822
731	825
731	970
731	997
732	251
732	309
732	422
732	500
732	531
732	574
732	784
732	967
732	970
732	976
732	999
733	109
733	262
733	573
733	653
733	694
733	730
733	945
733	957
733	962
733	967
733	976
734	326
734	415
734	717
734	740
734	884
734	924
734	965
734	967
734	968
734	969
734	997
735	346
735	583
735	788
735	789
735	874
735	877
735	921
735	939
735	951
735	971
735	974
736	146
736	192
736	657
736	824
736	876
736	877
736	881
736	954
736	975
736	976
736	994
737	77
737	188
737	504
737	520
737	567
737	647
737	741
737	848
737	932
737	973
737	975
738	304
738	680
738	719
738	755
738	763
738	845
738	851
738	857
738	878
738	903
738	953
739	142
739	208
739	414
739	513
739	634
739	725
739	862
739	914
739	968
739	969
739	981
740	65
740	504
740	734
740	852
740	886
740	910
740	916
740	923
740	993
740	996
740	999
741	58
741	322
741	349
741	364
741	737
741	874
741	891
741	921
741	932
741	937
741	980
742	537
742	552
742	695
742	724
742	747
742	893
742	943
742	968
742	979
742	981
742	992
743	182
743	292
743	298
743	404
743	730
743	871
743	880
743	908
743	995
743	997
743	999
744	584
744	648
744	820
744	866
744	876
744	890
744	928
744	935
744	971
744	975
744	976
745	314
745	351
745	721
745	722
745	778
745	809
745	916
745	925
745	973
745	995
745	997
746	58
746	61
746	330
746	458
746	540
746	662
746	728
746	900
746	907
746	962
746	976
747	370
747	599
747	655
747	704
747	742
747	792
747	809
747	816
747	951
747	955
747	978
748	178
748	496
748	575
748	641
748	656
748	879
748	893
748	925
748	939
748	953
748	981
749	173
749	202
749	365
749	387
749	614
749	640
749	676
749	799
749	857
749	902
749	988
750	100
750	442
750	680
750	722
750	756
750	876
750	903
750	918
750	928
750	987
750	994
751	457
751	488
751	505
751	719
751	801
751	836
751	966
751	986
751	995
751	997
751	999
752	127
752	198
752	218
752	470
752	695
752	843
752	887
752	904
752	951
752	981
752	994
753	371
753	423
753	431
753	526
753	553
753	792
753	810
753	812
753	817
753	846
753	887
754	615
754	640
754	678
754	692
754	837
754	901
754	949
754	956
754	957
754	981
754	984
755	80
755	298
755	547
755	668
755	738
755	907
755	908
755	950
755	982
755	994
755	999
756	541
756	549
756	627
756	750
756	777
756	916
756	944
756	987
756	989
756	991
756	995
757	59
757	191
757	282
757	544
757	770
757	814
757	859
757	890
757	955
757	957
757	998
758	435
758	468
758	567
758	590
758	591
758	724
758	771
758	867
758	969
758	973
758	1000
759	163
759	251
759	406
759	535
759	677
759	762
759	793
759	808
759	858
759	958
759	967
760	60
760	150
760	415
760	433
760	600
760	834
760	874
760	895
760	912
760	915
760	923
761	77
761	299
761	414
761	728
761	820
761	881
761	917
761	932
761	975
761	976
761	999
762	79
762	212
762	335
762	439
762	440
762	723
762	759
762	819
762	866
762	939
762	975
763	549
763	652
763	696
763	703
763	738
763	788
763	797
763	900
763	935
763	980
763	997
764	146
764	237
764	278
764	560
764	602
764	615
764	816
764	829
764	926
764	977
764	996
765	51
765	444
765	570
765	834
765	869
765	921
765	959
765	963
765	987
765	991
765	992
766	473
766	707
766	843
766	904
766	909
766	934
766	949
766	963
766	964
766	981
766	992
767	282
767	695
767	795
767	883
767	886
767	926
767	938
767	949
767	967
767	982
767	988
768	20
768	83
768	227
768	428
768	629
768	721
768	770
768	904
768	927
768	955
768	987
768	994
769	87
769	140
769	164
769	185
769	240
769	278
769	588
769	613
769	820
769	925
769	933
769	961
770	356
770	376
770	634
770	757
770	768
770	808
770	917
770	926
770	940
770	951
770	954
770	974
771	21
771	413
771	423
771	481
771	567
771	611
771	613
771	688
771	731
771	758
771	991
771	996
772	230
772	250
772	294
772	482
772	576
772	786
772	875
772	919
772	928
772	948
772	982
772	998
773	68
773	282
773	335
773	623
773	673
773	774
773	782
773	812
773	820
773	867
773	959
773	982
774	215
774	226
774	305
774	444
774	616
774	651
774	728
774	773
774	877
774	933
774	949
774	967
775	68
775	186
775	334
775	497
775	668
775	901
775	904
775	922
775	962
775	970
775	978
775	986
776	179
776	431
776	700
776	814
776	829
776	831
776	875
776	912
776	937
776	977
776	980
776	984
777	105
777	184
777	247
777	380
777	495
777	589
777	756
777	827
777	862
777	944
777	989
777	990
778	140
778	322
778	503
778	516
778	700
778	745
778	897
778	908
778	917
778	975
778	976
778	996
779	362
779	583
779	587
779	669
779	706
779	798
779	801
779	841
779	891
779	971
779	979
779	982
780	81
780	229
780	350
780	359
780	540
780	804
780	815
780	865
780	917
780	921
780	926
780	970
781	34
781	502
781	547
781	665
781	681
781	831
781	875
781	909
781	914
781	938
781	943
781	993
782	203
782	529
782	560
782	604
782	672
782	773
782	794
782	826
782	898
782	926
782	947
782	973
783	271
783	384
783	424
783	451
783	651
783	712
783	716
783	820
783	885
783	896
783	942
783	947
784	53
784	458
784	560
784	624
784	667
784	732
784	785
784	849
784	897
784	933
784	983
784	991
785	49
785	289
785	415
785	607
785	784
785	797
785	837
785	914
785	959
785	977
785	983
785	985
786	164
786	448
786	518
786	609
786	635
786	676
786	731
786	772
786	875
786	907
786	945
786	983
787	19
787	220
787	515
787	667
787	708
787	809
787	833
787	903
787	943
787	963
787	967
787	994
788	279
788	300
788	302
788	477
788	654
788	735
788	763
788	809
788	815
788	844
788	891
788	979
789	139
789	332
789	601
789	704
789	735
789	876
789	878
789	909
789	931
789	975
789	976
789	980
790	380
790	514
790	528
790	645
790	689
790	822
790	830
790	852
790	879
790	894
790	927
790	1000
791	28
791	203
791	268
791	470
791	646
791	825
791	923
791	944
791	949
791	956
791	973
791	997
792	126
792	128
792	237
792	477
792	518
792	713
792	747
792	753
792	900
792	933
792	934
792	981
793	419
793	420
793	434
793	467
793	520
793	622
793	636
793	712
793	759
793	802
793	852
793	993
794	273
794	363
794	551
794	635
794	661
794	782
794	936
794	947
794	973
794	978
794	984
794	996
795	280
795	308
795	390
795	614
795	708
795	767
795	818
795	832
795	910
795	922
795	950
795	978
796	110
796	167
796	369
796	479
796	484
796	555
796	638
796	847
796	916
796	927
796	947
796	998
797	124
797	370
797	536
797	629
797	763
797	785
797	888
797	936
797	943
797	948
797	973
797	992
798	28
798	29
798	249
798	251
798	592
798	620
798	659
798	672
798	779
798	811
798	946
798	973
799	9
799	259
799	262
799	298
799	475
799	577
799	713
799	749
799	898
799	915
799	926
799	955
800	422
800	458
800	549
800	563
800	566
800	730
800	867
800	870
800	914
800	917
800	977
800	982
801	19
801	312
801	426
801	507
801	539
801	751
801	779
801	816
801	873
801	896
801	975
801	979
802	74
802	142
802	304
802	709
802	716
802	793
802	845
802	925
802	929
802	933
802	959
802	968
802	984
803	177
803	234
803	623
803	638
803	805
803	861
803	867
803	888
803	892
803	912
803	935
803	996
803	999
804	176
804	330
804	602
804	706
804	780
804	813
804	849
804	903
804	947
804	961
804	972
804	988
804	993
805	153
805	162
805	287
805	535
805	563
805	595
805	665
805	803
805	914
805	919
805	979
805	990
805	998
806	156
806	373
806	391
806	690
806	726
806	858
806	862
806	866
806	876
806	895
806	912
806	937
806	980
807	6
807	104
807	143
807	202
807	311
807	528
807	562
807	568
807	579
807	606
807	718
807	898
807	1000
808	84
808	365
808	489
808	511
808	578
808	596
808	759
808	770
808	864
808	934
808	958
808	978
808	983
809	232
809	445
809	571
809	745
809	747
809	787
809	788
809	845
809	915
809	920
809	955
809	965
809	966
810	89
810	140
810	271
810	282
810	565
810	568
810	753
810	829
810	873
810	895
810	912
810	972
810	980
811	182
811	462
811	522
811	532
811	671
811	710
811	798
811	851
811	919
811	960
811	962
811	972
811	994
812	14
812	286
812	553
812	577
812	625
812	687
812	753
812	773
812	830
812	847
812	854
812	972
812	991
813	15
813	107
813	285
813	508
813	804
813	858
813	862
813	888
813	904
813	937
813	939
813	962
813	996
814	50
814	308
814	461
814	513
814	596
814	604
814	691
814	757
814	776
814	823
814	839
814	950
814	977
815	538
815	556
815	656
815	718
815	780
815	788
815	838
815	865
815	897
815	950
815	951
815	971
815	1000
816	11
816	432
816	475
816	747
816	764
816	801
816	818
816	915
816	918
816	955
816	966
816	974
816	982
817	400
817	549
817	553
817	686
817	714
817	753
817	887
817	934
817	946
817	947
817	959
817	987
817	991
818	102
818	312
818	386
818	500
818	795
818	816
818	889
818	890
818	938
818	972
818	981
818	989
818	993
819	224
819	254
819	301
819	419
819	584
819	596
819	624
819	762
819	860
819	921
819	968
819	976
819	977
820	468
820	744
820	761
820	769
820	773
820	783
820	866
820	889
820	931
820	936
820	971
820	975
820	976
821	255
821	312
821	372
821	514
821	644
821	723
821	830
821	905
821	909
821	938
821	943
821	958
821	979
822	149
822	434
822	596
822	731
822	790
822	877
822	878
822	892
822	899
822	921
822	926
822	932
822	968
822	977
823	98
823	148
823	300
823	615
823	685
823	724
823	814
823	841
823	842
823	867
823	878
823	879
823	962
823	999
824	44
824	155
824	175
824	211
824	451
824	475
824	491
824	721
824	736
824	850
824	910
824	946
824	973
824	983
825	292
825	352
825	358
825	386
825	455
825	583
825	590
825	675
825	704
825	731
825	791
825	839
825	883
825	973
826	83
826	143
826	427
826	610
826	782
826	856
826	888
826	896
826	940
826	954
826	969
826	974
826	978
826	995
827	25
827	73
827	209
827	219
827	329
827	417
827	439
827	668
827	682
827	777
827	895
827	929
827	977
827	982
828	367
828	379
828	388
828	408
828	556
828	563
828	594
828	664
828	677
828	905
828	912
828	961
828	976
828	994
829	350
829	498
829	512
829	597
829	641
829	764
829	776
829	810
829	881
829	894
829	904
829	927
829	994
829	996
830	16
830	318
830	394
830	430
830	464
830	663
830	715
830	790
830	812
830	821
830	942
830	948
830	957
830	973
831	328
831	441
831	494
831	579
831	634
831	682
831	711
831	718
831	776
831	781
831	898
831	952
831	955
831	1000
832	35
832	137
832	312
832	482
832	634
832	680
832	710
832	795
832	846
832	916
832	948
832	950
832	966
832	985
833	56
833	73
833	360
833	450
833	682
833	787
833	837
833	870
833	920
833	930
833	932
833	963
833	967
833	973
834	3
834	79
834	177
834	206
834	256
834	306
834	378
834	412
834	487
834	760
834	765
834	910
834	975
834	990
835	99
835	260
835	499
835	503
835	551
835	593
835	607
835	669
835	931
835	961
835	973
835	975
835	985
835	995
836	33
836	80
836	245
836	609
836	673
836	751
836	847
836	863
836	878
836	925
836	966
836	986
836	995
836	997
837	81
837	200
837	422
837	613
837	701
837	754
837	785
837	833
837	851
837	963
837	967
837	979
837	984
837	999
838	421
838	431
838	641
838	815
838	851
838	869
838	900
838	906
838	928
838	941
838	943
838	951
838	971
838	982
839	82
839	307
839	338
839	413
839	430
839	481
839	629
839	656
839	814
839	825
839	881
839	923
839	931
839	980
839	987
840	16
840	325
840	440
840	442
840	465
840	642
840	665
840	691
840	865
840	876
840	886
840	922
840	970
840	986
840	998
841	236
841	545
841	591
841	626
841	672
841	673
841	779
841	823
841	845
841	868
841	940
841	969
841	981
841	983
841	986
842	90
842	190
842	196
842	258
842	271
842	294
842	586
842	655
842	823
842	874
842	906
842	907
842	982
842	985
842	999
843	297
843	576
843	683
843	693
843	725
843	752
843	766
843	881
843	913
843	922
843	923
843	963
843	965
843	991
843	996
844	29
844	166
844	472
844	521
844	523
844	676
844	788
844	870
844	914
844	949
844	953
844	956
844	984
844	985
844	995
845	9
845	113
845	115
845	196
845	340
845	452
845	472
845	572
845	592
845	659
845	738
845	802
845	809
845	841
845	974
846	461
846	467
846	503
846	510
846	541
846	548
846	609
846	728
846	753
846	832
846	870
846	874
846	950
846	987
846	996
847	155
847	263
847	319
847	437
847	642
847	658
847	663
847	687
847	796
847	812
847	836
847	897
847	902
847	906
847	925
848	238
848	239
848	269
848	286
848	301
848	512
848	606
848	737
848	921
848	927
848	947
848	956
848	977
848	983
848	997
849	250
849	362
849	488
849	546
849	678
849	784
849	804
849	903
849	918
849	937
849	954
849	961
849	975
849	980
849	988
850	78
850	94
850	103
850	457
850	463
850	686
850	824
850	851
850	863
850	869
850	887
850	918
850	983
850	991
850	995
851	172
851	193
851	230
851	248
851	695
851	699
851	738
851	811
851	837
851	838
851	850
851	891
851	896
851	979
851	983
852	121
852	270
852	351
852	399
852	464
852	740
852	790
852	793
852	886
852	889
852	890
852	913
852	938
852	984
852	989
853	156
853	159
853	411
853	450
853	602
853	875
853	898
853	928
853	929
853	944
853	945
853	948
853	949
853	967
853	996
854	121
854	147
854	180
854	812
854	868
854	873
854	876
854	877
854	901
854	911
854	954
854	956
854	966
854	969
854	973
854	989
855	214
855	277
855	284
855	305
855	561
855	621
855	644
855	705
855	871
855	946
855	951
855	952
855	957
855	959
855	969
855	992
856	24
856	150
856	263
856	320
856	359
856	526
856	553
856	554
856	577
856	633
856	658
856	826
856	938
856	950
856	953
856	959
857	24
857	26
857	86
857	289
857	626
857	713
857	738
857	749
857	860
857	877
857	900
857	915
857	921
857	945
857	982
857	999
858	82
858	537
858	595
858	720
858	759
858	806
858	813
858	868
858	871
858	873
858	895
858	902
858	904
858	968
858	972
858	980
859	2
859	233
859	243
859	295
859	363
859	407
859	460
859	567
859	661
859	757
859	909
859	936
859	941
859	968
859	981
859	994
860	171
860	207
860	224
860	457
860	501
860	683
860	684
860	702
860	819
860	857
860	889
860	908
860	941
860	954
860	966
860	997
861	45
861	312
861	447
861	459
861	556
861	653
861	689
861	692
861	803
861	879
861	895
861	905
861	976
861	988
861	999
861	1000
862	12
862	57
862	153
862	183
862	272
862	285
862	293
862	532
862	616
862	633
862	687
862	739
862	777
862	806
862	813
862	979
863	88
863	331
863	349
863	490
863	565
863	724
863	836
863	850
863	866
863	882
863	901
863	913
863	959
863	978
863	994
863	996
864	26
864	276
864	482
864	591
864	623
864	675
864	808
864	892
864	896
864	934
864	946
864	958
864	964
864	973
864	978
864	992
865	102
865	228
865	436
865	442
865	527
865	532
865	562
865	651
865	687
865	699
865	780
865	815
865	840
865	922
865	948
865	970
866	107
866	286
866	499
866	649
866	698
866	726
866	730
866	744
866	762
866	806
866	820
866	863
866	887
866	904
866	912
866	950
866	994
867	90
867	316
867	560
867	563
867	573
867	576
867	593
867	640
867	758
867	773
867	800
867	803
867	823
867	877
867	914
867	916
867	941
868	50
868	125
868	130
868	154
868	201
868	371
868	405
868	686
868	841
868	854
868	858
868	888
868	926
868	949
868	970
868	984
868	985
869	261
869	340
869	367
869	455
869	471
869	569
869	661
869	706
869	765
869	838
869	850
869	874
869	955
869	978
869	979
869	983
869	990
870	8
870	12
870	93
870	148
870	220
870	341
870	800
870	833
870	844
870	846
870	887
870	902
870	949
870	950
870	972
870	990
870	991
871	48
871	156
871	187
871	327
871	569
871	622
871	674
871	743
871	855
871	858
871	873
871	891
871	902
871	937
871	980
871	988
871	994
872	7
872	284
872	296
872	338
872	435
872	483
872	630
872	700
872	705
872	890
872	892
872	913
872	943
872	972
872	986
872	993
872	996
873	347
873	453
873	497
873	615
873	801
873	810
873	854
873	858
873	871
873	874
873	890
873	912
873	937
873	945
873	955
873	980
873	992
874	173
874	202
874	341
874	420
874	614
874	694
874	735
874	741
874	760
874	842
874	846
874	869
874	873
874	879
874	950
874	955
874	980
875	194
875	279
875	307
875	502
875	536
875	639
875	694
875	715
875	772
875	776
875	781
875	786
875	853
875	928
875	945
875	948
875	986
875	1000
876	140
876	314
876	315
876	336
876	546
876	659
876	736
876	744
876	750
876	789
876	806
876	840
876	854
876	942
876	960
876	975
876	976
876	998
877	128
877	423
877	448
877	525
877	650
877	735
877	736
877	774
877	822
877	854
877	857
877	867
877	884
877	901
877	949
877	984
877	985
877	993
878	19
878	111
878	355
878	389
878	519
878	591
878	615
878	646
878	738
878	789
878	822
878	823
878	836
878	907
878	943
878	970
878	986
878	995
879	30
879	143
879	221
879	225
879	657
879	705
879	748
879	790
879	823
879	861
879	874
879	893
879	914
879	930
879	939
879	954
879	981
879	986
880	112
880	272
880	379
880	410
880	434
880	494
880	558
880	655
880	660
880	684
880	702
880	743
880	894
880	905
880	936
880	951
880	969
880	989
881	80
881	350
881	428
881	576
881	584
881	669
881	736
881	761
881	829
881	839
881	843
881	895
881	901
881	902
881	931
881	975
881	976
881	982
882	64
882	97
882	307
882	388
882	418
882	528
882	580
882	597
882	658
882	730
882	863
882	904
882	953
882	954
882	959
882	991
882	994
882	996
883	49
883	84
883	114
883	328
883	330
883	407
883	433
883	445
883	531
883	590
883	767
883	825
883	926
883	938
883	942
883	962
883	972
883	992
883	993
884	66
884	101
884	328
884	384
884	421
884	485
884	539
884	707
884	734
884	877
884	899
884	910
884	921
884	938
884	952
884	957
884	963
884	965
884	969
885	116
885	185
885	207
885	217
885	262
885	315
885	316
885	357
885	553
885	702
885	783
885	924
885	925
885	927
885	933
885	942
885	947
885	974
885	994
886	68
886	154
886	218
886	238
886	317
886	636
886	665
886	671
886	740
886	767
886	840
886	852
886	890
886	902
886	919
886	926
886	970
886	986
886	993
887	90
887	134
887	237
887	301
887	345
887	446
887	460
887	573
887	752
887	753
887	817
887	850
887	866
887	870
887	914
887	957
887	983
887	992
887	996
888	38
888	368
888	434
888	517
888	589
888	623
888	630
888	652
888	673
888	686
888	722
888	797
888	803
888	813
888	826
888	868
888	954
888	971
888	974
889	56
889	79
889	256
889	426
889	505
889	562
889	630
889	652
889	818
889	820
889	852
889	860
889	890
889	907
889	923
889	938
889	981
889	982
889	993
890	116
890	435
890	474
890	500
890	577
890	587
890	690
890	744
890	757
890	818
890	852
890	872
890	873
890	886
890	889
890	908
890	911
890	938
890	972
891	2
891	28
891	626
891	655
891	741
891	779
891	788
891	851
891	871
891	896
891	900
891	919
891	940
891	948
891	949
891	951
891	971
891	979
891	991
892	208
892	224
892	242
892	303
892	382
892	418
892	476
892	491
892	719
892	803
892	822
892	864
892	872
892	906
892	948
892	969
892	982
892	991
892	999
893	105
893	128
893	197
893	274
893	412
893	466
893	526
893	670
893	673
893	696
893	723
893	742
893	748
893	879
893	901
893	914
893	939
893	981
893	982
893	986
894	46
894	72
894	95
894	324
894	325
894	380
894	430
894	464
894	506
894	514
894	616
894	650
894	672
894	790
894	829
894	880
894	937
894	954
894	994
894	999
895	144
895	168
895	251
895	557
895	695
895	720
895	760
895	806
895	810
895	827
895	858
895	861
895	881
895	912
895	928
895	932
895	937
895	972
895	980
895	989
896	26
896	124
896	176
896	303
896	379
896	383
896	539
896	725
896	783
896	801
896	826
896	851
896	864
896	891
896	962
896	964
896	969
896	971
896	979
896	997
897	126
897	167
897	184
897	275
897	310
897	367
897	407
897	531
897	571
897	575
897	585
897	667
897	713
897	727
897	778
897	784
897	815
897	847
897	951
897	971
898	178
898	281
898	324
898	327
898	330
898	454
898	664
898	711
898	782
898	799
898	807
898	831
898	853
898	940
898	946
898	967
898	976
898	992
898	993
898	1000
899	31
899	35
899	99
899	132
899	147
899	177
899	264
899	409
899	478
899	521
899	550
899	561
899	822
899	884
899	949
899	952
899	961
899	965
899	968
899	969
899	998
900	18
900	66
900	398
900	449
900	528
900	530
900	724
900	746
900	763
900	792
900	838
900	857
900	891
900	906
900	926
900	937
900	971
900	978
900	982
900	987
900	998
901	196
901	367
901	427
901	519
901	530
901	696
901	754
901	775
901	854
901	863
901	877
901	881
901	893
901	915
901	918
901	949
901	953
901	956
901	967
901	972
901	996
902	89
902	133
902	201
902	240
902	313
902	424
902	438
902	578
902	749
902	847
902	858
902	870
902	871
902	881
902	886
902	912
902	937
902	939
902	960
902	980
902	999
903	116
903	118
903	124
903	154
903	343
903	377
903	506
903	547
903	595
903	664
903	738
903	750
903	787
903	804
903	849
903	918
903	936
903	961
903	984
903	986
903	988
904	379
904	412
904	582
904	586
904	638
904	646
904	651
904	723
904	752
904	766
904	768
904	775
904	813
904	829
904	858
904	866
904	882
904	953
904	956
904	970
904	978
905	357
905	363
905	372
905	379
905	468
905	470
905	493
905	679
905	711
905	821
905	828
905	861
905	880
905	917
905	930
905	931
905	965
905	969
905	983
905	986
905	998
906	145
906	223
906	278
906	294
906	309
906	391
906	529
906	616
906	631
906	656
906	677
906	838
906	842
906	847
906	892
906	900
906	918
906	943
906	949
906	970
906	999
907	52
907	60
907	215
907	512
907	554
907	629
907	635
907	641
907	708
907	746
907	755
907	786
907	842
907	878
907	889
907	915
907	936
907	954
907	960
907	966
907	999
908	14
908	204
908	345
908	413
908	538
908	696
908	743
908	755
908	778
908	860
908	890
908	926
908	930
908	941
908	953
908	957
908	966
908	979
908	988
908	995
908	997
908	1000
909	185
909	241
909	294
909	412
909	463
909	512
909	534
909	651
909	668
909	683
909	766
909	781
909	789
909	821
909	859
909	913
909	927
909	944
909	963
909	991
909	994
909	996
910	93
910	199
910	235
910	438
910	448
910	645
910	651
910	688
910	704
910	716
910	740
910	795
910	824
910	834
910	884
910	912
910	924
910	965
910	968
910	969
910	985
910	999
911	17
911	63
911	332
911	348
911	359
911	525
911	540
911	562
911	606
911	696
911	729
911	854
911	890
911	917
911	921
911	934
911	949
911	953
911	959
911	977
911	978
911	984
912	1
912	173
912	231
912	322
912	459
912	600
912	622
912	760
912	776
912	803
912	806
912	810
912	828
912	866
912	873
912	895
912	902
912	910
912	947
912	990
912	995
912	998
913	221
913	280
913	430
913	597
913	651
913	700
913	705
913	843
913	852
913	863
913	872
913	909
913	922
913	927
913	930
913	938
913	943
913	962
913	971
913	979
913	994
913	996
914	112
914	233
914	234
914	389
914	485
914	624
914	706
914	739
914	781
914	785
914	800
914	805
914	844
914	867
914	879
914	887
914	893
914	957
914	958
914	983
914	991
914	992
915	115
915	120
915	204
915	259
915	599
915	609
915	685
915	760
915	799
915	809
915	816
915	857
915	901
915	907
915	946
915	955
915	966
915	969
915	973
915	978
915	990
915	993
916	62
916	145
916	292
916	484
916	492
916	532
916	539
916	556
916	628
916	699
916	740
916	745
916	756
916	796
916	832
916	867
916	930
916	941
916	949
916	973
916	988
916	995
916	997
917	78
917	112
917	250
917	350
917	353
917	391
917	515
917	540
917	601
917	604
917	670
917	729
917	761
917	770
917	778
917	780
917	800
917	905
917	911
917	942
917	964
917	977
917	981
918	368
918	450
918	591
918	678
918	692
918	704
918	717
918	750
918	816
918	849
918	850
918	901
918	903
918	906
918	938
918	950
918	961
918	966
918	973
918	978
918	987
918	988
918	994
919	364
919	394
919	404
919	544
919	548
919	588
919	637
919	685
919	772
919	805
919	811
919	886
919	891
919	934
919	942
919	951
919	963
919	970
919	983
919	990
919	996
919	998
919	1000
920	19
920	39
920	59
920	106
920	208
920	443
920	444
920	504
920	615
920	660
920	673
920	690
920	709
920	809
920	833
920	943
920	977
920	978
920	980
920	981
920	986
920	987
920	994
921	24
921	409
921	606
921	640
921	704
921	735
921	741
921	765
921	780
921	819
921	822
921	848
921	857
921	884
921	911
921	922
921	932
921	951
921	967
921	975
921	977
921	979
921	999
922	34
922	194
922	338
922	442
922	465
922	469
922	527
922	598
922	608
922	698
922	775
922	795
922	840
922	843
922	865
922	913
922	921
922	923
922	970
922	982
922	984
922	985
922	991
923	28
923	131
923	290
923	407
923	461
923	464
923	481
923	545
923	618
923	621
923	656
923	661
923	720
923	740
923	760
923	791
923	839
923	843
923	889
923	922
923	958
923	973
923	976
923	1000
924	4
924	48
924	175
924	189
924	270
924	306
924	354
924	390
924	400
924	429
924	432
924	493
924	645
924	678
924	734
924	885
924	910
924	935
924	942
924	957
924	965
924	968
924	969
924	971
925	36
925	217
925	242
925	401
925	542
925	557
925	654
925	668
925	684
925	745
925	748
925	769
925	802
925	836
925	847
925	885
925	929
925	933
925	942
925	947
925	948
925	966
925	981
925	995
926	132
926	134
926	162
926	275
926	433
926	507
926	547
926	591
926	764
926	767
926	770
926	780
926	782
926	799
926	822
926	868
926	883
926	886
926	900
926	908
926	953
926	970
926	981
926	983
927	12
927	92
927	239
927	359
927	436
927	557
927	597
927	638
927	665
927	702
927	705
927	768
927	790
927	796
927	829
927	848
927	885
927	909
927	913
927	962
927	971
927	974
927	994
927	996
928	108
928	156
928	179
928	294
928	361
928	366
928	372
928	437
928	552
928	602
928	632
928	694
928	711
928	715
928	744
928	750
928	772
928	838
928	853
928	875
928	895
928	948
928	974
928	981
929	17
929	73
929	161
929	181
929	357
929	385
929	424
929	535
929	557
929	592
929	646
929	654
929	802
929	827
929	853
929	925
929	933
929	934
929	942
929	945
929	947
929	953
929	981
929	997
930	219
930	476
930	492
930	535
930	538
930	564
930	570
930	596
930	670
930	684
930	699
930	833
930	879
930	905
930	908
930	913
930	916
930	961
930	966
930	967
930	988
930	990
930	997
930	998
931	260
931	290
931	332
931	343
931	480
931	487
931	584
931	669
931	675
931	727
931	789
931	820
931	835
931	839
931	881
931	905
931	943
931	958
931	963
931	975
931	976
931	983
931	991
931	1000
932	27
932	56
932	138
932	190
932	293
932	295
932	383
932	446
932	508
932	533
932	542
932	603
932	618
932	668
932	678
932	737
932	741
932	761
932	822
932	833
932	895
932	921
932	936
932	969
932	982
933	17
933	181
933	306
933	319
933	326
933	350
933	636
933	654
933	682
933	769
933	774
933	784
933	792
933	802
933	885
933	925
933	929
933	947
933	948
933	951
933	976
933	978
933	987
933	991
933	999
934	255
934	421
934	583
934	586
934	627
934	677
934	693
934	697
934	766
934	792
934	808
934	817
934	864
934	911
934	919
934	929
934	947
934	958
934	963
934	964
934	973
934	978
934	980
934	985
934	996
935	26
935	86
935	304
935	373
935	418
935	419
935	484
935	551
935	616
935	623
935	641
935	644
935	711
935	744
935	763
935	803
935	924
935	951
935	964
935	966
935	975
935	977
935	982
935	983
935	989
936	10
936	64
936	90
936	103
936	187
936	331
936	406
936	451
936	511
936	527
936	574
936	583
936	590
936	608
936	647
936	712
936	794
936	797
936	820
936	859
936	880
936	903
936	907
936	932
936	973
936	974
937	20
937	196
937	273
937	441
937	565
937	600
937	628
937	633
937	700
937	716
937	741
937	776
937	806
937	813
937	849
937	871
937	873
937	894
937	895
937	900
937	902
937	938
937	939
937	957
937	981
937	999
938	86
938	206
938	428
938	504
938	521
938	561
938	640
938	647
938	767
938	781
938	818
938	821
938	852
938	856
938	883
938	884
938	889
938	890
938	913
938	918
938	937
938	960
938	972
938	975
938	993
938	997
939	180
939	183
939	257
939	364
939	396
939	397
939	417
939	543
939	554
939	610
939	709
939	735
939	748
939	762
939	813
939	879
939	893
939	902
939	937
939	952
939	968
939	980
939	984
939	986
939	990
939	996
940	33
940	40
940	76
940	83
940	93
940	111
940	169
940	413
940	416
940	419
940	495
940	507
940	509
940	598
940	637
940	652
940	674
940	770
940	826
940	841
940	891
940	898
940	954
940	962
940	971
940	974
940	998
941	127
941	245
941	273
941	358
941	446
941	460
941	471
941	518
941	545
941	597
941	598
941	623
941	634
941	660
941	684
941	699
941	719
941	838
941	859
941	860
941	867
941	908
941	916
941	966
941	983
941	992
941	997
942	74
942	101
942	326
942	333
942	388
942	399
942	403
942	414
942	481
942	601
942	624
942	637
942	698
942	716
942	783
942	830
942	876
942	883
942	885
942	917
942	919
942	924
942	925
942	929
942	947
942	955
942	965
942	995
943	136
943	297
943	344
943	373
943	389
943	410
943	452
943	511
943	596
943	617
943	742
943	781
943	787
943	797
943	821
943	838
943	872
943	878
943	906
943	913
943	920
943	931
943	954
943	967
943	973
943	974
943	986
943	991
944	1
944	89
944	98
944	184
944	231
944	245
944	329
944	417
944	447
944	457
944	487
944	522
944	538
944	541
944	577
944	582
944	586
944	696
944	756
944	777
944	791
944	853
944	909
944	947
944	981
944	982
944	988
944	989
945	66
945	122
945	270
945	306
945	358
945	381
945	382
945	409
945	468
945	537
945	626
945	640
945	698
945	707
945	715
945	723
945	733
945	786
945	853
945	857
945	873
945	875
945	929
945	948
945	953
945	957
945	959
945	1000
946	54
946	153
946	200
946	320
946	338
946	363
946	436
946	601
946	632
946	662
946	680
946	694
946	714
946	726
946	798
946	817
946	824
946	855
946	864
946	898
946	915
946	952
946	957
946	959
946	965
946	970
946	971
946	974
946	992
947	48
947	85
947	276
947	360
947	388
947	399
947	535
947	555
947	600
947	613
947	782
947	783
947	794
947	796
947	804
947	817
947	848
947	885
947	912
947	925
947	929
947	933
947	934
947	942
947	944
947	952
947	991
947	997
947	999
948	46
948	53
948	229
948	250
948	254
948	265
948	270
948	272
948	313
948	508
948	552
948	602
948	626
948	635
948	772
948	797
948	830
948	832
948	853
948	865
948	875
948	891
948	892
948	925
948	928
948	933
948	945
948	963
948	976
948	987
949	205
949	423
949	614
949	650
949	652
949	660
949	666
949	689
949	754
949	766
949	767
949	774
949	791
949	844
949	853
949	868
949	870
949	877
949	891
949	899
949	901
949	906
949	911
949	916
949	953
949	956
949	966
949	967
949	985
949	994
950	12
950	66
950	88
950	129
950	197
950	365
950	393
950	461
950	489
950	515
950	544
950	604
950	640
950	704
950	729
950	755
950	795
950	814
950	815
950	832
950	846
950	856
950	866
950	870
950	874
950	918
950	965
950	966
950	985
950	998
951	238
951	291
951	295
951	343
951	396
951	409
951	455
951	533
951	571
951	648
951	658
951	705
951	735
951	747
951	752
951	770
951	815
951	838
951	855
951	880
951	891
951	897
951	919
951	921
951	933
951	935
951	956
951	971
951	979
951	987
952	3
952	13
952	40
952	122
952	137
952	145
952	247
952	267
952	274
952	304
952	305
952	317
952	328
952	349
952	396
952	485
952	593
952	637
952	679
952	831
952	855
952	884
952	899
952	939
952	946
952	947
952	956
952	965
952	968
952	974
953	121
953	147
953	182
953	210
953	317
953	363
953	423
953	505
953	613
953	650
953	682
953	696
953	738
953	748
953	844
953	856
953	882
953	901
953	904
953	908
953	911
953	926
953	929
953	945
953	949
953	956
953	965
953	984
953	985
953	1000
954	76
954	252
954	314
954	376
954	411
954	513
954	517
954	520
954	618
954	697
954	722
954	736
954	770
954	826
954	849
954	854
954	860
954	879
954	882
954	888
954	894
954	907
954	940
954	943
954	955
954	963
954	974
954	976
954	991
954	992
955	44
955	120
955	382
955	386
955	429
955	432
955	448
955	452
955	572
955	583
955	599
955	612
955	642
955	747
955	757
955	768
955	799
955	809
955	816
955	831
955	869
955	873
955	874
955	915
955	942
955	954
955	975
955	977
955	994
955	996
955	998
956	7
956	31
956	55
956	57
956	67
956	101
956	369
956	374
956	400
956	403
956	416
956	617
956	619
956	620
956	625
956	648
956	754
956	791
956	844
956	848
956	854
956	901
956	904
956	949
956	951
956	952
956	953
956	964
956	978
956	984
956	991
957	61
957	74
957	132
957	225
957	234
957	267
957	401
957	410
957	483
957	593
957	607
957	608
957	653
957	713
957	733
957	754
957	757
957	830
957	855
957	884
957	887
957	908
957	914
957	924
957	937
957	945
957	946
957	979
957	983
957	991
957	992
957	999
958	102
958	308
958	311
958	377
958	397
958	473
958	488
958	501
958	566
958	578
958	608
958	635
958	677
958	693
958	721
958	727
958	759
958	808
958	821
958	864
958	914
958	923
958	931
958	934
958	959
958	964
958	971
958	978
958	980
958	981
958	997
958	998
959	200
959	411
959	415
959	459
959	561
959	573
959	581
959	630
959	645
959	671
959	673
959	703
959	713
959	720
959	765
959	773
959	785
959	802
959	817
959	855
959	856
959	863
959	882
959	911
959	945
959	946
959	958
959	963
959	968
959	974
959	990
959	992
960	23
960	69
960	94
960	136
960	170
960	182
960	260
960	321
960	398
960	524
960	536
960	546
960	564
960	567
960	607
960	615
960	647
960	701
960	811
960	876
960	902
960	907
960	938
960	961
960	962
960	968
960	973
960	976
960	990
960	992
960	995
960	998
961	40
961	129
961	171
961	327
961	378
961	398
961	415
961	417
961	501
961	506
961	554
961	588
961	611
961	616
961	692
961	694
961	704
961	714
961	769
961	804
961	828
961	835
961	849
961	899
961	903
961	918
961	930
961	960
961	980
961	987
961	988
961	995
961	997
962	17
962	23
962	41
962	52
962	69
962	75
962	170
962	277
962	392
962	508
962	524
962	537
962	603
962	649
962	671
962	681
962	703
962	733
962	746
962	775
962	811
962	813
962	823
962	883
962	896
962	913
962	927
962	940
962	960
962	964
962	985
962	994
962	998
963	50
963	222
963	253
963	346
963	411
963	424
963	462
963	486
963	515
963	526
963	589
963	621
963	676
963	682
963	701
963	708
963	765
963	766
963	787
963	833
963	837
963	843
963	884
963	909
963	919
963	931
963	934
963	948
963	954
963	959
963	967
963	969
963	976
963	986
964	37
964	96
964	119
964	141
964	198
964	243
964	248
964	254
964	257
964	331
964	356
964	425
964	488
964	566
964	568
964	593
964	627
964	693
964	697
964	727
964	766
964	864
964	896
964	917
964	934
964	935
964	956
964	958
964	962
964	965
964	978
964	979
964	982
964	990
965	4
965	25
965	40
965	265
965	345
965	414
965	453
965	484
965	485
965	486
965	594
965	596
965	688
965	717
965	734
965	809
965	843
965	884
965	899
965	905
965	910
965	924
965	942
965	946
965	950
965	952
965	953
965	964
965	968
965	969
965	979
965	980
965	984
965	995
966	149
966	166
966	249
966	266
966	273
966	309
966	323
966	344
966	384
966	441
966	538
966	666
966	686
966	701
966	712
966	751
966	809
966	816
966	832
966	836
966	854
966	860
966	907
966	908
966	915
966	918
966	925
966	930
966	935
966	941
966	949
966	950
966	995
966	997
966	999
967	81
967	377
967	462
967	486
967	496
967	531
967	544
967	574
967	604
967	639
967	642
967	664
967	680
967	701
967	703
967	708
967	732
967	733
967	734
967	759
967	767
967	774
967	787
967	833
967	837
967	853
967	898
967	901
967	921
967	930
967	943
967	949
967	963
967	983
967	986
967	994
968	18
968	20
968	55
968	78
968	125
968	137
968	145
968	264
968	387
968	390
968	396
968	478
968	533
968	664
968	684
968	729
968	734
968	739
968	742
968	802
968	819
968	822
968	858
968	859
968	899
968	910
968	924
968	939
968	952
968	959
968	960
968	965
968	969
968	986
968	990
968	995
969	35
969	106
969	118
969	123
969	146
969	149
969	267
969	270
969	466
969	471
969	493
969	499
969	582
969	661
969	734
969	739
969	758
969	826
969	841
969	854
969	855
969	880
969	884
969	892
969	896
969	899
969	905
969	910
969	915
969	924
969	932
969	963
969	965
969	968
969	977
969	995
970	130
970	161
970	212
970	267
970	334
970	436
970	465
970	466
970	467
970	469
970	497
970	527
970	542
970	569
970	598
970	642
970	658
970	662
970	670
970	726
970	731
970	732
970	775
970	780
970	840
970	865
970	868
970	878
970	886
970	904
970	906
970	919
970	922
970	926
970	946
970	988
970	998
971	14
971	23
971	111
971	152
971	163
971	209
971	279
971	316
971	389
971	428
971	587
971	611
971	667
971	695
971	721
971	735
971	744
971	779
971	815
971	820
971	838
971	888
971	891
971	896
971	897
971	900
971	913
971	924
971	927
971	940
971	946
971	951
971	958
971	979
971	980
971	985
971	992
972	10
972	51
972	106
972	114
972	119
972	131
972	296
972	333
972	347
972	426
972	427
972	465
972	504
972	516
972	523
972	532
972	558
972	582
972	639
972	665
972	804
972	810
972	811
972	812
972	818
972	858
972	870
972	872
972	883
972	890
972	895
972	901
972	938
972	979
972	980
972	990
972	1000
973	10
973	212
973	236
973	243
973	299
973	435
973	456
973	525
973	585
973	636
973	656
973	674
973	737
973	745
973	758
973	782
973	791
973	794
973	797
973	798
973	824
973	825
973	830
973	833
973	835
973	854
973	864
973	915
973	916
973	918
973	923
973	934
973	936
973	943
973	960
973	980
973	988
973	993
973	997
974	38
974	39
974	122
974	160
974	168
974	169
974	226
974	386
974	437
974	458
974	495
974	517
974	562
974	589
974	592
974	652
974	674
974	697
974	718
974	719
974	722
974	735
974	770
974	816
974	826
974	845
974	885
974	888
974	927
974	928
974	936
974	940
974	943
974	946
974	952
974	954
974	959
974	983
974	998
975	36
975	144
975	192
975	210
975	370
975	372
975	439
975	449
975	473
975	513
975	519
975	541
975	549
975	643
975	659
975	660
975	669
975	715
975	736
975	737
975	744
975	761
975	762
975	778
975	789
975	801
975	820
975	834
975	835
975	849
975	876
975	881
975	921
975	931
975	935
975	938
975	955
975	976
975	980
975	986
976	27
976	80
976	85
976	108
976	281
976	287
976	290
976	356
976	368
976	434
976	476
976	550
976	622
976	643
976	654
976	659
976	732
976	733
976	736
976	744
976	746
976	761
976	778
976	789
976	819
976	820
976	828
976	861
976	876
976	881
976	898
976	923
976	931
976	933
976	948
976	954
976	960
976	963
976	975
976	993
977	160
977	166
977	202
977	267
977	322
977	353
977	419
977	487
977	498
977	596
977	599
977	601
977	604
977	605
977	607
977	616
977	646
977	662
977	668
977	671
977	720
977	764
977	776
977	785
977	800
977	814
977	819
977	822
977	827
977	848
977	911
977	917
977	920
977	921
977	935
977	955
977	969
977	978
977	990
977	1000
978	13
978	37
978	157
978	213
978	229
978	248
978	276
978	291
978	336
978	374
978	397
978	488
978	566
978	578
978	586
978	608
978	693
978	716
978	747
978	775
978	794
978	795
978	808
978	826
978	863
978	864
978	869
978	900
978	904
978	911
978	915
978	918
978	920
978	933
978	934
978	956
978	958
978	964
978	977
978	995
979	135
979	151
979	171
979	258
979	303
979	343
979	383
979	395
979	405
979	409
979	486
979	511
979	571
979	580
979	603
979	663
979	667
979	721
979	742
979	779
979	788
979	801
979	805
979	821
979	837
979	851
979	862
979	869
979	891
979	896
979	908
979	913
979	921
979	951
979	957
979	964
979	965
979	971
979	972
979	1000
980	250
980	257
980	310
980	341
980	416
980	424
980	442
980	453
980	495
980	510
980	550
980	559
980	628
980	637
980	663
980	710
980	741
980	763
980	776
980	789
980	806
980	810
980	839
980	849
980	858
980	871
980	873
980	874
980	895
980	902
980	920
980	934
980	939
980	958
980	961
980	965
980	971
980	972
980	973
980	975
980	987
981	148
981	161
981	183
981	208
981	408
981	410
981	519
981	554
981	591
981	597
981	619
981	625
981	653
981	670
981	671
981	686
981	709
981	719
981	739
981	742
981	748
981	752
981	754
981	766
981	792
981	818
981	841
981	859
981	879
981	889
981	893
981	917
981	920
981	925
981	926
981	928
981	929
981	937
981	944
981	958
981	986
982	36
982	65
982	84
982	96
982	118
982	152
982	222
982	337
982	374
982	421
982	509
982	568
982	611
982	696
982	725
982	728
982	755
982	767
982	772
982	773
982	779
982	800
982	816
982	827
982	838
982	842
982	857
982	881
982	889
982	892
982	893
982	900
982	922
982	932
982	935
982	944
982	964
982	983
982	985
982	991
982	999
983	105
983	115
983	152
983	172
983	240
983	287
983	338
983	401
983	450
983	577
983	625
983	694
983	695
983	717
983	720
983	726
983	784
983	785
983	786
983	808
983	824
983	841
983	848
983	850
983	851
983	869
983	887
983	905
983	914
983	919
983	926
983	931
983	935
983	941
983	957
983	967
983	974
983	982
983	991
983	992
983	994
984	32
984	92
984	98
984	151
984	201
984	253
984	293
984	317
984	339
984	403
984	416
984	425
984	451
984	482
984	503
984	523
984	526
984	587
984	625
984	648
984	660
984	666
984	681
984	699
984	754
984	776
984	794
984	802
984	837
984	844
984	852
984	868
984	877
984	903
984	911
984	922
984	939
984	953
984	956
984	965
984	985
984	992
985	42
985	61
985	108
985	150
985	288
985	371
985	381
985	389
985	400
985	405
985	416
985	482
985	519
985	564
985	568
985	618
985	625
985	636
985	648
985	659
985	660
985	666
985	696
985	729
985	785
985	832
985	835
985	842
985	844
985	868
985	877
985	910
985	922
985	934
985	949
985	950
985	953
985	962
985	971
985	982
985	984
985	987
986	6
986	11
986	81
986	189
986	193
986	212
986	236
986	353
986	415
986	417
986	422
986	569
986	617
986	619
986	672
986	673
986	709
986	751
986	775
986	836
986	840
986	841
986	872
986	875
986	878
986	879
986	886
986	893
986	903
986	905
986	920
986	939
986	943
986	963
986	967
986	968
986	975
986	981
986	989
986	993
986	995
986	998
987	4
987	109
987	127
987	186
987	262
987	274
987	277
987	279
987	310
987	325
987	330
987	337
987	378
987	398
987	426
987	537
987	545
987	611
987	631
987	678
987	680
987	704
987	706
987	707
987	712
987	714
987	750
987	756
987	765
987	768
987	817
987	839
987	846
987	900
987	918
987	920
987	933
987	948
987	951
987	961
987	980
987	985
987	988
988	205
988	253
988	268
988	277
988	337
988	354
988	377
988	465
988	490
988	506
988	548
988	555
988	570
988	601
988	603
988	611
988	639
988	680
988	692
988	704
988	714
988	728
988	730
988	749
988	767
988	804
988	849
988	861
988	871
988	903
988	908
988	916
988	918
988	930
988	944
988	961
988	970
988	973
988	987
988	993
988	995
988	999
988	1000
989	1
989	11
989	27
989	73
989	167
989	209
989	217
989	219
989	231
989	235
989	238
989	249
989	263
989	337
989	378
989	392
989	393
989	397
989	403
989	457
989	468
989	479
989	481
989	502
989	503
989	522
989	534
989	541
989	582
989	638
989	678
989	687
989	756
989	777
989	818
989	852
989	854
989	880
989	895
989	935
989	944
989	986
989	990
990	57
990	84
990	113
990	119
990	186
990	264
990	291
990	322
990	329
990	354
990	362
990	364
990	404
990	479
990	480
990	486
990	535
990	543
990	548
990	579
990	595
990	602
990	605
990	631
990	728
990	777
990	805
990	834
990	869
990	870
990	912
990	915
990	919
990	930
990	939
990	959
990	960
990	964
990	968
990	972
990	977
990	989
990	997
990	998
991	30
991	53
991	62
991	195
991	214
991	318
991	378
991	388
991	400
991	522
991	581
991	590
991	624
991	673
991	690
991	713
991	720
991	726
991	756
991	765
991	771
991	784
991	812
991	817
991	843
991	850
991	870
991	882
991	891
991	892
991	909
991	914
991	922
991	931
991	933
991	943
991	947
991	954
991	956
991	957
991	982
991	983
991	992
991	999
992	15
992	120
992	164
992	175
992	195
992	286
992	305
992	443
992	446
992	459
992	463
992	469
992	561
992	565
992	578
992	650
992	653
992	675
992	683
992	686
992	690
992	691
992	717
992	725
992	742
992	765
992	766
992	797
992	855
992	864
992	873
992	883
992	887
992	898
992	914
992	941
992	946
992	954
992	957
992	959
992	960
992	971
992	983
992	984
992	991
993	30
993	119
993	126
993	162
993	180
993	256
993	264
993	275
993	303
993	315
993	326
993	347
993	374
993	459
993	467
993	505
993	520
993	559
993	568
993	575
993	612
993	639
993	643
993	661
993	703
993	724
993	740
993	781
993	793
993	804
993	818
993	872
993	877
993	883
993	886
993	889
993	898
993	915
993	938
993	973
993	976
993	986
993	988
993	994
993	998
993	999
994	14
994	71
994	163
994	342
994	368
994	490
994	516
994	517
994	521
994	538
994	560
994	566
994	645
994	649
994	680
994	683
994	721
994	730
994	736
994	750
994	752
994	755
994	768
994	787
994	811
994	828
994	829
994	859
994	863
994	866
994	871
994	882
994	885
994	894
994	909
994	913
994	918
994	920
994	927
994	949
994	955
994	962
994	967
994	983
994	993
994	996
995	13
995	62
995	72
995	105
995	147
995	210
995	222
995	233
995	259
995	342
995	384
995	395
995	432
995	441
995	518
995	581
995	610
995	684
995	691
995	699
995	743
995	745
995	751
995	756
995	826
995	835
995	836
995	844
995	850
995	878
995	908
995	912
995	916
995	925
995	942
995	960
995	961
995	965
995	966
995	968
995	969
995	978
995	986
995	988
995	997
995	999
996	42
996	97
996	207
996	228
996	246
996	313
996	340
996	342
996	438
996	471
996	473
996	512
996	516
996	520
996	527
996	560
996	679
996	698
996	705
996	709
996	730
996	740
996	764
996	771
996	778
996	794
996	803
996	813
996	829
996	843
996	846
996	853
996	863
996	872
996	882
996	887
996	901
996	909
996	913
996	919
996	927
996	934
996	939
996	955
996	994
996	997
996	999
997	64
997	114
997	115
997	172
997	266
997	289
997	298
997	299
997	383
997	418
997	440
997	441
997	447
997	460
997	492
997	518
997	581
997	598
997	691
997	711
997	724
997	726
997	731
997	734
997	743
997	745
997	751
997	763
997	791
997	836
997	848
997	860
997	896
997	908
997	916
997	929
997	930
997	938
997	941
997	947
997	958
997	961
997	966
997	973
997	990
997	995
997	996
998	59
998	67
998	110
998	139
998	162
998	215
998	247
998	275
998	280
998	291
998	323
998	346
998	347
998	354
998	394
998	445
998	478
998	480
998	543
998	586
998	595
998	599
998	670
998	700
998	708
998	757
998	772
998	796
998	805
998	840
998	876
998	899
998	900
998	905
998	912
998	919
998	930
998	940
998	950
998	955
998	958
998	960
998	962
998	970
998	974
998	986
998	990
998	993
999	36
999	98
999	211
999	223
999	255
999	265
999	316
999	421
999	445
999	453
999	543
999	549
999	616
999	631
999	650
999	686
999	700
999	728
999	732
999	740
999	743
999	751
999	755
999	761
999	803
999	823
999	837
999	842
999	857
999	861
999	892
999	894
999	902
999	906
999	907
999	910
999	921
999	933
999	937
999	947
999	957
999	966
999	982
999	988
999	991
999	993
999	995
999	996
1000	32
1000	54
1000	87
1000	138
1000	167
1000	178
1000	188
1000	241
1000	246
1000	266
1000	324
1000	325
1000	327
1000	373
1000	402
1000	454
1000	472
1000	494
1000	525
1000	528
1000	561
1000	579
1000	587
1000	610
1000	624
1000	664
1000	671
1000	682
1000	711
1000	718
1000	758
1000	790
1000	807
1000	815
1000	831
1000	861
1000	875
1000	898
1000	908
1000	919
1000	923
1000	931
1000	945
1000	953
1000	972
1000	977
1000	979
1000	988
