0 951
0 967
0 973
0 976
951 82
951 119
951 265
951 321
951 461
951 471
951 514
951 536
951 609
951 615
951 688
951 707
951 718
951 725
951 752
951 762
951 781
951 826
951 847
951 861
951 871
951 884
951 922
951 923
951 947
951 953
951 963
951 967
951 973
951 976
967 22
967 36
967 54
967 119
967 123
967 124
967 214
967 265
967 299
967 379
967 461
967 514
967 536
967 609
967 615
967 688
967 707
967 718
967 725
967 752
967 762
967 781
967 826
967 847
967 861
967 871
967 884
967 922
967 923
967 947
967 953
967 963
967 973
967 976
973 22
973 36
973 54
973 119
973 123
973 124
973 214
973 235
973 265
973 299
973 379
973 461
973 471
973 514
973 536
973 609
973 615
973 688
973 707
973 718
973 725
973 752
973 762
973 781
973 826
973 847
973 861
973 871
973 884
973 922
973 923
973 947
973 953
973 963
973 976
976 22
976 36
976 82
976 119
976 123
976 214
976 235
976 265
976 299
976 321
976 379
976 461
976 471
976 514
976 536
976 609
976 615
976 688
976 707
976 718
976 725
976 752
976 762
976 781
976 826
976 847
976 861
976 871
976 884
976 922
976 923
976 947
976 953
976 963
82 963
82 953
265 963
321 963
321 953
321 947
461 963
461 947
471 963
471 953
471 947
514 963
514 953
514 947
536 963
536 953
536 947
609 963
609 953
609 947
609 922
615 963
615 953
615 947
615 922
688 963
688 953
688 947
688 922
688 923
707 963
707 953
707 947
707 922
707 923
707 884
718 963
718 953
718 947
718 922
718 923
718 884
725 963
725 953
725 947
725 922
725 923
725 884
752 963
752 953
752 947
752 922
752 923
752 884
752 871
762 963
762 953
762 947
762 922
762 923
762 884
762 871
762 861
781 963
781 953
781 947
781 922
781 923
781 884
781 871
781 861
826 963
826 953
826 947
826 922
826 923
826 884
826 871
826 861
826 847
847 963
847 953
847 947
847 922
847 923
847 884
847 871
847 861
861 963
861 953
861 947
861 922
861 923
861 884
861 871
871 963
871 953
871 947
871 922
871 923
871 884
884 963
884 953
884 947
884 922
884 923
922 963
922 953
922 947
922 923
923 963
923 953
923 947
947 963
947 953
947 123
947 299
947 379
953 963
953 54
953 124
953 235
953 299
953 379
963 22
963 36
963 54
963 124
963 214
963 235
1 56
1 799
1 906
1 955
56 833
56 942
56 955
799 57
799 387
799 490
799 498
799 582
799 604
799 633
799 745
799 833
799 880
799 942
799 955
906 92
906 115
906 200
906 266
906 305
906 349
906 375
906 382
906 392
906 454
906 460
906 473
906 474
906 490
906 560
906 561
906 732
906 745
906 756
906 833
906 880
906 942
906 955
955 17
955 57
955 200
955 201
955 246
955 324
955 329
955 349
955 382
955 387
955 392
955 432
955 454
955 460
955 473
955 474
955 490
955 498
955 560
955 561
955 604
955 633
955 732
955 745
955 756
955 833
955 880
955 942
833 745
833 942
833 372
833 309
833 375
833 382
833 460
833 498
833 560
833 582
833 756
942 17
942 745
942 115
942 201
942 246
942 309
942 324
942 329
942 340
942 349
942 372
942 375
942 387
942 392
942 432
942 454
942 460
942 473
942 490
942 498
942 560
942 561
942 633
942 756
57 375
57 633
387 880
387 340
490 880
490 349
498 473
498 305
582 880
582 633
582 756
582 454
582 561
604 880
604 55
604 200
604 340
604 474
604 732
633 880
633 200
633 324
745 17
745 246
745 266
745 329
745 432
745 756
880 17
880 55
880 266
880 309
880 340
880 382
880 392
880 454
880 460
880 473
880 561
880 732
92 266
92 560
92 756
115 55
115 432
266 201
305 375
305 309
349 732
382 732
392 340
454 329
460 561
473 201
474 560
474 756
474 309
560 732
561 756
732 372
732 432
732 324
756 372
756 432
246 324
246 329
2 524
2 851
2 879
2 938
524 576
524 693
524 879
524 898
524 932
524 938
851 5
851 160
851 181
851 186
851 360
851 466
851 606
851 640
851 850
851 858
851 879
851 881
851 898
851 932
851 938
879 113
879 186
879 306
879 320
879 360
879 389
879 402
879 414
879 569
879 606
879 640
879 693
879 850
879 858
879 881
879 898
879 938
938 5
938 29
938 143
938 171
938 173
938 181
938 208
938 306
938 320
938 360
938 364
938 402
938 414
938 499
938 569
938 574
938 606
938 640
938 693
938 850
938 858
938 881
938 898
938 932
576 881
576 389
576 932
576 693
576 499
576 898
693 881
693 389
693 113
693 640
693 850
693 898
898 414
898 881
898 389
898 932
898 574
898 858
898 151
898 160
898 173
898 208
898 320
898 364
898 402
898 606
898 640
898 850
932 414
932 881
932 29
932 113
932 151
932 160
932 171
932 173
932 208
932 306
932 320
932 360
932 364
932 402
932 466
932 499
932 569
932 574
932 606
932 640
932 850
932 858
5 414
5 881
160 171
181 881
181 850
186 850
186 402
360 850
466 881
466 850
466 320
466 569
606 881
606 858
606 499
640 881
640 858
850 881
850 574
850 858
850 499
850 364
850 569
858 414
858 881
858 574
858 143
858 151
858 171
858 306
858 402
858 569
881 29
881 143
881 208
881 364
881 499
881 569
113 574
306 173
389 29
143 574
499 151
3 523
3 867
3 924
3 960
523 628
523 648
523 867
523 915
523 924
523 960
867 164
867 183
867 294
867 456
867 577
867 600
867 648
867 649
867 685
867 691
867 702
867 828
867 857
867 915
867 960
924 159
924 166
924 169
924 227
924 234
924 281
924 292
924 339
924 369
924 396
924 437
924 456
924 482
924 575
924 600
924 628
924 648
924 649
924 685
924 828
924 857
924 915
924 960
960 12
960 159
960 164
960 166
960 169
960 172
960 183
960 227
960 245
960 294
960 339
960 369
960 396
960 437
960 456
960 482
960 549
960 556
960 575
960 577
960 600
960 628
960 648
960 685
960 691
960 702
960 828
960 857
960 915
628 857
628 649
628 691
628 828
628 685
648 556
648 915
648 281
648 456
648 828
915 12
915 245
915 556
915 159
915 166
915 169
915 172
915 183
915 234
915 294
915 369
915 396
915 456
915 575
915 600
915 649
915 685
915 691
915 702
164 482
164 649
183 172
294 857
294 577
456 369
577 702
577 549
577 575
577 685
600 857
600 828
600 292
600 437
649 857
649 292
649 691
649 828
685 482
685 828
685 575
691 245
691 857
691 482
691 549
691 292
702 857
702 482
702 234
702 437
702 575
702 828
828 556
828 857
828 396
828 549
828 281
828 575
857 159
857 166
857 169
857 172
857 281
857 292
857 549
227 339
234 396
281 369
339 556
339 437
396 549
437 556
12 245
12 556
245 549
4 136
4 318
4 674
4 941
136 759
136 760
136 941
318 673
318 712
318 909
318 941
674 84
674 96
674 653
674 734
674 759
674 872
674 909
674 941
941 26
941 74
941 84
941 120
941 127
941 149
941 185
941 195
941 236
941 258
941 261
941 295
941 331
941 358
941 429
941 539
941 550
941 653
941 673
941 712
941 734
941 759
941 760
941 872
941 909
759 26
759 120
759 232
759 236
759 653
759 673
759 760
759 872
760 26
760 96
760 429
760 539
760 673
760 712
760 872
760 909
673 909
673 429
673 331
673 712
673 185
712 909
712 872
712 149
712 215
712 232
712 550
909 26
909 84
909 96
909 120
909 144
909 149
909 185
909 215
909 236
909 295
909 331
909 358
909 429
909 495
909 539
909 550
909 653
909 734
84 734
96 872
653 734
653 872
653 195
653 144
653 261
734 74
734 127
734 236
734 261
734 295
734 331
872 429
872 495
872 185
872 195
872 215
872 232
872 258
872 261
872 295
872 358
872 539
872 550
74 429
74 495
120 539
127 149
127 195
258 539
258 144
258 232
261 495
295 358
331 144
358 550
539 550
550 495
6 754
6 890
6 949
6 982
754 724
754 816
754 822
754 837
754 890
754 896
754 936
754 949
754 954
754 982
890 138
890 400
890 420
890 448
890 501
890 543
890 724
890 794
890 811
890 816
890 822
890 827
890 837
890 895
890 929
890 936
890 949
890 954
890 982
949 31
949 38
949 43
949 130
949 262
949 284
949 391
949 399
949 413
949 420
949 543
949 570
949 597
949 601
949 658
949 724
949 794
949 816
949 822
949 827
949 837
949 860
949 895
949 896
949 929
949 936
949 954
949 982
982 9
982 31
982 38
982 43
982 63
982 98
982 130
982 138
982 142
982 262
982 284
982 304
982 322
982 348
982 391
982 399
982 400
982 413
982 420
982 448
982 501
982 543
982 570
982 597
982 601
982 658
982 708
982 724
982 794
982 811
982 816
982 822
982 827
982 837
982 860
982 895
982 896
982 929
982 936
982 954
724 929
724 896
724 954
724 860
724 827
724 794
816 895
816 929
816 936
816 954
816 811
816 837
816 827
816 391
816 448
816 597
822 895
822 936
822 896
822 954
822 130
822 304
822 597
822 658
822 811
822 860
837 895
837 929
837 936
837 896
837 811
837 142
837 322
837 501
837 658
837 827
896 895
896 929
896 936
896 38
896 98
896 262
896 448
896 543
896 570
896 597
896 708
896 794
896 811
896 827
896 860
896 954
936 9
936 895
936 929
936 31
936 284
936 304
936 322
936 348
936 399
936 400
936 448
936 597
936 601
936 658
936 708
936 794
936 811
936 827
936 860
936 954
954 929
954 38
954 43
954 63
954 98
954 130
954 138
954 262
954 284
954 322
954 348
954 399
954 400
954 413
954 420
954 501
954 543
954 597
954 601
954 658
954 794
954 827
954 860
138 811
400 63
400 501
420 895
420 929
448 895
501 895
501 929
543 895
543 827
794 895
794 929
794 860
794 348
794 601
794 708
811 895
811 929
811 570
811 601
811 708
811 860
827 895
827 322
827 413
827 658
827 708
895 9
895 43
895 399
895 570
895 601
895 708
895 929
929 9
929 31
929 63
929 98
929 262
929 304
929 348
929 413
929 570
929 658
929 708
929 860
284 860
391 860
391 413
399 860
570 708
597 860
601 658
860 142
860 304
860 708
142 436
7 457
7 774
7 834
7 897
457 114
457 564
457 659
457 891
457 897
774 114
774 196
774 341
774 352
774 426
774 590
774 659
774 780
774 834
774 891
774 897
834 132
834 196
834 341
834 418
834 422
834 426
834 450
834 487
834 564
834 590
834 614
834 891
834 897
897 100
897 114
897 126
897 132
897 213
897 341
897 352
897 374
897 418
897 450
897 483
897 487
897 564
897 590
897 614
897 659
897 780
897 891
114 614
564 891
564 132
564 418
564 487
659 780
659 891
659 207
659 126
659 450
659 590
891 100
891 352
891 780
891 116
891 132
891 196
891 207
891 213
891 341
891 374
891 418
891 422
891 426
891 487
891 590
891 614
196 116
341 450
352 100
352 483
426 780
426 126
426 374
590 780
590 614
590 418
780 100
780 116
780 207
780 374
780 422
780 483
418 213
422 614
422 483
422 374
450 483
450 487
487 614
614 126
213 483
8 386
8 398
8 772
8 824
386 137
386 398
386 666
386 824
398 526
398 666
398 740
398 824
772 15
772 25
772 62
772 224
772 272
772 470
772 484
772 519
772 526
772 740
772 824
824 62
824 272
824 288
824 433
824 470
824 513
824 526
824 651
824 666
824 697
137 697
137 368
137 433
666 32
666 62
666 272
666 433
666 484
666 740
526 366
526 513
526 470
526 740
740 697
740 651
740 519
740 433
740 513
740 484
740 470
15 176
15 219
15 697
25 366
25 368
25 651
62 519
224 651
224 32
224 513
272 366
272 484
470 651
470 519
484 697
484 651
519 697
519 32
519 433
288 219
288 651
288 433
513 176
513 697
513 651
651 176
697 219
697 366
697 368
10 225
10 419
10 580
10 720
225 154
225 377
225 814
419 47
419 363
419 720
419 804
419 814
580 285
580 367
580 444
580 678
580 699
580 720
720 44
720 121
720 363
720 367
720 394
720 678
720 804
154 285
154 365
154 699
377 804
377 367
377 814
377 394
814 279
814 47
814 109
814 121
814 217
814 271
814 363
814 388
814 394
814 444
814 699
47 109
47 367
363 804
363 394
804 44
804 279
804 285
804 121
804 197
804 271
804 388
804 444
804 699
285 44
285 365
367 388
444 271
444 699
444 197
678 279
678 109
678 197
678 217
678 388
678 394
678 699
699 279
699 271
699 365
699 217
44 279
121 365
11 655
11 846
11 849
11 969
655 50
655 182
655 405
655 810
655 849
655 892
655 894
655 969
846 49
846 125
846 182
846 239
846 307
846 333
846 335
846 361
846 476
846 480
846 515
846 610
846 810
846 894
846 969
849 41
849 50
849 66
849 125
849 150
849 237
849 476
849 545
849 610
849 650
849 810
849 892
849 894
849 969
969 20
969 41
969 49
969 50
969 66
969 125
969 150
969 182
969 189
969 211
969 231
969 237
969 239
969 307
969 310
969 333
969 335
969 361
969 370
969 405
969 455
969 476
969 480
969 515
969 544
969 545
969 610
969 629
969 650
969 784
969 810
969 892
969 894
50 544
182 650
405 810
405 892
405 189
405 610
810 20
810 629
810 49
810 307
810 333
810 544
810 610
810 650
810 784
892 20
892 66
892 189
892 211
892 231
892 239
892 310
892 333
892 335
892 455
892 480
892 515
892 544
892 545
892 610
892 650
892 784
892 894
894 629
894 49
894 189
894 231
894 237
894 307
894 310
894 333
894 370
894 476
894 480
894 515
894 544
894 545
894 610
894 650
894 784
125 784
239 650
239 361
307 455
335 150
335 361
361 231
476 629
476 205
480 545
480 515
515 629
515 784
610 211
41 150
41 455
66 310
237 784
545 650
545 370
650 784
20 629
211 629
310 455
370 544
370 784
455 784
544 784
629 784
13 247
13 927
13 959
13 971
247 873
247 874
247 935
247 971
927 64
927 192
927 332
927 343
927 357
927 381
927 383
927 385
927 407
927 442
927 468
927 675
927 719
927 722
927 726
927 741
927 778
927 830
927 840
927 873
927 874
927 935
927 959
927 971
959 37
959 165
959 174
959 192
959 297
959 343
959 357
959 381
959 383
959 439
959 442
959 494
959 503
959 510
959 511
959 572
959 641
959 670
959 675
959 710
959 719
959 722
959 726
959 741
959 778
959 830
959 840
959 873
959 874
959 935
959 971
971 37
971 64
971 93
971 165
971 192
971 297
971 332
971 343
971 357
971 362
971 381
971 383
971 407
971 439
971 442
971 468
971 494
971 503
971 510
971 511
971 572
971 641
971 670
971 675
971 710
971 719
971 722
971 726
971 741
971 830
971 840
971 873
971 935
873 830
873 935
873 874
873 174
873 297
873 362
873 510
873 572
873 641
873 670
873 719
873 722
873 741
873 778
873 840
874 830
874 935
874 93
874 332
874 385
874 439
874 442
874 503
874 572
874 710
874 719
874 722
874 726
874 778
874 840
935 37
935 830
935 64
935 93
935 165
935 174
935 255
935 297
935 332
935 343
935 362
935 385
935 442
935 468
935 494
935 503
935 641
935 722
935 726
935 741
935 778
935 840
64 407
192 439
332 840
343 741
357 468
357 439
381 741
381 385
383 710
383 670
385 719
407 830
407 675
407 840
442 830
468 830
468 93
675 710
675 255
675 503
675 722
675 741
719 726
719 722
719 641
719 503
722 297
722 840
726 255
726 670
726 510
726 840
741 778
741 840
741 572
778 830
778 255
778 670
778 510
778 511
778 840
830 37
830 494
830 572
830 710
830 840
840 710
840 510
840 641
165 710
439 670
494 710
494 503
510 511
511 670
511 362
511 641
572 710
641 362
670 255
14 638
14 907
14 912
14 916
638 89
638 244
638 415
638 663
638 714
638 869
638 912
907 77
907 86
907 89
907 91
907 148
907 194
907 221
907 233
907 244
907 438
907 520
907 531
907 602
907 643
907 644
907 663
907 682
907 711
907 714
907 748
907 869
907 912
907 916
912 77
912 86
912 148
912 221
912 233
912 244
912 415
912 438
912 520
912 531
912 602
912 643
912 644
912 663
912 682
912 705
912 711
912 714
912 748
912 869
912 916
916 77
916 86
916 89
916 194
916 221
916 233
916 244
916 415
916 438
916 520
916 531
916 602
916 643
916 644
916 663
916 682
916 705
916 711
916 714
916 748
916 869
89 415
244 682
415 77
415 869
663 869
663 705
663 643
663 602
663 714
714 705
714 748
714 644
714 711
714 602
869 86
869 91
869 194
869 221
869 438
869 520
869 643
869 644
869 682
869 705
869 711
869 748
91 438
91 705
148 643
148 748
194 644
233 711
438 748
520 705
520 748
520 531
531 644
531 711
531 682
602 643
602 748
602 711
643 705
644 705
682 705
682 748
682 711
711 748
176 368
219 366
368 32
16 212
16 776
16 806
16 836
212 336
212 765
776 104
776 110
776 223
776 535
776 579
776 692
776 789
776 806
776 836
776 878
776 903
806 104
806 283
806 336
806 408
806 541
806 617
806 786
806 789
806 836
806 878
806 903
836 19
836 110
836 435
836 541
836 579
836 617
836 642
836 669
836 765
836 786
836 878
836 903
336 878
336 903
336 765
765 669
765 878
765 903
765 104
765 354
765 535
765 692
765 786
765 789
104 786
110 903
110 579
223 903
223 390
223 789
535 878
535 903
535 786
535 579
535 789
579 669
579 878
579 903
692 669
692 878
692 903
692 786
692 789
692 243
692 642
692 617
789 878
789 903
789 786
789 283
789 408
789 435
789 541
878 19
878 669
878 243
878 354
878 390
878 408
878 541
878 617
878 642
878 786
878 903
903 19
903 243
903 283
903 354
903 390
903 408
903 435
903 541
903 617
903 642
903 786
283 669
283 617
408 786
408 541
541 642
617 786
617 642
786 642
19 669
435 669
435 390
435 354
642 243
669 243
55 372
18 51
18 591
18 918
18 944
51 905
51 918
51 944
591 696
591 743
591 862
591 905
591 914
591 918
591 944
918 61
918 67
918 238
918 287
918 350
918 356
918 441
918 445
918 449
918 497
918 508
918 538
918 605
918 612
918 618
918 742
918 808
918 831
918 862
918 905
918 914
918 944
944 48
944 61
944 67
944 129
944 205
944 238
944 287
944 328
944 356
944 441
944 445
944 449
944 497
944 508
944 538
944 605
944 612
944 618
944 696
944 742
944 743
944 808
944 831
944 862
944 905
944 914
905 508
905 743
905 808
905 831
905 48
905 61
905 129
905 205
905 328
905 350
905 356
905 445
905 449
905 538
905 605
905 618
905 696
905 742
905 862
905 914
696 743
696 808
696 497
696 914
696 862
696 449
696 538
743 34
743 497
743 618
743 742
743 808
743 862
743 914
862 808
862 831
862 914
862 612
862 742
862 287
862 350
862 356
862 538
862 605
862 618
914 508
914 808
914 831
914 48
914 497
914 67
914 129
914 238
914 328
914 350
914 441
914 445
914 449
914 605
914 612
914 618
914 742
61 612
67 441
238 831
287 808
287 742
350 808
356 831
441 508
441 205
445 831
445 612
449 742
497 48
508 34
508 831
538 808
538 831
605 831
605 612
605 618
612 831
618 808
742 808
742 831
742 129
808 34
808 328
831 34
831 328
354 390
21 344
21 839
21 945
21 964
344 904
344 934
344 939
344 945
839 35
839 278
839 404
839 505
839 537
839 566
839 662
839 723
839 788
839 854
839 934
839 939
839 945
839 964
945 88
945 106
945 156
945 188
945 278
945 291
945 301
945 317
945 395
945 404
945 406
945 489
945 505
945 517
945 537
945 557
945 559
945 566
945 613
945 662
945 788
945 854
945 904
945 921
945 934
945 939
945 964
964 35
964 88
964 101
964 105
964 122
964 140
964 157
964 188
964 278
964 282
964 289
964 291
964 301
964 317
964 395
964 404
964 489
964 505
964 517
964 537
964 557
964 559
964 566
964 613
964 662
964 723
964 788
964 854
964 904
964 921
964 934
964 939
904 24
904 404
904 105
904 106
904 317
904 395
904 406
904 489
904 517
904 537
904 557
904 559
904 566
904 662
904 723
904 788
904 854
904 921
904 934
904 939
934 289
934 939
934 517
934 557
934 921
934 101
934 106
934 140
934 156
934 157
934 291
934 395
934 489
934 505
934 537
934 559
934 566
934 613
934 662
934 723
934 788
934 854
939 24
939 289
939 35
939 101
939 105
939 140
939 156
939 188
939 278
939 282
939 301
939 395
939 406
939 489
939 505
939 537
939 557
939 613
939 662
939 788
939 854
939 921
35 517
278 921
404 24
404 854
505 854
505 662
537 788
566 854
566 788
662 921
662 788
723 289
723 921
723 854
723 122
723 282
723 301
788 921
788 188
788 406
788 559
854 921
854 106
854 122
854 140
854 301
854 406
854 613
88 557
88 921
156 921
291 921
291 282
317 557
317 921
395 921
406 921
489 921
517 613
517 921
559 921
559 613
613 921
921 101
921 105
921 122
921 157
921 282
289 24
23 548
23 589
23 595
23 855
548 345
548 521
548 594
548 595
548 757
548 855
589 319
589 345
589 416
589 555
589 594
589 703
589 769
595 206
595 525
595 555
595 565
595 703
595 716
855 76
855 345
855 416
855 467
855 525
855 594
855 608
855 657
855 660
855 679
855 703
855 716
855 757
855 769
855 835
345 835
345 87
521 660
521 680
521 416
521 554
521 608
521 679
594 835
594 716
594 319
594 608
594 679
757 835
757 680
757 716
757 240
757 319
757 554
757 608
757 657
757 679
319 835
319 703
416 210
416 657
416 679
555 87
555 657
555 680
555 716
555 769
703 565
703 835
703 467
703 240
703 608
703 679
769 565
769 835
769 716
769 139
769 467
769 210
769 525
769 554
769 657
206 660
206 835
206 525
525 660
525 554
525 657
565 76
565 210
565 716
565 835
716 87
716 139
716 608
76 660
76 835
467 680
467 139
467 657
608 835
608 680
657 660
657 554
660 240
660 554
660 679
679 835
679 680
835 210
835 240
835 554
215 495
27 984
27 989
27 992
27 993
984 68
984 69
984 146
984 187
984 204
984 256
984 264
984 293
984 458
984 469
984 475
984 477
984 534
984 547
984 553
984 573
984 585
984 611
984 625
984 635
984 639
984 683
984 684
984 686
984 701
984 766
984 767
984 773
984 844
984 856
984 864
984 870
984 888
984 919
984 926
984 931
984 962
984 966
984 977
984 986
984 988
984 989
984 992
984 993
989 68
989 99
989 146
989 191
989 241
989 256
989 264
989 293
989 458
989 469
989 475
989 477
989 534
989 547
989 553
989 573
989 585
989 611
989 625
989 635
989 639
989 683
989 684
989 686
989 701
989 766
989 767
989 773
989 844
989 856
989 864
989 870
989 888
989 919
989 926
989 931
989 962
989 966
989 977
989 986
989 988
989 992
989 993
992 69
992 99
992 146
992 187
992 204
992 241
992 256
992 264
992 293
992 458
992 469
992 475
992 477
992 534
992 547
992 553
992 573
992 585
992 611
992 625
992 635
992 639
992 683
992 684
992 686
992 701
992 766
992 767
992 773
992 844
992 856
992 864
992 870
992 888
992 919
992 926
992 931
992 962
992 966
992 977
992 986
992 988
992 993
993 69
993 99
993 146
993 187
993 191
993 204
993 241
993 256
993 264
993 293
993 458
993 469
993 475
993 477
993 534
993 547
993 553
993 573
993 585
993 611
993 625
993 635
993 639
993 683
993 684
993 686
993 701
993 766
993 767
993 773
993 844
993 856
993 864
993 870
993 888
993 919
993 926
993 931
993 962
993 966
993 977
993 986
993 988
68 986
68 988
69 988
187 988
204 988
256 988
264 988
293 986
458 986
458 988
469 986
469 988
475 986
475 988
477 986
477 988
534 986
534 988
534 977
547 986
547 988
547 977
553 986
553 988
553 977
573 986
573 988
573 977
585 986
585 988
585 977
585 966
611 986
611 988
611 977
611 966
625 986
625 988
625 977
625 966
635 986
635 988
635 977
635 966
639 986
639 988
639 977
639 966
683 986
683 988
683 977
683 966
683 962
684 986
684 988
684 977
684 966
684 962
686 986
686 988
686 977
686 966
686 962
701 986
701 988
701 977
701 966
701 962
701 931
766 986
766 988
766 977
766 966
766 962
766 931
766 919
766 926
767 986
767 988
767 977
767 966
767 962
767 931
767 919
767 926
773 986
773 988
773 977
773 966
773 962
773 931
773 919
773 926
844 986
844 988
844 977
844 966
844 962
844 931
844 919
844 926
844 856
844 864
844 870
844 888
856 986
856 988
856 977
856 966
856 962
856 931
856 919
856 926
856 864
856 870
856 888
864 986
864 988
864 977
864 966
864 962
864 931
864 919
864 926
864 870
864 888
870 986
870 988
870 977
870 966
870 962
870 931
870 919
870 926
870 888
888 986
888 988
888 977
888 966
888 962
888 931
888 919
888 926
919 986
919 988
919 977
919 966
919 962
919 931
919 926
926 986
926 988
926 977
926 966
926 962
926 931
931 986
931 988
931 977
931 966
931 962
962 986
962 988
962 977
962 966
966 986
966 988
966 977
977 986
977 988
986 191
986 241
986 988
988 99
988 191
988 241
28 809
28 889
28 957
28 958
809 228
809 252
809 371
809 465
809 493
809 694
809 730
809 739
809 792
809 889
809 928
809 957
809 958
889 39
889 108
889 167
889 226
889 273
889 403
889 430
889 465
889 509
889 563
889 598
889 607
889 623
889 661
889 664
889 792
889 928
889 957
889 958
957 39
957 60
957 108
957 167
957 193
957 226
957 228
957 252
957 273
957 342
957 371
957 380
957 403
957 465
957 493
957 506
957 509
957 563
957 568
957 598
957 607
957 621
957 661
957 664
957 694
957 730
957 739
957 928
957 958
958 60
958 95
958 108
958 193
958 226
958 228
958 252
958 273
958 342
958 371
958 380
958 403
958 430
958 493
958 506
958 509
958 563
958 568
958 598
958 607
958 621
958 623
958 664
958 694
958 730
958 739
958 792
958 928
228 167
252 928
252 342
371 928
371 661
465 928
465 739
465 730
493 928
493 623
493 730
694 506
694 928
694 792
694 108
694 342
694 430
694 607
730 928
730 792
730 380
730 623
730 598
739 928
739 95
739 193
739 342
739 509
739 568
739 664
792 928
792 60
792 95
792 430
792 563
792 598
792 607
792 661
928 39
928 506
928 60
928 193
928 226
928 380
928 403
928 430
928 509
928 563
928 568
928 607
928 621
928 623
39 506
167 403
273 95
273 664
403 623
430 563
509 661
509 598
563 661
598 623
598 621
607 568
607 621
623 380
661 506
661 664
661 621
664 506
664 568
664 621
568 621
30 815
30 908
30 911
30 933
815 135
815 421
815 622
815 631
815 647
815 676
815 807
815 823
815 838
815 908
815 911
815 913
815 933
908 152
908 276
908 277
908 298
908 315
908 421
908 436
908 532
908 558
908 622
908 631
908 647
908 676
908 783
908 807
908 823
908 825
908 838
908 900
908 911
908 913
908 933
911 70
911 111
911 147
911 276
911 298
911 323
911 421
911 423
911 436
911 558
911 631
911 647
911 676
911 783
911 807
911 823
911 825
911 838
911 900
911 913
911 933
933 111
933 135
933 147
933 152
933 276
933 277
933 315
933 323
933 423
933 436
933 462
933 532
933 622
933 631
933 647
933 676
933 783
933 807
933 823
933 825
933 838
933 900
933 913
135 913
135 825
421 823
421 900
421 783
622 900
622 913
622 838
622 807
622 647
631 900
631 913
631 298
631 807
647 823
647 900
647 913
647 838
676 823
676 913
676 825
676 838
676 558
807 900
807 913
807 783
807 825
807 436
807 838
807 532
823 70
823 147
823 436
823 462
823 825
823 838
823 900
838 900
838 913
838 783
838 315
838 323
838 558
913 70
913 900
913 152
913 276
913 277
913 315
913 323
913 423
913 462
913 532
913 558
913 783
913 825
152 900
276 825
277 900
277 783
298 783
298 423
315 900
532 900
532 825
532 462
558 900
558 825
783 900
783 111
783 825
825 900
825 111
825 462
900 70
900 147
900 423
900 462
323 423
33 980
33 991
33 997
33 998
980 107
980 175
980 270
980 275
980 311
980 351
980 359
980 431
980 447
980 453
980 464
980 527
980 552
980 588
980 619
980 632
980 634
980 637
980 645
980 665
980 671
980 690
980 698
980 729
980 736
980 761
980 795
980 796
980 859
980 875
980 886
980 899
980 930
980 937
980 950
980 952
980 968
980 991
980 995
980 997
980 998
980 999
991 128
991 145
991 175
991 267
991 270
991 275
991 351
991 393
991 431
991 447
991 453
991 464
991 492
991 527
991 552
991 588
991 619
991 632
991 634
991 637
991 645
991 665
991 671
991 690
991 698
991 729
991 736
991 761
991 795
991 796
991 859
991 875
991 886
991 899
991 930
991 937
991 950
991 952
991 968
991 995
991 997
991 998
991 999
997 45
997 79
997 107
997 117
997 128
997 145
997 180
997 267
997 311
997 351
997 359
997 393
997 431
997 447
997 453
997 464
997 492
997 527
997 552
997 588
997 619
997 632
997 634
997 637
997 645
997 665
997 671
997 690
997 698
997 729
997 736
997 761
997 795
997 796
997 859
997 875
997 886
997 899
997 930
997 937
997 950
997 952
997 968
997 995
997 998
997 999
998 45
998 79
998 107
998 117
998 145
998 175
998 180
998 270
998 275
998 311
998 351
998 359
998 393
998 431
998 447
998 453
998 464
998 492
998 527
998 552
998 588
998 619
998 632
998 634
998 637
998 645
998 665
998 671
998 690
998 698
998 729
998 736
998 761
998 795
998 796
998 859
998 875
998 886
998 899
998 930
998 937
998 950
998 952
998 968
998 995
998 999
107 999
175 999
270 995
270 999
275 995
275 999
311 995
311 999
351 999
359 995
359 999
431 995
431 999
447 995
447 999
453 995
453 999
464 995
464 999
527 995
527 999
527 968
552 995
552 999
552 968
588 995
588 999
588 968
588 950
619 995
619 999
619 968
619 950
632 995
632 999
632 968
632 950
634 995
634 999
634 968
634 950
637 995
637 999
637 968
637 950
645 995
645 999
645 968
645 950
665 995
665 999
665 968
665 950
665 952
671 995
671 999
671 968
671 950
671 952
690 995
690 999
690 968
690 950
690 952
690 937
698 995
698 999
698 968
698 950
698 952
698 937
729 995
729 999
729 968
729 950
729 952
729 937
736 995
736 999
736 968
736 950
736 952
736 937
736 930
761 995
761 999
761 968
761 950
761 952
761 937
761 930
761 899
795 995
795 999
795 968
795 950
795 952
795 937
795 930
795 899
795 886
796 995
796 999
796 968
796 950
796 952
796 937
796 930
796 899
796 886
859 995
859 999
859 968
859 950
859 952
859 937
859 930
859 899
859 886
859 875
875 995
875 999
875 968
875 950
875 952
875 937
875 930
875 899
875 886
886 995
886 999
886 968
886 950
886 952
886 937
886 930
886 899
899 995
899 999
899 968
899 950
899 952
899 937
899 930
930 995
930 999
930 968
930 950
930 952
930 937
937 995
937 999
937 968
937 950
937 952
950 995
950 999
950 968
950 952
952 995
952 999
952 968
968 995
968 999
968 267
968 492
995 45
995 79
995 117
995 128
995 145
995 180
995 267
995 393
995 492
995 999
999 45
999 79
999 117
999 128
999 180
999 267
999 393
999 492
40 706
40 946
40 956
40 978
706 727
706 753
706 763
706 802
706 803
706 805
706 956
706 974
706 978
946 102
946 133
946 141
946 153
946 202
946 259
946 409
946 451
946 479
946 496
946 530
946 571
946 586
946 592
946 636
946 681
946 717
946 727
946 733
946 763
946 777
946 782
946 802
946 803
946 805
946 843
946 956
946 974
946 978
956 73
956 102
956 134
956 268
956 269
956 316
956 409
956 410
956 451
956 452
956 496
956 516
956 530
956 571
956 592
956 636
956 681
956 717
956 727
956 733
956 753
956 763
956 777
956 782
956 803
956 805
956 843
956 974
956 978
978 73
978 75
978 102
978 133
978 134
978 141
978 153
978 155
978 202
978 259
978 268
978 269
978 316
978 409
978 410
978 452
978 479
978 496
978 530
978 571
978 586
978 592
978 636
978 681
978 717
978 727
978 733
978 753
978 763
978 777
978 782
978 802
978 803
978 805
978 843
978 974
727 974
727 753
727 516
727 803
727 733
727 782
753 974
753 717
753 134
753 451
753 681
753 803
753 805
763 974
763 141
763 269
763 516
763 681
763 733
763 777
763 782
802 73
802 155
802 259
802 496
802 530
802 636
802 782
802 803
802 843
802 974
803 974
803 155
803 409
803 777
803 805
803 843
805 974
805 452
805 268
805 479
805 496
805 592
805 843
974 73
974 75
974 102
974 133
974 134
974 141
974 153
974 155
974 202
974 268
974 269
974 316
974 410
974 452
974 479
974 496
974 516
974 530
974 571
974 586
974 592
974 636
974 681
974 717
974 733
974 777
974 782
974 843
133 717
153 516
202 75
259 452
259 733
409 571
409 777
451 733
451 843
451 479
479 843
530 586
530 843
571 75
571 410
586 268
586 410
586 777
586 782
592 717
592 636
592 782
636 717
636 316
681 717
681 777
681 843
717 777
733 782
733 843
777 316
777 782
782 843
843 516
843 452
843 410
269 516
42 533
42 842
42 970
42 975
533 596
533 616
533 768
533 793
533 961
533 975
842 355
842 587
842 596
842 616
842 744
842 768
842 817
842 818
842 863
842 866
842 876
842 940
842 961
842 970
842 975
970 83
970 112
970 184
970 198
970 248
970 253
970 296
970 325
970 330
970 337
970 347
970 355
970 378
970 401
970 411
970 428
970 434
970 587
970 596
970 616
970 624
970 654
970 758
970 768
970 775
970 812
970 817
970 818
970 821
970 863
970 866
970 876
970 940
970 961
970 975
975 83
975 112
975 184
975 198
975 296
975 325
975 330
975 347
975 355
975 378
975 397
975 401
975 428
975 434
975 463
975 587
975 596
975 616
975 624
975 654
975 744
975 758
975 768
975 775
975 793
975 812
975 817
975 818
975 821
975 863
975 866
975 876
975 940
975 961
596 961
596 793
596 347
596 744
616 821
616 961
616 744
616 775
768 961
768 253
768 863
768 876
768 411
768 793
768 812
768 817
793 940
793 863
793 866
793 812
793 337
793 434
793 744
793 775
793 817
961 83
961 821
961 184
961 198
961 296
961 325
961 330
961 337
961 347
961 355
961 397
961 401
961 411
961 428
961 434
961 463
961 587
961 744
961 758
961 775
961 812
961 817
961 818
961 863
961 866
961 876
961 940
355 940
587 940
587 863
587 876
587 654
744 940
744 876
744 866
744 812
744 378
817 821
817 940
817 863
817 876
817 812
817 378
817 624
817 775
818 821
818 112
818 397
818 428
818 624
818 654
818 775
818 863
818 876
818 940
863 821
863 940
863 248
863 347
863 411
863 428
863 624
863 876
866 821
866 940
866 876
866 654
866 296
866 337
866 401
866 411
866 434
866 775
866 812
876 758
876 248
876 296
876 378
876 463
876 654
876 775
876 812
940 821
940 112
940 248
940 325
940 330
940 397
940 401
940 411
940 428
940 434
940 463
940 624
940 654
940 758
940 775
940 812
83 821
184 758
198 253
248 397
253 758
253 654
325 463
330 812
337 821
401 758
624 821
624 758
654 812
758 775
758 812
775 821
812 397
821 463
365 217
197 388
271 109
46 983
46 987
46 994
46 996
983 53
983 78
983 203
983 216
983 249
983 254
983 286
983 326
983 334
983 338
983 346
983 373
983 376
983 424
983 459
983 472
983 485
983 502
983 512
983 542
983 599
983 603
983 630
983 656
983 672
983 704
983 728
983 746
983 764
983 771
983 797
983 800
983 813
983 845
983 865
983 877
983 887
983 901
983 910
983 920
983 987
983 994
983 996
987 53
987 81
987 103
987 203
987 209
987 216
987 220
987 254
987 286
987 326
987 334
987 338
987 346
987 373
987 424
987 459
987 472
987 485
987 502
987 512
987 542
987 599
987 603
987 630
987 656
987 672
987 704
987 728
987 746
987 764
987 771
987 797
987 800
987 813
987 845
987 865
987 877
987 887
987 901
987 910
987 920
987 994
987 996
994 53
994 78
994 81
994 103
994 203
994 209
994 220
994 249
994 254
994 326
994 334
994 338
994 346
994 373
994 376
994 384
994 424
994 459
994 472
994 485
994 502
994 512
994 542
994 599
994 603
994 630
994 656
994 672
994 704
994 728
994 746
994 764
994 771
994 797
994 800
994 813
994 845
994 865
994 877
994 887
994 901
994 910
994 920
994 996
996 53
996 78
996 81
996 103
996 203
996 209
996 216
996 220
996 249
996 254
996 286
996 326
996 334
996 338
996 346
996 373
996 376
996 384
996 424
996 459
996 472
996 485
996 502
996 512
996 542
996 599
996 603
996 630
996 656
996 672
996 704
996 728
996 746
996 764
996 771
996 797
996 800
996 813
996 845
996 865
996 877
996 887
996 901
996 910
996 920
78 813
216 910
249 920
249 764
254 910
286 813
286 728
326 910
334 887
338 797
346 910
373 845
376 813
376 901
424 813
424 887
459 920
459 901
472 910
472 746
485 920
485 910
502 910
502 901
502 800
512 920
512 845
512 656
542 887
542 901
542 865
599 877
599 845
599 630
599 771
603 920
603 910
603 901
603 800
630 877
630 920
630 901
656 920
656 887
656 910
656 901
672 877
672 910
672 845
672 901
672 865
704 887
704 910
704 797
704 901
704 746
704 771
728 877
728 920
728 887
728 865
728 901
746 920
746 764
746 845
746 901
746 771
764 877
764 920
764 887
764 384
764 845
764 865
771 877
771 920
771 887
771 910
771 901
797 813
797 920
797 887
797 910
797 845
797 865
797 901
800 877
800 920
800 887
800 910
800 901
800 384
800 865
813 384
813 865
813 877
813 910
813 920
845 877
845 920
845 887
845 865
845 901
865 877
865 920
865 887
865 910
865 901
877 81
877 887
877 901
877 910
877 920
887 920
887 209
887 901
887 910
901 910
910 920
920 103
920 220
52 713
52 738
52 841
52 882
713 161
713 417
713 486
713 504
713 507
713 738
713 751
713 785
713 787
738 58
738 170
738 507
738 529
738 620
738 626
738 787
738 841
738 882
841 58
841 118
841 158
841 199
841 251
841 300
841 529
841 540
841 567
841 620
841 626
841 751
841 785
841 882
882 118
882 161
882 199
882 300
882 417
882 486
882 488
882 504
882 507
882 529
882 540
882 567
882 620
882 626
882 751
882 785
882 787
161 567
161 626
417 787
417 751
417 488
417 620
486 785
486 504
486 540
486 529
504 785
504 578
504 170
504 620
507 785
507 787
507 199
507 300
751 785
751 787
751 118
751 251
751 300
751 578
751 626
785 58
785 158
785 170
785 199
785 578
787 58
787 251
787 488
787 567
787 620
787 626
170 578
529 567
529 626
529 620
620 626
118 567
158 488
158 578
251 488
251 540
300 578
540 567
540 488
540 578
59 500
59 790
59 829
59 943
500 735
500 747
500 819
500 829
500 852
500 943
790 290
790 412
790 562
790 700
790 721
790 750
790 755
790 779
790 820
790 848
790 852
790 943
829 290
829 562
829 581
829 593
829 700
829 721
829 755
829 779
829 819
829 820
829 848
829 852
829 943
943 65
943 71
943 85
943 168
943 230
943 257
943 263
943 290
943 412
943 425
943 562
943 581
943 593
943 668
943 700
943 721
943 735
943 747
943 750
943 755
943 779
943 819
943 820
943 848
943 852
735 779
735 820
735 700
735 848
735 668
735 747
735 750
735 562
735 581
747 852
747 593
747 755
747 848
747 425
747 721
747 668
747 750
819 779
819 852
819 71
819 85
819 257
819 263
819 412
819 562
819 668
819 700
819 848
852 65
852 779
852 820
852 257
852 263
852 581
852 721
852 750
852 755
852 848
290 848
290 425
412 779
412 755
412 668
562 820
562 750
700 820
700 168
700 230
700 257
700 581
721 820
721 755
721 230
721 425
721 263
750 779
750 755
750 848
750 425
750 668
755 85
755 168
755 848
779 65
779 593
779 820
779 848
820 65
820 71
820 85
820 593
820 668
848 593
848 168
848 263
848 581
848 668
581 593
593 71
230 425
257 668
72 242
72 687
72 883
72 917
242 274
242 646
242 770
242 917
687 190
687 280
687 302
687 551
687 627
687 646
687 883
687 917
883 90
883 131
883 190
883 274
883 280
883 302
883 427
883 440
883 522
883 551
883 584
883 627
883 646
883 667
883 677
883 770
883 791
883 917
917 80
917 90
917 131
917 178
917 190
917 280
917 302
917 303
917 427
917 440
917 522
917 551
917 584
917 627
917 646
917 667
917 677
917 709
917 770
917 791
274 646
274 97
274 709
646 80
646 709
646 770
770 791
770 551
770 677
770 440
770 522
770 131
770 709
770 584
190 178
280 677
280 427
302 709
302 427
551 791
551 90
551 667
627 80
627 303
627 667
627 709
627 791
90 677
131 709
427 709
427 584
440 677
440 97
440 303
522 791
522 97
522 584
522 667
584 677
584 667
667 791
667 677
667 178
677 791
791 80
791 97
791 178
791 303
791 709
303 709
240 680
87 680
680 139
94 948
94 981
94 985
94 990
948 260
948 314
948 443
948 478
948 491
948 528
948 546
948 652
948 689
948 695
948 715
948 731
948 737
948 749
948 798
948 801
948 832
948 853
948 868
948 885
948 893
948 902
948 925
948 965
948 972
948 979
948 981
948 985
948 990
981 162
981 177
981 179
981 229
981 250
981 260
981 308
981 312
981 313
981 314
981 327
981 353
981 443
981 446
981 478
981 481
981 491
981 518
981 528
981 546
981 583
981 652
981 689
981 695
981 715
981 731
981 737
981 749
981 798
981 801
981 832
981 853
981 868
981 885
981 893
981 902
981 925
981 965
981 972
981 979
981 985
981 990
985 162
985 163
985 177
985 179
985 218
985 222
985 229
985 250
985 308
985 312
985 313
985 314
985 327
985 353
985 443
985 446
985 478
985 481
985 491
985 518
985 528
985 546
985 583
985 689
985 695
985 715
985 731
985 737
985 749
985 798
985 801
985 832
985 853
985 868
985 885
985 893
985 902
985 925
985 965
985 972
985 979
985 990
990 162
990 163
990 177
990 179
990 218
990 222
990 229
990 250
990 260
990 308
990 313
990 314
990 353
990 443
990 446
990 478
990 481
990 491
990 518
990 528
990 546
990 583
990 652
990 689
990 695
990 715
990 731
990 737
990 749
990 798
990 801
990 832
990 853
990 868
990 885
990 893
990 902
990 925
990 965
990 972
990 979
260 965
260 972
314 979
443 979
443 965
478 979
478 965
491 979
491 972
528 979
528 965
528 972
546 979
546 965
546 925
652 979
652 965
652 972
652 902
652 925
652 893
689 979
689 965
689 972
689 902
689 925
689 893
695 979
695 965
695 972
695 902
695 925
695 893
715 979
715 965
715 972
715 902
715 925
715 893
731 979
731 965
731 972
731 902
731 925
731 893
737 979
737 965
737 972
737 902
737 925
737 893
737 885
749 979
749 965
749 972
749 902
749 925
749 893
749 885
798 979
798 965
798 972
798 902
798 925
798 893
798 885
798 853
798 868
801 979
801 965
801 972
801 902
801 925
801 893
801 885
801 853
801 868
832 979
832 965
832 972
832 902
832 925
832 893
832 885
832 853
832 868
853 979
853 965
853 972
853 902
853 925
853 893
853 885
853 868
868 979
868 965
868 972
868 902
868 925
868 893
868 885
885 979
885 965
885 972
885 902
885 925
885 893
893 979
893 965
893 972
893 902
893 925
902 979
902 965
902 972
902 481
902 925
925 979
925 965
925 972
925 518
925 583
965 979
965 163
965 250
965 308
965 312
965 327
965 446
965 518
965 583
965 972
972 979
972 177
972 218
972 222
972 308
972 312
972 313
972 327
972 353
972 446
972 481
972 518
972 583
979 162
979 163
979 179
979 218
979 222
979 229
979 250
979 312
979 313
979 327
979 353
979 446
979 481
979 518
979 583
116 207
