0 231
0 253
0 685
0 879
231 638
231 731
231 997
253 413
253 633
253 859
253 902
685 5
685 236
685 315
685 451
685 921
685 925
685 980
685 987
879 251
879 396
879 571
879 634
879 680
879 697
879 712
879 734
879 764
879 788
879 806
879 882
879 883
879 902
879 932
879 956
879 959
879 982
879 990
638 981
638 990
638 994
638 148
638 297
638 871
638 880
731 876
731 974
731 6
731 560
731 447
731 542
731 637
731 792
731 911
731 930
997 669
997 984
997 991
997 801
997 770
997 934
997 866
997 980
997 921
997 46
997 50
997 222
997 247
997 299
997 304
997 385
997 426
997 434
997 461
997 624
997 626
997 673
997 687
997 691
997 703
997 716
997 738
997 752
997 769
997 787
997 788
997 834
997 852
997 855
997 872
997 884
997 894
997 927
997 939
997 940
997 956
997 965
997 966
997 968
997 969
997 982
997 993
997 995
413 930
413 996
413 909
413 421
413 827
633 973
633 975
633 730
633 195
633 152
633 444
633 885
859 947
859 991
859 594
859 985
859 820
859 770
859 793
859 71
859 266
859 516
859 528
859 544
859 555
859 591
859 693
859 854
859 887
902 643
902 701
902 975
902 786
902 61
902 382
902 460
902 640
902 687
902 739
902 756
902 791
902 823
902 826
902 860
902 931
902 943
902 948
902 954
902 987
5 514
5 700
5 941
236 889
236 949
236 221
315 582
315 862
315 848
315 425
451 790
451 940
451 811
451 748
451 838
921 876
921 981
921 700
921 736
921 82
921 858
921 595
921 958
921 42
921 155
921 302
921 412
921 486
921 519
921 588
921 623
921 788
921 795
921 833
921 853
921 913
921 970
925 642
925 944
925 972
925 772
925 841
925 965
925 917
925 53
925 276
925 287
925 311
925 319
925 470
925 474
925 659
925 743
925 794
925 798
925 845
925 848
925 888
925 892
925 931
925 943
980 974
980 669
980 984
980 934
980 866
980 31
980 46
980 85
980 130
980 147
980 169
980 291
980 304
980 314
980 427
980 434
980 469
980 509
980 592
980 612
980 627
980 647
980 654
980 663
980 673
980 677
980 752
980 784
980 787
980 797
980 888
980 891
980 904
980 940
980 949
980 967
980 969
980 970
980 998
987 991
987 952
987 173
987 930
987 957
987 971
987 84
987 657
987 569
987 717
987 532
987 961
987 73
987 78
987 110
987 122
987 131
987 189
987 288
987 305
987 346
987 403
987 460
987 550
987 609
987 611
987 651
987 674
987 683
987 694
987 708
987 711
987 721
987 729
987 753
987 794
987 810
987 844
987 868
987 890
987 978
987 995
251 840
251 978
251 873
251 755
396 817
396 814
396 961
396 304
571 991
571 924
571 999
571 935
571 135
571 401
634 990
634 15
634 492
634 581
634 644
634 867
634 897
680 990
680 991
680 917
680 982
680 932
680 894
680 496
680 610
697 984
697 908
697 993
697 799
697 911
697 942
697 335
697 748
697 488
712 937
712 979
712 953
712 951
712 983
712 679
712 949
712 873
712 928
734 36
734 55
734 387
734 457
734 674
734 824
734 883
734 918
734 982
734 983
764 990
764 883
764 982
764 932
764 799
764 727
764 213
764 279
764 723
764 775
764 928
788 985
788 841
788 877
788 999
788 994
788 932
788 780
788 409
788 305
788 757
806 947
806 977
806 971
806 830
806 960
806 698
806 234
806 237
806 307
806 507
806 600
806 797
806 838
882 981
882 514
882 973
882 991
882 768
882 986
882 975
882 953
882 847
882 999
882 777
882 969
882 695
882 500
882 285
882 297
882 558
882 651
882 844
883 981
883 990
883 985
883 996
883 293
883 43
883 129
883 217
883 318
883 404
883 583
883 603
883 760
883 822
883 886
883 932
883 995
932 907
932 990
932 986
932 82
932 853
932 982
932 945
932 163
932 165
932 184
932 274
932 340
932 376
932 576
932 603
932 645
932 706
932 805
932 844
932 848
932 983
956 459
956 843
956 936
956 173
956 804
956 864
956 701
956 891
956 793
956 359
956 741
956 537
956 887
956 913
956 896
956 677
956 834
956 266
956 427
956 513
956 559
956 702
956 735
956 816
956 823
956 849
956 870
956 885
956 954
959 944
959 726
959 700
959 955
959 594
959 979
959 362
959 770
959 790
959 39
959 98
959 130
959 381
959 393
959 448
959 569
959 603
959 624
959 716
959 791
959 795
959 805
959 825
959 833
959 842
959 853
959 865
959 905
959 910
959 919
959 970
982 988
982 990
982 936
982 979
982 858
982 831
982 499
982 957
982 889
982 300
982 55
982 69
982 96
982 135
982 197
982 204
982 222
982 274
982 318
982 334
982 354
982 420
982 458
982 511
982 535
982 644
982 681
982 719
982 742
982 775
982 818
982 905
982 929
982 964
982 978
982 993
990 984
990 9
990 30
990 33
990 55
990 68
990 69
990 135
990 160
990 165
990 204
990 334
990 340
990 352
990 394
990 458
990 535
990 585
990 603
990 644
990 730
990 744
990 763
990 771
990 825
990 850
990 851
990 875
990 887
990 912
990 928
990 933
990 935
990 953
990 970
990 983
990 994
990 996
1 642
1 881
1 944
1 976
642 210
642 845
642 926
642 971
642 974
642 981
881 323
881 333
881 462
881 550
881 577
881 668
881 671
881 708
881 794
881 884
881 900
881 906
881 929
881 937
881 963
881 974
881 976
881 988
881 999
944 81
944 120
944 278
944 347
944 412
944 462
944 492
944 519
944 630
944 640
944 676
944 694
944 732
944 741
944 795
944 808
944 815
944 844
944 853
944 864
944 871
944 905
944 931
944 970
944 984
976 27
976 46
976 125
976 147
976 208
976 213
976 300
976 345
976 385
976 436
976 453
976 490
976 517
976 582
976 618
976 621
976 654
976 661
976 717
976 741
976 756
976 815
976 827
976 830
976 871
976 880
976 887
976 899
976 903
976 919
976 926
976 943
976 949
976 963
976 965
976 979
210 275
210 296
210 628
845 726
845 820
845 999
845 892
845 76
845 265
845 439
845 474
845 535
845 628
845 648
845 762
845 765
845 862
845 983
926 977
926 979
926 658
926 975
926 917
926 878
926 935
926 948
926 913
926 653
926 949
926 157
926 834
926 205
926 286
926 463
926 521
926 545
926 707
926 739
926 765
926 773
926 824
971 974
971 988
971 977
971 710
971 804
971 362
971 817
971 39
971 61
971 114
971 218
971 226
971 234
971 258
971 344
971 431
971 507
971 521
971 567
971 600
971 620
971 660
971 661
971 673
971 717
971 728
971 744
971 775
971 875
971 905
971 940
971 954
971 995
971 999
974 3
974 876
974 60
974 80
974 223
974 234
974 326
974 411
974 428
974 472
974 503
974 511
974 518
974 542
974 560
974 562
974 577
974 626
974 676
974 692
974 769
974 784
974 792
974 803
974 814
974 825
974 839
974 853
974 927
974 930
974 949
974 952
974 962
981 907
981 4
981 20
981 132
981 214
981 244
981 275
981 276
981 366
981 440
981 447
981 467
981 473
981 479
981 565
981 584
981 662
981 672
981 686
981 784
981 817
981 831
981 850
981 856
981 867
981 871
981 906
981 912
981 914
981 917
981 924
981 930
981 942
981 966
981 975
981 979
981 988
323 960
323 512
323 203
323 954
333 968
333 999
333 966
333 747
462 934
462 124
462 291
462 783
550 580
550 937
550 785
550 998
550 951
577 736
577 951
577 983
577 989
577 586
668 941
668 821
668 905
668 694
668 723
668 629
668 553
668 562
671 984
671 991
671 830
671 675
671 563
671 187
671 378
671 472
708 529
708 994
708 961
708 995
708 901
708 871
708 549
708 460
794 988
794 864
794 998
794 657
794 961
794 969
794 153
794 438
794 545
794 723
884 936
884 986
884 979
884 430
884 996
884 61
884 111
884 218
884 272
884 445
884 597
884 611
884 619
884 670
884 676
884 721
884 836
884 978
900 937
900 972
900 991
900 224
900 841
900 998
900 953
900 851
900 826
900 86
900 230
900 381
900 409
900 492
900 534
900 545
900 718
900 743
900 943
900 960
906 955
906 922
906 263
906 923
906 924
906 802
906 40
906 161
906 328
906 450
906 466
906 690
906 757
906 765
906 766
906 814
906 889
906 929
906 993
906 998
929 972
929 973
929 988
929 524
929 936
929 688
929 986
929 965
929 892
929 779
929 939
929 983
929 995
929 886
929 855
929 954
929 682
929 623
929 350
929 399
929 588
929 647
937 2
937 45
937 207
937 298
937 448
937 506
937 547
937 591
937 608
937 681
937 787
937 796
937 800
937 810
937 826
937 832
937 839
937 846
937 852
937 913
937 984
937 991
963 903
963 863
963 710
963 804
963 899
963 998
963 927
963 582
963 970
963 741
963 896
963 949
963 919
963 711
963 703
963 754
963 789
963 950
963 848
963 872
963 812
963 865
963 938
963 519
963 345
963 453
963 503
963 517
963 829
963 844
963 856
988 726
988 9
988 843
988 21
988 74
988 161
988 180
988 200
988 235
988 277
988 284
988 340
988 364
988 452
988 455
988 563
988 649
988 670
988 682
988 727
988 796
988 815
988 825
988 829
988 834
988 861
988 863
988 865
988 869
988 878
988 893
988 912
988 938
988 952
988 989
988 995
988 996
988 999
999 955
999 992
999 985
999 977
999 776
999 790
999 958
999 308
999 53
999 126
999 226
999 258
999 312
999 337
999 351
999 387
999 466
999 497
999 508
999 515
999 553
999 557
999 605
999 610
999 641
999 650
999 682
999 724
999 733
999 743
999 747
999 762
999 773
999 778
999 793
999 852
999 862
999 888
999 910
999 948
999 951
999 964
81 947
81 958
81 918
120 877
120 840
120 80
278 127
278 993
278 911
278 547
347 862
347 725
347 286
347 946
412 876
412 914
412 725
412 309
492 405
492 406
492 870
519 907
519 339
519 897
519 549
630 992
630 977
630 92
630 136
630 207
630 698
630 783
640 923
640 970
640 777
640 679
640 334
640 885
676 998
676 970
676 289
676 721
676 470
676 539
694 807
694 604
694 935
694 478
694 915
694 978
694 316
732 14
732 144
732 170
732 391
732 624
732 853
732 860
732 869
732 946
732 950
741 529
741 961
741 78
741 385
741 501
741 617
741 995
795 876
795 808
795 720
795 290
795 777
795 713
795 515
795 838
795 850
795 938
808 922
808 14
808 35
808 292
808 625
808 665
808 686
808 811
808 835
808 852
808 868
808 917
815 977
815 575
815 869
815 818
815 579
815 983
815 989
815 938
815 652
815 829
815 513
815 420
844 973
844 768
844 953
844 847
844 793
844 994
844 684
844 913
844 886
844 424
844 401
844 686
853 984
853 864
853 817
853 957
853 53
853 556
853 567
853 597
853 636
853 739
853 777
853 828
864 736
864 209
864 527
864 25
864 185
864 255
864 262
864 513
864 558
864 725
864 777
864 781
864 791
864 833
871 907
871 984
871 847
871 569
871 962
871 367
871 914
871 435
871 473
871 227
871 280
871 474
871 606
871 699
905 257
905 952
905 957
905 429
905 897
905 428
905 945
905 692
905 849
905 870
905 506
905 246
905 363
905 576
905 707
905 773
905 775
931 524
931 785
931 298
931 975
931 226
931 970
931 713
931 572
931 948
931 993
931 653
931 711
931 860
931 198
931 240
931 329
931 437
931 568
931 591
931 750
931 791
931 823
931 824
970 736
970 977
970 952
970 330
970 877
970 996
970 482
970 909
970 561
970 720
970 793
970 66
970 98
970 307
970 435
970 614
970 622
970 629
970 673
970 696
970 706
970 756
970 816
970 833
970 842
970 939
970 983
970 993
984 669
984 955
984 8
984 31
984 33
984 179
984 186
984 219
984 255
984 387
984 390
984 434
984 467
984 475
984 509
984 522
984 540
984 599
984 606
984 659
984 673
984 677
984 722
984 733
984 738
984 768
984 787
984 796
984 833
984 866
984 872
984 874
984 934
984 940
27 594
27 62
27 877
46 127
125 64
125 618
125 940
147 996
147 711
208 857
208 960
208 942
213 801
213 789
300 979
300 51
300 812
345 996
345 935
345 508
385 230
385 597
436 41
436 170
436 348
436 659
436 767
453 602
453 995
453 842
453 838
490 384
490 995
490 693
490 360
490 650
517 941
517 847
517 949
517 950
517 872
582 772
582 704
582 899
582 53
618 996
618 890
618 481
618 612
618 819
618 822
621 955
621 924
621 893
621 168
621 765
621 787
621 867
654 934
654 691
654 940
654 954
654 798
654 441
654 497
661 112
661 366
661 379
661 415
661 696
661 748
661 950
717 60
717 309
717 533
717 596
717 780
717 895
717 954
717 961
756 975
756 915
756 995
756 948
756 679
756 766
756 727
756 860
756 739
827 669
827 922
827 996
827 909
827 960
827 842
827 380
827 615
827 200
827 239
827 306
827 350
827 705
827 755
830 933
830 998
830 55
830 326
830 372
830 438
830 484
830 590
830 723
830 819
830 832
830 886
830 897
880 908
880 979
880 953
880 779
880 945
880 983
880 960
880 911
880 914
880 615
880 867
880 747
880 307
880 466
880 617
880 749
880 928
880 946
887 941
887 985
887 936
887 957
887 965
887 93
887 128
887 191
887 303
887 407
887 440
887 631
887 662
887 696
887 771
887 888
887 895
899 973
899 857
899 505
899 903
899 31
899 181
899 244
899 279
899 461
899 500
899 554
899 705
899 754
899 769
899 919
899 949
899 961
899 983
903 857
903 807
903 923
903 18
903 411
903 545
903 578
903 609
903 703
903 711
903 713
903 804
903 812
903 860
903 888
903 918
903 919
903 920
903 949
919 857
919 801
919 961
919 294
919 894
919 132
919 156
919 461
919 506
919 554
919 627
919 645
919 650
919 656
919 703
919 725
919 761
919 812
919 954
943 689
943 933
943 786
943 655
943 995
943 894
943 130
943 245
943 441
943 485
943 557
943 588
943 715
943 745
943 752
943 754
943 798
943 805
943 812
943 823
943 848
943 870
943 886
943 898
949 857
949 807
949 828
949 962
949 691
949 948
949 993
949 118
949 140
949 274
949 340
949 395
949 574
949 617
949 711
949 750
949 789
949 791
949 800
949 870
965 977
965 930
965 934
965 975
965 953
965 48
965 146
965 150
965 153
965 192
965 299
965 371
965 448
965 516
965 583
965 613
965 751
965 775
965 799
965 816
965 824
965 838
965 939
965 948
965 951
965 954
965 968
965 995
979 740
979 936
979 23
979 908
979 169
979 214
979 242
979 249
979 404
979 418
979 431
979 442
979 562
979 563
979 625
979 659
979 683
979 698
979 727
979 730
979 745
979 805
979 818
979 822
979 849
979 920
979 928
979 946
979 951
979 975
979 983
979 995
2 580
2 907
2 972
580 67
580 114
580 494
580 811
580 950
907 20
907 217
907 399
907 740
907 776
907 782
907 813
907 820
907 831
907 867
907 892
907 914
907 917
907 935
907 942
907 961
907 967
972 93
972 149
972 150
972 171
972 352
972 362
972 394
972 398
972 426
972 514
972 561
972 585
972 594
972 620
972 675
972 678
972 688
972 714
972 737
972 743
972 761
972 843
972 867
972 886
972 914
972 923
972 939
972 964
972 968
972 977
972 991
972 994
972 995
67 384
67 851
67 897
114 646
114 421
494 779
494 918
494 890
494 751
494 733
811 892
811 194
811 894
811 895
811 124
811 349
811 476
811 512
811 749
811 798
811 950
950 820
950 917
950 874
950 861
950 273
950 495
950 993
950 989
950 911
950 890
950 607
950 615
950 702
950 748
950 349
950 375
950 379
950 381
950 408
950 466
950 476
950 648
950 865
950 912
20 863
20 986
217 716
217 964
399 857
399 992
399 783
740 7
740 40
740 626
740 701
740 711
740 742
740 914
740 935
740 994
776 18
776 123
776 173
776 587
776 718
776 730
776 739
776 753
776 870
776 874
776 885
782 985
782 861
782 846
782 989
782 895
782 890
782 819
782 409
782 873
782 812
782 648
782 800
813 941
813 936
813 909
813 47
813 282
813 601
813 612
813 631
813 713
813 855
813 898
813 901
813 966
820 527
820 22
820 785
820 78
820 194
820 628
820 773
820 823
820 914
820 939
820 993
831 32
831 186
831 354
831 367
831 590
831 610
831 709
831 856
831 868
831 869
831 945
831 964
831 966
867 991
867 992
867 807
867 958
867 927
867 935
867 369
867 836
867 190
867 349
867 479
867 699
867 789
892 985
892 841
892 531
892 828
892 65
892 96
892 270
892 328
892 336
892 350
892 408
892 754
892 850
892 862
892 896
892 960
914 595
914 917
914 126
914 280
914 448
914 460
914 468
914 534
914 742
914 754
914 819
914 835
914 842
914 848
914 898
917 967
917 927
917 49
917 275
917 318
917 357
917 398
917 467
917 503
917 608
917 695
917 779
917 847
917 896
917 935
917 989
935 958
935 927
935 874
935 818
935 532
935 70
935 107
935 452
935 479
935 555
935 589
935 641
935 751
935 784
935 850
935 856
935 966
942 958
942 953
942 961
942 851
942 945
942 774
942 359
942 918
942 993
942 821
942 799
942 341
942 725
942 207
942 403
942 411
942 448
942 522
942 585
942 609
942 611
942 648
942 824
942 829
961 922
961 62
961 916
961 722
961 792
961 402
961 443
961 456
961 491
961 562
961 616
961 636
961 646
961 699
961 780
961 791
961 809
961 832
961 868
961 894
961 915
961 978
967 772
967 669
967 936
967 575
967 36
967 37
967 70
967 95
967 129
967 139
967 183
967 194
967 361
967 414
967 442
967 493
967 596
967 627
967 631
967 636
967 644
967 658
967 742
967 751
967 818
967 850
967 860
967 870
967 927
967 962
967 989
45 973
45 781
45 953
207 534
298 29
298 484
298 948
448 911
506 934
506 579
506 216
547 807
547 793
547 826
547 536
547 760
591 960
591 954
591 248
591 553
591 723
608 922
608 996
608 835
608 767
608 508
608 765
681 861
681 993
681 351
681 153
681 520
681 616
681 810
787 889
787 874
787 828
787 861
787 940
787 255
787 476
787 800
796 930
796 29
796 137
796 171
796 417
796 450
796 469
796 515
796 872
796 878
800 977
800 986
800 790
800 933
800 861
800 895
800 890
800 648
800 375
800 735
810 916
810 958
810 975
810 657
810 983
810 978
810 849
810 938
810 729
810 597
810 588
826 499
826 994
826 69
826 389
826 538
826 541
826 724
826 774
826 821
826 832
826 873
826 894
832 985
832 339
832 998
832 878
832 111
832 951
832 155
832 432
832 660
832 784
832 798
832 852
839 526
839 29
839 284
839 299
839 355
839 405
839 447
839 450
839 653
839 670
839 781
839 783
839 945
839 957
839 989
846 924
846 958
846 84
846 918
846 367
846 368
846 427
846 530
846 557
846 628
846 842
846 895
846 911
846 978
846 993
852 947
852 922
852 977
852 998
852 840
852 663
852 983
852 960
852 548
852 823
852 400
852 617
852 707
913 952
913 998
913 968
913 657
913 874
913 592
913 96
913 346
913 705
913 718
913 724
913 767
913 812
913 816
913 849
913 862
913 885
913 896
991 635
991 10
991 22
991 28
991 52
991 277
991 302
991 382
991 388
991 401
991 408
991 410
991 528
991 540
991 544
991 551
991 564
991 586
991 606
991 611
991 651
991 693
991 698
991 722
991 770
991 802
991 851
991 873
991 885
991 888
991 891
991 912
991 960
991 968
991 994
93 684
93 995
149 969
149 465
149 978
150 71
150 780
171 359
171 123
352 947
352 866
352 691
362 26
362 777
394 84
394 918
394 172
398 966
398 563
398 348
426 934
426 579
426 546
426 650
514 392
514 660
514 912
514 947
561 42
561 233
561 375
561 539
561 745
585 968
585 786
585 761
585 549
585 699
594 11
594 250
594 651
594 793
620 891
620 646
620 653
620 875
620 416
620 617
675 877
675 74
675 446
675 623
675 738
675 893
675 960
678 947
678 851
678 995
678 163
678 438
678 445
678 946
678 954
688 17
688 590
688 767
688 792
688 862
688 898
688 939
688 995
714 704
714 54
714 87
714 138
714 206
714 819
714 822
714 868
714 910
737 941
737 947
737 995
737 833
737 139
737 159
737 762
737 886
737 946
737 954
743 102
743 581
743 627
743 692
743 760
743 761
743 904
761 973
761 785
761 968
761 174
761 228
761 247
761 311
761 627
843 973
843 9
843 21
843 42
843 293
843 443
843 755
843 822
843 828
843 863
843 865
843 923
843 939
843 983
886 505
886 770
886 958
886 779
886 854
886 995
886 989
886 690
886 184
886 336
886 376
886 752
886 954
923 16
923 179
923 234
923 314
923 572
923 598
923 639
923 645
923 647
923 667
923 703
923 750
923 752
923 758
923 781
923 803
923 828
923 837
923 875
923 951
939 934
939 968
939 86
939 115
939 168
939 310
939 322
939 327
939 443
939 540
939 570
939 650
939 709
939 822
939 849
939 855
939 912
939 993
939 995
964 121
964 857
964 992
964 807
964 985
964 916
964 763
964 957
964 953
964 994
964 141
964 182
964 268
964 380
964 382
964 393
964 480
964 664
964 728
964 747
964 757
964 778
964 809
964 823
964 834
964 904
964 938
964 978
968 857
968 992
968 986
968 916
968 866
968 953
968 48
968 254
968 280
968 363
968 364
968 491
968 546
968 605
968 650
968 725
968 825
968 838
968 854
968 885
968 893
968 904
968 954
968 994
968 995
977 13
977 505
977 39
977 72
977 105
977 106
977 158
977 167
977 212
977 250
977 431
977 454
977 546
977 559
977 600
977 646
977 710
977 744
977 762
977 774
977 775
977 797
977 814
977 869
977 875
977 888
977 909
977 940
977 948
994 807
994 952
994 863
994 817
994 338
994 58
994 115
994 151
994 162
994 185
994 239
994 250
994 281
994 296
994 322
994 344
994 383
994 401
994 454
994 497
994 515
994 605
994 610
994 623
994 664
994 715
994 728
994 735
994 747
994 753
994 757
994 762
994 778
994 896
994 901
994 966
994 995
995 973
995 924
995 710
995 996
995 909
995 604
995 953
995 861
995 777
995 854
995 893
995 101
995 192
995 302
995 380
995 422
995 431
995 562
995 650
995 739
995 744
995 760
995 838
995 855
995 948
995 954
3 57
3 459
3 876
57 22
57 720
57 920
459 408
459 523
459 554
459 812
876 98
876 384
876 632
876 660
876 716
876 745
876 769
876 774
876 789
876 807
876 814
876 824
876 857
22 785
720 877
720 115
720 158
720 219
720 344
720 444
720 833
720 951
920 666
920 973
920 947
920 936
920 108
920 199
920 243
920 258
920 559
920 565
920 589
920 606
920 684
920 687
920 702
920 818
920 828
920 856
920 904
920 910
920 962
408 986
408 752
523 941
523 104
523 986
523 424
523 719
523 735
554 916
554 969
554 296
554 463
812 575
812 909
812 789
812 784
812 665
812 928
98 933
384 801
384 613
632 560
632 804
632 801
632 930
632 574
632 528
632 773
660 955
660 763
660 975
660 953
660 912
716 518
716 47
716 73
716 201
716 645
716 711
716 940
745 877
745 888
745 833
745 262
745 744
745 281
745 381
769 804
769 814
769 792
769 962
769 679
769 259
769 306
769 715
774 916
774 74
774 153
774 256
774 355
774 435
774 557
774 622
774 993
789 504
789 940
789 783
789 744
789 342
789 515
789 617
807 12
807 19
807 99
807 229
807 610
807 966
814 704
814 930
814 325
814 51
814 306
814 525
814 771
814 894
824 527
824 584
824 975
824 778
824 829
824 432
824 472
824 723
824 773
857 941
857 9
857 132
857 307
857 461
857 733
857 775
857 938
857 983
60 792
60 818
80 930
80 592
223 957
223 51
223 915
326 803
326 296
326 445
411 639
411 969
411 993
428 73
428 432
428 511
428 588
472 936
472 930
472 996
503 491
503 530
503 699
511 933
511 162
511 255
511 626
518 8
518 402
518 565
518 748
518 894
542 801
542 993
542 989
542 938
542 336
560 6
560 706
560 819
560 954
562 915
562 894
626 930
626 918
626 667
626 285
692 818
692 910
692 137
692 447
692 488
692 525
692 904
784 975
784 966
784 220
784 406
784 286
784 549
784 798
792 930
792 786
792 713
792 816
792 890
792 951
792 993
803 700
803 25
803 77
803 268
803 572
803 643
803 667
803 780
803 781
803 835
803 930
825 704
825 365
825 869
825 146
825 989
825 940
825 389
825 452
825 682
825 938
927 973
927 877
927 529
927 47
927 365
927 66
927 100
927 242
927 423
927 555
927 686
927 729
927 754
927 829
927 838
927 842
927 904
927 966
930 947
930 986
930 804
930 25
930 801
930 169
930 258
930 418
930 502
930 539
930 729
930 758
952 75
952 19
952 23
952 119
952 122
952 284
952 310
952 458
952 590
952 672
952 707
952 709
952 748
952 850
952 851
952 870
952 893
952 897
952 934
952 945
952 946
952 954
952 957
962 666
962 985
962 998
962 975
962 953
962 889
962 818
962 878
962 854
962 79
962 910
962 288
962 370
962 424
962 455
962 488
962 491
962 504
962 538
962 581
962 702
962 872
962 904
962 948
962 960
962 983
4 121
4 726
4 772
121 677
121 696
726 56
726 241
726 836
726 863
726 938
726 989
726 998
772 287
772 377
772 729
772 841
772 862
772 885
772 955
772 996
677 263
677 910
677 135
677 373
677 872
696 212
696 239
696 240
696 402
696 464
696 533
56 146
56 874
56 891
241 973
241 429
241 247
836 996
836 181
836 482
836 356
836 822
836 771
836 183
836 218
836 221
836 228
836 248
836 321
836 558
836 754
863 704
863 922
863 309
863 324
863 819
863 865
863 869
863 901
863 934
863 938
863 989
863 998
938 953
938 828
938 758
938 672
938 989
938 809
938 520
938 317
938 628
938 865
938 364
938 403
938 417
938 616
938 656
989 700
989 947
989 992
989 869
989 828
989 504
989 960
989 422
989 100
989 110
989 215
989 235
989 301
989 317
989 363
989 420
989 455
989 546
989 662
989 670
989 682
989 725
989 738
989 778
989 816
989 829
989 860
989 865
989 875
989 904
989 928
998 955
998 841
998 933
998 41
998 92
998 177
998 342
998 361
998 374
998 389
998 418
998 425
998 438
998 457
998 484
998 489
998 522
998 538
998 556
998 596
998 599
998 652
998 663
998 664
998 757
998 773
998 797
998 835
998 840
998 868
998 893
998 894
998 953
998 960
998 966
287 151
287 309
287 578
377 916
377 729
377 829
377 885
729 933
729 957
729 897
729 868
729 885
841 505
841 18
841 254
841 270
841 319
841 375
841 463
841 622
841 690
841 809
841 862
862 191
862 295
862 311
862 328
862 498
862 614
862 746
862 865
862 885
885 958
885 786
885 874
885 891
885 851
885 587
885 945
885 896
885 767
955 7
955 526
955 17
955 35
955 59
955 168
955 220
955 372
955 389
955 397
955 421
955 446
955 573
955 606
955 655
955 690
955 765
955 861
955 872
955 893
955 909
955 924
955 960
996 700
996 524
996 32
996 33
996 36
996 52
996 64
996 198
996 264
996 266
996 269
996 291
996 357
996 380
996 390
996 397
996 421
996 498
996 532
996 543
996 557
996 586
996 609
996 670
996 705
996 725
996 755
996 780
996 850
996 861
996 873
996 933
996 953
996 958
132 948
214 790
214 983
244 653
244 860
275 672
275 356
276 273
276 966
276 848
366 754
366 460
366 427
440 933
440 419
440 778
440 386
447 327
447 574
467 801
467 896
467 838
473 874
473 128
473 138
473 690
479 526
479 532
479 282
565 858
565 823
565 378
565 488
584 704
584 858
584 43
584 48
584 277
584 773
662 936
662 799
662 888
662 416
662 656
662 733
672 95
672 301
672 416
672 509
672 683
686 992
686 966
686 895
686 742
686 469
817 992
817 30
817 348
817 603
817 667
817 722
817 724
817 780
817 860
817 978
850 908
850 837
850 957
850 851
850 945
850 960
850 783
850 295
850 355
850 476
856 973
856 768
856 866
856 595
856 969
856 966
856 835
856 849
856 481
856 589
856 865
856 742
856 431
912 973
912 759
912 985
912 529
912 953
912 847
912 897
912 684
912 753
912 819
912 424
912 715
912 446
912 468
924 922
924 17
924 134
924 161
924 243
924 320
924 469
924 508
924 606
924 682
924 750
924 765
924 802
924 819
924 858
924 908
924 933
924 975
966 992
966 877
966 934
966 595
966 663
966 945
966 102
966 164
966 270
966 313
966 589
966 673
966 693
966 715
966 754
966 791
966 805
966 954
975 973
975 922
975 785
975 858
975 958
975 44
975 70
975 172
975 187
975 238
975 286
975 303
975 469
975 559
975 755
975 779
975 819
975 823
975 834
975 860
975 894
975 945
975 948
700 329
700 736
700 909
700 957
941 83
941 92
941 256
941 456
941 539
941 567
941 604
941 665
941 701
941 709
941 757
941 758
941 771
941 801
941 809
941 829
941 911
941 936
941 992
392 854
392 137
392 865
392 978
947 669
947 635
947 10
947 277
947 388
947 410
947 515
947 528
947 540
947 544
947 586
947 611
947 749
947 770
947 785
947 858
947 960
947 969
329 918
329 842
329 615
736 12
736 238
736 508
736 645
736 888
736 908
909 552
909 598
909 38
909 48
909 174
909 370
909 391
909 417
909 533
909 667
909 742
909 758
909 878
957 936
957 837
957 531
957 38
957 140
957 182
957 238
957 301
957 363
957 397
957 551
957 590
957 629
957 707
957 829
957 851
957 870
957 897
957 945
957 946
83 54
83 113
83 495
92 960
256 918
256 683
256 376
456 768
456 901
456 349
456 404
539 495
539 860
539 597
567 860
567 266
567 543
567 705
604 42
604 129
604 614
604 766
604 888
665 701
665 915
665 766
665 711
665 656
665 574
701 936
701 43
701 316
701 778
701 969
709 257
709 936
709 607
709 809
709 746
709 449
757 763
757 641
757 904
757 353
757 616
757 644
758 781
758 74
758 156
758 465
758 520
758 719
758 890
771 371
771 222
771 313
771 901
771 164
771 316
771 434
801 602
801 82
801 25
801 318
801 673
809 936
809 579
809 911
809 888
809 142
809 152
809 317
809 581
829 710
829 828
829 682
829 578
829 823
829 670
911 689
911 958
911 918
911 969
911 993
911 110
911 265
911 343
911 431
911 465
911 502
911 556
911 855
936 16
936 388
936 441
936 537
936 625
936 649
936 659
936 783
936 888
936 901
992 11
992 32
992 50
992 182
992 203
992 209
992 224
992 260
992 269
992 346
992 372
992 422
992 437
992 450
992 477
992 483
992 493
992 496
992 501
992 536
992 566
992 592
992 624
992 643
992 652
992 707
992 749
992 783
992 834
992 873
992 897
992 915
992 928
992 948
992 978
992 985
6 669
6 704
669 66
669 439
704 478
704 612
704 951
706 134
706 691
706 336
706 342
706 728
706 822
706 928
819 969
819 593
819 165
819 193
819 449
954 922
954 770
954 940
954 324
954 901
954 904
954 849
954 870
954 206
954 228
954 536
954 581
954 613
66 793
439 934
439 684
439 960
439 695
478 76
478 170
478 480
478 960
612 877
612 572
612 969
612 500
951 908
951 858
951 482
951 531
951 637
951 91
951 249
951 261
951 332
951 445
951 452
951 615
951 625
951 628
951 705
951 753
951 928
951 946
951 983
637 52
637 211
637 536
637 576
637 739
637 749
7 526
7 666
526 293
526 533
526 780
666 259
666 471
666 835
666 878
666 916
666 946
293 40
293 172
533 395
533 978
533 417
780 969
780 341
780 280
780 331
780 636
259 973
259 953
259 891
471 889
471 878
471 799
471 898
471 652
835 973
835 922
835 292
835 893
835 131
835 180
835 444
835 488
835 558
835 783
878 224
878 986
878 858
878 958
878 889
878 63
878 197
878 198
878 449
878 854
878 904
878 910
916 28
916 143
916 169
916 341
916 424
916 470
916 569
916 583
916 647
916 674
916 773
916 868
916 890
916 915
916 934
946 973
946 779
946 983
946 541
946 896
946 369
946 593
946 615
946 414
946 860
946 805
946 738
946 848
946 928
946 652
946 418
946 466
946 601
946 838
40 722
711 985
742 504
742 341
742 452
742 441
17 768
35 802
35 933
59 493
59 828
59 861
168 751
220 128
220 374
372 986
372 749
389 778
397 985
397 763
421 759
421 793
446 802
446 690
446 573
573 804
573 649
573 232
573 331
573 382
606 993
606 614
655 527
655 986
655 87
655 151
655 212
655 719
655 750
690 922
690 877
690 324
690 163
765 430
765 958
765 918
765 888
765 525
861 499
861 95
861 272
861 312
861 521
861 596
861 750
861 890
872 986
872 338
872 940
872 896
872 645
872 746
872 299
872 873
872 322
872 407
872 838
893 786
893 918
893 86
893 237
893 346
893 417
893 613
893 619
893 691
893 855
893 868
893 915
960 840
960 945
960 119
960 225
960 272
960 318
960 378
960 400
960 433
960 485
960 521
960 623
8 635
8 973
635 155
635 449
635 551
635 723
635 802
973 13
973 71
973 88
973 106
973 182
973 301
973 425
973 461
973 468
973 498
973 558
973 575
973 724
973 759
973 804
973 847
973 869
973 953
973 969
402 759
402 866
402 894
748 918
748 969
748 262
748 521
748 574
748 648
894 282
894 107
894 170
894 219
894 450
894 465
894 751
894 838
155 484
449 969
449 510
551 339
551 261
551 410
551 735
723 854
723 639
723 541
723 485
802 922
802 934
802 240
802 281
802 444
802 568
802 889
802 904
13 505
13 922
71 779
88 985
88 659
88 915
106 985
106 624
301 274
425 969
425 822
425 302
461 601
468 847
468 498
468 543
498 873
498 312
558 953
558 370
575 28
575 343
575 360
724 505
724 510
724 105
724 393
724 409
724 762
759 12
759 457
759 528
759 553
759 684
759 760
759 768
759 953
804 24
804 343
804 592
804 730
804 891
847 308
847 50
847 343
847 360
847 649
847 651
847 767
847 898
847 983
869 986
869 51
869 86
869 249
869 403
869 463
869 487
869 828
869 854
869 993
953 768
953 118
953 140
953 285
953 530
953 749
953 822
953 838
953 875
969 689
969 781
969 691
969 90
969 283
969 138
969 142
969 267
969 289
969 302
969 370
969 393
969 441
969 500
969 516
969 747
969 751
969 822
31 763
33 908
179 983
179 805
186 983
186 904
219 410
255 682
387 76
387 283
390 873
390 823
390 644
434 599
434 583
475 552
475 423
475 649
475 865
475 656
509 985
509 858
509 429
522 985
522 958
522 918
522 760
540 901
540 544
540 321
599 548
599 705
599 613
599 386
599 432
659 423
659 860
659 901
673 691
673 747
722 934
722 140
722 415
722 532
722 674
722 918
733 985
733 753
733 755
733 508
733 497
733 525
738 828
738 282
738 641
738 199
738 469
738 648
768 429
768 438
768 486
768 537
833 689
833 118
833 136
833 164
833 500
833 625
833 727
833 816
866 30
866 109
866 117
866 174
866 218
866 322
866 353
866 395
866 718
866 848
866 873
866 928
874 145
874 405
874 534
874 543
874 730
874 816
874 834
874 855
874 891
874 915
934 29
934 321
934 502
934 566
934 609
934 644
934 695
934 837
934 940
934 945
940 840
940 111
940 993
940 289
940 115
940 128
940 404
940 481
940 605
940 695
940 746
940 752
21 985
21 82
443 851
443 184
443 707
755 482
755 592
755 915
755 873
755 538
755 609
822 840
822 142
822 322
822 735
828 848
828 865
828 945
865 785
865 840
865 353
865 578
865 304
865 328
983 908
983 877
983 531
983 657
983 91
983 779
983 289
983 369
983 418
983 476
983 528
983 543
983 563
983 568
983 648
983 698
983 753
983 805
983 873
983 928
307 290
775 710
775 646
775 993
775 541
775 797
775 773
161 272
180 993
180 191
200 870
200 501
235 945
235 702
277 500
284 90
284 546
340 486
364 572
364 331
452 148
455 910
455 901
455 348
563 154
563 611
649 146
649 391
649 407
649 464
670 762
670 353
670 400
682 898
727 915
727 122
727 269
727 535
727 616
727 629
834 858
834 948
834 157
834 237
834 613
834 656
834 739
834 848
30 837
68 111
68 282
68 587
69 986
160 781
160 641
160 703
165 762
204 351
204 855
334 703
334 797
458 100
458 103
458 486
535 537
535 593
535 870
603 510
603 335
603 437
644 840
730 945
730 76
730 767
730 890
730 896
744 777
744 875
744 187
744 250
744 487
763 986
763 728
763 888
763 889
763 928
763 978
851 837
851 268
851 405
851 570
851 897
851 918
851 948
875 710
875 188
875 178
875 344
875 401
875 559
875 596
875 600
875 791
875 797
875 898
928 908
928 837
928 786
928 313
928 895
928 593
928 698
928 619
928 778
928 625
928 647
933 689
933 986
933 109
933 130
933 294
933 325
933 419
933 592
933 693
933 715
933 798
933 848
933 889
933 898
10 75
10 689
75 154
75 371
689 487
689 576
689 596
689 986
154 766
154 901
371 625
371 855
487 652
487 457
487 791
576 986
576 910
576 719
596 260
596 414
986 524
986 26
986 100
986 143
986 211
986 291
986 325
986 332
986 386
986 545
986 588
986 622
986 624
986 699
986 719
986 721
986 747
986 750
986 752
986 798
986 848
986 868
986 896
986 898
388 895
388 888
410 261
410 583
515 664
528 891
544 193
544 699
544 715
586 564
586 579
586 842
586 507
611 922
611 693
749 868
749 496
749 614
749 656
749 536
770 908
770 28
770 383
770 553
770 564
785 365
785 375
785 489
785 753
785 791
858 908
858 26
858 99
858 227
858 303
858 559
858 751
52 657
382 978
564 64
564 628
564 739
564 896
651 430
651 292
651 683
651 309
693 127
693 122
693 466
693 849
698 908
698 752
698 189
698 232
873 524
873 777
873 232
873 609
873 702
873 705
888 889
888 117
888 502
888 607
888 901
891 192
891 216
891 240
891 248
891 600
891 646
891 760
891 766
891 767
891 783
891 896
11 104
11 257
104 799
104 958
257 303
257 643
799 922
799 958
799 152
799 205
799 233
799 530
799 718
958 837
958 36
958 103
958 158
958 205
958 221
958 252
958 480
958 597
958 598
958 629
958 897
958 918
958 993
303 541
643 32
643 268
643 422
643 636
250 365
793 58
793 766
793 842
793 897
50 85
203 910
203 496
209 16
209 353
224 15
260 103
260 138
260 751
269 579
269 373
346 602
422 97
422 167
437 313
437 607
437 707
450 363
477 922
477 483
477 868
477 243
477 623
483 985
483 602
483 91
483 406
493 419
493 49
493 361
496 263
496 316
501 783
501 295
501 545
536 922
536 343
566 587
566 978
566 211
566 427
566 898
592 849
624 190
624 252
652 840
652 337
652 457
707 470
707 870
783 602
783 136
897 87
897 116
897 327
897 332
897 416
897 617
897 625
897 895
915 292
915 407
915 553
915 578
915 583
915 607
915 622
915 683
915 868
915 948
948 790
948 429
948 94
948 195
948 358
948 386
948 433
948 559
948 568
948 570
948 597
948 791
978 657
978 290
978 910
978 890
978 683
978 695
978 175
978 868
978 233
978 270
978 279
978 314
978 320
978 354
978 502
978 583
978 616
978 627
978 629
978 641
978 667
978 746
978 823
985 12
985 151
985 157
985 166
985 249
985 261
985 281
985 454
985 525
985 589
985 595
985 605
985 610
985 631
985 641
985 684
985 747
985 762
985 778
985 855
985 877
985 945
238 767
645 572
645 174
908 23
908 141
908 229
908 378
908 555
908 615
908 718
908 816
908 993
457 569
553 674
684 85
684 373
760 854
760 546
760 320
760 538
760 601
19 134
19 527
99 359
99 222
229 288
229 898
610 246
610 358
157 821
166 877
166 895
166 520
261 126
281 198
454 877
454 896
454 344
525 790
525 507
589 202
589 432
589 855
595 34
595 79
595 230
605 945
605 583
605 773
631 102
631 216
631 225
631 286
641 534
747 504
747 679
747 239
762 910
762 821
762 383
778 308
778 993
778 485
855 552
855 242
855 721
855 753
855 248
855 350
877 391
877 465
877 497
877 837
877 842
945 837
945 779
945 73
945 116
945 123
945 159
945 246
945 319
945 415
945 870
922 14
922 26
922 131
922 139
922 190
922 854
14 524
131 695
139 162
190 406
854 781
854 72
854 786
854 405
854 484
854 507
854 590
39 325
72 54
72 777
105 993
105 313
158 380
167 687
167 435
212 94
546 254
600 331
600 616
600 797
646 65
646 337
710 24
710 407
710 650
797 781
797 993
797 512
797 557
797 735
524 188
188 123
188 754
144 691
144 310
144 753
391 216
860 178
860 842
860 199
860 205
292 79
868 143
868 264
868 305
868 357
868 664
15 552
15 602
552 593
552 639
552 647
602 162
602 889
593 779
593 156
593 520
639 112
639 87
639 754
639 993
647 781
647 805
889 49
889 65
889 89
889 96
889 404
889 521
889 702
889 818
889 910
581 324
581 849
16 263
263 614
614 444
614 715
314 842
314 279
572 90
598 37
598 418
598 464
598 601
598 781
667 777
667 245
667 664
703 510
703 650
703 699
750 993
750 288
750 848
750 636
750 715
752 187
752 848
752 898
781 485
837 159
837 295
837 306
837 376
837 379
837 416
837 702
441 342
537 89
537 735
537 849
901 532
901 510
901 196
901 317
901 319
901 601
901 719
901 746
590 870
590 297
767 840
767 211
767 254
898 895
898 297
898 381
898 445
898 588
898 715
898 798
898 848
429 65
438 556
486 435
486 823
134 126
243 206
320 753
320 823
18 339
339 433
433 374
433 574
433 674
173 23
587 175
587 513
587 719
587 779
718 751
718 189
718 355
718 617
718 735
739 283
739 400
753 786
870 728
870 193
870 415
870 613
254 910
270 262
319 424
463 271
463 578
622 719
622 848
622 838
545 357
578 664
609 890
713 77
713 271
713 306
713 656
713 791
918 184
918 683
918 725
918 821
918 838
918 993
527 400
527 791
119 818
119 423
310 663
310 805
324 129
143 332
291 264
325 904
332 489
386 715
588 805
699 529
699 616
719 308
719 265
721 658
721 101
721 183
721 335
721 489
721 597
798 409
798 849
798 245
798 279
848 312
896 113
896 993
896 145
896 705
896 735
896 816
365 47
489 663
489 516
78 359
194 70
628 265
773 818
773 568
823 358
993 330
993 176
993 818
993 94
993 172
993 196
993 271
993 311
993 351
993 368
993 480
993 502
993 530
993 556
993 821
141 695
141 607
378 414
555 529
555 548
555 327
615 176
816 330
816 849
816 247
816 271
816 415
242 64
404 904
442 95
442 549
442 636
442 674
683 113
805 779
805 687
805 183
818 201
818 904
849 658
849 657
849 189
849 735
24 330
24 430
330 910
430 335
430 531
910 79
910 201
910 258
910 285
910 370
910 373
335 246
531 37
531 890
407 419
77 273
77 579
268 156
185 570
185 728
262 145
513 406
513 393
513 488
725 202
725 842
777 360
777 417
227 904
227 266
751 658
751 627
62 532
62 663
663 225
663 510
465 193
497 464
842 152
842 252
842 374
360 215
383 108
383 512
341 145
470 356
470 163
569 58
569 164
674 481
674 420
890 112
890 273
890 895
890 272
890 274
890 358
890 904
484 427
137 178
299 206
355 368
405 97
653 202
653 116
653 568
653 695
321 495
321 530
695 687
348 445
159 423
295 840
376 215
379 790
379 534
416 273
702 904
702 361
109 499
109 338
117 356
117 766
395 142
395 574
728 790
728 233
728 297
728 556
181 34
181 116
705 373
754 746
85 367
304 821
627 658
904 197
904 491
636 414
354 175
354 177
367 288
264 197
264 623
357 543
543 374
557 305
34 482
34 790
482 746
790 118
790 133
790 664
746 294
746 196
746 420
230 201
133 267
133 351
133 369
664 687
444 786
568 368
294 63
294 687
419 44
419 94
103 679
221 619
252 570
252 215
480 481
480 556
629 657
629 495
37 499
361 358
414 177
658 38
658 267
658 570
499 406
464 474
464 432
601 423
601 607
38 529
267 176
267 124
570 337
61 91
226 63
507 549
521 895
415 356
328 460
766 338
766 290
766 895
766 271
41 84
41 338
177 409
342 656
538 895
538 485
840 44
840 124
840 228
840 327
840 534
623 516
43 202
316 648
44 308
285 368
530 541
838 619
838 613
127 435
687 107
691 89
192 245
516 821
516 619
280 548
491 305
49 112
89 504
403 821
403 679
311 786
474 786
474 336
312 895
337 113
54 786
495 296
420 619
108 97
108 821
199 317
58 176
895 107
895 195
895 349
895 476
619 548
225 607
510 101
63 290
350 512
175 136
541 97
821 102
821 191
821 520
821 679
110 195
520 679
283 90
283 148
265 148
237 512
289 101
369 548
196 481
549 232
512 178
548 331
