1	691
1	825
1	900
1	919
2	173
2	226
2	291
2	844
3	244
3	794
3	944
3	982
4	675
4	899
4	942
4	962
5	396
5	715
5	819
5	885
6	844
6	948
6	981
6	986
7	703
7	929
7	971
7	986
8	530
8	701
8	978
8	997
9	678
9	904
9	987
9	992
10	727
10	860
10	881
10	893
11	230
11	484
11	589
11	887
12	883
12	920
12	921
12	924
13	205
13	915
13	982
13	995
14	294
14	643
14	808
14	880
15	269
15	364
15	774
15	917
16	586
16	788
16	966
16	999
17	773
17	837
17	839
17	980
18	715
18	808
18	940
18	952
19	171
19	901
19	963
19	994
20	322
20	882
20	949
20	996
21	855
21	940
21	955
21	996
22	309
22	613
22	887
22	965
23	505
23	890
23	985
23	996
24	695
24	782
24	873
24	979
25	230
25	625
25	863
25	967
26	223
26	793
26	910
26	984
27	482
27	566
27	914
27	980
28	619
28	928
28	946
28	947
29	215
29	934
29	942
29	979
30	426
30	706
30	826
30	918
31	232
31	600
31	687
31	968
32	338
32	916
32	964
32	987
33	522
33	741
33	990
33	1000
34	230
34	722
34	825
34	967
35	304
35	785
35	916
35	938
36	773
36	977
36	987
36	992
37	707
37	843
37	870
37	965
38	467
38	926
38	955
38	985
39	943
39	963
39	964
39	994
40	594
40	828
40	949
40	971
41	239
41	674
41	789
41	952
42	616
42	621
42	707
42	733
43	84
43	953
43	962
43	974
44	543
44	625
44	851
44	986
45	421
45	889
45	956
45	969
46	506
46	535
46	917
46	973
47	336
47	738
47	890
47	954
48	308
48	521
48	752
48	865
49	606
49	728
49	862
49	919
50	178
50	693
50	856
50	909
51	205
51	225
51	949
51	997
52	305
52	469
52	955
52	985
53	581
53	891
53	953
53	983
54	565
54	800
54	856
54	909
55	754
55	877
55	898
55	997
56	72
56	582
56	731
56	996
57	930
57	963
57	973
57	991
58	509
58	831
58	888
58	976
59	397
59	937
59	974
59	982
60	91
60	694
60	829
60	847
61	357
61	447
61	525
61	917
62	670
62	799
62	822
62	980
63	76
63	556
63	957
63	989
64	554
64	699
64	872
64	988
65	280
65	327
65	708
65	862
66	499
66	627
66	951
66	981
67	628
67	819
67	885
67	955
68	487
68	717
68	852
68	968
69	285
69	939
69	993
69	998
70	336
70	819
70	907
70	994
71	433
71	651
71	937
71	995
72	56
72	454
72	600
72	851
73	556
73	823
73	889
73	1000
74	768
74	850
74	946
74	974
75	583
75	642
75	668
75	982
76	63
76	523
76	785
76	989
77	698
77	951
77	981
77	986
78	447
78	561
78	916
78	952
79	882
79	897
79	916
79	964
80	878
80	947
80	990
80	1000
81	258
81	945
81	948
81	981
82	412
82	859
82	885
82	935
83	244
83	891
83	962
83	983
84	43
84	877
84	978
84	997
85	586
85	665
85	830
85	986
86	646
86	829
86	879
86	931
87	550
87	643
87	787
87	865
88	382
88	973
88	984
88	993
89	406
89	761
89	897
89	964
90	155
90	736
90	771
90	833
91	60
91	566
91	901
91	958
92	800
92	869
92	874
92	971
93	279
93	877
93	978
93	997
94	300
94	919
94	945
94	948
95	839
95	944
95	980
95	990
96	584
96	963
96	978
96	997
97	198
97	951
97	953
97	983
98	451
98	894
98	987
98	992
99	872
99	927
99	963
99	988
100	882
100	945
100	981
100	986
101	218
101	796
101	880
101	995
102	915
102	945
102	982
102	983
103	918
103	925
103	970
103	976
104	829
104	898
104	931
104	982
105	635
105	852
105	968
105	975
106	722
106	863
106	947
106	959
107	912
107	970
107	976
107	998
108	785
108	830
108	957
108	989
109	541
109	711
109	841
109	842
110	923
110	943
110	963
110	994
111	510
111	744
111	851
111	913
112	154
112	876
112	890
112	992
113	282
113	483
113	841
113	959
114	867
114	936
114	949
114	996
115	671
115	784
115	858
115	984
116	141
116	812
116	885
116	935
117	535
117	844
117	902
117	988
118	743
118	912
118	981
118	986
119	724
119	864
119	940
119	952
120	147
120	214
120	900
120	919
121	586
121	712
121	786
121	847
122	976
122	977
122	987
122	992
123	197
123	948
123	986
123	998
124	322
124	721
124	954
124	969
125	750
125	831
125	973
125	991
126	475
126	507
126	972
126	975
127	881
127	942
127	943
127	979
128	784
128	899
128	934
128	974
129	878
129	985
129	990
129	998
130	495
130	873
130	959
130	979
131	238
131	811
131	936
131	994
132	411
132	605
132	790
132	965
133	739
133	864
133	940
133	952
134	845
134	943
134	947
134	974
135	640
135	711
135	914
135	980
136	241
136	849
136	942
136	979
137	177
137	596
137	892
137	968
138	464
138	742
138	902
138	949
139	617
139	907
139	909
139	931
140	418
140	487
140	660
140	856
141	116
141	906
141	958
141	999
142	190
142	248
142	917
142	943
143	349
143	537
143	820
143	937
144	621
144	866
144	953
144	983
145	719
145	750
145	956
145	969
146	527
146	938
146	958
146	961
147	120
147	610
147	900
147	966
148	177
148	882
148	903
148	949
149	807
149	933
149	983
149	999
150	964
150	990
150	993
150	1000
151	321
151	364
151	634
151	917
152	574
152	705
152	706
152	970
153	806
153	865
153	953
153	983
154	112
154	759
154	799
154	932
155	90
155	436
155	945
155	986
156	413
156	527
156	964
156	986
157	283
157	731
157	736
157	834
158	543
158	595
158	868
158	968
159	639
159	847
159	887
159	965
160	758
160	830
160	928
160	974
161	359
161	867
161	905
161	985
162	894
162	913
162	987
162	992
163	460
163	662
163	752
163	962
164	228
164	833
164	844
164	856
165	715
165	819
165	935
165	936
166	827
166	908
166	921
166	935
167	208
167	716
167	984
167	991
168	883
168	940
168	977
168	987
169	865
169	888
169	949
169	976
170	374
170	612
170	870
170	989
171	19
171	416
171	687
171	913
172	793
172	858
172	984
172	991
173	2
173	575
173	851
173	913
174	481
174	895
174	914
174	980
175	328
175	427
175	858
175	989
176	622
176	834
176	959
176	971
177	137
177	148
177	591
177	868
178	50
178	706
178	856
178	965
179	824
179	951
179	981
179	986
180	759
180	790
180	842
180	890
181	759
181	761
181	897
181	964
182	553
182	665
182	800
182	913
183	390
183	662
183	925
183	954
184	769
184	958
184	998
184	1000
185	677
185	969
185	972
185	975
186	609
186	892
186	968
186	995
187	792
187	937
187	944
187	982
188	558
188	745
188	818
188	999
189	372
189	551
189	951
189	981
190	142
190	683
190	916
190	917
191	355
191	817
191	959
191	992
192	783
192	840
192	929
192	971
193	798
193	869
193	939
193	993
194	753
194	840
194	940
194	952
195	432
195	725
195	727
195	969
196	849
196	883
196	899
196	979
197	123
197	948
197	953
197	986
198	97
198	753
198	896
198	952
199	583
199	791
199	937
199	954
200	590
200	730
200	934
200	947
201	761
201	775
201	916
201	964
202	546
202	702
202	720
202	994
203	918
203	958
203	970
203	976
204	301
204	879
204	985
204	996
205	13
205	51
205	824
205	999
206	324
206	781
206	795
206	986
207	393
207	643
207	855
207	880
208	167
208	897
208	916
208	964
209	431
209	950
209	963
209	994
210	521
210	650
210	933
210	962
211	586
211	847
211	931
211	999
212	321
212	357
212	614
212	917
213	314
213	822
213	838
213	890
214	120
214	624
214	711
214	799
215	29
215	341
215	769
215	990
216	701
216	882
216	926
216	996
217	358
217	788
217	987
217	992
218	101
218	797
218	863
218	959
219	262
219	626
219	972
219	975
220	943
220	950
220	991
220	994
221	520
221	745
221	944
221	982
222	524
222	896
222	939
222	993
223	26
223	792
223	847
223	931
224	746
224	866
224	960
224	988
225	51
225	751
225	857
225	978
225	997
226	2
226	510
226	724
226	851
226	913
227	600
227	701
227	858
227	910
227	984
228	164
228	442
228	724
228	856
228	909
229	482
229	774
229	911
229	955
229	985
230	11
230	25
230	34
230	486
230	762
231	704
231	748
231	771
231	972
231	975
232	31
232	665
232	851
232	897
232	913
233	718
233	932
233	962
233	978
233	997
234	733
234	889
234	993
234	998
234	1000
235	453
235	776
235	892
235	968
235	998
236	364
236	419
236	683
236	917
236	974
237	761
237	858
237	934
237	946
237	974
238	131
238	488
238	939
238	993
238	1000
239	41
239	444
239	515
239	985
239	996
240	280
240	837
240	902
240	960
240	988
241	136
241	858
241	930
241	984
241	991
242	607
242	640
242	740
242	962
242	980
243	328
243	514
243	870
243	957
243	989
244	3
244	83
244	898
244	932
244	997
245	472
245	635
245	684
245	892
245	968
246	694
246	777
246	993
246	998
246	1000
247	249
247	785
247	800
247	957
247	989
248	142
248	357
248	476
248	676
248	917
249	247
249	764
249	789
249	903
249	989
250	260
250	689
250	928
250	934
250	974
251	804
251	871
251	945
251	948
251	951
252	343
252	589
252	707
252	965
252	991
253	639
253	790
253	814
253	848
253	860
254	533
254	608
254	748
254	972
254	975
255	368
255	561
255	659
255	741
255	967
256	281
256	352
256	856
256	909
256	911
257	603
257	907
257	944
257	950
257	994
258	81
258	783
258	927
258	960
258	988
259	679
259	690
259	984
259	988
259	991
260	250
260	639
260	916
260	946
260	947
261	356
261	901
261	907
261	943
261	994
262	219
262	573
262	869
262	941
262	961
263	712
263	805
263	881
263	899
263	979
264	678
264	690
264	847
264	914
264	931
265	333
265	565
265	696
265	813
265	960
266	351
266	520
266	803
266	933
266	983
267	493
267	858
267	935
267	936
267	961
268	902
268	903
268	927
268	950
268	960
269	15
269	306
269	320
269	770
269	917
270	630
270	745
270	748
270	799
270	890
271	454
271	751
271	884
271	932
271	997
272	386
272	745
272	802
272	934
272	982
273	468
273	928
273	934
273	947
273	952
274	553
274	696
274	836
274	851
274	913
275	448
275	622
275	762
275	817
275	927
276	671
276	806
276	813
276	980
276	983
277	358
277	595
277	609
277	892
277	968
278	434
278	461
278	608
278	870
278	989
279	93
279	855
279	876
279	985
279	996
280	65
280	240
280	708
280	825
280	900
281	256
281	342
281	395
281	617
281	909
282	113
282	790
282	883
282	977
282	992
283	157
283	464
283	882
283	902
283	996
284	393
284	521
284	808
284	856
284	865
285	69
285	850
285	911
285	978
285	997
286	696
286	922
286	977
286	987
286	992
287	706
287	763
287	946
287	947
287	974
288	672
288	701
288	830
288	948
288	986
289	592
289	749
289	764
289	866
289	983
290	429
290	905
290	950
290	963
290	994
291	2
291	553
291	600
291	851
291	983
292	765
292	852
292	868
292	931
292	968
293	837
293	875
293	894
293	895
293	980
294	14
294	842
294	865
294	880
294	983
295	525
295	535
295	796
295	917
295	977
296	850
296	930
296	946
296	947
296	974
297	871
297	906
297	941
297	966
297	999
298	633
298	681
298	917
298	972
298	975
299	536
299	598
299	945
299	951
299	986
300	94
300	678
300	829
300	847
300	931
301	204
301	369
301	814
301	852
301	968
302	448
302	527
302	814
302	897
302	964
303	732
303	777
303	779
303	833
303	969
304	35
304	408
304	680
304	869
304	916
305	52
305	552
305	753
305	972
305	975
306	269
306	850
306	928
306	946
306	974
307	799
307	908
307	920
307	923
307	924
308	48
308	550
308	724
308	740
308	756
309	22
309	377
309	529
309	870
309	965
310	521
310	622
310	661
310	959
310	967
311	828
311	866
311	953
311	983
311	989
312	519
312	541
312	864
312	896
312	940
313	841
313	892
313	907
313	950
313	994
314	213
314	801
314	857
314	982
314	995
315	320
315	977
315	984
315	987
315	992
316	394
316	549
316	786
316	818
316	931
317	647
317	875
317	914
317	926
317	980
318	831
318	910
318	930
318	973
318	988
319	482
319	810
319	949
319	985
319	995
320	269
320	315
320	683
320	911
320	913
321	151
321	212
321	525
321	628
321	683
322	20
322	124
322	354
322	956
322	969
323	421
323	435
323	584
323	978
323	997
324	206
324	361
324	761
324	964
324	991
325	425
325	653
325	685
325	757
325	935
326	661
326	786
326	889
326	993
326	998
327	65
327	943
327	990
327	993
327	998
328	175
328	243
328	365
328	562
328	989
329	377
329	919
329	948
329	951
329	981
330	413
330	817
330	897
330	916
330	964
331	461
331	920
331	921
331	923
331	924
332	531
332	797
332	834
332	863
332	959
333	265
333	820
333	944
333	982
333	998
334	510
334	647
334	687
334	851
334	913
335	499
335	901
335	905
335	969
335	994
336	47
336	70
336	842
336	890
336	932
337	781
337	830
337	881
337	945
337	951
338	32
338	906
338	966
338	992
338	999
339	828
339	891
339	962
339	966
339	983
340	901
340	990
340	993
340	998
340	1000
341	215
341	897
341	993
341	998
341	1000
342	281
342	667
342	862
342	900
342	919
343	252
343	951
343	961
343	981
343	986
344	353
344	628
344	770
344	808
344	880
345	765
345	852
345	868
345	885
345	968
346	548
346	653
346	720
346	757
346	936
347	857
347	912
347	928
347	937
347	954
348	643
348	835
348	840
348	929
348	971
349	143
349	450
349	796
349	857
349	995
350	426
350	797
350	834
350	922
350	959
351	266
351	941
351	961
351	966
351	999
352	256
352	800
352	856
352	909
352	988
353	344
353	414
353	650
353	998
353	1000
354	322
354	712
354	905
354	963
354	994
355	191
355	536
355	817
355	841
355	959
356	261
356	802
356	944
356	982
356	995
357	61
357	212
357	248
357	917
357	994
358	217
358	277
358	874
358	929
358	971
359	161
359	729
359	738
359	842
359	890
360	397
360	549
360	694
360	931
360	969
361	324
361	680
361	897
361	931
361	964
362	937
362	938
362	958
362	961
362	999
363	507
363	564
363	740
363	895
363	980
364	15
364	151
364	236
364	917
364	999
365	328
365	765
365	853
365	868
365	892
366	687
366	699
366	851
366	877
366	913
367	543
367	678
367	786
367	792
367	931
368	255
368	394
368	429
368	908
368	967
369	301
369	506
369	525
369	535
369	941
370	837
370	856
370	875
370	914
370	980
371	693
371	858
371	973
371	982
371	984
372	189
372	847
372	948
372	981
372	986
373	421
373	732
373	803
373	956
373	969
374	170
374	922
374	987
374	992
374	997
375	692
375	902
375	927
375	960
375	988
376	818
376	914
376	938
376	966
376	999
377	309
377	329
377	524
377	700
377	790
378	902
378	943
378	950
378	963
378	994
379	388
379	604
379	879
379	949
379	999
380	579
380	816
380	818
380	961
380	966
381	415
381	835
381	929
381	971
381	974
382	88
382	726
382	801
382	912
382	991
383	561
383	835
383	850
383	959
383	967
384	725
384	845
384	928
384	934
384	974
385	515
385	676
385	852
385	955
385	996
386	272
386	440
386	708
386	825
386	919
387	815
387	943
387	950
387	994
387	998
388	379
388	882
388	946
388	949
388	990
389	432
389	813
389	977
389	987
389	992
390	183
390	806
390	857
390	994
390	995
391	462
391	866
391	953
391	969
391	983
392	812
392	950
392	963
392	976
392	994
393	207
393	284
393	643
393	654
393	737
394	316
394	368
394	706
394	829
394	931
395	281
395	617
395	631
395	909
395	944
396	5
396	711
396	738
396	838
396	895
397	59
397	360
397	649
397	887
397	995
398	454
398	709
398	757
398	819
398	935
398	956
399	594
399	595
399	939
399	993
399	998
399	1000
400	431
400	739
400	764
400	767
400	957
400	989
401	483
401	484
401	576
401	721
401	887
401	965
402	511
402	789
402	864
402	867
402	940
402	952
403	514
403	777
403	898
403	911
403	992
403	997
404	569
404	910
404	937
404	973
404	984
404	991
405	519
405	813
405	872
405	902
405	903
405	988
406	89
406	455
406	480
406	492
406	972
406	975
407	773
407	869
407	874
407	880
407	929
407	971
408	304
408	593
408	766
408	916
408	964
408	1000
409	637
409	690
409	891
409	910
409	973
409	991
410	471
410	944
410	954
410	982
410	988
410	995
411	132
411	477
411	615
411	684
411	972
411	975
412	82
412	622
412	629
412	841
412	863
412	920
413	156
413	330
413	897
413	916
413	957
413	964
414	353
414	534
414	878
414	966
414	990
414	1000
415	381
415	869
415	929
415	962
415	971
415	999
416	171
416	634
416	691
416	816
416	873
416	979
417	451
417	898
417	916
417	948
417	978
417	997
418	140
418	442
418	540
418	800
418	856
418	909
419	236
419	871
419	920
419	921
419	923
419	924
420	422
420	606
420	705
420	885
420	936
420	960
421	45
421	323
421	373
421	432
421	453
421	956
422	420
422	570
422	825
422	885
422	936
422	1000
423	614
423	696
423	902
423	927
423	934
423	988
424	429
424	490
424	862
424	886
424	898
424	997
425	325
425	613
425	628
425	716
425	752
425	935
426	30
426	350
426	576
426	843
426	887
426	965
427	175
427	675
427	751
427	768
427	957
427	989
428	663
428	674
428	966
428	981
428	982
428	1000
429	290
429	368
429	424
429	762
429	959
429	967
430	763
430	838
430	894
430	977
430	987
430	992
431	209
431	400
431	587
431	764
431	921
431	989
432	195
432	389
432	421
432	532
432	956
432	969
433	71
433	769
433	820
433	904
433	954
433	995
434	278
434	514
434	667
434	862
434	900
434	919
435	323
435	737
435	814
435	868
435	892
435	968
436	155
436	743
436	860
436	916
436	981
436	986
437	552
437	606
437	633
437	677
437	972
437	975
438	632
438	737
438	739
438	957
438	974
438	989
439	633
439	934
439	946
439	947
439	974
439	1000
440	386
440	486
440	592
440	825
440	900
440	980
441	642
441	770
441	796
441	835
441	925
441	995
442	228
442	418
442	660
442	800
442	909
442	931
443	884
443	904
443	908
443	977
443	987
443	992
444	239
444	990
444	993
444	998
444	999
444	1000
445	576
445	589
445	848
445	852
445	965
445	987
446	747
446	925
446	937
446	954
446	982
446	995
447	61
447	78
447	448
447	623
447	916
447	964
448	275
448	302
448	447
448	761
448	916
448	964
449	467
449	708
449	858
449	958
449	966
449	999
450	349
450	473
450	686
450	797
450	863
450	967
451	98
451	417
451	582
451	787
451	877
451	997
452	572
452	813
452	883
452	903
452	984
452	988
453	235
453	421
453	595
453	764
453	852
453	968
454	72
454	271
454	398
454	665
454	687
454	913
455	406
455	599
455	869
455	929
455	951
455	971
456	645
456	922
456	970
456	990
456	993
456	1000
457	515
457	855
457	879
457	930
457	985
457	996
458	684
458	839
458	875
458	914
458	939
458	980
459	488
459	562
459	577
459	921
459	957
459	989
460	163
460	841
460	907
460	950
460	963
460	994
461	278
461	331
461	587
461	870
461	957
461	989
462	391
462	722
462	807
462	857
462	933
462	983
463	613
463	789
463	791
463	903
463	960
463	988
464	138
464	283
464	780
464	899
464	955
464	996
465	767
465	883
465	948
465	977
465	987
465	992
466	836
466	866
466	925
466	953
466	962
466	983
467	38
467	449
467	685
467	861
467	938
467	999
468	273
468	610
468	908
468	920
468	921
468	923
469	52
469	761
469	782
469	876
469	926
469	996
470	872
470	930
470	934
470	946
470	947
470	974
471	410
471	864
471	896
471	921
471	940
471	952
472	245
472	591
472	823
472	852
472	921
472	968
473	450
473	577
473	841
473	863
473	959
473	967
474	500
474	884
474	955
474	961
474	985
474	996
475	126
475	558
475	615
475	843
475	972
475	975
476	248
476	721
476	732
476	734
476	953
476	956
477	411
477	766
477	833
477	924
477	956
477	969
478	829
478	850
478	928
478	947
478	974
478	994
479	686
479	820
479	855
479	867
479	949
479	996
480	406
480	681
480	944
480	972
480	975
480	988
481	174
481	832
481	848
481	888
481	912
481	976
482	27
482	229
482	319
482	867
482	989
482	996
483	113
483	401
483	841
483	959
483	960
483	967
484	11
484	401
484	707
484	848
484	965
484	989
485	617
485	631
485	640
485	721
485	800
485	909
486	230
486	440
486	666
486	825
486	919
486	958
487	68
487	140
487	765
487	814
487	868
487	948
488	238
488	459
488	821
488	889
488	998
488	1000
489	685
489	803
489	888
489	907
489	938
489	961
490	424
490	772
490	904
490	923
490	932
490	997
491	610
491	666
491	826
491	900
491	919
491	921
492	406
492	504
492	633
492	664
492	972
492	975
493	267
493	570
493	859
493	885
493	922
493	936
494	672
494	791
494	854
494	903
494	927
494	928
495	130
495	836
495	893
495	899
495	907
495	942
496	589
496	645
496	733
496	848
496	900
496	965
497	638
497	716
497	849
497	893
497	942
497	979
498	727
498	893
498	908
498	921
498	923
498	924
499	66
499	335
499	945
499	951
499	981
499	986
500	474
500	757
500	876
500	882
500	926
500	985
501	723
501	767
501	860
501	862
501	993
501	998
502	666
502	675
502	862
502	900
502	919
502	970
503	688
503	716
503	782
503	839
503	942
503	979
504	492
504	849
504	926
504	955
504	985
504	996
505	23
505	554
505	614
505	744
505	960
505	988
506	46
506	369
506	683
506	915
506	917
506	971
507	126
507	363
507	795
507	945
507	951
507	986
508	511
508	758
508	785
508	967
508	973
508	991
509	58
509	912
509	963
509	970
509	976
509	984
510	111
510	226
510	334
510	794
510	851
510	913
511	402
511	508
511	726
511	930
511	984
511	991
511	998
512	672
512	874
512	903
512	929
512	934
512	971
512	981
513	817
513	841
513	873
513	949
513	959
513	967
513	979
514	243
514	403
514	434
514	648
514	886
514	932
514	997
515	239
515	385
515	457
515	833
515	868
515	879
515	882
516	550
516	724
516	774
516	865
516	880
516	938
516	944
517	718
517	871
517	908
517	920
517	923
517	924
517	970
518	605
518	698
518	721
518	725
518	766
518	969
518	977
519	312
519	405
519	686
519	846
519	864
519	940
519	952
520	221
520	266
520	533
520	828
520	919
520	933
520	962
521	48
521	210
521	284
521	310
521	724
521	808
521	880
522	33
522	597
522	816
522	906
522	938
522	966
522	999
523	76
523	657
523	689
523	826
523	904
523	970
523	976
524	222
524	377
524	849
524	939
524	990
524	993
524	998
525	61
525	295
525	321
525	369
525	535
525	990
525	998
526	775
526	853
526	930
526	953
526	960
526	984
526	991
527	146
527	156
527	302
527	680
527	897
527	964
527	972
528	708
528	803
528	825
528	862
528	868
528	900
528	919
529	309
529	639
529	700
529	843
529	907
529	965
529	992
530	8
530	655
530	865
530	875
530	886
530	978
530	997
531	332
531	638
531	796
531	894
531	954
531	982
531	995
532	432
532	804
532	805
532	835
532	869
532	874
532	971
533	254
533	520
533	828
533	891
533	933
533	983
533	996
534	414
534	685
534	735
534	934
534	938
534	961
534	999
535	46
535	117
535	295
535	369
535	525
535	917
535	918
536	299
536	355
536	762
536	817
536	834
536	967
536	1000
537	143
537	635
537	765
537	814
537	868
537	892
537	911
538	544
538	758
538	910
538	930
538	984
538	991
538	999
539	541
539	601
539	711
539	838
539	842
539	895
539	950
540	418
540	670
540	738
540	792
540	838
540	842
540	890
541	109
541	312
541	539
541	670
541	711
541	842
541	970
542	559
542	575
542	700
542	763
542	925
542	954
542	995
543	44
543	158
543	367
543	743
543	945
543	981
543	986
544	538
544	618
544	652
544	740
544	805
544	899
544	979
545	731
545	845
545	882
545	919
545	955
545	985
545	996
546	202
546	939
546	970
546	990
546	993
546	998
546	1000
547	548
547	560
547	811
547	855
547	896
547	940
547	952
548	346
548	547
548	789
548	896
548	911
548	940
548	952
549	316
549	360
549	792
549	795
549	847
549	926
549	931
550	87
550	308
550	516
550	710
550	744
550	760
550	865
551	189
551	936
551	945
551	948
551	981
551	986
551	988
552	305
552	437
552	748
552	944
552	963
552	972
552	975
553	182
553	274
553	291
553	600
553	709
553	913
553	990
554	64
554	505
554	746
554	813
554	888
554	936
554	988
555	624
555	632
555	764
555	870
555	920
555	957
555	989
556	63
556	73
556	607
556	888
556	912
556	918
556	970
557	674
557	688
557	806
557	818
557	924
557	958
557	999
558	188
558	475
558	663
558	824
558	961
558	995
558	999
559	542
559	704
559	745
559	857
559	915
559	929
559	941
560	547
560	694
560	864
560	896
560	940
560	952
560	976
561	78
561	255
561	383
561	841
561	959
561	967
561	996
562	328
562	459
562	702
562	739
562	845
562	957
562	989
563	587
563	732
563	740
563	760
563	837
563	839
563	980
564	363
564	604
564	717
564	871
564	875
564	895
564	980
565	54
565	265
565	730
565	735
565	747
565	854
565	988
566	27
566	91
566	668
566	788
566	861
566	966
566	999
567	789
567	878
567	881
567	939
567	990
567	993
567	1000
568	832
568	889
568	910
568	990
568	993
568	998
568	1000
569	404
569	894
569	922
569	960
569	977
569	987
569	992
570	422
570	493
570	709
570	859
570	936
570	957
570	984
571	646
571	694
571	792
571	829
571	837
571	847
571	932
572	452
572	813
572	924
572	951
572	960
572	988
572	995
573	262
573	615
573	814
573	938
573	941
573	961
573	999
574	152
574	779
574	922
574	977
574	985
574	987
574	992
575	173
575	542
575	831
575	915
575	937
575	944
575	954
576	401
576	426
576	445
576	700
576	798
576	965
576	981
577	459
577	473
577	612
577	737
577	870
577	953
577	989
578	861
578	884
578	913
578	922
578	950
578	987
578	992
579	380
579	592
579	758
579	853
579	973
579	984
579	991
580	752
580	836
580	859
580	891
580	914
580	933
580	983
581	53
581	846
581	867
581	883
581	977
581	987
581	992
582	56
582	451
582	588
582	733
582	790
582	843
582	965
583	75
583	199
583	601
583	820
583	908
583	944
583	995
584	96
584	323
584	755
584	772
584	818
584	976
584	978
584	997
585	619
585	626
585	719
585	721
585	732
585	734
585	956
585	969
586	16
586	85
586	121
586	211
586	646
586	694
586	792
586	931
587	431
587	461
587	563
587	764
587	785
587	887
587	957
587	989
588	582
588	616
588	709
588	771
588	790
588	843
588	848
588	887
589	11
589	252
589	445
589	496
589	733
589	749
589	790
589	892
590	200
590	826
590	908
590	917
590	920
590	921
590	923
590	924
591	177
591	472
591	595
591	685
591	886
591	968
591	981
591	991
592	289
592	440
592	579
592	807
592	891
592	926
592	933
592	962
593	408
593	620
593	680
593	761
593	897
593	916
593	964
593	968
594	40
594	399
594	804
594	835
594	840
594	929
594	936
594	971
595	158
595	277
595	399
595	453
595	591
595	892
595	968
595	984
596	137
596	668
596	784
596	906
596	948
596	958
596	961
596	999
597	522
597	740
597	837
597	839
597	875
597	910
597	914
597	980
598	299
598	781
598	786
598	945
598	951
598	953
598	981
598	986
599	455
599	703
599	773
599	789
599	804
599	829
599	869
599	971
600	31
600	72
600	227
600	291
600	553
600	665
600	889
600	913
601	539
601	583
601	624
601	670
601	822
601	838
601	842
601	863
602	793
602	853
602	905
602	916
602	930
602	973
602	991
602	999
603	257
603	830
603	945
603	948
603	951
603	981
603	986
603	1000
604	379
604	564
604	815
604	835
604	879
604	949
604	985
604	996
605	132
605	518
605	725
605	777
605	946
605	956
605	960
605	969
606	49
606	420
606	437
606	819
606	859
606	885
606	935
606	986
607	242
607	556
607	644
607	825
607	912
607	918
607	970
607	976
608	254
608	278
608	632
608	737
608	762
608	870
608	957
608	989
609	186
609	277
609	841
609	852
609	866
609	868
609	892
609	968
610	147
610	468
610	491
610	825
610	862
610	900
610	985
610	998
611	746
611	772
611	787
611	890
611	911
611	932
611	978
611	997
612	170
612	577
612	632
612	768
612	912
612	957
612	989
612	994
613	22
613	425
613	463
613	649
613	757
613	819
613	935
613	936
614	212
614	423
614	505
614	697
614	746
614	854
614	920
614	960
615	411
615	475
615	573
615	623
615	831
615	891
615	972
615	975
616	42
616	588
616	839
616	848
616	887
616	965
616	966
616	980
617	139
617	281
617	395
617	485
617	631
617	660
617	818
617	897
618	544
618	661
618	782
618	805
618	860
618	881
618	979
618	992
619	28
619	585
619	695
619	839
619	875
619	895
619	914
619	980
620	593
620	894
620	904
620	922
620	977
620	987
620	992
620	998
621	42
621	144
621	653
621	715
621	780
621	859
621	935
621	936
622	176
622	275
622	310
622	412
622	659
622	863
622	868
622	986
623	447
623	615
623	626
623	684
623	735
623	748
623	972
623	975
624	214
624	555
624	601
624	759
624	799
624	838
624	890
624	928
625	25
625	44
625	781
625	933
625	948
625	951
625	981
625	986
626	219
626	585
626	623
626	681
626	845
626	951
626	972
626	975
627	66
627	753
627	849
627	864
627	896
627	940
627	952
627	996
628	67
628	321
628	344
628	425
628	653
628	885
628	935
628	936
629	412
629	766
629	817
629	834
629	877
629	889
629	959
629	967
630	270
630	658
630	670
630	759
630	822
630	824
630	839
630	890
631	395
631	485
631	617
631	658
631	660
631	800
631	909
631	983
632	438
632	555
632	608
632	612
632	768
632	852
632	988
632	989
633	298
633	437
633	439
633	492
633	748
633	813
633	972
633	975
634	151
634	416
634	652
634	881
634	893
634	938
634	942
634	955
635	105
635	245
635	537
635	905
635	907
635	943
635	963
635	994
636	823
636	826
636	832
636	888
636	912
636	970
636	976
636	995
637	409
637	756
637	770
637	774
637	808
637	827
637	865
637	962
638	497
638	531
638	802
638	829
638	915
638	925
638	954
638	995
639	159
639	253
639	260
639	529
639	739
639	887
639	942
639	965
640	135
640	242
640	485
640	798
640	895
640	908
640	914
640	980
641	657
641	706
641	755
641	765
641	918
641	970
641	976
641	993
642	75
642	441
642	882
642	893
642	925
642	937
642	944
642	982
642	995
643	14
643	87
643	207
643	348
643	393
643	865
643	880
643	965
643	978
644	607
644	888
644	912
644	918
644	941
644	965
644	970
644	976
644	989
645	456
645	496
645	692
645	797
645	939
645	990
645	993
645	998
645	1000
646	86
646	571
646	586
646	678
646	769
646	786
646	829
646	871
646	931
647	317
647	334
647	717
647	752
647	760
647	837
647	875
647	914
647	980
648	514
648	655
648	692
648	744
648	793
648	932
648	954
648	978
648	997
649	397
649	613
649	785
649	806
649	915
649	925
649	937
649	982
649	995
650	210
650	353
650	693
650	697
650	866
650	891
650	953
650	962
650	983
651	71
651	657
651	735
651	803
651	816
651	877
651	958
651	966
651	999
652	544
652	634
652	716
652	833
652	899
652	912
652	942
652	961
652	979
653	325
653	346
653	621
653	628
653	715
653	774
653	936
653	949
653	992
654	393
654	801
654	858
654	910
654	927
654	947
654	973
654	984
654	991
655	530
655	648
655	877
655	885
655	898
655	910
655	911
655	994
655	997
656	730
656	750
656	761
656	778
656	815
656	855
656	879
656	949
656	955
657	523
657	641
657	651
657	729
657	746
657	832
657	918
657	970
657	976
658	630
658	631
658	782
658	795
658	805
658	860
658	893
658	899
658	979
659	255
659	622
659	661
659	762
659	807
659	817
659	922
659	967
659	982
660	140
660	442
660	617
660	631
660	784
660	800
660	834
660	856
660	909
661	310
661	326
661	618
661	659
661	797
661	817
661	841
661	967
661	997
662	163
662	183
662	790
662	871
662	908
662	920
662	921
662	923
662	924
663	428
663	558
663	816
663	824
663	924
663	958
663	961
663	984
663	999
664	492
664	686
664	789
664	792
664	864
664	896
664	940
664	952
664	979
665	85
665	182
665	232
665	454
665	600
665	687
665	851
665	913
665	966
666	486
666	491
666	502
666	667
666	687
666	743
666	862
666	919
666	939
667	342
667	434
667	666
667	708
667	737
667	900
667	919
667	941
667	975
668	75
668	566
668	596
668	747
668	824
668	906
668	941
668	978
668	999
669	769
669	877
669	889
669	939
669	943
669	978
669	990
669	998
669	1000
670	62
670	540
670	541
670	601
670	630
670	822
670	903
670	991
670	993
671	115
671	276
671	712
671	836
671	882
671	933
671	953
671	962
671	973
672	288
672	494
672	512
672	773
672	804
672	840
672	869
672	874
672	971
673	685
673	756
673	818
673	911
673	938
673	941
673	958
673	961
673	997
674	41
674	428
674	557
674	906
674	926
674	941
674	961
674	967
674	999
675	4
675	427
675	502
675	805
675	860
675	881
675	940
675	942
675	979
676	248
676	385
676	750
676	867
676	869
676	879
676	910
676	926
676	985
677	185
677	437
677	684
677	748
677	767
677	925
677	935
677	972
677	975
678	9
678	264
678	300
678	367
678	646
678	694
678	786
678	792
678	859
679	259
679	682
679	701
679	793
679	828
679	831
679	853
679	984
679	991
680	304
680	361
680	527
680	593
680	762
680	897
680	916
680	964
680	992
681	298
681	480
681	626
681	684
681	739
681	938
681	964
681	972
681	975
682	679
682	787
682	819
682	886
682	911
682	932
682	978
682	994
682	997
683	190
683	236
683	320
683	321
683	506
683	848
683	868
683	917
683	994
684	245
684	411
684	458
684	623
684	677
684	681
684	972
684	975
684	993
685	325
685	467
685	489
685	534
685	591
685	673
685	941
685	956
685	958
686	450
686	479
686	519
686	664
686	759
686	789
686	896
686	940
686	952
687	31
687	171
687	334
687	366
687	454
687	665
687	666
687	856
687	913
688	503
688	557
688	727
688	788
688	803
688	818
688	838
688	868
688	958
688	999
689	250
689	523
689	754
689	832
689	853
689	888
689	912
689	940
689	970
689	976
690	259
690	264
690	409
690	693
690	853
690	930
690	970
690	973
690	983
690	991
691	1
691	416
691	873
691	881
691	893
691	899
691	942
691	957
691	979
691	998
692	375
692	645
692	648
692	766
692	823
692	878
692	889
692	990
692	998
692	1000
693	50
693	371
693	650
693	690
693	853
693	915
693	930
693	973
693	984
693	991
694	60
694	246
694	360
694	560
694	571
694	586
694	678
694	786
694	915
694	931
695	24
695	619
695	717
695	760
695	837
695	839
695	895
695	961
695	980
695	986
696	265
696	274
696	286
696	423
696	730
696	776
696	903
696	927
696	960
696	988
697	614
697	650
697	712
697	823
697	828
697	891
697	912
697	953
697	962
697	983
698	77
698	518
698	783
698	791
698	854
698	872
698	925
698	927
698	960
698	988
699	64
699	366
699	779
699	784
699	845
699	927
699	928
699	934
699	947
699	974
700	377
700	529
700	542
700	576
700	772
700	843
700	848
700	887
700	965
700	972
701	8
701	216
701	227
701	288
701	679
701	831
701	930
701	973
701	984
701	991
702	202
702	562
702	750
702	775
702	812
702	901
702	905
702	943
702	963
702	994
703	7
703	599
703	773
703	784
703	840
703	874
703	903
703	929
703	971
703	975
704	231
704	559
704	796
704	899
704	915
704	937
704	944
704	982
704	987
704	995
705	152
705	420
705	754
705	826
705	832
705	891
705	918
705	936
705	970
705	976
706	30
706	152
706	178
706	287
706	394
706	641
706	754
706	912
706	970
706	976
707	37
707	42
707	252
707	484
707	843
707	857
707	887
707	899
707	963
707	965
708	65
708	280
708	386
708	449
708	528
708	667
708	718
708	862
708	919
708	999
709	398
709	553
709	570
709	588
709	819
709	859
709	885
709	935
709	936
709	967
710	550
710	713
710	741
710	878
710	928
710	939
710	972
710	990
710	998
710	1000
711	109
711	135
711	214
711	396
711	539
711	541
711	759
711	842
711	859
711	962
712	121
712	263
712	354
712	671
712	697
712	807
712	828
712	933
712	953
712	962
713	710
713	723
713	798
713	823
713	846
713	952
713	988
713	990
713	993
713	1000
714	827
714	855
714	871
714	898
714	908
714	920
714	921
714	923
714	924
714	987
715	5
715	18
715	165
715	621
715	653
715	859
715	907
715	935
715	936
715	980
716	167
716	425
716	497
716	503
716	652
716	849
716	881
716	893
716	954
716	979
717	68
717	564
717	647
717	695
717	875
717	895
717	914
717	959
717	980
717	990
718	233
718	517
718	708
718	811
718	901
718	905
718	943
718	950
718	963
718	994
719	145
719	585
719	774
719	777
719	809
719	833
719	916
719	946
719	956
719	969
720	202
720	346
720	812
720	905
720	907
720	933
720	950
720	963
720	977
720	994
721	124
721	401
721	476
721	485
721	518
721	585
721	736
721	766
721	809
721	900
722	34
722	106
722	462
722	797
722	834
722	841
722	863
722	877
722	967
722	979
723	501
723	713
723	864
723	867
723	936
723	939
723	990
723	993
723	998
723	1000
724	119
724	226
724	228
724	308
724	516
724	521
724	756
724	770
724	774
724	880
725	195
725	384
725	518
725	605
725	771
725	809
725	923
725	947
725	956
725	969
726	382
726	511
726	801
726	849
726	858
726	910
726	972
726	973
726	978
726	991
727	10
727	195
727	498
727	688
727	803
727	818
727	906
727	941
727	966
727	999
728	49
728	901
728	905
728	907
728	939
728	943
728	950
728	959
728	963
728	994
729	359
729	657
729	779
729	845
729	880
729	928
729	934
729	946
729	947
729	974
730	200
730	565
730	656
730	696
730	756
730	791
730	813
730	844
730	960
730	983
730	988
731	56
731	157
731	545
731	755
731	815
731	867
731	878
731	919
731	947
731	955
731	996
732	303
732	373
732	476
732	563
732	585
732	766
732	777
732	809
732	932
732	956
732	997
733	42
733	234
733	496
733	582
733	589
733	807
733	843
733	848
733	887
733	905
733	965
734	476
734	585
734	736
734	771
734	809
734	833
734	883
734	950
734	956
734	969
734	999
735	534
735	565
735	623
735	651
735	818
735	906
735	938
735	961
735	966
735	994
735	999
736	90
736	157
736	721
736	734
736	771
736	777
736	801
736	833
736	895
736	956
736	969
737	393
737	435
737	438
737	577
737	608
737	667
737	739
737	768
737	785
737	957
737	989
738	47
738	359
738	396
738	540
738	798
738	799
738	822
738	838
738	890
738	987
738	992
739	133
739	400
739	438
739	562
739	639
739	681
739	737
739	764
739	870
739	957
739	989
740	242
740	308
740	363
740	544
740	563
740	597
740	760
740	875
740	895
740	951
740	980
741	33
741	255
741	710
741	768
741	878
741	889
741	945
741	990
741	993
741	998
741	1000
742	138
742	757
742	810
742	815
742	876
742	879
742	880
742	930
742	955
742	985
742	996
743	118
743	436
743	543
743	666
743	751
743	781
743	795
743	830
743	838
743	945
743	981
744	111
744	505
744	550
744	648
744	751
744	877
744	886
744	911
744	932
744	978
744	997
745	188
745	221
745	270
745	272
745	559
745	751
745	796
745	820
745	925
745	982
745	995
746	224
746	554
746	611
746	614
746	657
746	813
746	820
746	892
746	903
746	927
746	988
747	446
747	565
747	668
747	847
747	854
747	872
747	902
747	903
747	918
747	960
747	988
748	231
748	254
748	270
748	552
748	623
748	633
748	677
748	822
748	972
748	975
748	982
749	289
749	589
749	752
749	857
749	915
749	933
749	937
749	944
749	954
749	982
749	995
750	125
750	145
750	656
750	676
750	702
750	855
750	882
750	917
750	949
750	955
750	996
751	225
751	271
751	427
751	743
751	744
751	745
751	877
751	886
751	932
751	978
751	997
752	48
752	163
752	425
752	580
752	647
752	749
752	836
752	866
752	953
752	962
752	983
753	194
753	198
753	305
753	627
753	789
753	851
753	896
753	940
753	945
753	952
753	954
754	55
754	689
754	705
754	706
754	792
754	826
754	888
754	918
754	970
754	973
754	976
755	584
755	641
755	731
755	877
755	886
755	898
755	911
755	932
755	955
755	978
755	997
756	308
756	637
756	673
756	724
756	730
756	770
756	774
756	808
756	865
756	880
756	997
757	325
757	346
757	398
757	500
757	613
757	742
757	822
757	859
757	935
757	936
757	984
758	160
758	508
758	538
758	579
758	831
758	887
758	900
758	910
758	930
758	973
758	984
759	154
759	180
759	181
759	624
759	630
759	686
759	711
759	838
759	842
759	933
759	964
760	550
760	563
760	647
760	695
760	740
760	795
760	837
760	839
760	875
760	980
760	991
761	89
761	181
761	201
761	237
761	324
761	448
761	469
761	593
761	656
761	897
761	964
762	230
762	275
762	429
762	536
762	608
762	659
762	680
762	817
762	841
762	863
762	933
763	287
763	430
763	542
763	784
763	845
763	904
763	928
763	934
763	946
763	947
763	955
763	974
764	249
764	289
764	400
764	431
764	453
764	555
764	587
764	739
764	870
764	957
764	975
764	989
765	292
765	345
765	365
765	487
765	537
765	641
765	814
765	852
765	892
765	961
765	968
765	988
766	408
766	477
766	518
766	629
766	692
766	721
766	732
766	777
766	809
766	956
766	969
766	981
767	400
767	465
767	501
767	677
767	769
767	798
767	823
767	949
767	990
767	993
767	998
767	1000
768	74
768	427
768	612
768	632
768	737
768	741
768	785
768	870
768	957
768	989
768	993
768	995
769	184
769	215
769	433
769	646
769	669
769	767
769	870
769	878
769	889
769	990
769	998
769	1000
770	269
770	344
770	441
770	637
770	724
770	756
770	774
770	808
770	865
770	880
770	957
770	965
771	90
771	231
771	588
771	725
771	734
771	736
771	773
771	809
771	833
771	956
771	960
771	969
772	490
772	584
772	611
772	700
772	799
772	805
772	886
772	911
772	932
772	976
772	978
772	997
773	17
773	36
773	407
773	599
773	672
773	703
773	771
773	804
773	835
773	840
773	874
773	971
774	15
774	229
774	516
774	637
774	653
774	719
774	724
774	756
774	770
774	808
774	865
774	880
775	201
775	526
775	702
775	831
775	853
775	905
775	910
775	930
775	973
775	983
775	984
775	991
776	235
776	696
776	861
776	883
776	884
776	894
776	904
776	912
776	922
776	977
776	987
776	992
777	246
777	303
777	403
777	605
777	719
777	732
777	736
777	766
777	811
777	812
777	833
777	969
778	656
778	821
778	827
778	836
778	864
778	871
778	908
778	920
778	921
778	923
778	924
779	303
779	574
779	699
779	729
779	784
779	804
779	845
779	850
779	928
779	934
779	947
779	974
779	988
780	464
780	621
780	810
780	815
780	867
780	874
780	876
780	882
780	897
780	926
780	949
780	973
780	985
781	206
781	337
781	598
781	625
781	743
781	830
781	909
781	932
781	948
781	951
781	981
781	986
781	994
782	24
782	469
782	503
782	618
782	658
782	798
782	860
782	881
782	893
782	899
782	979
782	980
782	997
783	192
783	258
783	698
783	791
783	813
783	844
783	872
783	927
783	942
783	960
783	973
783	985
783	988
784	115
784	128
784	596
784	660
784	699
784	703
784	763
784	779
784	850
784	928
784	934
784	946
784	974
785	35
785	76
785	108
785	247
785	508
785	587
785	649
785	737
785	768
785	787
785	870
785	957
785	989
786	121
786	316
786	326
786	367
786	598
786	646
786	678
786	694
786	792
786	829
786	847
786	931
786	993
787	87
787	451
787	611
787	682
787	785
787	788
787	795
787	886
787	898
787	911
787	932
787	978
787	997
788	16
788	217
788	566
788	688
788	787
788	803
788	903
788	919
788	938
788	941
788	958
788	966
788	999
789	41
789	249
789	402
789	463
789	548
789	567
789	599
789	664
789	686
789	753
789	896
789	940
789	952
790	132
790	180
790	253
790	282
790	377
790	582
790	588
790	589
790	662
790	843
790	848
790	965
790	968
791	199
791	463
791	494
791	698
791	730
791	783
791	844
791	878
791	902
791	903
791	927
791	950
791	990
792	187
792	223
792	367
792	540
792	549
792	571
792	586
792	664
792	678
792	754
792	786
792	847
792	931
793	26
793	172
793	602
793	648
793	679
793	801
793	811
793	831
793	867
793	910
793	915
793	984
793	991
794	3
794	510
794	800
794	809
794	846
794	861
794	883
794	884
794	904
794	922
794	977
794	987
794	992
795	206
795	507
795	549
795	658
795	743
795	760
795	787
795	830
795	945
795	948
795	951
795	981
795	986
796	101
796	295
796	349
796	441
796	531
796	704
796	745
796	827
796	872
796	937
796	982
796	989
796	995
797	218
797	332
797	350
797	450
797	645
797	661
797	722
797	834
797	879
797	904
797	959
797	967
797	968
798	193
798	576
798	640
798	713
798	738
798	767
798	782
798	823
798	878
798	889
798	990
798	998
798	1000
799	62
799	154
799	214
799	270
799	307
799	624
799	738
799	772
799	822
799	826
799	838
799	890
799	950
800	54
800	92
800	182
800	247
800	352
800	418
800	442
800	485
800	631
800	660
800	794
800	856
800	909
801	314
801	382
801	654
801	726
801	736
801	793
801	853
801	910
801	930
801	942
801	967
801	984
801	991
802	272
802	356
802	638
802	854
802	857
802	892
802	925
802	944
802	954
802	982
802	994
802	995
802	998
803	266
803	373
803	489
803	528
803	651
803	688
803	727
803	788
803	898
803	941
803	947
803	961
803	966
803	999
804	251
804	532
804	594
804	599
804	672
804	773
804	779
804	835
804	840
804	848
804	869
804	928
804	929
804	971
805	263
805	532
805	544
805	618
805	658
805	675
805	772
805	849
805	860
805	873
805	942
805	974
805	975
805	979
806	153
806	276
806	390
806	557
806	649
806	807
806	828
806	866
806	891
806	894
806	933
806	953
806	962
806	983
807	149
807	462
807	592
807	659
807	712
807	733
807	806
807	836
807	933
807	953
807	959
807	962
807	983
807	984
808	14
808	18
808	284
808	344
808	521
808	637
808	756
808	770
808	774
808	863
808	865
808	880
808	969
808	991
809	719
809	721
809	725
809	732
809	734
809	766
809	771
809	794
809	810
809	833
809	956
809	969
809	985
809	996
810	319
810	742
810	780
810	809
810	855
810	867
810	876
810	879
810	909
810	949
810	977
810	979
810	985
810	996
811	131
811	547
811	718
811	777
811	793
811	812
811	880
811	901
811	905
811	907
811	922
811	943
811	950
811	994
812	116
812	392
812	702
812	720
812	777
812	811
812	872
812	901
812	907
812	929
812	943
812	950
812	963
812	994
813	265
813	276
813	389
813	405
813	452
813	554
813	572
813	633
813	730
813	746
813	783
813	880
813	927
813	988
814	253
814	301
814	302
814	435
814	487
814	537
814	573
814	765
814	852
814	862
814	868
814	892
814	943
814	968
815	387
815	604
815	656
815	731
815	742
815	780
815	867
815	876
815	886
815	938
815	949
815	958
815	985
815	996
816	380
816	416
816	522
816	651
816	663
816	884
816	906
816	938
816	941
816	958
816	979
816	995
816	997
816	999
817	191
817	275
817	330
817	355
817	513
817	536
817	629
817	659
817	661
817	762
817	836
817	876
817	956
817	959
818	188
818	316
818	376
818	380
818	557
818	584
818	617
818	673
818	688
818	727
818	735
818	898
818	961
818	999
819	5
819	67
819	70
819	165
819	398
819	606
819	613
819	682
819	709
819	859
819	886
819	914
819	935
819	936
820	143
820	333
820	433
820	479
820	583
820	745
820	746
820	832
820	867
820	925
820	937
820	944
820	954
820	995
821	488
821	778
821	827
821	871
821	893
821	908
821	920
821	921
821	923
821	924
821	933
821	968
822	62
822	213
822	601
822	630
822	670
822	738
822	748
822	757
822	799
822	837
822	838
822	842
822	890
822	948
822	977
823	73
823	472
823	636
823	692
823	697
823	713
823	767
823	798
823	939
823	968
823	969
823	990
823	993
823	998
823	1000
824	179
824	205
824	558
824	630
824	663
824	668
824	834
824	906
824	938
824	941
824	958
824	961
824	971
824	993
824	999
825	1
825	34
825	280
825	386
825	422
825	440
825	486
825	528
825	607
825	610
825	862
825	876
825	900
825	919
825	990
826	30
826	491
826	523
826	590
826	636
826	705
826	754
826	799
826	832
826	888
826	912
826	918
826	970
826	976
826	978
827	166
827	637
827	714
827	778
827	796
827	821
827	871
827	908
827	920
827	921
827	923
827	924
827	932
827	996
827	998
828	40
828	311
828	339
828	520
828	533
828	679
828	697
828	712
828	806
828	836
828	878
828	906
828	933
828	962
828	983
829	60
829	86
829	104
829	300
829	394
829	478
829	571
829	599
829	638
829	646
829	786
829	847
829	870
829	931
829	999
830	85
830	108
830	160
830	288
830	337
830	603
830	743
830	781
830	795
830	943
830	948
830	951
830	981
830	986
830	988
831	58
831	125
831	318
831	575
831	615
831	679
831	701
831	758
831	775
831	793
831	858
831	890
831	973
831	984
831	991
832	481
832	568
832	636
832	657
832	689
832	705
832	820
832	826
832	899
832	912
832	918
832	936
832	970
832	976
832	978
833	90
833	164
833	303
833	477
833	515
833	652
833	719
833	734
833	736
833	771
833	777
833	809
833	917
833	956
833	969
834	157
834	176
834	332
834	350
834	536
834	629
834	660
834	722
834	797
834	824
834	863
834	888
834	959
834	963
834	967
835	348
835	381
835	383
835	441
835	532
835	594
835	604
835	773
835	804
835	840
835	869
835	874
835	890
835	929
835	971
836	274
836	466
836	495
836	580
836	671
836	752
836	778
836	807
836	817
836	828
836	914
836	933
836	953
836	962
836	983
837	17
837	240
837	293
837	370
837	563
837	571
837	597
837	647
837	695
837	760
837	822
837	839
837	860
837	895
837	959
837	980
838	213
838	396
838	430
838	539
838	540
838	601
838	624
838	688
838	738
838	743
838	759
838	799
838	822
838	842
838	890
838	976
839	17
839	95
839	458
839	503
839	563
839	597
839	616
839	619
839	630
839	695
839	760
839	837
839	889
839	895
839	914
839	980
840	192
840	194
840	348
840	594
840	672
840	703
840	773
840	804
840	835
840	869
840	874
840	929
840	944
840	971
840	972
840	979
841	109
841	113
841	313
841	355
841	412
841	460
841	473
841	483
841	513
841	561
841	609
841	661
841	722
841	762
841	935
841	967
842	109
842	180
842	294
842	336
842	359
842	539
842	540
842	541
842	601
842	711
842	759
842	822
842	838
842	872
842	935
842	968
843	37
843	426
843	475
843	529
843	582
843	588
843	700
843	707
843	733
843	790
843	887
843	905
843	906
843	943
843	965
843	976
844	2
844	6
844	117
844	164
844	730
844	783
844	791
844	854
844	869
844	872
844	902
844	903
844	909
844	927
844	960
844	988
845	134
845	384
845	545
845	562
845	626
845	699
845	729
845	763
845	779
845	850
845	872
845	928
845	934
845	946
845	947
845	974
846	519
846	581
846	713
846	794
846	861
846	883
846	884
846	894
846	904
846	915
846	922
846	953
846	975
846	977
846	987
846	992
847	60
847	121
847	159
847	211
847	223
847	264
847	300
847	372
847	549
847	571
847	747
847	786
847	792
847	829
847	958
847	965
848	253
848	445
848	481
848	484
848	496
848	588
848	616
848	683
848	700
848	733
848	790
848	804
848	887
848	931
848	934
848	965
849	136
849	196
849	497
849	504
849	524
849	627
849	716
849	726
849	805
849	860
849	873
849	893
849	899
849	942
849	950
849	979
850	74
850	285
850	296
850	306
850	383
850	478
850	779
850	784
850	845
850	859
850	928
850	929
850	934
850	940
850	946
850	947
850	974
851	44
851	72
851	111
851	173
851	226
851	232
851	274
851	291
851	334
851	366
851	510
851	665
851	753
851	909
851	913
851	971
851	982
852	68
852	105
852	292
852	301
852	345
852	385
852	445
852	453
852	472
852	609
852	632
852	765
852	814
852	868
852	910
852	968
852	993
853	365
853	526
853	579
853	602
853	679
853	689
853	690
853	693
853	775
853	801
853	858
853	973
853	981
853	984
853	985
853	987
853	991
854	494
854	565
854	614
854	698
854	747
854	802
854	844
854	872
854	876
854	902
854	903
854	923
854	927
854	960
854	979
854	986
854	988
855	21
855	207
855	279
855	457
855	479
855	547
855	656
855	714
855	750
855	810
855	876
855	926
855	939
855	955
855	977
855	985
855	996
856	50
856	54
856	140
856	164
856	178
856	228
856	256
856	284
856	352
856	370
856	418
856	660
856	687
856	800
856	896
856	897
856	909
857	225
857	314
857	347
857	349
857	390
857	462
857	559
857	707
857	749
857	802
857	915
857	925
857	954
857	970
857	982
857	989
857	995
858	115
858	172
858	175
858	227
858	237
858	241
858	267
858	371
858	449
858	654
858	726
858	831
858	853
858	874
858	930
858	984
858	991
859	82
859	493
859	570
859	580
859	606
859	621
859	678
859	709
859	711
859	715
859	757
859	819
859	850
859	885
859	927
859	935
859	936
860	10
860	253
860	436
860	501
860	618
860	658
860	675
860	782
860	805
860	837
860	849
860	873
860	881
860	899
860	916
860	942
860	979
861	467
861	566
861	578
861	776
861	794
861	846
861	883
861	884
861	894
861	904
861	922
861	937
861	968
861	977
861	987
861	989
861	992
862	49
862	65
862	342
862	424
862	434
862	501
862	502
862	528
862	610
862	666
862	708
862	814
862	825
862	900
862	919
862	967
862	996
863	25
863	106
863	218
863	332
863	412
863	450
863	473
863	601
863	622
863	722
863	762
863	808
863	834
863	958
863	959
863	967
863	976
863	983
864	119
864	133
864	312
864	402
864	471
864	519
864	560
864	627
864	664
864	723
864	778
864	896
864	926
864	940
864	952
864	972
864	993
864	996
865	48
865	87
865	153
865	169
865	284
865	294
865	516
865	530
865	550
865	637
865	643
865	756
865	770
865	774
865	808
865	880
865	957
865	987
866	144
866	224
866	289
866	311
866	391
866	466
866	609
866	650
866	752
866	806
866	891
866	906
866	928
866	933
866	953
866	962
866	982
866	983
867	114
867	161
867	402
867	479
867	482
867	581
867	676
867	723
867	731
867	780
867	793
867	810
867	815
867	820
867	926
867	959
867	985
867	996
868	158
868	177
868	292
868	345
868	365
868	435
868	487
868	515
868	528
868	537
868	609
868	622
868	683
868	688
868	814
868	852
868	892
868	968
869	92
869	193
869	262
869	304
869	407
869	415
869	455
869	532
869	599
869	672
869	676
869	804
869	835
869	840
869	844
869	874
869	929
869	971
870	37
870	170
870	243
870	278
870	309
870	461
870	555
870	577
870	608
870	739
870	764
870	768
870	769
870	785
870	829
870	930
870	957
870	989
871	251
871	297
871	419
871	517
871	564
871	646
871	662
871	714
871	778
871	821
871	827
871	908
871	920
871	921
871	923
871	924
871	977
871	979
872	64
872	99
872	405
872	470
872	698
872	747
872	783
872	796
872	812
872	842
872	844
872	845
872	854
872	902
872	903
872	927
872	960
872	988
873	24
873	130
873	416
873	513
873	691
873	805
873	849
873	860
873	881
873	884
873	893
873	899
873	909
873	918
873	942
873	953
873	957
873	979
874	92
874	358
874	407
874	512
874	532
874	672
874	703
874	773
874	780
874	835
874	840
874	858
874	869
874	929
874	941
874	971
874	984
874	991
875	293
875	317
875	370
875	458
875	530
875	564
875	597
875	619
875	647
875	717
875	740
875	760
875	888
875	895
875	897
875	914
875	980
875	984
875	994
876	112
876	279
876	469
876	500
876	742
876	780
876	810
876	815
876	817
876	825
876	854
876	855
876	925
876	926
876	949
876	955
876	985
876	996
876	998
877	55
877	84
877	93
877	366
877	451
877	629
877	651
877	655
877	669
877	722
877	744
877	751
877	755
877	886
877	898
877	911
877	940
877	978
877	997
878	80
878	129
878	414
878	567
878	692
878	710
878	731
878	741
878	769
878	791
878	798
878	828
878	889
878	913
878	928
878	939
878	990
878	993
878	998
879	86
879	204
879	379
879	457
879	515
879	604
879	656
879	676
879	742
879	797
879	810
879	926
879	929
879	952
879	955
879	982
879	985
879	996
879	1000
880	14
880	101
880	207
880	294
880	344
880	407
880	516
880	521
880	643
880	724
880	729
880	742
880	756
880	770
880	774
880	808
880	811
880	813
880	865
881	10
881	127
881	263
881	337
881	567
881	618
881	634
881	675
881	691
881	716
881	782
881	860
881	873
881	893
881	915
881	942
881	964
881	979
881	1000
882	20
882	79
882	100
882	148
882	216
882	283
882	388
882	500
882	515
882	545
882	642
882	671
882	750
882	780
882	891
882	910
882	926
882	949
882	985
883	12
883	168
883	196
883	282
883	452
883	465
883	581
883	734
883	776
883	794
883	846
883	861
883	884
883	904
883	922
883	960
883	977
883	987
883	992
884	271
884	443
884	474
884	578
884	776
884	794
884	816
884	846
884	861
884	873
884	883
884	894
884	904
884	922
884	935
884	977
884	987
884	992
884	996
885	5
885	67
885	82
885	116
885	345
885	420
885	422
885	493
885	606
885	628
885	655
885	709
885	859
885	887
885	908
885	935
885	936
885	941
885	966
886	424
886	514
886	530
886	591
886	682
886	744
886	751
886	755
886	772
886	787
886	815
886	819
886	877
886	898
886	911
886	935
886	964
886	978
886	997
887	11
887	22
887	159
887	397
887	401
887	426
887	587
887	588
887	616
887	639
887	700
887	707
887	733
887	758
887	843
887	848
887	885
887	930
887	971
888	58
888	169
888	481
888	489
888	554
888	556
888	636
888	644
888	689
888	754
888	826
888	834
888	875
888	889
888	902
888	912
888	918
888	970
888	976
889	45
889	73
889	234
889	326
889	488
889	568
889	600
889	629
889	669
889	692
889	741
889	769
889	798
889	839
889	878
889	888
889	993
889	998
889	1000
890	23
890	47
890	112
890	180
890	213
890	270
890	336
890	359
890	540
890	611
890	624
890	630
890	738
890	799
890	822
890	831
890	835
890	838
890	902
890	946
891	53
891	83
891	339
891	409
891	533
891	580
891	592
891	615
891	650
891	697
891	705
891	806
891	866
891	882
891	915
891	929
891	933
891	953
891	962
891	983
892	137
892	186
892	235
892	245
892	277
892	313
892	365
892	435
892	537
892	589
892	595
892	609
892	746
892	765
892	802
892	814
892	868
892	968
892	969
892	995
893	10
893	495
893	497
893	498
893	634
893	642
893	658
893	691
893	716
893	782
893	821
893	849
893	873
893	881
893	899
893	942
893	968
893	979
893	986
893	987
894	98
894	162
894	293
894	430
894	531
894	569
894	620
894	776
894	806
894	846
894	861
894	884
894	904
894	922
894	975
894	977
894	985
894	987
894	992
894	997
895	174
895	293
895	363
895	396
895	539
895	564
895	619
895	640
895	695
895	717
895	736
895	740
895	837
895	839
895	875
895	900
895	901
895	914
895	980
895	991
896	198
896	222
896	312
896	471
896	547
896	548
896	560
896	627
896	664
896	686
896	753
896	789
896	856
896	864
896	929
896	940
896	952
896	964
896	966
896	967
897	79
897	89
897	181
897	208
897	232
897	302
897	330
897	341
897	361
897	413
897	527
897	593
897	617
897	680
897	761
897	780
897	856
897	875
897	916
897	964
898	55
898	104
898	244
898	403
898	417
898	424
898	655
898	714
898	755
898	787
898	803
898	818
898	877
898	886
898	911
898	932
898	934
898	978
898	989
898	997
899	4
899	128
899	196
899	263
899	464
899	495
899	544
899	652
899	658
899	691
899	704
899	707
899	782
899	832
899	849
899	860
899	873
899	893
899	942
899	945
899	979
900	1
900	120
900	147
900	280
900	342
900	434
900	440
900	491
900	496
900	502
900	528
900	610
900	667
900	721
900	758
900	825
900	862
900	895
900	918
900	919
900	949
901	19
901	91
901	261
901	335
901	340
901	702
901	718
901	728
901	811
901	812
901	895
901	905
901	907
901	931
901	943
901	950
901	955
901	963
901	970
901	994
901	995
902	117
902	138
902	240
902	268
902	283
902	375
902	378
902	405
902	423
902	747
902	791
902	844
902	854
902	872
902	888
902	890
902	903
902	927
902	960
902	962
902	988
903	148
903	249
903	268
903	405
903	452
903	463
903	494
903	512
903	670
903	696
903	703
903	746
903	747
903	788
903	791
903	844
903	854
903	872
903	902
903	960
903	988
904	9
904	433
904	443
904	490
904	523
904	620
904	763
904	776
904	794
904	797
904	846
904	861
904	883
904	884
904	894
904	922
904	932
904	942
904	977
904	987
904	992
905	161
905	290
905	335
905	354
905	602
905	635
905	702
905	718
905	720
905	728
905	733
905	775
905	811
905	843
905	901
905	907
905	943
905	950
905	958
905	963
905	994
906	141
906	297
906	338
906	522
906	596
906	668
906	674
906	727
906	735
906	816
906	824
906	828
906	843
906	866
906	917
906	941
906	947
906	952
906	958
906	961
906	966
906	982
907	70
907	139
907	257
907	261
907	313
907	460
907	489
907	495
907	529
907	635
907	715
907	720
907	728
907	811
907	812
907	901
907	905
907	943
907	950
907	963
907	989
907	994
908	166
908	307
908	368
908	443
908	468
908	498
908	517
908	583
908	590
908	640
908	662
908	714
908	778
908	821
908	827
908	871
908	885
908	920
908	921
908	923
908	924
908	948
909	50
909	54
909	139
909	228
909	256
909	281
909	352
909	395
909	418
909	442
909	485
909	631
909	660
909	781
909	800
909	810
909	844
909	851
909	856
909	873
909	943
909	997
910	26
910	227
910	318
910	404
910	409
910	538
910	568
910	597
910	654
910	655
910	676
910	726
910	758
910	775
910	793
910	801
910	852
910	882
910	930
910	948
910	973
910	984
911	229
911	256
911	285
911	320
911	403
911	537
911	548
911	611
911	655
911	673
911	682
911	744
911	755
911	772
911	787
911	877
911	886
911	898
911	932
911	938
911	978
911	997
912	107
912	118
912	347
912	382
912	481
912	509
912	556
912	607
912	612
912	636
912	644
912	652
912	689
912	697
912	706
912	776
912	826
912	832
912	888
912	918
912	970
912	976
913	111
913	162
913	171
913	173
913	182
913	226
913	232
913	274
913	320
913	334
913	366
913	454
913	510
913	553
913	578
913	600
913	665
913	687
913	851
913	878
913	929
913	979
914	27
914	135
914	174
914	264
914	317
914	370
914	376
914	458
914	580
914	597
914	619
914	640
914	647
914	717
914	819
914	836
914	839
914	875
914	895
914	980
914	990
914	1000
915	13
915	102
915	506
915	559
915	575
915	638
915	649
915	693
915	694
915	704
915	749
915	793
915	846
915	857
915	881
915	891
915	925
915	937
915	944
915	954
915	982
915	995
916	32
916	35
916	78
916	79
916	190
916	201
916	208
916	260
916	304
916	330
916	408
916	413
916	417
916	436
916	447
916	448
916	593
916	602
916	680
916	719
916	860
916	897
916	964
917	15
917	46
917	61
917	142
917	151
917	190
917	212
917	236
917	248
917	269
917	295
917	298
917	357
917	364
917	506
917	535
917	590
917	683
917	750
917	833
917	906
917	964
917	967
918	30
918	103
918	203
918	535
918	556
918	607
918	641
918	644
918	657
918	705
918	747
918	754
918	826
918	832
918	873
918	888
918	900
918	912
918	955
918	970
918	976
918	982
918	999
919	1
919	49
919	94
919	120
919	329
919	342
919	386
919	434
919	486
919	491
919	502
919	520
919	528
919	545
919	666
919	667
919	708
919	731
919	788
919	825
919	862
919	900
919	990
920	12
920	307
920	331
920	412
920	419
920	468
920	517
920	555
920	590
920	614
920	662
920	714
920	778
920	821
920	827
920	871
920	908
920	921
920	923
920	924
920	970
920	971
920	979
920	996
921	12
921	166
921	331
921	419
921	431
921	459
921	468
921	471
921	472
921	491
921	498
921	590
921	662
921	714
921	778
921	821
921	827
921	871
921	908
921	920
921	923
921	924
921	926
921	983
922	286
922	350
922	374
922	456
922	493
922	569
922	574
922	578
922	620
922	659
922	776
922	794
922	811
922	846
922	861
922	883
922	884
922	894
922	904
922	964
922	973
922	977
922	987
922	992
923	110
923	307
923	331
923	419
923	468
923	490
923	498
923	517
923	590
923	662
923	714
923	725
923	778
923	821
923	827
923	854
923	871
923	908
923	920
923	921
923	924
923	956
923	961
923	986
924	12
924	307
924	331
924	419
924	477
924	498
924	517
924	557
924	572
924	590
924	662
924	663
924	714
924	778
924	821
924	827
924	871
924	908
924	920
924	921
924	923
924	944
924	956
924	986
925	103
925	183
925	441
925	446
925	466
925	542
925	638
925	642
925	649
925	677
925	698
925	745
925	802
925	820
925	857
925	876
925	915
925	937
925	944
925	954
925	965
925	982
925	995
925	996
926	38
926	216
926	317
926	469
926	500
926	504
926	549
926	592
926	674
926	676
926	780
926	855
926	864
926	867
926	876
926	879
926	882
926	921
926	939
926	949
926	955
926	985
926	993
926	996
927	99
927	258
927	268
927	275
927	375
927	423
927	494
927	654
927	696
927	698
927	699
927	746
927	783
927	791
927	813
927	844
927	854
927	859
927	872
927	902
927	955
927	960
927	988
927	989
927	992
928	28
928	160
928	250
928	273
928	306
928	347
928	384
928	478
928	494
928	624
928	699
928	710
928	729
928	763
928	779
928	784
928	804
928	845
928	850
928	866
928	878
928	934
928	946
928	947
928	958
929	7
929	192
929	348
929	358
929	381
929	407
929	415
929	455
929	512
929	559
929	594
929	703
929	804
929	812
929	835
929	840
929	850
929	869
929	874
929	879
929	891
929	896
929	913
929	942
929	971
930	57
930	241
930	296
930	318
930	457
930	470
930	511
930	526
930	538
930	602
930	690
930	693
930	701
930	742
930	758
930	775
930	801
930	858
930	870
930	887
930	910
930	962
930	973
930	984
930	991
931	86
931	104
931	139
931	211
931	223
931	264
931	292
931	300
931	316
931	360
931	361
931	367
931	394
931	442
931	549
931	586
931	646
931	694
931	786
931	792
931	829
931	848
931	901
931	980
931	986
932	154
932	233
932	244
932	271
932	336
932	490
932	514
932	571
932	611
932	648
932	682
932	732
932	744
932	751
932	755
932	772
932	781
932	787
932	827
932	898
932	904
932	911
932	978
932	991
932	997
933	149
933	210
933	266
933	462
933	520
933	533
933	580
933	592
933	625
933	671
933	712
933	720
933	749
933	759
933	762
933	806
933	807
933	821
933	828
933	836
933	866
933	891
933	953
933	962
933	963
933	983
934	29
934	128
934	200
934	237
934	250
934	272
934	273
934	384
934	423
934	439
934	470
934	512
934	534
934	699
934	729
934	763
934	779
934	784
934	845
934	848
934	850
934	898
934	928
934	946
934	947
934	974
935	82
935	116
935	165
935	166
935	267
935	325
935	398
935	425
935	606
935	613
935	621
935	628
935	677
935	709
935	715
935	757
935	819
935	841
935	842
935	859
935	884
935	885
935	886
935	936
935	965
935	991
936	114
936	131
936	165
936	267
936	346
936	420
936	422
936	493
936	551
936	554
936	570
936	594
936	613
936	621
936	628
936	653
936	705
936	709
936	715
936	723
936	757
936	819
936	832
936	859
936	885
936	935
937	59
937	71
937	143
937	187
937	199
937	347
937	362
937	404
937	446
937	575
937	642
937	649
937	704
937	749
937	796
937	820
937	861
937	915
937	925
937	944
937	951
937	954
937	974
937	995
937	997
937	1000
938	35
938	146
938	362
938	376
938	467
938	489
938	516
938	522
938	534
938	573
938	634
938	673
938	681
938	735
938	788
938	815
938	816
938	824
938	911
938	941
938	952
938	956
938	958
938	961
938	966
938	999
939	69
939	193
939	222
939	238
939	399
939	458
939	524
939	546
939	567
939	645
939	666
939	669
939	710
939	723
939	728
939	823
939	855
939	878
939	926
939	946
939	967
939	973
939	990
939	993
939	998
939	1000
940	18
940	21
940	119
940	133
940	168
940	194
940	312
940	402
940	471
940	519
940	547
940	548
940	560
940	627
940	664
940	675
940	686
940	689
940	753
940	789
940	850
940	864
940	877
940	896
940	952
940	989
941	262
941	297
941	351
941	369
941	559
941	573
941	644
941	667
941	668
941	673
941	674
941	685
941	727
941	788
941	803
941	816
941	824
941	874
941	885
941	906
941	938
941	958
941	961
941	966
941	980
941	981
941	999
942	4
942	29
942	127
942	136
942	495
942	497
942	503
942	634
942	639
942	652
942	675
942	691
942	783
942	801
942	805
942	849
942	860
942	873
942	881
942	893
942	899
942	904
942	929
942	961
942	971
942	974
942	979
943	39
943	110
943	127
943	134
943	142
943	220
943	261
943	327
943	378
943	387
943	635
943	669
943	702
943	718
943	728
943	811
943	812
943	814
943	830
943	843
943	901
943	905
943	907
943	909
943	950
943	963
943	994
944	3
944	95
944	187
944	221
944	257
944	333
944	356
944	395
944	410
944	480
944	516
944	552
944	575
944	583
944	642
944	704
944	749
944	802
944	820
944	840
944	915
944	924
944	925
944	937
944	954
944	982
944	995
945	81
945	94
945	100
945	102
945	155
945	251
945	299
945	337
945	499
945	507
945	543
945	551
945	598
945	603
945	741
945	743
945	753
945	795
945	899
945	948
945	951
945	964
945	969
945	981
945	986
945	990
945	997
946	28
946	74
946	237
946	260
946	287
946	296
946	306
946	388
946	439
946	470
946	605
946	719
946	729
946	763
946	784
946	845
946	850
946	890
946	928
946	934
946	939
946	947
946	948
946	973
946	974
946	998
946	1000
947	28
947	80
947	106
947	134
947	200
947	260
947	273
947	287
947	296
947	439
947	470
947	478
947	654
947	699
947	725
947	729
947	731
947	763
947	779
947	803
947	845
947	850
947	906
947	928
947	934
947	946
947	974
947	982
948	6
948	81
948	94
948	123
948	197
948	251
948	288
948	329
948	372
948	417
948	465
948	487
948	551
948	596
948	603
948	625
948	781
948	795
948	822
948	830
948	908
948	910
948	945
948	946
948	951
948	960
948	981
948	986
949	20
949	40
949	51
949	114
949	138
949	148
949	169
949	319
949	379
949	388
949	479
949	513
949	604
949	653
949	656
949	750
949	767
949	780
949	810
949	815
949	876
949	882
949	900
949	926
949	955
949	985
949	993
949	996
950	209
950	220
950	257
950	268
950	290
950	313
950	378
950	387
950	392
950	460
950	539
950	578
950	718
950	720
950	728
950	734
950	791
950	799
950	811
950	812
950	849
950	901
950	905
950	907
950	943
950	963
950	988
950	994
951	66
951	77
951	97
951	179
951	189
951	251
951	299
951	329
951	337
951	343
951	455
951	499
951	507
951	572
951	598
951	603
951	625
951	626
951	740
951	781
951	795
951	830
951	937
951	945
951	948
951	981
951	988
951	994
952	18
952	41
952	78
952	119
952	133
952	194
952	198
952	273
952	402
952	471
952	519
952	547
952	548
952	560
952	627
952	664
952	686
952	713
952	753
952	789
952	864
952	879
952	896
952	906
952	938
952	940
952	990
952	995
953	43
953	53
953	97
953	144
953	153
953	197
953	311
953	391
953	466
953	476
953	526
953	577
953	598
953	650
953	671
953	697
953	712
953	752
953	806
953	807
953	836
953	846
953	866
953	873
953	891
953	933
953	962
953	983
953	985
954	47
954	124
954	183
954	199
954	347
954	410
954	433
954	446
954	531
954	542
954	575
954	638
954	648
954	716
954	749
954	753
954	802
954	820
954	857
954	915
954	925
954	937
954	944
954	959
954	972
954	978
954	982
954	995
954	1000
955	21
955	38
955	52
955	67
955	229
955	385
955	464
955	474
955	504
955	545
955	634
955	656
955	731
955	742
955	750
955	755
955	763
955	855
955	876
955	879
955	901
955	918
955	926
955	927
955	949
955	968
955	983
955	985
955	996
956	45
956	145
956	322
956	373
956	398
956	421
956	432
956	476
956	477
956	585
956	605
956	685
956	719
956	725
956	732
956	734
956	736
956	766
956	771
956	809
956	817
956	833
956	923
956	924
956	938
956	966
956	969
956	999
956	1000
957	63
957	108
957	243
957	247
957	400
957	413
957	427
957	438
957	459
957	461
957	555
957	562
957	570
957	587
957	608
957	612
957	691
957	737
957	739
957	764
957	768
957	770
957	785
957	865
957	870
957	873
957	989
957	990
957	994
958	91
958	141
958	146
958	184
958	203
958	362
958	449
958	486
958	557
958	596
958	651
958	663
958	673
958	685
958	688
958	788
958	815
958	816
958	824
958	847
958	863
958	905
958	906
958	928
958	938
958	941
958	961
958	966
958	991
958	999
959	106
959	113
959	130
959	176
959	191
959	218
959	310
959	332
959	350
959	355
959	383
959	429
959	473
959	483
959	513
959	561
959	629
959	717
959	728
959	797
959	807
959	817
959	834
959	837
959	863
959	867
959	954
959	960
959	967
959	972
960	224
960	240
960	258
960	265
960	268
960	375
960	420
960	463
960	483
960	505
960	526
960	569
960	572
960	605
960	614
960	696
960	698
960	730
960	747
960	771
960	783
960	844
960	854
960	872
960	883
960	902
960	903
960	927
960	948
960	959
960	988
961	146
961	262
961	267
961	343
961	351
961	362
961	380
961	474
961	489
961	534
961	558
961	573
961	596
961	652
961	663
961	673
961	674
961	695
961	735
961	765
961	803
961	818
961	824
961	906
961	923
961	938
961	941
961	942
961	958
961	966
961	979
962	4
962	43
962	83
962	163
962	210
962	233
962	242
962	339
962	415
962	466
962	520
962	592
962	637
962	650
962	671
962	697
962	711
962	712
962	752
962	806
962	807
962	828
962	836
962	866
962	891
962	902
962	930
962	933
962	953
962	978
962	983
963	19
963	39
963	57
963	96
963	99
963	110
963	209
963	290
963	354
963	378
963	392
963	460
963	509
963	552
963	635
963	702
963	707
963	718
963	720
963	728
963	812
963	834
963	901
963	905
963	907
963	933
963	943
963	950
963	967
963	985
963	994
964	32
964	39
964	79
964	89
964	150
964	156
964	181
964	201
964	208
964	302
964	324
964	330
964	361
964	408
964	413
964	447
964	448
964	527
964	593
964	680
964	681
964	759
964	761
964	881
964	886
964	896
964	897
964	916
964	917
964	922
964	945
965	22
965	37
965	132
965	159
965	178
965	252
965	309
965	401
965	426
965	445
965	484
965	496
965	529
965	576
965	582
965	616
965	639
965	643
965	644
965	700
965	707
965	733
965	770
965	790
965	843
965	847
965	848
965	925
965	935
965	987
965	989
966	16
966	147
966	297
966	338
966	339
966	351
966	376
966	380
966	414
966	428
966	449
966	522
966	566
966	616
966	651
966	665
966	727
966	735
966	788
966	803
966	885
966	896
966	906
966	938
966	941
966	956
966	958
966	961
966	975
966	985
966	999
967	25
967	34
967	255
967	310
967	368
967	383
967	429
967	450
967	473
967	483
967	508
967	513
967	536
967	561
967	629
967	659
967	661
967	674
967	709
967	722
967	797
967	801
967	834
967	841
967	862
967	863
967	896
967	917
967	939
967	959
967	963
967	973
968	31
968	68
968	105
968	137
968	158
968	186
968	235
968	245
968	277
968	292
968	301
968	345
968	435
968	453
968	472
968	591
968	593
968	595
968	609
968	765
968	790
968	797
968	814
968	821
968	823
968	842
968	852
968	861
968	868
968	892
968	893
968	955
969	45
969	124
969	145
969	185
969	195
969	303
969	322
969	335
969	360
969	373
969	391
969	432
969	477
969	518
969	585
969	605
969	719
969	725
969	734
969	736
969	766
969	771
969	777
969	808
969	809
969	823
969	833
969	892
969	945
969	956
969	977
969	986
970	103
970	107
970	152
970	203
970	456
970	502
970	509
970	517
970	523
970	541
970	546
970	556
970	607
970	636
970	641
970	644
970	657
970	689
970	690
970	705
970	706
970	754
970	826
970	832
970	857
970	888
970	901
970	912
970	918
970	920
970	976
970	984
971	7
971	40
971	92
971	176
971	192
971	348
971	358
971	381
971	407
971	415
971	455
971	506
971	512
971	532
971	594
971	599
971	672
971	703
971	773
971	804
971	824
971	835
971	840
971	851
971	869
971	874
971	887
971	920
971	929
971	942
971	987
971	995
972	126
972	185
972	219
972	231
972	254
972	298
972	305
972	406
972	411
972	437
972	475
972	480
972	492
972	527
972	552
972	615
972	623
972	626
972	633
972	677
972	681
972	684
972	700
972	710
972	726
972	748
972	840
972	864
972	954
972	959
972	975
972	976
972	978
973	46
973	57
973	88
973	125
973	318
973	371
973	404
973	409
973	508
973	579
973	602
973	654
973	671
973	690
973	693
973	701
973	726
973	754
973	758
973	775
973	780
973	783
973	831
973	853
973	910
973	922
973	930
973	939
973	946
973	967
973	977
973	984
973	991
974	43
974	59
974	74
974	128
974	134
974	160
974	236
974	237
974	250
974	287
974	296
974	306
974	381
974	384
974	438
974	439
974	470
974	478
974	699
974	729
974	763
974	779
974	784
974	805
974	845
974	850
974	934
974	937
974	942
974	946
974	947
974	980
974	994
975	105
975	126
975	185
975	219
975	231
975	254
975	298
975	305
975	406
975	411
975	437
975	475
975	480
975	492
975	552
975	615
975	623
975	626
975	633
975	667
975	677
975	681
975	684
975	703
975	748
975	764
975	805
975	846
975	894
975	966
975	972
975	997
975	999
976	58
976	103
976	107
976	122
976	169
976	203
976	392
976	481
976	509
976	523
976	560
976	584
976	607
976	636
976	641
976	644
976	657
976	689
976	705
976	706
976	754
976	772
976	826
976	832
976	838
976	843
976	863
976	888
976	912
976	918
976	970
976	972
976	992
977	36
977	122
977	168
977	282
977	286
977	295
977	315
977	389
977	430
977	443
977	465
977	518
977	569
977	574
977	581
977	620
977	720
977	776
977	794
977	810
977	822
977	846
977	855
977	861
977	871
977	883
977	884
977	894
977	904
977	922
977	969
977	973
977	981
977	987
977	992
978	8
978	84
978	93
978	96
978	225
978	233
978	285
978	323
978	417
978	530
978	584
978	611
978	643
978	648
978	668
978	669
978	682
978	726
978	744
978	751
978	755
978	772
978	787
978	826
978	832
978	877
978	886
978	898
978	911
978	932
978	954
978	962
978	972
978	992
978	996
978	997
979	24
979	29
979	127
979	130
979	136
979	196
979	263
979	416
979	497
979	503
979	513
979	544
979	618
979	652
979	658
979	664
979	675
979	691
979	716
979	722
979	782
979	805
979	810
979	816
979	840
979	849
979	854
979	860
979	871
979	873
979	881
979	893
979	899
979	913
979	920
979	942
979	961
980	17
980	27
980	62
980	95
980	135
980	174
980	242
980	276
980	293
980	317
980	363
980	370
980	440
980	458
980	563
980	564
980	597
980	616
980	619
980	640
980	647
980	695
980	715
980	717
980	740
980	760
980	782
980	837
980	839
980	875
980	895
980	914
980	931
980	941
980	974
980	993
980	996
981	6
981	66
981	77
981	81
981	100
981	118
981	179
981	189
981	329
981	343
981	372
981	428
981	436
981	499
981	512
981	543
981	551
981	576
981	591
981	598
981	603
981	625
981	743
981	766
981	781
981	795
981	830
981	853
981	941
981	945
981	948
981	951
981	977
981	986
981	992
981	996
981	997
982	3
982	13
982	59
982	75
982	102
982	104
982	187
982	221
982	272
982	314
982	333
982	356
982	371
982	410
982	428
982	446
982	531
982	642
982	649
982	659
982	704
982	745
982	748
982	749
982	796
982	802
982	851
982	857
982	866
982	879
982	906
982	915
982	918
982	925
982	944
982	947
982	954
982	995
983	53
983	83
983	97
983	102
983	144
983	149
983	153
983	266
983	276
983	289
983	291
983	294
983	311
983	339
983	391
983	462
983	466
983	533
983	580
983	631
983	650
983	690
983	697
983	730
983	752
983	775
983	806
983	807
983	828
983	836
983	863
983	866
983	891
983	921
983	933
983	953
983	955
983	962
983	987
984	26
984	88
984	115
984	167
984	172
984	227
984	241
984	259
984	315
984	371
984	404
984	452
984	509
984	511
984	526
984	538
984	570
984	579
984	595
984	654
984	663
984	679
984	693
984	701
984	757
984	758
984	775
984	793
984	801
984	807
984	831
984	853
984	858
984	874
984	875
984	910
984	930
984	970
984	973
984	989
984	991
985	23
985	38
985	52
985	129
985	161
985	204
985	229
985	239
985	279
985	319
985	457
985	474
985	500
985	504
985	545
985	574
985	604
985	610
985	676
985	742
985	780
985	783
985	809
985	810
985	815
985	853
985	855
985	867
985	876
985	879
985	882
985	894
985	926
985	949
985	953
985	955
985	963
985	966
985	986
985	993
985	996
986	6
986	7
986	44
986	77
986	85
986	100
986	118
986	123
986	155
986	156
986	179
986	197
986	206
986	288
986	299
986	343
986	372
986	436
986	499
986	507
986	543
986	551
986	598
986	603
986	606
986	622
986	625
986	695
986	781
986	795
986	830
986	854
986	893
986	923
986	924
986	931
986	945
986	948
986	969
986	981
986	985
987	9
987	32
987	36
987	98
987	122
987	162
987	168
987	217
987	286
987	315
987	374
987	389
987	430
987	443
987	445
987	465
987	569
987	574
987	578
987	581
987	620
987	704
987	714
987	738
987	776
987	794
987	846
987	853
987	861
987	865
987	883
987	884
987	893
987	894
987	904
987	922
987	965
987	971
987	977
987	983
987	992
987	996
988	64
988	99
988	117
988	224
988	240
988	258
988	259
988	318
988	352
988	375
988	405
988	410
988	423
988	452
988	463
988	480
988	505
988	551
988	554
988	565
988	572
988	632
988	696
988	698
988	713
988	730
988	746
988	747
988	765
988	779
988	783
988	813
988	830
988	844
988	854
988	872
988	902
988	903
988	927
988	950
988	951
988	960
989	63
989	76
989	108
989	170
989	175
989	243
989	247
989	249
989	278
989	311
989	328
989	400
989	427
989	431
989	438
989	459
989	461
989	482
989	484
989	555
989	562
989	577
989	587
989	608
989	612
989	632
989	644
989	737
989	739
989	764
989	768
989	785
989	796
989	857
989	861
989	870
989	898
989	907
989	927
989	940
989	957
989	965
989	984
990	33
990	80
990	95
990	129
990	150
990	215
990	327
990	340
990	388
990	414
990	444
990	456
990	524
990	525
990	546
990	553
990	567
990	568
990	645
990	669
990	692
990	710
990	713
990	717
990	723
990	741
990	767
990	769
990	791
990	798
990	823
990	825
990	878
990	914
990	919
990	939
990	945
990	952
990	957
990	993
990	997
990	998
990	1000
991	57
991	125
991	167
991	172
991	220
991	241
991	252
991	259
991	324
991	382
991	404
991	409
991	508
991	511
991	526
991	538
991	579
991	591
991	602
991	654
991	670
991	679
991	690
991	693
991	701
991	726
991	760
991	775
991	793
991	801
991	808
991	831
991	853
991	858
991	874
991	895
991	930
991	932
991	935
991	958
991	973
991	984
991	998
992	9
992	36
992	98
992	112
992	122
992	162
992	191
992	217
992	282
992	286
992	315
992	338
992	374
992	389
992	403
992	430
992	443
992	465
992	529
992	569
992	574
992	578
992	581
992	618
992	620
992	653
992	680
992	738
992	776
992	794
992	846
992	861
992	883
992	884
992	894
992	904
992	922
992	927
992	976
992	977
992	978
992	981
992	987
993	69
993	88
993	150
993	193
993	222
993	234
993	238
993	246
993	326
993	327
993	340
993	341
993	399
993	444
993	456
993	501
993	524
993	546
993	567
993	568
993	641
993	645
993	670
993	684
993	713
993	723
993	741
993	767
993	768
993	786
993	823
993	824
993	852
993	864
993	878
993	889
993	926
993	939
993	949
993	980
993	985
993	990
993	998
993	1000
994	19
994	39
994	70
994	110
994	131
994	202
994	209
994	220
994	257
994	261
994	290
994	313
994	335
994	354
994	357
994	378
994	387
994	390
994	392
994	460
994	478
994	612
994	635
994	655
994	682
994	683
994	702
994	718
994	720
994	728
994	735
994	781
994	802
994	811
994	812
994	875
994	901
994	905
994	907
994	943
994	950
994	951
994	957
994	963
994	974
995	13
995	71
995	101
995	186
995	314
995	319
995	349
995	356
995	390
995	397
995	410
995	433
995	441
995	446
995	531
995	542
995	558
995	572
995	583
995	636
995	638
995	642
995	649
995	704
995	745
995	749
995	768
995	796
995	802
995	816
995	820
995	857
995	892
995	901
995	915
995	925
995	937
995	944
995	952
995	954
995	971
995	982
995	998
995	999
995	1000
996	20
996	21
996	23
996	56
996	114
996	204
996	216
996	239
996	279
996	283
996	385
996	457
996	464
996	469
996	474
996	479
996	482
996	504
996	533
996	545
996	561
996	604
996	627
996	731
996	742
996	750
996	809
996	810
996	815
996	827
996	855
996	862
996	864
996	867
996	876
996	879
996	884
996	920
996	925
996	926
996	949
996	955
996	978
996	980
996	981
996	985
996	987
997	8
997	51
997	55
997	84
997	93
997	96
997	225
997	233
997	244
997	271
997	285
997	323
997	374
997	403
997	417
997	424
997	451
997	490
997	514
997	530
997	584
997	611
997	648
997	655
997	661
997	673
997	682
997	732
997	744
997	751
997	755
997	756
997	772
997	782
997	787
997	816
997	877
997	886
997	894
997	898
997	909
997	911
997	932
997	937
997	945
997	975
997	978
997	981
997	990
998	69
998	107
998	123
998	129
998	184
998	234
998	235
998	246
998	326
998	327
998	333
998	340
998	341
998	353
998	387
998	399
998	444
998	488
998	501
998	511
998	524
998	525
998	546
998	568
998	610
998	620
998	645
998	669
998	691
998	692
998	710
998	723
998	741
998	767
998	769
998	798
998	802
998	823
998	827
998	876
998	878
998	889
998	939
998	946
998	990
998	991
998	993
998	995
998	1000
999	16
999	141
999	149
999	188
999	205
999	211
999	297
999	338
999	351
999	362
999	364
999	376
999	379
999	415
999	444
999	449
999	467
999	522
999	534
999	538
999	557
999	558
999	566
999	573
999	596
999	602
999	651
999	663
999	668
999	674
999	688
999	708
999	727
999	734
999	735
999	788
999	803
999	816
999	818
999	824
999	829
999	918
999	938
999	941
999	956
999	958
999	966
999	975
999	995
1000	33
1000	73
1000	80
1000	150
1000	184
1000	234
1000	238
1000	246
1000	340
1000	341
1000	353
1000	399
1000	408
1000	414
1000	422
1000	428
1000	439
1000	444
1000	456
1000	488
1000	536
1000	546
1000	567
1000	568
1000	603
1000	645
1000	669
1000	692
1000	710
1000	713
1000	723
1000	741
1000	767
1000	769
1000	798
1000	823
1000	879
1000	881
1000	889
1000	914
1000	937
1000	939
1000	946
1000	954
1000	956
1000	990
1000	993
1000	995
1000	998
