1	976
1	986
1	987
1	994
2	875
2	982
2	990
2	992
3	816
3	819
3	889
3	932
4	593
4	862
4	907
4	934
5	821
5	946
5	968
5	974
6	947
6	982
6	990
6	992
7	947
7	982
7	990
7	992
8	475
8	872
8	902
8	928
9	836
9	854
9	981
9	988
10	820
10	942
10	971
10	978
11	951
11	956
11	958
11	996
12	976
12	986
12	991
12	994
13	848
13	936
13	938
13	983
14	863
14	901
14	919
14	925
15	887
15	920
15	971
15	978
16	833
16	957
16	967
16	975
17	993
17	997
17	999
17	1000
18	712
18	966
18	984
18	985
19	765
19	862
19	935
19	989
20	863
20	894
20	901
20	925
21	752
21	973
21	977
21	980
22	844
22	905
22	967
22	975
23	976
23	986
23	987
23	994
24	955
24	997
24	999
24	1000
25	828
25	893
25	981
25	988
26	833
26	922
26	960
26	975
27	609
27	695
27	778
27	926
28	746
28	927
28	934
28	989
29	953
29	986
29	987
29	994
30	786
30	920
30	971
30	978
31	832
31	937
31	962
31	977
32	615
32	942
32	971
32	978
33	672
33	793
33	862
33	989
34	679
34	934
34	935
34	989
35	622
35	827
35	859
35	941
36	470
36	814
36	855
36	989
37	498
37	842
37	981
37	988
38	956
38	958
38	972
38	996
39	871
39	954
39	957
39	967
40	918
40	982
40	990
40	992
41	652
41	657
41	715
41	950
42	612
42	710
42	969
42	970
43	53
43	929
43	969
43	970
44	727
44	959
44	995
44	998
45	864
45	891
45	903
45	948
46	898
46	960
46	967
46	975
47	993
47	997
47	999
47	1000
48	939
48	986
48	991
48	994
49	751
49	784
49	900
49	945
50	692
50	788
50	963
50	979
51	916
51	924
51	958
51	996
52	819
52	872
52	928
52	932
53	43
53	770
53	969
53	970
54	947
54	982
54	990
54	992
55	986
55	987
55	991
55	994
56	426
56	862
56	907
56	989
57	463
57	853
57	950
57	964
58	232
58	551
58	811
58	964
59	953
59	986
59	991
59	994
60	500
60	838
60	897
60	963
61	888
61	962
61	973
61	977
62	877
62	908
62	912
62	974
63	794
63	966
63	984
63	985
64	95
64	264
64	684
64	917
65	875
65	918
65	990
65	992
66	699
66	872
66	902
66	928
67	287
67	478
67	585
67	926
68	895
68	946
68	968
68	974
69	924
69	933
69	943
69	996
70	955
70	997
70	999
70	1000
71	450
71	700
71	981
71	988
72	675
72	957
72	960
72	967
73	852
73	973
73	977
73	980
74	993
74	997
74	999
74	1000
75	846
75	876
75	995
75	998
76	197
76	914
76	930
76	949
77	911
77	936
77	965
77	983
78	681
78	779
78	981
78	988
79	646
79	921
79	931
79	941
80	329
80	962
80	973
80	980
81	692
81	802
81	963
81	979
82	918
82	982
82	990
82	992
83	876
83	940
83	995
83	998
84	549
84	921
84	931
84	941
85	453
85	749
85	897
85	979
86	789
86	790
86	910
86	915
87	993
87	997
87	999
87	1000
88	953
88	976
88	991
88	994
89	767
89	788
89	882
89	979
90	873
90	947
90	982
90	992
91	783
91	853
91	867
91	964
92	820
92	942
92	971
92	978
93	741
93	783
93	792
93	964
94	680
94	780
94	926
95	64
95	294
95	917
95	952
96	993
96	997
96	999
96	1000
97	109
97	936
97	938
97	965
98	918
98	982
98	990
98	992
99	337
99	874
99	984
99	985
100	834
100	997
100	999
100	1000
101	953
101	986
101	987
101	994
102	909
102	986
102	987
102	994
103	873
103	947
103	982
103	992
104	645
104	745
104	903
104	948
105	667
105	888
105	937
105	977
106	586
106	865
106	966
106	984
107	620
107	882
107	963
107	979
108	701
108	897
108	963
108	979
109	97
109	817
109	965
109	983
110	688
110	894
110	901
110	925
111	512
111	891
111	903
111	948
112	904
112	966
112	984
112	985
113	808
113	966
113	984
113	985
114	884
114	914
114	930
114	949
115	797
115	900
115	917
115	945
116	719
116	755
116	893
116	988
117	565
117	776
117	792
117	964
118	803
118	896
118	945
118	952
119	823
119	846
119	959
119	998
120	545
120	997
120	999
120	1000
121	851
121	920
121	971
121	978
122	650
122	731
122	778
122	926
123	863
123	894
123	919
123	925
124	939
124	976
124	991
124	994
125	413
125	904
125	984
125	985
126	920
126	942
126	971
126	978
127	564
127	665
127	856
127	878
128	431
128	904
128	984
128	985
129	656
129	762
129	995
129	998
130	951
130	958
130	961
130	996
131	703
131	913
131	954
131	967
132	729
132	914
132	930
132	949
133	314
133	785
133	917
133	945
134	848
134	869
134	911
134	983
135	894
135	901
135	919
135	925
136	815
136	921
136	931
136	941
137	726
137	731
137	736
137	926
138	519
138	805
138	864
138	948
139	885
139	944
139	968
139	974
140	756
140	844
140	913
140	957
141	869
141	911
141	938
141	983
142	954
142	957
142	960
142	967
143	664
143	717
143	914
143	949
144	609
144	726
144	780
144	926
145	440
145	966
145	984
145	985
146	795
146	934
146	935
146	989
147	986
147	987
147	991
147	994
148	825
148	933
148	951
148	996
149	258
149	655
149	860
149	878
150	772
150	879
150	972
150	996
151	839
151	859
151	921
151	941
152	993
152	997
152	999
152	1000
153	273
153	866
153	910
153	915
154	951
154	961
154	972
154	996
155	317
155	911
155	936
155	983
156	233
156	922
156	957
156	975
157	259
157	632
157	681
157	988
158	223
158	812
158	891
158	948
159	911
159	938
159	965
159	983
160	793
160	927
160	935
160	989
161	799
161	920
161	942
161	978
162	403
162	649
162	655
162	735
163	801
163	814
163	935
163	989
164	308
164	566
164	738
164	910
165	824
165	929
165	969
165	970
166	846
166	876
166	995
166	998
167	759
167	889
167	902
167	928
168	993
168	997
168	999
168	1000
169	513
169	550
169	741
169	950
170	429
170	911
170	965
170	983
171	665
171	739
171	860
171	878
172	831
172	920
172	971
172	978
173	863
173	894
173	919
173	925
174	408
174	549
174	837
174	931
175	976
175	986
175	991
175	994
176	694
176	738
176	910
176	915
177	993
177	997
177	999
177	1000
178	735
178	739
178	860
178	878
179	608
179	823
179	995
179	998
180	892
180	936
180	965
180	983
181	689
181	993
181	999
181	1000
182	619
182	787
182	904
182	985
183	562
183	880
183	922
183	954
184	343
184	391
184	921
184	941
185	894
185	919
185	925
186	463
186	830
186	950
186	964
187	729
187	804
187	930
187	949
188	626
188	774
188	891
188	948
189	918
189	982
189	990
189	992
190	918
190	982
190	990
190	992
191	993
191	997
191	999
191	1000
192	955
192	993
192	997
192	1000
193	993
193	997
193	999
193	1000
194	482
194	929
194	969
194	970
195	895
195	912
195	968
195	974
196	555
196	670
196	930
196	949
197	76
197	555
197	884
197	914
198	943
198	951
198	961
198	996
199	943
199	958
199	961
199	996
200	712
200	865
200	904
200	984
201	670
201	804
201	914
201	949
202	811
202	853
202	950
202	964
203	874
203	904
203	966
203	985
204	889
204	902
204	928
204	932
205	922
205	954
205	957
205	960
206	450
206	828
206	836
206	988
207	827
207	859
207	921
207	941
208	612
208	929
208	969
208	970
209	947
209	990
209	992
210	882
210	963
210	979
211	271
211	358
211	869
211	938
212	799
212	887
212	971
212	978
213	858
213	997
213	999
213	1000
214	224
214	809
214	923
214	998
215	546
215	863
215	919
215	925
216	804
216	884
216	930
216	949
217	715
217	776
217	783
217	964
218	843
218	901
218	919
218	925
219	381
219	864
219	891
219	948
220	825
220	943
220	958
220	996
221	748
221	866
221	910
221	915
222	832
222	973
222	977
222	980
223	158
223	891
223	903
223	948
224	214
224	959
224	995
224	998
225	328
225	490
225	537
225	627
226	666
226	709
226	861
226	981
227	768
227	918
227	990
227	992
228	895
228	944
228	968
228	974
229	809
229	876
229	995
229	998
230	540
230	584
230	860
230	878
231	956
231	961
231	996
232	58
232	250
232	338
232	964
233	156
233	954
233	975
234	899
234	961
234	972
234	996
235	466
235	776
235	792
235	964
236	831
236	851
236	942
236	971
237	826
237	991
237	994
238	620
238	835
238	838
238	979
239	749
239	754
239	882
239	979
240	843
240	863
240	919
240	925
241	652
241	715
241	792
241	964
242	862
242	927
242	934
242	989
243	727
243	940
243	995
243	998
244	732
244	750
244	828
244	861
245	767
245	897
245	963
245	979
246	454
246	547
246	748
246	866
247	506
247	812
247	903
247	948
248	645
248	805
248	864
248	948
249	823
249	959
249	995
249	998
250	232
250	783
250	792
250	950
251	577
251	971
251	978
252	886
252	987
252	991
252	994
253	800
253	954
253	960
253	975
254	817
254	892
254	938
254	983
255	875
255	982
255	990
255	992
256	880
256	954
256	957
256	960
256	975
257	349
257	874
257	966
257	984
257	985
258	149
258	723
258	739
258	860
258	878
259	157
259	499
259	836
259	893
259	988
260	618
260	884
260	914
260	930
260	949
261	953
261	976
261	987
261	991
261	994
262	876
262	940
262	959
262	995
262	998
263	885
263	895
263	946
263	968
263	974
264	64
264	401
264	570
264	803
264	952
265	841
265	993
265	997
265	999
265	1000
266	769
266	943
266	951
266	961
266	996
267	840
267	947
267	982
267	990
267	992
268	346
268	831
268	851
268	971
268	978
269	485
269	792
269	811
269	830
269	950
270	759
270	816
270	819
270	928
270	932
271	211
271	892
271	936
271	965
271	983
272	679
272	813
272	907
272	935
272	989
273	153
273	464
273	738
273	910
273	915
274	743
274	884
274	914
274	930
274	949
275	638
275	835
275	897
275	963
275	979
276	951
276	958
276	961
276	972
276	996
277	286
277	567
277	624
277	983
278	769
278	956
278	958
278	972
278	996
279	423
279	852
279	973
279	977
279	980
280	706
280	717
280	804
280	930
280	949
281	704
281	793
281	855
281	862
281	935
282	933
282	958
282	961
282	972
282	996
283	376
283	661
283	904
283	984
283	985
284	820
284	851
284	942
284	971
284	978
285	877
285	944
285	946
285	968
285	974
286	277
286	320
286	938
286	965
286	983
287	67
287	587
287	695
287	721
287	926
288	816
288	819
288	872
288	928
288	932
289	613
289	805
289	891
289	903
289	948
290	819
290	872
290	889
290	928
290	932
291	372
291	443
291	638
291	835
291	963
292	602
292	694
292	790
292	910
292	915
293	376
293	904
293	966
293	984
293	985
294	95
294	397
294	917
294	945
294	952
295	688
295	843
295	894
295	901
295	919
296	566
296	643
296	748
296	910
296	915
297	611
297	621
297	929
297	969
297	970
298	840
298	947
298	982
298	990
298	992
299	743
299	845
299	914
299	930
299	949
300	771
300	808
300	865
300	966
300	984
301	668
301	852
301	937
301	962
301	980
302	699
302	819
302	872
302	902
302	932
303	906
303	953
303	976
303	986
303	994
304	875
304	947
304	982
304	990
304	992
305	858
305	955
305	997
305	999
305	1000
306	402
306	598
306	824
306	969
306	970
307	601
307	911
307	936
307	938
307	983
308	164
308	435
308	454
308	866
308	910
309	438
309	531
309	576
309	640
309	989
310	771
310	904
310	966
310	984
310	985
311	645
311	745
311	774
311	903
311	948
312	662
312	758
312	770
312	969
312	970
313	314
313	572
313	751
313	784
313	952
314	133
314	313
314	775
314	917
314	945
315	341
315	824
315	929
315	969
315	970
316	483
316	747
316	785
316	900
316	917
317	155
317	446
317	687
317	848
317	965
318	837
318	839
318	921
318	931
318	941
319	595
319	676
319	995
319	998
320	286
320	687
320	848
320	936
320	938
321	382
321	397
321	751
321	900
321	952
322	872
322	889
322	902
322	928
322	932
323	939
323	976
323	987
323	991
323	994
324	350
324	719
324	779
324	842
324	988
325	881
325	885
325	908
325	968
325	974
326	767
326	802
326	882
326	963
326	979
327	637
327	916
327	924
327	951
327	996
328	225
328	540
328	552
328	723
328	860
329	80
329	832
329	962
329	973
329	977
330	850
330	873
330	982
330	990
330	992
331	908
331	944
331	946
331	968
331	974
332	602
332	643
332	694
332	910
332	915
333	433
333	753
333	892
333	911
333	965
334	923
334	940
334	959
334	995
334	998
335	448
335	627
335	735
335	860
335	878
336	875
336	918
336	982
336	990
336	992
337	99
337	787
337	966
337	984
337	985
338	232
338	517
338	641
338	853
338	867
339	828
339	842
339	854
339	981
339	988
340	815
340	837
340	839
340	921
340	931
341	315
341	770
341	929
341	969
341	970
342	646
342	837
342	859
342	921
342	941
343	184
343	839
343	921
343	931
343	941
344	755
344	842
344	893
344	981
344	988
345	639
345	993
345	997
345	999
345	1000
346	268
346	831
346	851
346	971
346	978
347	722
347	885
347	908
347	968
347	974
348	518
348	872
348	889
348	902
348	932
349	257
349	578
349	651
349	984
349	985
350	324
350	666
350	893
350	981
350	988
351	408
351	815
351	827
351	859
351	931
352	598
352	611
352	929
352	969
352	970
353	555
353	845
353	884
353	914
353	949
354	890
354	895
354	946
354	968
354	974
355	534
355	823
355	959
355	995
355	998
356	391
356	815
356	859
356	931
356	941
357	644
357	962
357	973
357	977
357	980
358	211
358	601
358	817
358	869
358	983
359	366
359	824
359	929
359	969
359	970
360	607
360	855
360	862
360	907
360	927
361	698
361	852
361	973
361	977
361	980
362	870
362	923
362	959
362	995
362	998
363	823
363	940
363	959
363	995
363	998
364	854
364	861
364	893
364	981
364	988
365	475
365	816
365	819
365	889
365	928
366	359
366	612
366	929
366	969
366	970
367	875
367	947
367	982
367	990
367	992
368	616
368	838
368	882
368	963
368	979
369	556
369	710
369	770
369	969
369	970
370	478
370	695
370	736
370	780
370	926
371	532
371	536
371	740
371	977
371	980
372	291
372	802
372	882
372	963
372	979
373	899
373	924
373	951
373	956
373	996
374	699
374	889
374	902
374	928
374	932
375	850
375	947
375	982
375	990
375	992
376	283
376	293
376	966
376	984
376	985
377	786
377	799
377	942
377	971
377	978
378	881
378	944
378	946
378	968
378	974
379	825
379	924
379	933
379	972
379	996
380	693
380	955
380	997
380	999
380	1000
381	219
381	812
381	891
381	903
381	948
382	321
382	751
382	803
382	896
382	952
383	838
383	882
383	897
383	963
383	979
384	905
384	913
384	954
384	960
384	967
385	707
385	898
385	954
385	960
385	967
386	753
386	848
386	892
386	936
386	965
387	843
387	863
387	901
387	919
387	925
388	579
388	609
388	718
388	778
388	926
389	462
389	612
389	929
389	969
389	970
390	480
390	850
390	982
390	990
390	992
391	184
391	356
391	827
391	921
391	941
392	512
392	745
392	774
392	891
392	948
393	955
393	993
393	997
393	999
393	1000
394	818
394	892
394	911
394	936
394	965
395	481
395	872
395	889
395	928
395	932
396	742
396	937
396	962
396	977
396	980
397	294
397	321
397	803
397	900
397	952
398	547
398	566
398	789
398	866
398	915
399	612
399	758
399	929
399	969
399	970
400	638
400	754
400	835
400	838
400	979
401	264
401	775
401	784
401	945
401	952
402	306
402	824
402	929
402	969
402	970
403	162
403	526
403	856
403	860
403	878
404	826
404	953
404	987
404	991
404	994
405	455
405	490
405	584
405	739
405	856
406	434
406	940
406	959
406	995
406	998
407	570
407	684
407	785
407	917
407	952
408	174
408	351
408	837
408	931
408	941
409	833
409	880
409	922
409	967
409	975
410	671
410	940
410	959
410	995
410	998
411	681
411	836
411	861
411	981
411	988
412	955
412	993
412	997
412	999
412	1000
413	125
413	431
413	794
413	808
413	904
414	880
414	905
414	954
414	967
414	975
415	906
415	939
415	976
415	987
415	991
415	994
416	699
416	759
416	889
416	902
416	928
416	932
417	873
417	918
417	947
417	982
417	990
417	992
418	677
418	693
418	993
418	997
418	999
418	1000
419	563
419	616
419	802
419	897
419	963
419	979
420	425
420	880
420	922
420	957
420	967
420	975
421	670
421	706
421	743
421	845
421	930
421	949
422	843
422	863
422	894
422	901
422	919
422	925
423	279
423	832
423	937
423	962
423	973
423	977
424	879
424	924
424	943
424	951
424	956
424	996
425	420
425	763
425	922
425	957
425	960
425	975
426	56
426	855
426	907
426	934
426	935
426	989
427	487
427	656
427	940
427	959
427	995
427	998
428	622
428	837
428	839
428	921
428	931
428	941
429	170
429	711
429	766
429	938
429	965
429	983
430	881
430	908
430	912
430	944
430	946
430	974
431	128
431	413
431	771
431	874
431	966
431	985
432	554
432	570
432	684
432	896
432	917
432	952
433	333
433	461
433	673
433	687
433	818
433	911
434	406
434	595
434	625
434	959
434	995
434	998
435	308
435	602
435	789
435	790
435	910
435	915
436	759
436	816
436	889
436	902
436	928
436	932
437	781
437	888
437	937
437	962
437	973
437	980
438	309
438	576
438	813
438	907
438	934
438	989
439	583
439	775
439	896
439	900
439	917
439	945
440	145
440	712
440	904
440	966
440	984
440	985
441	781
441	937
441	962
441	973
441	977
441	980
442	843
442	863
442	894
442	901
442	919
442	925
443	291
443	510
443	835
443	882
443	897
443	963
444	763
444	844
444	880
444	898
444	905
444	913
445	840
445	918
445	947
445	982
445	990
445	992
446	317
446	817
446	818
446	892
446	911
446	965
447	497
447	632
447	658
447	779
447	828
447	988
448	335
448	490
448	627
448	649
448	860
448	878
449	737
449	955
449	993
449	997
449	999
449	1000
450	71
450	206
450	836
450	842
450	981
450	988
451	466
451	513
451	776
451	830
451	950
451	964
452	593
452	785
452	896
452	900
452	945
452	952
453	85
453	754
453	838
453	897
453	963
453	979
454	246
454	308
454	566
454	789
454	910
454	915
455	405
455	526
455	735
455	739
455	856
455	878
456	843
456	863
456	894
456	901
456	919
456	925
457	497
457	528
457	779
457	828
457	981
457	988
458	814
458	862
458	907
458	927
458	934
458	989
459	669
459	786
459	887
459	942
459	971
459	978
460	881
460	890
460	895
460	912
460	944
460	974
461	433
461	567
461	936
461	938
461	965
461	983
462	389
462	710
462	758
462	929
462	969
462	970
463	57
463	186
463	811
463	830
463	950
463	964
464	273
464	602
464	738
464	866
464	910
464	915
465	810
465	898
465	954
465	957
465	967
465	975
466	235
466	451
466	551
466	741
466	867
466	964
467	569
467	634
467	876
467	959
467	995
467	998
468	768
468	840
468	873
468	982
468	990
468	992
469	541
469	546
469	894
469	901
469	919
469	925
470	36
470	795
470	813
470	862
470	927
470	989
471	808
471	865
471	874
471	966
471	984
471	985
472	505
472	507
472	518
472	816
472	902
472	932
473	594
473	603
473	661
473	966
473	984
473	985
474	616
474	754
474	788
474	802
474	835
474	979
475	8
475	365
475	507
475	889
475	928
475	932
476	820
476	887
476	920
476	942
476	971
476	978
477	933
477	956
477	958
477	961
477	972
477	996
478	67
478	370
478	585
478	718
478	736
478	926
479	815
479	827
479	839
479	859
479	921
479	931
480	390
480	918
480	947
480	982
480	990
480	992
481	395
481	816
481	889
481	902
481	928
481	932
482	194
482	710
482	770
482	824
482	969
482	970
483	316
483	784
483	803
483	917
483	945
483	952
484	598
484	758
484	824
484	929
484	969
484	970
485	269
485	550
485	635
485	652
485	830
485	950
486	823
486	846
486	876
486	940
486	995
486	998
487	427
487	809
487	870
487	940
487	995
487	998
488	834
488	955
488	993
488	997
488	999
488	1000
489	583
489	775
489	803
489	900
489	917
489	945
490	225
490	405
490	448
490	552
490	735
490	860
491	541
491	688
491	894
491	901
491	919
491	925
492	622
492	646
492	839
492	921
492	931
492	941
493	703
493	913
493	922
493	954
493	957
493	975
494	879
494	943
494	951
494	956
494	972
494	996
495	557
495	688
495	894
495	901
495	919
495	925
496	939
496	976
496	986
496	987
496	991
496	994
497	447
497	457
497	700
497	755
497	893
497	981
498	37
498	719
498	732
498	861
498	981
498	988
499	259
499	528
499	666
499	709
499	842
499	981
500	60
500	692
500	838
500	882
500	963
500	979
501	815
501	827
501	837
501	921
501	931
501	941
502	793
502	813
502	927
502	934
502	935
502	989
503	847
503	887
503	920
503	942
503	971
503	978
504	549
504	827
504	837
504	839
504	931
504	941
505	472
505	872
505	889
505	902
505	928
505	932
506	247
506	745
506	774
506	891
506	903
506	948
507	472
507	475
507	759
507	902
507	928
507	932
508	579
508	588
508	609
508	650
508	780
508	926
509	720
509	722
509	890
509	944
509	968
509	974
510	443
510	701
510	802
510	838
510	963
510	979
511	877
511	881
511	890
511	944
511	946
511	974
512	111
512	392
512	519
512	864
512	903
512	948
513	169
513	451
513	652
513	830
513	950
513	964
514	631
514	696
514	937
514	973
514	977
514	980
515	653
515	793
515	855
515	934
515	935
515	989
516	543
516	732
516	842
516	893
516	981
516	988
517	338
517	550
517	730
517	811
517	853
517	867
517	964
518	348
518	472
518	819
518	872
518	902
518	928
518	932
519	138
519	512
519	745
519	864
519	891
519	903
519	948
520	773
520	834
520	955
520	993
520	997
520	999
520	1000
521	777
521	818
521	869
521	892
521	911
521	936
521	983
522	831
522	847
522	887
522	920
522	942
522	971
522	978
523	682
523	698
523	888
523	937
523	962
523	973
523	980
524	705
524	737
524	955
524	993
524	997
524	999
524	1000
525	724
525	840
525	850
525	947
525	982
525	990
525	992
526	403
526	455
526	584
526	723
526	739
526	856
526	860
527	765
527	801
527	907
527	927
527	934
527	935
527	989
528	457
528	499
528	632
528	719
528	854
528	981
528	988
529	635
529	776
529	783
529	811
529	853
529	867
529	964
530	658
530	709
530	779
530	842
530	854
530	893
530	981
531	309
531	672
531	746
531	813
531	934
531	935
531	989
532	371
532	668
532	682
532	781
532	962
532	973
532	980
533	768
533	873
533	875
533	918
533	947
533	990
533	992
534	355
534	809
534	923
534	940
534	959
534	995
534	998
535	924
535	933
535	943
535	956
535	961
535	972
535	996
536	371
536	568
536	781
536	852
536	962
536	973
536	977
537	225
537	564
537	649
537	655
537	723
537	735
537	856
538	624
538	818
538	848
538	892
538	936
538	965
538	983
539	631
539	832
539	852
539	888
539	973
539	977
539	980
540	230
540	328
540	564
540	649
540	723
540	735
540	856
541	469
541	491
541	843
541	894
541	901
541	919
541	925
542	883
542	906
542	976
542	986
542	987
542	991
542	994
543	516
543	658
543	681
543	732
543	854
543	981
543	988
544	820
544	851
544	887
544	920
544	942
544	971
544	978
545	120
545	841
545	955
545	993
545	997
545	999
545	1000
546	215
546	469
546	843
546	863
546	894
546	901
546	925
547	246
547	398
547	694
547	789
547	866
547	910
547	915
548	596
548	689
548	858
548	993
548	997
548	999
548	1000
549	84
549	174
549	504
549	827
549	921
549	931
549	941
550	169
550	485
550	517
550	730
550	792
550	811
550	950
551	58
551	466
551	715
551	830
551	867
551	950
551	964
552	328
552	490
552	584
552	723
552	856
552	860
552	866
553	583
553	684
553	784
553	797
553	896
553	945
553	952
554	432
554	573
554	686
554	797
554	803
554	917
554	952
555	196
555	197
555	353
555	618
555	659
555	706
555	884
556	369
556	662
556	758
556	824
556	929
556	969
556	970
557	495
557	843
557	863
557	894
557	901
557	919
557	925
558	663
558	727
558	923
558	940
558	959
558	995
558	998
559	646
559	827
559	839
559	859
559	921
559	931
559	941
560	906
560	909
560	953
560	976
560	986
560	991
560	994
561	640
561	765
561	782
561	795
561	927
561	934
561	989
562	183
562	844
562	871
562	957
562	960
562	967
562	975
563	419
563	638
563	701
563	788
563	897
563	963
563	979
564	127
564	537
564	540
564	649
564	655
564	856
564	878
565	117
565	641
565	652
565	830
565	867
565	950
565	964
566	164
566	296
566	398
566	454
566	790
566	910
566	915
567	277
567	461
567	673
567	818
567	938
567	965
567	983
568	536
568	636
568	644
568	888
568	962
568	973
568	980
569	467
569	727
569	762
569	870
569	940
569	995
569	998
570	264
570	407
570	432
570	686
570	747
570	900
570	945
571	598
571	611
571	621
571	824
571	929
571	969
571	970
572	313
572	573
572	684
572	797
572	896
572	945
572	952
573	554
573	572
573	686
573	775
573	896
573	900
573	952
574	729
574	743
574	845
574	884
574	914
574	930
574	949
575	850
575	873
575	875
575	947
575	982
575	990
575	992
576	309
576	438
576	814
576	855
576	907
576	934
576	989
577	251
577	820
577	851
577	920
577	942
577	971
577	978
578	349
578	651
578	661
578	794
578	904
578	984
578	985
579	388
579	508
579	650
579	680
579	726
579	778
579	926
580	756
580	880
580	898
580	954
580	957
580	967
580	975
581	685
581	745
581	805
581	812
581	864
581	903
581	948
582	614
582	877
582	885
582	895
582	912
582	946
582	968
583	439
583	489
583	553
583	785
583	896
583	917
583	945
584	230
584	405
584	526
584	552
584	665
584	739
584	856
585	67
585	478
585	695
585	736
585	778
585	780
585	926
586	106
586	594
586	633
586	874
586	966
586	984
586	985
587	287
587	609
587	680
587	718
587	726
587	736
587	926
588	508
588	609
588	695
588	718
588	721
588	780
588	926
589	708
589	752
589	852
589	888
589	962
589	977
589	980
590	659
590	717
590	743
590	845
590	884
590	914
590	930
590	949
591	899
591	933
591	943
591	956
591	958
591	961
591	972
591	996
592	737
592	834
592	841
592	955
592	993
592	997
592	999
592	1000
593	4
593	452
593	784
593	797
593	896
593	917
593	945
593	952
594	473
594	586
594	661
594	808
594	874
594	904
594	984
594	985
595	319
595	434
595	846
595	923
595	940
595	959
595	995
595	998
596	548
596	702
596	849
596	955
596	993
596	997
596	999
596	1000
597	840
597	850
597	873
597	918
597	947
597	982
597	990
597	992
598	306
598	352
598	484
598	571
598	611
598	929
598	969
598	970
599	602
599	643
599	738
599	748
599	790
599	866
599	910
599	915
600	844
600	898
600	905
600	922
600	957
600	960
600	967
600	975
601	307
601	358
601	777
601	869
601	936
601	938
601	965
601	983
602	292
602	332
602	435
602	464
602	599
602	866
602	910
602	915
603	473
603	787
603	865
603	874
603	904
603	966
603	984
603	985
604	822
604	879
604	899
604	943
604	951
604	961
604	972
604	996
605	660
605	841
605	849
605	955
605	993
605	997
605	999
605	1000
606	617
606	690
606	799
606	820
606	847
606	942
606	971
606	978
607	360
607	653
607	746
607	782
607	814
607	862
607	935
607	989
608	179
608	676
608	809
608	870
608	876
608	959
608	995
608	998
609	27
609	144
609	388
609	508
609	587
609	588
609	736
609	926
610	791
610	886
610	909
610	953
610	976
610	986
610	987
610	991
611	297
611	352
611	571
611	598
611	621
611	758
611	969
611	970
612	42
612	208
612	366
612	389
612	399
612	824
612	969
612	970
613	289
613	645
613	685
613	805
613	864
613	891
613	903
613	948
614	582
614	728
614	744
614	885
614	944
614	946
614	968
614	974
615	32
615	799
615	847
615	851
615	887
615	920
615	942
615	978
616	368
616	419
616	474
616	754
616	838
616	882
616	963
616	979
617	606
617	831
617	847
617	851
617	887
617	920
617	971
617	978
618	260
618	555
618	664
618	706
618	845
618	914
618	930
618	949
619	182
619	633
619	712
619	771
619	865
619	966
619	984
619	985
620	107
620	238
620	754
620	767
620	802
620	882
620	963
620	979
621	297
621	571
621	611
621	710
621	770
621	929
621	969
621	970
622	35
622	428
622	492
622	815
622	859
622	921
622	931
622	941
623	786
623	799
623	847
623	887
623	920
623	942
623	971
623	978
624	277
624	538
624	817
624	818
624	869
624	911
624	938
624	965
625	434
625	663
625	846
625	876
625	923
625	940
625	995
625	998
626	188
626	774
626	805
626	812
626	864
626	891
626	903
626	948
627	225
627	335
627	448
627	665
627	723
627	735
627	856
627	878
628	883
628	886
628	909
628	939
628	986
628	987
628	991
628	994
629	651
629	787
629	794
629	865
629	874
629	966
629	984
629	985
630	868
630	886
630	909
630	939
630	986
630	987
630	991
630	994
631	514
631	539
631	696
631	888
631	937
631	962
631	977
631	980
632	157
632	447
632	528
632	666
632	732
632	836
632	842
632	988
633	586
633	619
633	771
633	808
633	865
633	874
633	966
633	984
634	467
634	727
634	762
634	823
634	923
634	940
634	995
634	998
635	485
635	529
635	641
635	715
635	730
635	853
635	867
635	950
636	568
636	742
636	781
636	888
636	937
636	973
636	977
636	980
637	327
637	899
637	916
637	924
637	956
637	958
637	972
637	996
638	275
638	291
638	400
638	563
638	749
638	897
638	963
638	979
639	345
639	737
639	841
639	849
639	955
639	993
639	997
639	999
639	1000
640	309
640	561
640	704
640	795
640	862
640	907
640	927
640	934
640	989
641	338
641	565
641	635
641	657
641	792
641	853
641	867
641	950
641	964
642	720
642	722
642	821
642	908
642	912
642	944
642	946
642	968
642	974
643	296
643	332
643	599
643	748
643	789
643	790
643	866
643	910
643	915
644	357
644	568
644	708
644	740
644	888
644	937
644	973
644	977
644	980
645	104
645	248
645	311
645	613
645	812
645	864
645	891
645	903
645	948
646	79
646	342
646	492
646	559
646	837
646	839
646	859
646	931
646	941
647	877
647	890
647	895
647	908
647	912
647	944
647	946
647	968
647	974
648	857
648	883
648	906
648	939
648	953
648	976
648	987
648	991
648	994
649	162
649	448
649	537
649	540
649	564
649	655
649	856
649	860
649	878
650	122
650	508
650	579
650	680
650	721
650	726
650	736
650	778
650	926
651	349
651	578
651	629
651	794
651	865
651	904
651	966
651	984
651	985
652	41
652	241
652	485
652	513
652	565
652	715
652	776
652	950
652	964
653	515
653	607
653	672
653	765
653	814
653	855
653	907
653	934
653	989
654	671
654	676
654	846
654	870
654	876
654	923
654	959
654	995
654	998
655	149
655	162
655	537
655	564
655	649
655	665
655	723
655	856
655	878
656	129
656	427
656	762
656	870
656	876
656	923
656	959
656	995
656	998
657	41
657	641
657	741
657	776
657	792
657	811
657	867
657	950
657	964
658	447
658	530
658	543
658	666
658	709
658	861
658	893
658	981
658	988
659	555
659	590
659	706
659	717
659	845
659	884
659	914
659	930
659	949
660	605
660	705
660	849
660	858
660	955
660	993
660	997
660	999
660	1000
661	283
661	473
661	578
661	594
661	771
661	904
661	966
661	984
661	985
662	312
662	556
662	710
662	758
662	770
662	824
662	929
662	969
662	970
663	558
663	625
663	683
663	823
663	870
663	923
663	959
663	995
663	998
664	143
664	618
664	729
664	804
664	845
664	884
664	914
664	930
664	949
665	127
665	171
665	584
665	627
665	655
665	723
665	739
665	860
665	878
666	226
666	350
666	499
666	632
666	658
666	700
666	854
666	981
666	988
667	105
667	708
667	742
667	888
667	937
667	962
667	973
667	977
667	980
668	301
668	532
668	698
668	832
668	852
668	937
668	962
668	977
668	980
669	459
669	690
669	786
669	820
669	831
669	847
669	920
669	942
669	978
670	196
670	201
670	421
670	804
670	845
670	884
670	914
670	930
670	949
671	410
671	654
671	683
671	870
671	923
671	940
671	959
671	995
671	998
672	33
672	531
672	653
672	813
672	814
672	907
672	927
672	934
672	989
673	433
673	567
673	697
673	711
673	753
673	892
673	938
673	965
673	983
674	844
674	898
674	905
674	913
674	922
674	954
674	957
674	960
674	975
675	72
675	800
675	871
675	880
675	913
675	922
675	957
675	960
675	975
676	319
676	608
676	654
676	727
676	762
676	923
676	940
676	995
676	998
677	418
677	693
677	737
677	858
677	955
677	993
677	997
677	999
677	1000
678	857
678	909
678	939
678	953
678	976
678	986
678	987
678	991
678	994
679	34
679	272
679	746
679	765
679	801
679	813
679	927
679	935
679	989
680	94
680	579
680	587
680	650
680	721
680	726
680	731
680	780
680	926
681	78
681	157
681	411
681	543
681	836
681	861
681	893
681	981
681	988
682	523
682	532
682	752
682	888
682	937
682	962
682	973
682	977
682	980
683	663
683	671
683	809
683	870
683	923
683	940
683	959
683	995
683	998
684	64
684	407
684	432
684	553
684	572
684	896
684	900
684	945
684	952
685	581
685	613
685	774
685	805
685	812
685	864
685	891
685	903
685	948
686	554
686	570
686	573
686	784
686	785
686	896
686	900
686	917
686	945
686	952
687	317
687	320
687	433
687	766
687	848
687	869
687	892
687	936
687	938
687	983
688	110
688	295
688	491
688	495
688	843
688	863
688	894
688	901
688	919
688	925
689	181
689	548
689	773
689	834
689	841
689	849
689	993
689	997
689	999
689	1000
690	606
690	669
690	820
690	831
690	847
690	851
690	887
690	920
690	971
690	978
691	796
691	829
691	909
691	939
691	953
691	976
691	986
691	987
691	991
691	994
692	50
692	81
692	500
692	754
692	767
692	788
692	802
692	835
692	963
692	979
693	380
693	418
693	677
693	841
693	849
693	955
693	993
693	997
693	999
693	1000
694	176
694	292
694	332
694	547
694	738
694	748
694	789
694	790
694	866
694	915
695	27
695	287
695	370
695	585
695	588
695	721
695	731
695	778
695	780
695	926
696	514
696	631
696	742
696	832
696	888
696	937
696	962
696	973
696	977
696	980
697	673
697	716
697	753
697	766
697	777
697	911
697	936
697	938
697	965
697	983
698	361
698	523
698	668
698	781
698	832
698	852
698	962
698	973
698	977
698	980
699	66
699	302
699	374
699	416
699	816
699	819
699	872
699	889
699	902
699	928
700	71
700	497
700	666
700	750
700	779
700	836
700	854
700	893
700	981
700	988
701	108
701	510
701	563
701	749
701	788
701	835
701	838
701	882
701	897
701	979
702	596
702	834
702	841
702	849
702	858
702	955
702	993
702	997
702	999
702	1000
703	131
703	493
703	800
703	913
703	922
703	954
703	957
703	960
703	967
703	975
704	281
704	640
704	765
704	795
704	801
704	813
704	862
704	927
704	935
704	989
705	524
705	660
705	773
705	834
705	858
705	955
705	993
705	997
705	999
705	1000
706	280
706	421
706	555
706	618
706	659
706	743
706	804
706	884
706	930
706	949
707	385
707	800
707	810
707	871
707	905
707	913
707	922
707	954
707	957
707	960
708	589
708	644
708	667
708	852
708	888
708	937
708	962
708	973
708	977
708	980
709	226
709	499
709	530
709	658
709	732
709	750
709	836
709	861
709	981
709	988
710	42
710	369
710	462
710	482
710	621
710	662
710	770
710	929
710	969
710	970
711	429
711	673
711	777
711	818
711	848
711	892
711	911
711	938
711	965
711	983
712	18
712	200
712	440
712	619
712	794
712	865
712	874
712	966
712	984
712	985
713	724
713	768
713	850
713	873
713	875
713	918
713	947
713	982
713	990
713	992
714	879
714	899
714	916
714	933
714	943
714	951
714	956
714	958
714	972
714	996
715	41
715	217
715	241
715	551
715	635
715	652
715	730
715	783
715	950
715	964
716	697
716	753
716	766
716	817
716	848
716	892
716	911
716	936
716	965
716	983
717	143
717	280
717	590
717	659
717	729
717	845
717	884
717	914
717	930
717	949
718	388
718	478
718	587
718	588
718	721
718	726
718	731
718	736
718	778
718	926
719	116
719	324
719	498
719	528
719	750
719	828
719	836
719	854
719	861
719	981
719	988
720	509
720	642
720	881
720	885
720	890
720	895
720	908
720	912
720	944
720	946
720	968
721	287
721	588
721	650
721	680
721	695
721	718
721	726
721	731
721	778
721	780
721	926
722	347
722	509
722	642
722	881
722	890
722	895
722	912
722	944
722	946
722	968
722	974
723	258
723	328
723	526
723	537
723	540
723	552
723	627
723	655
723	665
723	856
723	878
724	525
724	713
724	840
724	850
724	873
724	875
724	918
724	947
724	982
724	990
724	992
725	764
725	825
725	899
725	916
725	924
725	933
725	951
725	956
725	958
725	972
725	996
726	137
726	144
726	579
726	587
726	650
726	680
726	718
726	721
726	731
726	780
726	926
727	44
727	243
727	558
727	569
727	634
727	676
727	823
727	870
727	923
727	995
727	998
728	614
728	744
728	807
728	877
728	885
728	890
728	908
728	912
728	944
728	946
728	974
729	132
729	187
729	574
729	664
729	717
729	804
729	845
729	884
729	914
729	930
729	949
730	517
730	550
730	635
730	715
730	741
730	783
730	811
730	830
730	853
730	950
730	964
731	122
731	137
731	680
731	695
731	718
731	721
731	726
731	736
731	778
731	780
731	926
732	244
732	498
732	516
732	543
732	632
732	709
732	828
732	861
732	893
732	981
732	988
733	807
733	821
733	877
733	881
733	885
733	908
733	912
733	944
733	946
733	968
733	974
734	857
734	868
734	883
734	906
734	909
734	953
734	976
734	986
734	987
734	991
734	994
735	162
735	178
735	335
735	455
735	490
735	537
735	540
735	627
735	739
735	856
735	878
736	137
736	370
736	478
736	585
736	587
736	609
736	650
736	718
736	731
736	778
736	926
737	449
737	524
737	592
737	639
737	677
737	858
737	955
737	993
737	997
737	999
737	1000
738	164
738	176
738	273
738	464
738	599
738	694
738	789
738	790
738	866
738	910
738	915
739	171
739	178
739	258
739	405
739	455
739	526
739	584
739	665
739	735
739	860
739	878
740	371
740	644
740	742
740	752
740	781
740	888
740	937
740	962
740	973
740	977
740	980
741	93
741	169
741	466
741	657
741	730
741	776
741	830
741	853
741	867
741	950
741	964
742	396
742	636
742	667
742	696
742	740
742	832
742	937
742	962
742	973
742	977
742	980
743	274
743	299
743	421
743	574
743	590
743	706
743	804
743	884
743	914
743	930
743	949
744	614
744	728
744	821
744	877
744	881
744	885
744	890
744	908
744	912
744	968
744	974
745	104
745	311
745	392
745	506
745	519
745	581
745	805
745	812
745	864
745	903
745	948
746	28
746	531
746	607
746	679
746	793
746	801
746	813
746	862
746	907
746	927
746	989
747	316
747	570
747	751
747	775
747	785
747	797
747	803
747	896
747	900
747	945
747	952
748	221
748	246
748	296
748	599
748	643
748	694
748	789
748	790
748	866
748	910
748	915
749	85
749	239
749	638
749	701
749	767
749	788
749	838
749	882
749	897
749	963
749	979
750	244
750	700
750	709
750	719
750	755
750	779
750	836
750	861
750	893
750	981
750	988
751	49
751	313
751	321
751	382
751	747
751	775
751	797
751	896
751	900
751	945
751	952
752	21
752	589
752	682
752	740
752	832
752	852
752	888
752	937
752	973
752	977
752	980
753	333
753	386
753	673
753	697
753	716
753	817
753	818
753	869
753	911
753	938
753	983
754	239
754	400
754	453
754	474
754	616
754	620
754	692
754	835
754	882
754	897
754	979
755	116
755	344
755	497
755	750
755	779
755	828
755	842
755	854
755	893
755	981
755	988
756	140
756	580
756	810
756	871
756	880
756	898
756	905
756	913
756	960
756	967
756	975
757	772
757	806
757	825
757	879
757	899
757	916
757	924
757	956
757	958
757	961
757	972
757	996
758	312
758	399
758	462
758	484
758	556
758	611
758	662
758	770
758	824
758	929
758	969
758	970
759	167
759	270
759	416
759	436
759	507
759	816
759	819
759	872
759	889
759	902
759	928
759	932
760	829
760	868
760	883
760	886
760	906
760	939
760	953
760	976
760	986
760	987
760	991
760	994
761	764
761	825
761	879
761	916
761	924
761	943
761	951
761	956
761	958
761	961
761	972
761	996
762	129
762	569
762	634
762	656
762	676
762	809
762	870
762	923
762	940
762	959
762	995
762	998
763	425
763	444
763	871
763	880
763	898
763	905
763	913
763	954
763	957
763	960
763	967
763	975
764	725
764	761
764	822
764	899
764	916
764	933
764	951
764	956
764	958
764	961
764	972
764	996
765	19
765	527
765	561
765	653
765	679
765	704
765	813
765	855
765	927
765	934
765	935
765	989
766	429
766	687
766	697
766	716
766	818
766	869
766	892
766	911
766	936
766	938
766	965
766	983
767	89
767	245
767	326
767	620
767	692
767	749
767	802
767	835
767	882
767	897
767	963
767	979
768	227
768	468
768	533
768	713
768	840
768	873
768	875
768	918
768	947
768	982
768	990
768	992
769	266
769	278
769	899
769	916
769	924
769	933
769	943
769	951
769	956
769	961
769	972
769	996
770	53
770	312
770	341
770	369
770	482
770	621
770	662
770	710
770	758
770	929
770	969
770	970
771	300
771	310
771	431
771	619
771	633
771	661
771	787
771	808
771	865
771	874
771	984
771	985
772	150
772	757
772	822
772	916
772	924
772	933
772	943
772	956
772	958
772	961
772	972
772	996
773	520
773	689
773	705
773	834
773	841
773	849
773	858
773	955
773	993
773	997
773	999
773	1000
774	188
774	311
774	392
774	506
774	626
774	685
774	805
774	812
774	864
774	891
774	903
774	948
775	314
775	401
775	439
775	489
775	573
775	747
775	751
775	785
775	797
775	896
775	945
775	952
776	117
776	217
776	235
776	451
776	529
776	652
776	657
776	741
776	783
776	853
776	950
776	964
777	521
777	601
777	697
777	711
777	848
777	869
777	892
777	911
777	936
777	938
777	965
777	983
778	27
778	122
778	388
778	579
778	585
778	650
778	695
778	718
778	721
778	731
778	736
778	926
779	78
779	324
779	447
779	457
779	530
779	700
779	750
779	755
779	854
779	893
779	981
779	988
780	94
780	144
780	370
780	508
780	585
780	588
780	680
780	695
780	721
780	726
780	731
780	926
781	437
781	441
781	532
781	536
781	636
781	698
781	740
781	852
781	937
781	962
781	973
781	977
782	561
782	607
782	793
782	795
782	814
782	855
782	862
782	907
782	927
782	934
782	935
782	989
783	91
783	93
783	217
783	250
783	529
783	715
783	730
783	776
783	811
783	853
783	867
783	950
783	964
784	49
784	313
784	401
784	483
784	553
784	593
784	686
784	785
784	803
784	900
784	917
784	945
784	952
785	133
785	316
785	407
785	452
785	583
785	686
785	747
785	775
785	784
785	896
785	900
785	917
785	945
786	30
786	377
786	459
786	623
786	669
786	820
786	847
786	851
786	887
786	920
786	942
786	971
786	978
787	182
787	337
787	603
787	629
787	771
787	794
787	808
787	865
787	874
787	904
787	966
787	984
787	985
788	50
788	89
788	474
788	563
788	692
788	701
788	749
788	835
788	838
788	882
788	897
788	963
788	979
789	86
789	398
789	435
789	454
789	547
789	643
789	694
789	738
789	748
789	790
789	866
789	910
789	915
790	86
790	292
790	435
790	566
790	599
790	643
790	694
790	738
790	748
790	789
790	866
790	910
790	915
791	610
791	798
791	868
791	883
791	886
791	906
791	939
791	953
791	976
791	986
791	987
791	991
791	994
792	93
792	117
792	235
792	241
792	250
792	269
792	550
792	641
792	657
792	830
792	867
792	950
792	964
793	33
793	160
793	281
793	502
793	515
793	746
793	782
793	795
793	855
793	907
793	927
793	935
793	989
794	63
794	413
794	578
794	629
794	651
794	712
794	787
794	808
794	865
794	874
794	904
794	966
794	985
795	146
795	470
795	561
795	640
795	704
795	782
795	793
795	801
795	907
795	927
795	934
795	935
795	989
796	691
796	829
796	883
796	886
796	906
796	909
796	939
796	953
796	976
796	986
796	987
796	991
796	994
797	115
797	553
797	554
797	572
797	593
797	747
797	751
797	775
797	896
797	900
797	917
797	945
797	952
798	791
798	868
798	883
798	886
798	906
798	909
798	939
798	953
798	976
798	986
798	987
798	991
798	994
799	161
799	212
799	377
799	606
799	615
799	623
799	820
799	831
799	847
799	887
799	942
799	971
799	978
800	253
800	675
800	703
800	707
800	833
800	871
800	898
800	905
800	922
800	957
800	960
800	967
800	975
801	163
801	527
801	679
801	704
801	746
801	795
801	813
801	814
801	907
801	927
801	934
801	935
801	989
802	81
802	326
802	372
802	419
802	474
802	510
802	620
802	692
802	767
802	835
802	897
802	963
802	979
803	118
803	264
803	382
803	397
803	483
803	489
803	554
803	747
803	784
803	896
803	900
803	917
803	945
803	952
804	187
804	201
804	216
804	280
804	664
804	670
804	706
804	729
804	743
804	845
804	884
804	914
804	930
804	949
805	138
805	248
805	289
805	581
805	613
805	626
805	685
805	745
805	774
805	812
805	864
805	891
805	903
805	948
806	757
806	822
806	879
806	899
806	916
806	924
806	933
806	943
806	951
806	956
806	958
806	961
806	972
806	996
807	728
807	733
807	821
807	877
807	881
807	885
807	890
807	895
807	908
807	912
807	944
807	946
807	968
807	974
808	113
808	300
808	413
808	471
808	594
808	633
808	771
808	787
808	794
808	865
808	904
808	966
808	984
808	985
809	214
809	229
809	487
809	534
809	608
809	683
809	762
809	846
809	876
809	923
809	940
809	959
809	995
809	998
810	465
810	707
810	756
810	844
810	871
810	880
810	898
810	905
810	913
810	954
810	957
810	960
810	967
810	975
811	58
811	202
811	269
811	463
811	517
811	529
811	550
811	657
811	730
811	783
811	853
811	867
811	950
811	964
812	158
812	247
812	381
812	581
812	626
812	645
812	685
812	745
812	774
812	805
812	864
812	891
812	903
812	948
813	272
813	438
813	470
813	502
813	531
813	672
813	679
813	704
813	746
813	765
813	801
813	814
813	927
813	989
814	36
814	163
814	458
814	576
814	607
814	653
814	672
814	782
814	801
814	813
814	855
814	907
814	935
814	989
815	136
815	340
815	351
815	356
815	479
815	501
815	622
815	827
815	837
815	839
815	859
815	921
815	931
815	941
816	3
816	270
816	288
816	365
816	436
816	472
816	481
816	699
816	759
816	819
816	872
816	902
816	928
816	932
817	109
817	254
817	358
817	446
817	624
817	716
817	753
817	818
817	869
817	892
817	911
817	936
817	938
817	965
817	983
818	394
818	433
818	446
818	521
818	538
818	567
818	624
818	711
818	753
818	766
818	817
818	936
818	938
818	965
818	983
819	3
819	52
819	270
819	288
819	290
819	302
819	365
819	518
819	699
819	759
819	816
819	872
819	889
819	902
819	932
820	10
820	92
820	284
820	476
820	544
820	577
820	606
820	669
820	690
820	786
820	799
820	887
820	920
820	942
820	978
821	5
821	642
821	733
821	744
821	807
821	877
821	881
821	890
821	895
821	908
821	912
821	944
821	946
821	968
821	974
822	604
822	764
822	772
822	806
822	879
822	899
822	916
822	933
822	943
822	951
822	956
822	958
822	961
822	972
822	996
823	119
823	179
823	249
823	355
823	363
823	486
823	634
823	663
823	727
823	846
823	876
823	923
823	940
823	995
823	998
824	165
824	306
824	315
824	359
824	402
824	482
824	484
824	556
824	571
824	612
824	662
824	758
824	929
824	969
824	970
825	148
825	220
825	379
825	725
825	757
825	761
825	879
825	899
825	916
825	933
825	943
825	951
825	958
825	961
825	996
826	237
826	404
826	829
826	857
826	883
826	886
826	906
826	909
826	939
826	953
826	976
826	986
826	987
826	991
826	994
827	35
827	207
827	351
827	391
827	479
827	501
827	504
827	549
827	559
827	815
827	837
827	859
827	921
827	931
827	941
828	25
828	206
828	244
828	339
828	447
828	457
828	719
828	732
828	755
828	842
828	854
828	861
828	893
828	981
828	988
829	691
829	760
829	796
829	826
829	857
829	868
829	883
829	906
829	939
829	953
829	976
829	986
829	987
829	991
829	994
830	186
830	269
830	451
830	463
830	485
830	513
830	551
830	565
830	730
830	741
830	792
830	853
830	867
830	950
830	964
831	172
831	236
831	268
831	346
831	522
831	617
831	669
831	690
831	799
831	847
831	887
831	920
831	942
831	971
831	978
832	31
832	222
832	329
832	423
832	539
832	668
832	696
832	698
832	742
832	752
832	888
832	937
832	962
832	973
832	980
833	16
833	26
833	409
833	800
833	844
833	871
833	898
833	905
833	913
833	922
833	954
833	957
833	960
833	967
833	975
834	100
834	488
834	520
834	592
834	689
834	702
834	705
834	773
834	849
834	858
834	955
834	993
834	997
834	999
834	1000
835	238
835	275
835	291
835	400
835	443
835	474
835	692
835	701
835	754
835	767
835	788
835	802
835	897
835	963
835	979
836	9
836	206
836	259
836	411
836	450
836	632
836	681
836	700
836	709
836	719
836	750
836	842
836	854
836	861
836	981
836	988
837	174
837	318
837	340
837	342
837	408
837	428
837	501
837	504
837	646
837	815
837	827
837	839
837	859
837	921
837	931
837	941
838	60
838	238
838	368
838	383
838	400
838	453
838	500
838	510
838	616
838	701
838	749
838	788
838	882
838	897
838	963
838	979
839	151
839	318
839	340
839	343
839	428
839	479
839	492
839	504
839	559
839	646
839	815
839	837
839	859
839	921
839	931
839	941
840	267
840	298
840	445
840	468
840	525
840	597
840	724
840	768
840	850
840	873
840	875
840	918
840	947
840	982
840	990
840	992
841	265
841	545
841	592
841	605
841	639
841	689
841	693
841	702
841	773
841	849
841	858
841	955
841	993
841	997
841	999
841	1000
842	37
842	324
842	339
842	344
842	450
842	499
842	516
842	530
842	632
842	755
842	828
842	836
842	861
842	893
842	981
842	988
843	218
843	240
843	295
843	387
843	422
843	442
843	456
843	541
843	546
843	557
843	688
843	863
843	894
843	901
843	919
843	925
844	22
844	140
844	444
844	562
844	600
844	674
844	810
844	833
844	898
844	905
844	913
844	922
844	954
844	960
844	967
844	975
845	299
845	353
845	421
845	574
845	590
845	618
845	659
845	664
845	670
845	717
845	729
845	804
845	884
845	914
845	930
845	949
846	75
846	119
846	166
846	486
846	595
846	625
846	654
846	809
846	823
846	870
846	876
846	923
846	940
846	959
846	995
846	998
847	503
847	522
847	606
847	615
847	617
847	623
847	669
847	690
847	786
847	799
847	831
847	887
847	920
847	942
847	971
847	978
848	13
848	134
848	317
848	320
848	386
848	538
848	687
848	711
848	716
848	777
848	869
848	892
848	911
848	938
848	965
848	983
849	596
849	605
849	639
849	660
849	689
849	693
849	702
849	773
849	834
849	841
849	858
849	955
849	993
849	997
849	999
849	1000
850	330
850	375
850	390
850	525
850	575
850	597
850	713
850	724
850	840
850	873
850	875
850	918
850	947
850	982
850	990
850	992
851	121
851	236
851	268
851	284
851	346
851	544
851	577
851	615
851	617
851	690
851	786
851	887
851	920
851	942
851	971
851	978
852	73
852	279
852	301
852	361
852	536
852	539
852	589
852	668
852	698
852	708
852	752
852	781
852	937
852	962
852	973
852	977
852	980
853	57
853	91
853	202
853	338
853	517
853	529
853	635
853	641
853	730
853	741
853	776
853	783
853	811
853	830
853	867
853	950
853	964
854	9
854	339
854	364
854	528
854	530
854	543
854	666
854	700
854	719
854	755
854	779
854	828
854	836
854	861
854	893
854	981
854	988
855	36
855	281
855	360
855	426
855	515
855	576
855	653
855	765
855	782
855	793
855	814
855	862
855	907
855	927
855	934
855	935
855	989
856	127
856	403
856	405
856	455
856	526
856	537
856	540
856	552
856	564
856	584
856	627
856	649
856	655
856	723
856	735
856	860
856	878
857	648
857	678
857	734
857	826
857	829
857	868
857	883
857	886
857	906
857	909
857	939
857	953
857	976
857	986
857	987
857	991
857	994
858	213
858	305
858	548
858	660
858	677
858	702
858	705
858	737
858	773
858	834
858	841
858	849
858	955
858	993
858	997
858	999
858	1000
859	35
859	151
859	207
859	342
859	351
859	356
859	479
859	559
859	622
859	646
859	815
859	827
859	837
859	839
859	921
859	931
859	941
860	149
860	171
860	178
860	230
860	258
860	328
860	335
860	403
860	448
860	490
860	526
860	552
860	649
860	665
860	739
860	856
860	878
861	226
861	244
861	364
861	411
861	498
861	658
861	681
861	709
861	719
861	732
861	750
861	828
861	836
861	842
861	854
861	893
861	981
861	988
862	4
862	19
862	33
862	56
862	242
862	281
862	360
862	458
862	470
862	607
862	640
862	704
862	746
862	782
862	855
862	907
862	927
862	935
863	14
863	20
863	123
863	173
863	215
863	240
863	387
863	422
863	442
863	456
863	546
863	557
863	688
863	843
863	894
863	901
863	919
863	925
864	45
864	138
864	219
864	248
864	512
864	519
864	581
864	613
864	626
864	645
864	685
864	745
864	774
864	805
864	812
864	891
864	903
864	948
865	106
865	200
865	300
865	471
865	603
865	619
865	629
865	633
865	651
865	712
865	771
865	787
865	794
865	808
865	874
865	966
865	984
865	985
866	153
866	221
866	246
866	308
866	398
866	464
866	547
866	552
866	599
866	602
866	643
866	694
866	738
866	748
866	789
866	790
866	910
866	915
867	91
867	338
867	466
867	517
867	529
867	551
867	565
867	635
867	641
867	657
867	741
867	783
867	792
867	811
867	830
867	853
867	950
867	964
868	630
868	734
868	760
868	791
868	798
868	829
868	857
868	883
868	886
868	906
868	909
868	939
868	953
868	976
868	986
868	987
868	991
868	994
869	134
869	141
869	211
869	358
869	521
869	601
869	624
869	687
869	753
869	766
869	777
869	817
869	848
869	892
869	911
869	936
869	965
869	983
870	362
870	487
870	569
870	608
870	654
870	656
870	663
870	671
870	683
870	727
870	762
870	846
870	876
870	923
870	940
870	959
870	995
870	998
871	39
871	562
871	675
871	707
871	756
871	763
871	800
871	810
871	833
871	880
871	898
871	905
871	913
871	922
871	954
871	957
871	960
871	967
871	975
872	8
872	52
872	66
872	288
872	290
872	302
872	322
872	348
872	395
872	505
872	518
872	699
872	759
872	816
872	819
872	889
872	902
872	928
872	932
873	90
873	103
873	330
873	417
873	468
873	533
873	575
873	597
873	713
873	724
873	768
873	840
873	850
873	875
873	918
873	947
873	982
873	990
873	992
874	99
874	203
874	257
874	431
874	471
874	586
874	594
874	603
874	629
874	633
874	712
874	771
874	787
874	794
874	865
874	904
874	966
874	984
874	985
875	2
875	65
875	255
875	304
875	336
875	367
875	533
875	575
875	713
875	724
875	768
875	840
875	850
875	873
875	918
875	947
875	982
875	990
875	992
876	75
876	83
876	166
876	229
876	262
876	467
876	486
876	608
876	625
876	654
876	656
876	809
876	823
876	846
876	870
876	923
876	959
876	995
876	998
877	62
877	285
877	511
877	582
877	647
877	728
877	733
877	744
877	807
877	821
877	881
877	885
877	890
877	895
877	908
877	912
877	944
877	946
877	968
877	974
878	127
878	149
878	171
878	178
878	230
878	258
878	335
878	403
878	448
878	455
878	564
878	627
878	649
878	655
878	665
878	723
878	735
878	739
878	856
878	860
879	150
879	424
879	494
879	604
879	714
879	757
879	761
879	806
879	822
879	825
879	916
879	924
879	933
879	943
879	951
879	956
879	958
879	961
879	972
879	996
880	183
880	256
880	409
880	414
880	420
880	444
880	580
880	675
880	756
880	763
880	810
880	871
880	898
880	905
880	913
880	954
880	957
880	960
880	967
880	975
881	325
881	378
881	430
881	460
881	511
881	720
881	722
881	733
881	744
881	807
881	821
881	877
881	885
881	890
881	895
881	908
881	912
881	944
881	946
881	968
881	974
882	89
882	107
882	210
882	239
882	326
882	368
882	372
882	383
882	443
882	500
882	616
882	620
882	701
882	749
882	754
882	767
882	788
882	838
882	897
882	963
882	979
883	542
883	628
883	648
883	734
883	760
883	791
883	796
883	798
883	826
883	829
883	857
883	868
883	886
883	909
883	939
883	953
883	976
883	986
883	987
883	991
883	994
884	114
884	197
884	216
884	260
884	274
884	353
884	555
884	574
884	590
884	659
884	664
884	670
884	706
884	717
884	729
884	743
884	804
884	845
884	914
884	930
884	949
885	139
885	263
885	325
885	347
885	582
885	614
885	720
885	728
885	733
885	744
885	807
885	877
885	881
885	890
885	895
885	908
885	912
885	944
885	946
885	968
885	974
886	252
886	610
886	628
886	630
886	760
886	791
886	796
886	798
886	826
886	857
886	868
886	883
886	906
886	909
886	939
886	953
886	976
886	986
886	987
886	991
886	994
887	15
887	212
887	459
887	476
887	503
887	522
887	544
887	615
887	617
887	623
887	690
887	786
887	799
887	820
887	831
887	847
887	851
887	920
887	942
887	971
887	978
888	61
888	105
888	437
888	523
888	539
888	568
888	589
888	631
888	636
888	644
888	667
888	682
888	696
888	708
888	740
888	752
888	832
888	962
888	973
888	977
888	980
889	3
889	167
889	204
889	290
889	322
889	348
889	365
889	374
889	395
889	416
889	436
889	475
889	481
889	505
889	699
889	759
889	819
889	872
889	902
889	928
889	932
890	354
890	460
890	509
890	511
890	647
890	720
890	722
890	728
890	744
890	807
890	821
890	877
890	881
890	885
890	895
890	908
890	912
890	944
890	946
890	968
890	974
891	45
891	111
891	158
891	188
891	219
891	223
891	289
891	381
891	392
891	506
891	519
891	613
891	626
891	645
891	685
891	774
891	805
891	812
891	864
891	903
891	948
892	180
892	254
892	271
892	333
892	386
892	394
892	446
892	521
892	538
892	673
892	687
892	711
892	716
892	766
892	777
892	817
892	848
892	869
892	936
892	938
892	965
892	983
893	25
893	116
893	259
893	344
893	350
893	364
893	497
893	516
893	530
893	658
893	681
893	700
893	732
893	750
893	755
893	779
893	828
893	842
893	854
893	861
893	981
893	988
894	20
894	110
894	123
894	135
894	173
894	185
894	295
894	422
894	442
894	456
894	469
894	491
894	495
894	541
894	546
894	557
894	688
894	843
894	863
894	901
894	919
894	925
895	68
895	195
895	228
895	263
895	354
895	460
895	582
895	647
895	720
895	722
895	807
895	821
895	877
895	881
895	885
895	890
895	908
895	912
895	944
895	946
895	968
895	974
896	118
896	382
896	432
896	439
896	452
896	553
896	572
896	573
896	583
896	593
896	684
896	686
896	747
896	751
896	775
896	785
896	797
896	803
896	900
896	917
896	945
896	952
897	60
897	85
897	108
897	245
897	275
897	383
897	419
897	443
897	453
897	563
897	638
897	701
897	749
897	754
897	767
897	788
897	802
897	835
897	838
897	882
897	963
897	979
898	46
898	385
898	444
898	465
898	580
898	600
898	674
898	756
898	763
898	800
898	810
898	833
898	844
898	871
898	880
898	905
898	913
898	922
898	954
898	960
898	967
898	975
899	234
899	373
899	591
899	604
899	637
899	714
899	725
899	757
899	764
899	769
899	806
899	822
899	825
899	916
899	924
899	933
899	943
899	956
899	958
899	961
899	972
899	996
900	49
900	115
900	316
900	321
900	397
900	439
900	452
900	489
900	570
900	573
900	684
900	686
900	747
900	751
900	784
900	785
900	797
900	803
900	896
900	917
900	945
900	952
901	14
901	20
901	110
901	135
901	218
901	295
901	387
901	422
901	442
901	456
901	469
901	491
901	495
901	541
901	546
901	557
901	688
901	843
901	863
901	894
901	919
901	925
902	8
902	66
902	167
902	204
902	302
902	322
902	348
902	374
902	416
902	436
902	472
902	481
902	505
902	507
902	518
902	699
902	759
902	816
902	819
902	872
902	889
902	928
902	932
903	45
903	104
903	111
903	223
903	247
903	289
903	311
903	381
903	506
903	512
903	519
903	581
903	613
903	626
903	645
903	685
903	745
903	774
903	805
903	812
903	864
903	891
903	948
904	112
904	125
904	128
904	182
904	200
904	203
904	283
904	293
904	310
904	413
904	440
904	578
904	594
904	603
904	651
904	661
904	787
904	794
904	808
904	874
904	966
904	984
904	985
905	22
905	384
905	414
905	444
905	600
905	674
905	707
905	756
905	763
905	800
905	810
905	833
905	844
905	871
905	880
905	898
905	913
905	922
905	954
905	957
905	960
905	967
905	975
906	303
906	415
906	542
906	560
906	648
906	734
906	760
906	791
906	796
906	798
906	826
906	829
906	857
906	868
906	886
906	909
906	939
906	953
906	976
906	986
906	987
906	991
906	994
907	4
907	56
907	272
907	360
907	426
907	438
907	458
907	527
907	576
907	640
907	653
907	672
907	746
907	782
907	793
907	795
907	801
907	814
907	855
907	862
907	927
907	934
907	935
908	62
908	325
908	331
908	347
908	430
908	642
908	647
908	720
908	728
908	733
908	744
908	807
908	821
908	877
908	881
908	885
908	890
908	895
908	912
908	944
908	946
908	968
908	974
909	102
909	560
909	610
909	628
909	630
909	678
909	691
909	734
909	796
909	798
909	826
909	857
909	868
909	883
909	886
909	906
909	939
909	953
909	976
909	986
909	987
909	991
909	994
910	86
910	153
910	164
910	176
910	221
910	273
910	292
910	296
910	308
910	332
910	435
910	454
910	464
910	547
910	566
910	599
910	602
910	643
910	738
910	748
910	789
910	790
910	866
910	915
911	77
911	134
911	141
911	155
911	159
911	170
911	307
911	333
911	394
911	433
911	446
911	521
911	624
911	697
911	711
911	716
911	753
911	766
911	777
911	817
911	848
911	869
911	936
911	983
912	62
912	195
912	430
912	460
912	582
912	642
912	647
912	720
912	722
912	728
912	733
912	744
912	807
912	821
912	877
912	881
912	885
912	890
912	895
912	908
912	944
912	946
912	968
912	974
913	131
913	140
913	384
913	444
913	493
913	674
913	675
913	703
913	707
913	756
913	763
913	810
913	833
913	844
913	871
913	880
913	898
913	905
913	922
913	954
913	957
913	960
913	967
913	975
914	76
914	114
914	132
914	143
914	197
914	201
914	260
914	274
914	299
914	353
914	574
914	590
914	618
914	659
914	664
914	670
914	717
914	729
914	743
914	804
914	845
914	884
914	930
914	949
915	86
915	153
915	176
915	221
915	273
915	292
915	296
915	332
915	398
915	435
915	454
915	464
915	547
915	566
915	599
915	602
915	643
915	694
915	738
915	748
915	789
915	790
915	866
915	910
916	51
916	327
916	637
916	714
916	725
916	757
916	761
916	764
916	769
916	772
916	806
916	822
916	825
916	879
916	899
916	924
916	933
916	943
916	951
916	956
916	958
916	961
916	972
916	996
917	64
917	95
917	115
917	133
917	294
917	314
917	316
917	407
917	432
917	439
917	483
917	489
917	554
917	583
917	593
917	686
917	784
917	785
917	797
917	803
917	896
917	900
917	945
917	952
918	40
918	65
918	82
918	98
918	189
918	190
918	227
918	336
918	417
918	445
918	480
918	533
918	597
918	713
918	724
918	768
918	840
918	850
918	873
918	875
918	947
918	982
918	990
918	992
919	14
919	123
919	135
919	173
919	185
919	215
919	218
919	240
919	295
919	387
919	422
919	442
919	456
919	469
919	491
919	495
919	541
919	557
919	688
919	843
919	863
919	894
919	901
919	925
920	15
920	30
920	121
920	126
920	161
920	172
920	476
920	503
920	522
920	544
920	577
920	615
920	617
920	623
920	669
920	690
920	786
920	820
920	831
920	847
920	851
920	887
920	942
920	971
920	978
921	79
921	84
921	136
921	151
921	184
921	207
921	318
921	340
921	342
921	343
921	391
921	428
921	479
921	492
921	501
921	549
921	559
921	622
921	815
921	827
921	837
921	839
921	859
921	931
921	941
922	26
922	156
922	183
922	205
922	409
922	420
922	425
922	493
922	600
922	674
922	675
922	703
922	707
922	800
922	833
922	844
922	871
922	898
922	905
922	913
922	954
922	957
922	960
922	967
922	975
923	214
923	334
923	362
923	534
923	558
923	595
923	625
923	634
923	654
923	656
923	663
923	671
923	676
923	683
923	727
923	762
923	809
923	823
923	846
923	870
923	876
923	940
923	959
923	995
923	998
924	51
924	69
924	327
924	373
924	379
924	424
924	535
924	637
924	725
924	757
924	761
924	769
924	772
924	806
924	879
924	899
924	916
924	933
924	943
924	951
924	956
924	958
924	961
924	972
924	996
925	14
925	20
925	110
925	123
925	135
925	173
925	185
925	215
925	218
925	240
925	387
925	422
925	442
925	456
925	469
925	491
925	495
925	541
925	546
925	557
925	688
925	843
925	863
925	894
925	901
925	919
926	27
926	67
926	94
926	122
926	137
926	144
926	287
926	370
926	388
926	478
926	508
926	579
926	585
926	587
926	588
926	609
926	650
926	680
926	695
926	718
926	721
926	726
926	731
926	736
926	778
926	780
927	28
927	160
927	242
927	360
927	458
927	470
927	502
927	527
927	561
927	640
927	672
927	679
927	704
927	746
927	765
927	782
927	793
927	795
927	801
927	813
927	855
927	862
927	907
927	934
927	935
927	989
928	8
928	52
928	66
928	167
928	204
928	270
928	288
928	290
928	322
928	365
928	374
928	395
928	416
928	436
928	475
928	481
928	505
928	507
928	518
928	699
928	759
928	816
928	872
928	889
928	902
928	932
929	43
929	165
929	194
929	208
929	297
929	315
929	341
929	352
929	359
929	366
929	389
929	399
929	402
929	462
929	484
929	556
929	571
929	598
929	621
929	662
929	710
929	758
929	770
929	824
929	969
929	970
930	76
930	114
930	132
930	187
930	196
930	216
930	260
930	274
930	280
930	299
930	421
930	574
930	590
930	618
930	659
930	664
930	670
930	706
930	717
930	729
930	743
930	804
930	845
930	884
930	914
930	949
931	79
931	84
931	136
931	174
931	318
931	340
931	343
931	351
931	356
931	408
931	428
931	479
931	492
931	501
931	504
931	549
931	559
931	622
931	646
931	815
931	827
931	837
931	839
931	859
931	921
931	941
932	3
932	52
932	204
932	270
932	288
932	290
932	302
932	322
932	348
932	374
932	395
932	416
932	436
932	472
932	475
932	481
932	505
932	507
932	518
932	759
932	816
932	819
932	872
932	889
932	902
932	928
933	69
933	148
933	282
933	379
933	477
933	535
933	591
933	714
933	725
933	764
933	769
933	772
933	806
933	822
933	825
933	879
933	899
933	916
933	924
933	943
933	951
933	956
933	958
933	961
933	972
933	996
934	4
934	28
934	34
934	146
934	242
934	426
934	438
934	458
934	502
934	515
934	527
934	531
934	561
934	576
934	640
934	653
934	672
934	765
934	782
934	795
934	801
934	855
934	907
934	927
934	935
934	989
935	19
935	34
935	146
935	160
935	163
935	272
935	281
935	426
935	502
935	515
935	527
935	531
935	607
935	679
935	704
935	765
935	782
935	793
935	795
935	801
935	814
935	855
935	862
935	907
935	927
935	934
935	989
936	13
936	77
936	97
936	155
936	180
936	271
936	307
936	320
936	386
936	394
936	461
936	521
936	538
936	601
936	687
936	697
936	716
936	766
936	777
936	817
936	818
936	869
936	892
936	911
936	938
936	965
936	983
937	31
937	105
937	301
937	396
937	423
937	437
937	441
937	514
937	523
937	631
937	636
937	644
937	667
937	668
937	682
937	696
937	708
937	740
937	742
937	752
937	781
937	832
937	852
937	962
937	973
937	977
937	980
938	13
938	97
938	141
938	159
938	211
938	254
938	286
938	307
938	320
938	429
938	461
938	567
938	601
938	624
938	673
938	687
938	697
938	711
938	753
938	766
938	777
938	817
938	818
938	848
938	892
938	936
938	965
938	983
939	48
939	124
939	323
939	415
939	496
939	628
939	630
939	648
939	678
939	691
939	760
939	791
939	796
939	798
939	826
939	829
939	857
939	868
939	883
939	886
939	906
939	909
939	953
939	976
939	986
939	987
939	991
939	994
940	83
940	243
940	262
940	334
940	363
940	406
940	410
940	427
940	486
940	487
940	534
940	558
940	569
940	595
940	625
940	634
940	671
940	676
940	683
940	762
940	809
940	823
940	846
940	870
940	923
940	959
940	995
940	998
941	35
941	79
941	84
941	136
941	151
941	184
941	207
941	318
941	342
941	343
941	356
941	391
941	408
941	428
941	492
941	501
941	504
941	549
941	559
941	622
941	646
941	815
941	827
941	837
941	839
941	859
941	921
941	931
942	10
942	32
942	92
942	126
942	161
942	236
942	284
942	377
942	459
942	476
942	503
942	522
942	544
942	577
942	606
942	615
942	623
942	669
942	786
942	799
942	820
942	831
942	847
942	851
942	887
942	920
942	971
942	978
943	69
943	198
943	199
943	220
943	266
943	424
943	494
943	535
943	591
943	604
943	714
943	761
943	769
943	772
943	806
943	822
943	825
943	879
943	899
943	916
943	924
943	933
943	951
943	956
943	958
943	961
943	972
943	996
944	139
944	228
944	285
944	331
944	378
944	430
944	460
944	509
944	511
944	614
944	642
944	647
944	720
944	722
944	728
944	733
944	807
944	821
944	877
944	881
944	885
944	890
944	895
944	908
944	912
944	946
944	968
944	974
945	49
945	115
945	118
945	133
945	294
945	314
945	401
945	439
945	452
945	483
945	489
945	553
945	570
945	572
945	583
945	593
945	684
945	686
945	747
945	751
945	775
945	784
945	785
945	797
945	803
945	896
945	900
945	917
945	952
946	5
946	68
946	263
946	285
946	331
946	354
946	378
946	430
946	511
946	582
946	614
946	642
946	647
946	720
946	722
946	728
946	733
946	807
946	821
946	877
946	881
946	885
946	890
946	895
946	908
946	912
946	944
946	968
946	974
947	6
947	7
947	54
947	90
947	103
947	209
947	267
947	298
947	304
947	367
947	375
947	417
947	445
947	480
947	525
947	533
947	575
947	597
947	713
947	724
947	768
947	840
947	850
947	873
947	875
947	918
947	982
947	990
947	992
948	45
948	104
948	111
948	138
948	158
948	188
948	219
948	223
948	247
948	248
948	289
948	311
948	381
948	392
948	506
948	512
948	519
948	581
948	613
948	626
948	645
948	685
948	745
948	774
948	805
948	812
948	864
948	891
948	903
949	76
949	114
949	132
949	143
949	187
949	196
949	201
949	216
949	260
949	274
949	280
949	299
949	353
949	421
949	574
949	590
949	618
949	659
949	664
949	670
949	706
949	717
949	729
949	743
949	804
949	845
949	884
949	914
949	930
950	41
950	57
950	169
950	186
950	202
950	250
950	269
950	451
950	463
950	485
950	513
950	550
950	551
950	565
950	635
950	641
950	652
950	657
950	715
950	730
950	741
950	776
950	783
950	792
950	811
950	830
950	853
950	867
950	964
951	11
951	130
951	148
951	154
951	198
951	266
951	276
951	327
951	373
951	424
951	494
951	604
951	714
951	725
951	761
951	764
951	769
951	806
951	822
951	825
951	879
951	916
951	924
951	933
951	943
951	956
951	958
951	961
951	972
951	996
952	95
952	118
952	264
952	294
952	313
952	321
952	382
952	397
952	401
952	407
952	432
952	452
952	483
952	553
952	554
952	572
952	573
952	593
952	684
952	686
952	747
952	751
952	775
952	784
952	797
952	803
952	896
952	900
952	917
952	945
953	29
953	59
953	88
953	101
953	261
953	303
953	404
953	560
953	610
953	648
953	678
953	691
953	734
953	760
953	791
953	796
953	798
953	826
953	829
953	857
953	868
953	883
953	886
953	906
953	909
953	939
953	976
953	986
953	987
953	991
953	994
954	39
954	131
954	142
954	183
954	205
954	233
954	253
954	256
954	384
954	385
954	414
954	465
954	493
954	580
954	674
954	703
954	707
954	763
954	810
954	833
954	844
954	871
954	880
954	898
954	905
954	913
954	922
954	957
954	960
954	967
954	975
955	24
955	70
955	192
955	305
955	380
955	393
955	412
955	449
955	488
955	520
955	524
955	545
955	592
955	596
955	605
955	639
955	660
955	677
955	693
955	702
955	705
955	737
955	773
955	834
955	841
955	849
955	858
955	993
955	997
955	999
955	1000
956	11
956	38
956	231
956	278
956	373
956	424
956	477
956	494
956	535
956	591
956	637
956	714
956	725
956	757
956	761
956	764
956	769
956	772
956	806
956	822
956	879
956	899
956	916
956	924
956	933
956	943
956	951
956	958
956	961
956	972
956	996
957	16
957	39
957	72
957	140
957	142
957	156
957	205
957	256
957	420
957	425
957	465
957	493
957	562
957	580
957	600
957	674
957	675
957	703
957	707
957	763
957	800
957	810
957	833
957	871
957	880
957	905
957	913
957	922
957	954
957	960
957	967
957	975
958	11
958	38
958	51
958	130
958	199
958	220
958	276
958	278
958	282
958	477
958	591
958	637
958	714
958	725
958	757
958	761
958	764
958	772
958	806
958	822
958	825
958	879
958	899
958	916
958	924
958	933
958	943
958	951
958	956
958	961
958	972
958	996
959	44
959	119
959	224
959	249
959	262
959	334
959	355
959	362
959	363
959	406
959	410
959	427
959	434
959	467
959	534
959	558
959	595
959	608
959	654
959	656
959	663
959	671
959	683
959	762
959	809
959	846
959	870
959	876
959	923
959	940
959	995
959	998
960	26
960	46
960	72
960	142
960	205
960	253
960	256
960	384
960	385
960	425
960	562
960	600
960	674
960	675
960	703
960	707
960	756
960	763
960	800
960	810
960	833
960	844
960	871
960	880
960	898
960	905
960	913
960	922
960	954
960	957
960	967
960	975
961	130
961	154
961	198
961	199
961	231
961	234
961	266
961	276
961	282
961	477
961	535
961	591
961	604
961	757
961	761
961	764
961	769
961	772
961	806
961	822
961	825
961	879
961	899
961	916
961	924
961	933
961	943
961	951
961	956
961	958
961	972
961	996
962	31
962	61
962	80
962	301
962	329
962	357
962	396
962	423
962	437
962	441
962	523
962	532
962	536
962	568
962	589
962	631
962	667
962	668
962	682
962	696
962	698
962	708
962	740
962	742
962	781
962	832
962	852
962	888
962	937
962	973
962	977
962	980
963	50
963	60
963	81
963	107
963	108
963	210
963	245
963	275
963	291
963	326
963	368
963	372
963	383
963	419
963	443
963	453
963	500
963	510
963	563
963	616
963	620
963	638
963	692
963	749
963	767
963	788
963	802
963	835
963	838
963	882
963	897
963	979
964	57
964	58
964	91
964	93
964	117
964	186
964	202
964	217
964	232
964	235
964	241
964	451
964	463
964	466
964	513
964	517
964	529
964	551
964	565
964	641
964	652
964	657
964	715
964	730
964	741
964	776
964	783
964	792
964	811
964	830
964	853
964	867
964	950
965	77
965	97
965	109
965	159
965	170
965	180
965	271
965	286
965	317
965	333
965	386
965	394
965	429
965	446
965	461
965	538
965	567
965	601
965	624
965	673
965	697
965	711
965	716
965	766
965	777
965	817
965	818
965	848
965	869
965	892
965	936
965	938
965	983
966	18
966	63
966	106
966	112
966	113
966	145
966	203
966	257
966	293
966	300
966	310
966	337
966	376
966	431
966	440
966	471
966	473
966	586
966	603
966	619
966	629
966	633
966	651
966	661
966	712
966	787
966	794
966	808
966	865
966	874
966	904
966	984
966	985
967	16
967	22
967	39
967	46
967	72
967	131
967	142
967	384
967	385
967	409
967	414
967	420
967	465
967	562
967	580
967	600
967	703
967	756
967	763
967	800
967	810
967	833
967	844
967	871
967	880
967	898
967	905
967	913
967	922
967	954
967	957
967	960
967	975
968	5
968	68
968	139
968	195
968	228
968	263
968	285
968	325
968	331
968	347
968	354
968	378
968	509
968	582
968	614
968	642
968	647
968	720
968	722
968	733
968	744
968	807
968	821
968	877
968	881
968	885
968	890
968	895
968	908
968	912
968	944
968	946
968	974
969	42
969	43
969	53
969	165
969	194
969	208
969	297
969	306
969	312
969	315
969	341
969	352
969	359
969	366
969	369
969	389
969	399
969	402
969	462
969	482
969	484
969	556
969	571
969	598
969	611
969	612
969	621
969	662
969	710
969	758
969	770
969	824
969	929
969	970
970	42
970	43
970	53
970	165
970	194
970	208
970	297
970	306
970	312
970	315
970	341
970	352
970	359
970	366
970	369
970	389
970	399
970	402
970	462
970	482
970	484
970	556
970	571
970	598
970	611
970	612
970	621
970	662
970	710
970	758
970	770
970	824
970	929
970	969
971	10
971	15
971	30
971	32
971	92
971	121
971	126
971	172
971	212
971	236
971	251
971	268
971	284
971	346
971	377
971	459
971	476
971	503
971	522
971	544
971	577
971	606
971	617
971	623
971	690
971	786
971	799
971	831
971	847
971	851
971	887
971	920
971	942
971	978
972	38
972	150
972	154
972	234
972	276
972	278
972	282
972	379
972	477
972	494
972	535
972	591
972	604
972	637
972	714
972	725
972	757
972	761
972	764
972	769
972	772
972	806
972	822
972	879
972	899
972	916
972	924
972	933
972	943
972	951
972	956
972	958
972	961
972	996
973	21
973	61
973	73
973	80
973	222
973	279
973	329
973	357
973	361
973	423
973	437
973	441
973	514
973	523
973	532
973	536
973	539
973	568
973	636
973	644
973	667
973	682
973	696
973	698
973	708
973	740
973	742
973	752
973	781
973	832
973	852
973	888
973	937
973	962
973	977
973	980
974	5
974	62
974	68
974	139
974	195
974	228
974	263
974	285
974	325
974	331
974	347
974	354
974	378
974	430
974	460
974	509
974	511
974	614
974	642
974	647
974	722
974	728
974	733
974	744
974	807
974	821
974	877
974	881
974	885
974	890
974	895
974	908
974	912
974	944
974	946
974	968
975	16
975	22
975	26
975	46
975	156
975	233
975	253
975	256
975	409
975	414
975	420
975	425
975	465
975	493
975	562
975	580
975	600
975	674
975	675
975	703
975	756
975	763
975	800
975	810
975	833
975	844
975	871
975	880
975	898
975	905
975	913
975	922
975	954
975	957
975	960
975	967
976	1
976	12
976	23
976	88
976	124
976	175
976	261
976	303
976	323
976	415
976	496
976	542
976	560
976	610
976	648
976	678
976	691
976	734
976	760
976	791
976	796
976	798
976	826
976	829
976	857
976	868
976	883
976	886
976	906
976	909
976	939
976	953
976	986
976	987
976	991
976	994
977	21
977	31
977	61
977	73
977	105
977	222
977	279
977	329
977	357
977	361
977	371
977	396
977	423
977	441
977	514
977	536
977	539
977	589
977	631
977	636
977	644
977	667
977	668
977	682
977	696
977	698
977	708
977	740
977	742
977	752
977	781
977	852
977	888
977	937
977	962
977	973
977	980
978	10
978	15
978	30
978	32
978	92
978	121
978	126
978	161
978	172
978	212
978	251
978	268
978	284
978	346
978	377
978	459
978	476
978	503
978	522
978	544
978	577
978	606
978	615
978	617
978	623
978	669
978	690
978	786
978	799
978	820
978	831
978	847
978	851
978	887
978	920
978	942
978	971
979	50
979	81
979	85
979	89
979	107
979	108
979	210
979	238
979	239
979	245
979	275
979	326
979	368
979	372
979	383
979	400
979	419
979	453
979	474
979	500
979	510
979	563
979	616
979	620
979	638
979	692
979	701
979	749
979	754
979	767
979	788
979	802
979	835
979	838
979	882
979	897
979	963
980	21
980	73
980	80
980	222
980	279
980	301
980	357
980	361
980	371
980	396
980	437
980	441
980	514
980	523
980	532
980	539
980	568
980	589
980	631
980	636
980	644
980	667
980	668
980	682
980	696
980	698
980	708
980	740
980	742
980	752
980	832
980	852
980	888
980	937
980	962
980	973
980	977
981	9
981	25
981	37
981	71
981	78
981	226
981	339
981	344
981	350
981	364
981	411
981	450
981	457
981	497
981	498
981	499
981	516
981	528
981	530
981	543
981	658
981	666
981	681
981	700
981	709
981	719
981	732
981	750
981	755
981	779
981	828
981	836
981	842
981	854
981	861
981	893
981	988
982	2
982	6
982	7
982	40
982	54
982	82
982	90
982	98
982	103
982	189
982	190
982	255
982	267
982	298
982	304
982	330
982	336
982	367
982	375
982	390
982	417
982	445
982	468
982	480
982	525
982	575
982	597
982	713
982	724
982	768
982	840
982	850
982	873
982	875
982	918
982	947
982	990
982	992
983	13
983	77
983	109
983	134
983	141
983	155
983	159
983	170
983	180
983	254
983	271
983	277
983	286
983	307
983	358
983	429
983	461
983	521
983	538
983	567
983	601
983	673
983	687
983	697
983	711
983	716
983	753
983	766
983	777
983	817
983	818
983	848
983	869
983	892
983	911
983	936
983	938
983	965
984	18
984	63
984	99
984	106
984	112
984	113
984	125
984	128
984	145
984	200
984	257
984	283
984	293
984	300
984	310
984	337
984	349
984	376
984	440
984	471
984	473
984	578
984	586
984	594
984	603
984	619
984	629
984	633
984	651
984	661
984	712
984	771
984	787
984	808
984	865
984	874
984	904
984	966
984	985
985	18
985	63
985	99
985	112
985	113
985	125
985	128
985	145
985	182
985	203
985	257
985	283
985	293
985	310
985	337
985	349
985	376
985	431
985	440
985	471
985	473
985	578
985	586
985	594
985	603
985	619
985	629
985	651
985	661
985	712
985	771
985	787
985	794
985	808
985	865
985	874
985	904
985	966
985	984
986	1
986	12
986	23
986	29
986	48
986	55
986	59
986	101
986	102
986	147
986	175
986	303
986	496
986	542
986	560
986	610
986	628
986	630
986	678
986	691
986	734
986	760
986	791
986	796
986	798
986	826
986	829
986	857
986	868
986	883
986	886
986	906
986	909
986	939
986	953
986	976
986	987
986	991
986	994
987	1
987	23
987	29
987	55
987	101
987	102
987	147
987	252
987	261
987	323
987	404
987	415
987	496
987	542
987	610
987	628
987	630
987	648
987	678
987	691
987	734
987	760
987	791
987	796
987	798
987	826
987	829
987	857
987	868
987	883
987	886
987	906
987	909
987	939
987	953
987	976
987	986
987	991
987	994
988	9
988	25
988	37
988	71
988	78
988	116
988	157
988	206
988	259
988	324
988	339
988	344
988	350
988	364
988	411
988	447
988	450
988	457
988	498
988	516
988	528
988	543
988	632
988	658
988	666
988	681
988	700
988	709
988	719
988	732
988	750
988	755
988	779
988	828
988	836
988	842
988	854
988	861
988	893
988	981
989	19
989	28
989	33
989	34
989	36
989	56
989	146
989	160
989	163
989	242
989	272
989	309
989	426
989	438
989	458
989	470
989	502
989	515
989	527
989	531
989	561
989	576
989	607
989	640
989	653
989	672
989	679
989	704
989	746
989	765
989	782
989	793
989	795
989	801
989	813
989	814
989	855
989	927
989	934
989	935
990	2
990	6
990	7
990	40
990	54
990	65
990	82
990	98
990	189
990	190
990	209
990	227
990	255
990	267
990	298
990	304
990	330
990	336
990	367
990	375
990	390
990	417
990	445
990	468
990	480
990	525
990	533
990	575
990	597
990	713
990	724
990	768
990	840
990	850
990	873
990	875
990	918
990	947
990	982
990	992
991	12
991	48
991	55
991	59
991	88
991	124
991	147
991	175
991	237
991	252
991	261
991	323
991	404
991	415
991	496
991	542
991	560
991	610
991	628
991	630
991	648
991	678
991	691
991	734
991	760
991	791
991	796
991	798
991	826
991	829
991	857
991	868
991	883
991	886
991	906
991	909
991	939
991	953
991	976
991	986
991	987
991	994
992	2
992	6
992	7
992	40
992	54
992	65
992	82
992	90
992	98
992	103
992	189
992	190
992	209
992	227
992	255
992	267
992	298
992	304
992	330
992	336
992	367
992	375
992	390
992	417
992	445
992	468
992	480
992	525
992	533
992	575
992	597
992	713
992	724
992	768
992	840
992	850
992	873
992	875
992	918
992	947
992	982
992	990
993	17
993	47
993	74
993	87
993	96
993	152
993	168
993	177
993	181
993	191
993	192
993	193
993	265
993	345
993	393
993	412
993	418
993	449
993	488
993	520
993	524
993	545
993	548
993	592
993	596
993	605
993	639
993	660
993	677
993	689
993	693
993	702
993	705
993	737
993	773
993	834
993	841
993	849
993	858
993	955
993	997
993	999
993	1000
994	1
994	12
994	23
994	29
994	48
994	55
994	59
994	88
994	101
994	102
994	124
994	147
994	175
994	237
994	252
994	261
994	303
994	323
994	404
994	415
994	496
994	542
994	560
994	628
994	630
994	648
994	678
994	691
994	734
994	760
994	791
994	796
994	798
994	826
994	829
994	857
994	868
994	883
994	886
994	906
994	909
994	939
994	953
994	976
994	986
994	987
994	991
995	44
995	75
995	83
995	129
995	166
995	179
995	224
995	229
995	243
995	249
995	262
995	319
995	334
995	355
995	362
995	363
995	406
995	410
995	427
995	434
995	467
995	486
995	487
995	534
995	558
995	569
995	595
995	608
995	625
995	634
995	654
995	656
995	663
995	671
995	676
995	683
995	727
995	762
995	809
995	823
995	846
995	870
995	876
995	923
995	940
995	959
995	998
996	11
996	38
996	51
996	69
996	130
996	148
996	150
996	154
996	198
996	199
996	220
996	231
996	234
996	266
996	276
996	278
996	282
996	327
996	373
996	379
996	424
996	477
996	494
996	535
996	591
996	604
996	637
996	714
996	725
996	757
996	761
996	764
996	769
996	772
996	806
996	822
996	825
996	879
996	899
996	916
996	924
996	933
996	943
996	951
996	956
996	958
996	961
996	972
997	17
997	24
997	47
997	70
997	74
997	87
997	96
997	100
997	120
997	152
997	168
997	177
997	191
997	192
997	193
997	213
997	265
997	305
997	345
997	380
997	393
997	412
997	418
997	449
997	488
997	520
997	524
997	545
997	548
997	592
997	596
997	605
997	639
997	660
997	677
997	689
997	693
997	702
997	705
997	737
997	773
997	834
997	841
997	849
997	858
997	955
997	993
997	999
997	1000
998	44
998	75
998	83
998	119
998	129
998	166
998	179
998	214
998	224
998	229
998	243
998	249
998	262
998	319
998	334
998	355
998	362
998	363
998	406
998	410
998	427
998	434
998	467
998	486
998	487
998	534
998	558
998	569
998	595
998	608
998	625
998	634
998	654
998	656
998	663
998	671
998	676
998	683
998	727
998	762
998	809
998	823
998	846
998	870
998	876
998	923
998	940
998	959
998	995
999	17
999	24
999	47
999	70
999	74
999	87
999	96
999	100
999	120
999	152
999	168
999	177
999	181
999	191
999	193
999	213
999	265
999	305
999	345
999	380
999	393
999	412
999	418
999	449
999	488
999	520
999	524
999	545
999	548
999	592
999	596
999	605
999	639
999	660
999	677
999	689
999	693
999	702
999	705
999	737
999	773
999	834
999	841
999	849
999	858
999	955
999	993
999	997
999	1000
1000	17
1000	24
1000	47
1000	70
1000	74
1000	87
1000	96
1000	100
1000	120
1000	152
1000	168
1000	177
1000	181
1000	191
1000	192
1000	193
1000	213
1000	265
1000	305
1000	345
1000	380
1000	393
1000	412
1000	418
1000	449
1000	488
1000	520
1000	524
1000	545
1000	548
1000	592
1000	596
1000	605
1000	639
1000	660
1000	677
1000	689
1000	693
1000	702
1000	705
1000	737
1000	773
1000	834
1000	841
1000	849
1000	858
1000	955
1000	993
1000	997
1000	999
