0 221
0 748
0 958
0 970
221 248
221 873
221 988
748 63
748 109
748 304
748 414
748 615
748 751
748 829
748 850
748 926
748 995
958 31
958 194
958 324
958 325
958 337
958 351
958 385
958 540
958 581
958 589
958 636
958 672
958 692
958 711
958 725
958 755
958 772
958 773
958 795
958 829
958 847
958 872
958 880
958 888
958 898
958 918
958 941
958 951
958 953
958 976
958 983
958 996
970 27
970 30
970 34
970 88
970 212
970 261
970 449
970 454
970 544
970 593
970 619
970 712
970 726
970 745
970 747
970 767
970 814
970 829
970 830
970 832
970 854
970 890
970 902
970 907
970 919
970 921
970 925
970 946
970 955
970 975
970 988
970 989
970 991
970 992
970 995
248 899
248 975
248 991
873 6
873 256
873 343
873 579
873 610
873 613
873 619
873 661
873 746
873 837
873 869
873 889
873 904
873 916
873 952
873 954
873 968
873 979
988 2
988 67
988 69
988 145
988 151
988 160
988 173
988 192
988 229
988 278
988 297
988 314
988 315
988 328
988 334
988 399
988 445
988 446
988 464
988 494
988 501
988 575
988 598
988 681
988 742
988 772
988 777
988 780
988 817
988 833
988 875
988 880
988 896
988 901
988 961
988 965
988 974
988 976
988 981
988 987
988 991
988 992
63 767
63 811
63 933
109 829
109 213
109 854
304 937
304 896
304 946
304 929
414 961
414 275
414 696
414 391
414 823
615 927
615 891
615 926
615 284
615 398
615 518
615 766
751 891
751 993
751 926
751 797
751 876
751 558
751 566
751 308
751 377
751 753
829 930
829 24
829 307
829 356
829 712
829 725
829 916
829 952
829 966
829 981
850 930
850 921
850 985
850 967
850 998
850 954
850 971
850 925
850 864
850 158
850 177
850 324
850 356
850 492
850 614
926 37
926 994
926 17
926 207
926 222
926 340
926 377
926 485
926 514
926 648
926 649
926 669
926 744
926 747
926 831
926 864
926 906
926 937
926 942
926 968
926 972
926 979
926 999
995 992
995 4
995 146
995 157
995 177
995 199
995 206
995 281
995 400
995 416
995 471
995 485
995 497
995 538
995 562
995 593
995 636
995 637
995 668
995 669
995 688
995 698
995 760
995 784
995 785
995 790
995 801
995 804
995 822
995 833
995 844
995 853
995 866
995 899
995 915
995 918
995 954
995 955
995 957
995 959
995 962
995 978
995 989
995 990
995 999
31 81
31 623
31 966
194 928
194 190
194 536
324 928
324 820
324 290
325 527
325 898
325 138
325 280
337 321
337 897
337 594
337 638
351 830
351 996
351 813
351 548
385 934
385 277
385 510
385 449
385 407
540 982
540 950
540 940
540 759
540 428
540 618
581 931
581 922
581 89
581 212
581 487
581 666
589 993
589 983
589 979
589 569
589 673
589 683
636 917
636 68
636 163
636 481
636 617
636 949
672 863
672 600
672 991
672 437
672 944
672 261
672 828
672 903
692 851
692 983
692 954
692 996
692 999
692 806
692 872
692 853
711 985
711 983
711 982
711 999
711 690
711 867
711 420
711 757
711 609
725 983
725 838
725 342
725 820
725 740
725 597
725 335
725 509
755 832
755 677
755 112
755 267
755 316
755 338
755 366
755 608
755 786
755 991
772 997
772 999
772 965
772 833
772 659
772 625
772 452
772 700
772 638
772 766
773 962
773 985
773 40
773 173
773 369
773 726
773 825
773 929
773 933
773 974
773 984
795 962
795 79
795 846
795 912
795 768
795 787
795 126
795 160
795 483
795 549
795 670
795 840
847 187
847 815
847 723
847 789
847 743
847 55
847 357
847 365
847 481
847 596
847 699
847 785
847 810
847 823
847 948
872 994
872 899
872 657
872 936
872 910
872 902
872 991
872 979
872 909
872 346
872 728
872 955
872 240
872 421
872 451
872 530
872 698
880 842
880 993
880 998
880 966
880 830
880 984
880 976
880 888
880 971
880 807
880 467
880 693
880 449
880 867
880 228
880 312
880 575
880 981
888 993
888 985
888 980
888 936
888 982
888 60
888 273
888 322
888 357
888 415
888 677
888 818
888 871
888 886
888 905
888 908
888 922
888 940
898 863
898 959
898 520
898 761
898 331
898 991
898 130
898 353
898 392
898 587
898 622
898 647
898 680
898 699
898 716
898 812
898 828
898 881
898 903
898 944
918 645
918 470
918 994
918 516
918 961
918 745
918 800
918 523
918 983
918 731
918 910
918 553
918 769
918 809
918 634
918 293
918 348
918 609
918 684
918 750
918 776
918 853
918 890
941 997
941 945
941 975
941 923
941 805
941 959
941 996
941 912
941 894
941 782
941 80
941 377
941 479
941 510
941 641
941 651
941 654
941 667
941 686
941 762
941 852
941 901
941 905
941 929
941 949
941 950
941 968
941 969
951 927
951 963
951 868
951 800
951 973
951 592
951 665
951 889
951 388
951 646
951 855
951 971
951 84
951 132
951 390
951 434
951 493
951 499
951 504
951 617
951 635
951 656
951 701
951 733
951 852
951 887
951 913
951 940
951 956
951 974
953 962
953 945
953 144
953 917
953 637
953 987
953 623
953 35
953 167
953 383
953 492
953 493
953 524
953 565
953 567
953 611
953 617
953 676
953 774
953 781
953 809
953 843
953 849
953 861
953 881
953 909
953 931
953 950
953 968
953 980
953 984
976 882
976 865
976 797
976 984
976 982
976 58
976 965
976 67
976 80
976 95
976 122
976 192
976 256
976 262
976 361
976 417
976 428
976 430
976 512
976 562
976 570
976 598
976 641
976 699
976 730
976 783
976 812
976 833
976 835
976 855
976 856
976 871
976 915
976 960
976 974
976 981
983 927
983 992
983 737
983 899
983 993
983 800
983 846
983 42
983 923
983 841
983 418
983 69
983 87
983 117
983 147
983 157
983 206
983 256
983 301
983 381
983 431
983 444
983 554
983 571
983 650
983 670
983 680
983 758
983 811
983 840
983 853
983 886
983 913
983 949
983 972
996 930
996 851
996 914
996 963
996 527
996 899
996 998
996 966
996 724
996 980
996 936
996 43
996 68
996 157
996 210
996 226
996 291
996 459
996 603
996 607
996 629
996 642
996 643
996 648
996 651
996 678
996 738
996 770
996 776
996 791
996 811
996 825
996 831
996 832
996 853
996 855
996 857
996 864
996 887
996 949
996 960
996 969
996 974
996 977
27 605
27 637
27 998
30 42
30 523
30 947
34 535
34 358
34 418
88 553
88 913
88 928
212 928
212 426
261 997
261 252
261 802
449 992
449 364
449 196
454 6
454 626
454 702
454 738
454 832
544 985
544 623
544 935
544 830
544 524
544 861
593 947
593 966
593 789
593 971
593 378
593 243
619 868
619 371
619 263
619 394
619 483
619 518
712 923
712 51
712 857
712 380
712 500
712 627
712 949
712 968
726 967
726 855
726 913
726 135
726 991
726 159
726 492
726 732
745 992
745 14
745 141
745 186
745 591
745 787
745 915
745 975
745 977
747 794
747 986
747 991
747 979
747 944
747 929
747 580
747 678
747 784
767 992
767 994
767 985
767 975
767 938
767 281
767 326
767 420
767 563
767 852
814 967
814 889
814 855
814 904
814 990
814 161
814 172
814 583
814 676
814 690
814 746
814 753
814 774
830 882
830 967
830 40
830 237
830 460
830 468
830 688
830 862
830 890
830 910
832 921
832 980
832 954
832 54
832 316
832 547
832 826
832 833
832 864
832 884
832 911
854 998
854 987
854 841
854 681
854 768
854 886
854 353
854 399
854 411
854 717
854 808
854 852
854 925
854 939
890 921
890 973
890 938
890 907
890 836
890 904
890 905
890 949
890 979
890 946
890 883
890 884
890 611
890 330
890 877
890 626
890 691
890 766
902 914
902 899
902 859
902 858
902 954
902 511
902 577
902 796
902 119
902 170
902 368
902 420
902 465
902 485
902 489
902 579
902 584
902 612
902 704
902 750
902 852
907 893
907 967
907 805
907 541
907 793
907 347
907 57
907 281
907 435
907 515
907 548
907 560
907 569
907 658
907 702
907 731
907 763
907 866
907 897
907 903
907 969
919 992
919 868
919 985
919 15
919 56
919 115
919 118
919 218
919 220
919 272
919 300
919 356
919 371
919 528
919 594
919 621
919 626
919 695
919 754
919 813
919 886
919 901
919 943
919 949
921 5
921 516
921 104
921 131
921 167
921 226
921 367
921 439
921 564
921 631
921 653
921 716
921 735
921 884
921 886
921 945
921 952
921 959
921 964
921 967
921 991
925 930
925 914
925 973
925 964
925 975
925 967
925 916
925 743
925 943
925 862
925 971
925 332
925 990
925 127
925 360
925 573
925 585
925 618
925 621
925 691
925 714
925 808
925 968
946 851
946 932
946 973
946 998
946 857
946 943
946 938
946 905
946 885
946 864
946 431
946 887
946 269
946 154
946 843
946 177
946 405
946 423
946 607
946 649
946 777
946 822
946 871
946 877
946 881
946 974
955 559
955 899
955 997
955 546
955 801
955 975
955 528
955 959
955 984
955 982
955 999
955 511
955 582
955 991
955 876
955 957
955 887
955 225
955 286
955 317
955 370
955 506
955 548
955 641
955 702
955 717
955 784
955 903
955 981
975 927
975 914
975 993
975 24
975 25
975 62
975 78
975 305
975 500
975 509
975 510
975 609
975 618
975 686
975 758
975 763
975 789
975 855
975 860
975 867
975 883
975 894
975 929
975 931
975 935
975 949
975 952
975 957
975 971
975 987
975 991
989 737
989 834
989 13
989 91
989 106
989 180
989 237
989 317
989 338
989 371
989 398
989 402
989 421
989 529
989 549
989 553
989 563
989 625
989 662
989 676
989 697
989 706
989 727
989 731
989 739
989 763
989 805
989 878
989 884
989 903
989 905
989 912
989 922
989 929
989 934
989 936
989 940
989 950
989 957
989 969
989 982
989 984
991 794
991 997
991 985
991 973
991 863
991 882
991 253
991 542
991 646
991 642
991 875
991 588
991 950
991 258
991 885
991 128
991 354
991 249
991 260
991 367
991 396
991 462
991 473
991 565
991 680
991 703
991 769
991 779
991 803
991 812
991 879
991 929
991 979
991 981
992 482
992 3
992 86
992 158
992 230
992 254
992 290
992 298
992 302
992 439
992 466
992 472
992 486
992 526
992 559
992 585
992 648
992 653
992 735
992 761
992 775
992 792
992 801
992 808
992 810
992 836
992 868
992 884
992 892
992 908
992 910
992 924
992 931
992 937
992 967
992 977
992 981
992 982
1 76
1 373
1 482
1 893
76 511
76 923
76 965
373 126
373 238
373 950
373 999
482 478
482 635
482 786
482 942
893 7
893 59
893 77
893 110
893 119
893 193
893 231
893 294
893 444
893 685
893 698
893 778
893 789
893 816
893 839
893 900
893 948
893 962
893 994
511 749
511 945
511 67
511 831
923 930
923 986
923 997
923 859
923 32
923 72
923 241
923 341
923 382
923 513
923 618
923 654
923 691
923 704
923 707
923 728
923 775
923 855
923 894
923 895
923 969
923 990
965 986
965 749
965 987
965 942
965 101
965 58
965 92
965 99
965 246
965 300
965 357
965 425
965 430
965 569
965 598
965 628
965 641
965 658
965 678
965 693
965 701
965 732
965 810
965 812
965 833
965 836
965 870
965 908
965 960
965 974
126 984
126 390
238 977
238 171
238 206
950 827
950 985
950 934
950 846
950 966
950 805
950 982
950 520
950 972
950 938
950 787
950 905
950 97
950 129
950 286
950 292
950 361
950 376
950 680
950 738
950 822
950 860
950 911
950 944
950 990
999 994
999 851
999 937
999 973
999 967
999 917
999 987
999 966
999 959
999 980
999 936
999 49
999 146
999 218
999 229
999 339
999 372
999 399
999 437
999 471
999 472
999 478
999 484
999 495
999 506
999 567
999 597
999 671
999 685
999 695
999 696
999 698
999 784
999 824
999 843
999 879
999 881
999 897
999 900
999 903
999 939
999 968
999 972
478 959
478 166
478 405
478 721
635 980
635 646
635 922
635 232
635 396
635 746
786 920
786 917
786 947
786 857
786 904
786 957
786 674
786 560
786 662
786 848
942 927
942 842
942 713
942 40
942 223
942 321
942 427
942 486
942 492
942 534
942 580
942 591
942 613
942 614
942 620
942 674
942 700
942 718
942 739
942 802
942 828
942 894
942 895
942 901
942 949
942 954
7 535
7 559
7 644
59 817
59 821
59 894
77 980
77 744
77 931
110 932
110 639
110 314
119 807
119 557
193 681
193 982
193 839
231 985
231 949
231 968
294 963
294 959
294 881
294 981
444 986
444 267
444 410
444 441
685 937
685 610
685 153
685 329
685 341
685 497
685 903
698 892
698 650
698 879
698 244
698 549
698 753
778 6
778 71
778 701
778 774
778 787
778 820
778 825
778 882
778 885
778 900
778 969
789 37
789 47
789 72
789 74
789 162
789 933
789 952
789 980
816 834
816 22
816 268
816 303
816 459
816 477
816 575
816 585
816 660
816 718
816 928
816 949
816 998
839 559
839 713
839 917
839 51
839 241
839 355
839 411
839 483
839 702
839 876
839 884
839 900
839 922
900 559
900 742
900 998
900 214
900 972
900 762
900 860
900 906
900 653
900 415
900 379
900 895
900 621
900 270
900 507
900 667
900 697
900 952
948 749
948 868
948 973
948 863
948 523
948 912
948 894
948 855
948 224
948 838
948 624
948 896
948 990
948 120
948 133
948 215
948 299
948 360
948 382
948 391
948 473
948 495
948 583
948 729
948 732
948 790
948 818
948 981
962 470
962 12
962 41
962 57
962 113
962 320
962 326
962 361
962 369
962 443
962 446
962 465
962 545
962 572
962 580
962 586
962 622
962 653
962 718
962 724
962 754
962 825
962 836
962 868
962 884
962 909
962 917
962 945
962 952
994 930
994 4
994 40
994 75
994 120
994 142
994 160
994 289
994 394
994 412
994 425
994 459
994 506
994 603
994 630
994 633
994 659
994 710
994 723
994 730
994 771
994 779
994 780
994 798
994 801
994 804
994 806
994 810
994 856
994 866
994 874
994 877
994 881
994 889
994 895
994 924
994 932
994 936
994 937
994 938
994 993
2 362
2 645
2 827
362 83
362 612
362 782
362 879
645 310
645 312
645 376
645 733
645 807
645 987
827 54
827 61
827 588
827 631
827 659
827 788
827 838
827 848
827 906
827 964
827 984
827 998
83 459
83 658
83 874
612 914
612 892
612 665
612 943
612 363
612 327
782 520
782 74
782 147
782 356
782 437
782 525
782 673
782 759
782 924
782 940
879 943
879 553
879 632
879 799
879 896
879 130
879 172
879 403
879 453
879 498
879 579
879 733
879 760
879 929
879 969
310 596
310 178
310 809
310 306
312 259
312 561
312 601
376 967
376 459
376 561
733 894
733 913
733 875
733 867
733 309
733 423
733 286
807 982
807 878
807 94
807 315
807 452
807 569
807 638
807 825
807 845
807 990
987 997
987 932
987 375
987 578
987 144
987 756
987 859
987 29
987 134
987 211
987 219
987 266
987 273
987 394
987 497
987 537
987 590
987 602
987 609
987 629
987 657
987 701
987 783
987 791
987 831
987 845
987 856
987 860
987 875
987 881
987 901
987 910
987 933
987 952
987 971
987 974
987 981
54 945
54 347
61 98
61 252
61 542
588 96
588 207
588 683
588 727
588 883
631 834
631 107
631 171
631 680
631 721
631 860
659 938
659 114
659 369
659 475
659 876
659 895
788 17
788 284
788 389
788 403
788 774
788 822
788 825
788 865
788 909
788 954
788 967
838 993
838 771
838 79
838 81
838 606
838 754
838 313
838 384
838 419
838 447
838 557
838 826
848 527
848 932
848 801
848 943
848 922
848 971
848 956
848 796
848 650
848 871
848 283
848 417
848 763
848 924
906 930
906 978
906 997
906 592
906 846
906 966
906 984
906 922
906 971
906 940
906 121
906 308
906 330
906 458
906 460
906 697
906 705
906 781
906 845
906 866
964 961
964 737
964 715
964 985
964 723
964 20
964 73
964 113
964 218
964 274
964 296
964 333
964 448
964 502
964 532
964 542
964 550
964 555
964 575
964 633
964 649
964 716
964 735
964 787
964 793
964 818
964 905
964 935
964 968
964 990
964 998
984 997
984 985
984 865
984 858
984 44
984 45
984 164
984 174
984 181
984 202
984 250
984 380
984 445
984 468
984 560
984 658
984 684
984 697
984 736
984 762
984 763
984 781
984 783
984 792
984 821
984 840
984 878
984 889
984 904
984 922
984 974
984 979
984 990
998 961
998 993
998 687
998 723
998 79
998 178
998 274
998 285
998 341
998 346
998 383
998 386
998 467
998 530
998 545
998 556
998 573
998 576
998 596
998 602
998 625
998 638
998 750
998 754
998 781
998 790
998 793
998 797
998 798
998 846
998 867
998 871
998 901
998 905
998 909
998 938
998 949
998 959
998 968
67 954
69 966
69 339
145 894
145 439
145 513
151 963
151 78
151 112
160 985
173 874
173 908
192 875
192 949
229 800
229 471
278 800
278 859
278 765
278 803
297 936
297 765
297 591
297 822
314 541
314 120
314 141
315 974
315 570
315 445
328 390
328 276
328 260
328 456
334 26
334 36
334 417
334 649
399 761
399 456
399 781
445 851
445 614
445 706
446 920
446 70
446 428
446 694
464 737
464 669
464 131
464 499
464 513
494 979
494 197
494 567
494 628
494 812
501 997
501 722
501 424
501 439
501 205
575 557
575 688
575 929
598 972
598 731
598 97
598 729
598 870
681 47
681 422
681 606
681 831
681 886
681 912
742 842
742 13
742 611
742 693
742 710
742 774
742 849
742 897
742 952
777 899
777 985
777 815
777 892
777 940
777 844
777 871
777 228
777 353
777 505
780 932
780 859
780 605
780 406
780 904
780 876
780 674
780 924
780 506
780 451
817 45
817 263
817 348
817 367
817 405
817 440
817 611
817 673
817 676
817 860
817 928
817 972
833 961
833 916
833 105
833 204
833 276
833 285
833 738
833 740
833 896
875 863
875 708
875 358
875 938
875 928
875 89
875 217
875 505
875 616
875 736
875 791
875 940
875 944
875 979
896 842
896 749
896 858
896 982
896 912
896 821
896 878
896 956
896 106
896 285
896 350
896 496
896 702
896 792
896 885
896 939
901 986
901 749
901 364
901 954
901 768
901 971
901 624
901 374
901 939
901 400
901 837
901 166
901 256
901 531
901 654
901 785
961 5
961 73
961 182
961 318
961 340
961 437
961 448
961 489
961 508
961 564
961 620
961 643
961 663
961 688
961 696
961 697
961 720
961 723
961 790
961 853
961 882
961 909
961 937
961 947
961 956
961 968
961 985
961 990
974 927
974 851
974 934
974 966
974 805
974 959
974 724
974 606
974 943
974 642
974 878
974 905
974 860
974 876
974 957
974 864
974 433
974 752
974 969
974 198
974 487
974 543
974 607
974 649
974 678
974 686
974 831
974 903
981 930
981 899
981 978
981 986
981 935
981 938
981 894
981 603
981 990
981 915
981 909
981 883
981 908
981 809
981 740
981 580
981 426
981 664
981 802
981 597
981 453
981 356
981 386
981 462
981 525
981 547
981 651
981 785
981 804
981 828
981 852
3 37
3 927
3 930
37 916
927 45
927 86
927 211
927 458
927 556
927 601
927 665
927 708
927 739
927 766
927 768
927 820
927 871
927 885
927 904
927 924
927 931
927 934
927 967
930 181
930 281
930 300
930 307
930 340
930 463
930 483
930 609
930 716
930 768
930 849
930 853
930 860
930 905
930 916
930 920
930 985
930 986
916 470
916 899
916 978
916 986
916 104
916 230
916 253
916 563
916 616
916 652
916 666
916 674
916 676
916 694
916 701
916 808
916 853
916 869
916 889
45 268
86 184
86 910
211 837
211 929
458 820
458 929
458 413
458 626
556 871
556 235
556 411
556 750
556 808
601 564
601 704
601 432
601 443
601 630
601 783
665 993
665 859
665 29
665 479
665 673
665 716
708 21
708 428
708 460
708 517
708 826
708 865
708 952
708 960
739 48
739 936
739 223
739 237
739 604
739 845
739 933
739 949
766 943
766 956
766 810
766 870
766 433
766 871
766 729
766 812
768 404
768 56
768 348
768 388
768 431
768 774
768 804
820 156
820 605
820 912
820 734
820 122
820 175
820 625
820 697
820 924
871 932
871 937
871 973
871 605
871 730
871 870
871 169
871 613
871 647
871 666
885 997
885 928
885 135
885 118
885 280
885 489
885 561
885 597
885 666
885 736
885 738
885 757
885 774
885 895
885 911
904 932
904 937
904 936
904 982
904 72
904 176
904 236
904 279
904 327
904 652
904 655
904 695
904 869
904 883
904 924
904 928
924 891
924 945
924 639
924 947
924 980
924 889
924 675
924 928
924 378
924 764
924 824
924 818
924 952
924 316
924 594
924 613
924 735
924 853
931 914
931 985
931 815
931 578
931 947
931 62
931 225
931 250
931 423
931 440
931 565
931 654
931 686
931 740
931 774
931 861
931 866
931 870
931 895
931 939
931 969
934 851
934 986
934 19
934 129
934 268
934 287
934 342
934 448
934 463
934 617
934 646
934 722
934 757
934 770
934 792
934 796
934 823
934 857
934 866
934 905
934 936
934 982
967 986
967 25
967 52
967 82
967 124
967 233
967 246
967 327
967 422
967 689
967 702
967 750
967 790
967 803
967 822
967 884
967 886
967 897
967 943
967 972
967 982
967 990
181 800
181 438
281 122
300 978
300 508
307 990
307 216
307 903
340 713
340 968
463 986
463 858
463 87
463 421
483 690
483 717
609 744
609 874
609 910
716 945
716 922
716 939
716 802
716 517
849 846
849 741
849 347
849 977
849 971
849 224
849 332
849 677
849 114
849 452
849 457
849 626
849 740
853 815
853 800
853 886
853 646
853 515
853 705
853 441
860 978
860 993
860 947
860 118
860 607
860 707
860 759
860 835
905 815
905 93
905 271
905 377
905 397
905 450
905 530
905 677
905 696
905 718
905 828
905 866
920 11
920 70
920 75
920 133
920 266
920 271
920 295
920 345
920 397
920 407
920 465
920 474
920 507
920 519
920 583
920 664
920 732
920 852
920 858
920 876
920 887
920 956
985 14
985 65
985 124
985 215
985 353
985 442
985 447
985 561
985 568
985 572
985 628
985 658
985 676
985 684
985 710
985 719
985 727
985 730
985 741
985 813
985 824
985 877
985 882
985 889
985 947
985 968
985 980
986 10
986 978
986 102
986 195
986 204
986 275
986 282
986 308
986 367
986 396
986 402
986 435
986 453
986 462
986 536
986 557
986 560
986 616
986 702
986 703
986 720
986 762
986 869
986 870
986 878
986 883
986 903
986 908
986 913
986 937
986 940
986 944
986 945
158 709
158 150
230 936
230 656
254 682
254 571
254 707
290 183
290 360
290 823
298 741
298 910
298 956
298 534
302 851
302 938
302 390
302 276
439 432
439 654
466 938
466 952
466 611
466 355
466 622
472 836
472 164
472 831
472 969
486 993
486 917
486 741
486 843
526 18
526 38
526 291
526 855
526 870
526 887
559 343
559 911
585 756
585 915
585 366
585 525
648 990
648 908
648 628
648 485
648 753
653 687
653 130
653 558
653 822
735 842
735 719
735 764
735 939
735 335
735 392
761 899
761 599
761 741
761 836
761 87
761 274
761 630
761 877
761 884
775 997
775 922
775 928
775 864
775 979
775 897
775 357
775 368
775 518
775 736
792 882
792 947
792 841
792 933
792 874
792 856
792 521
792 770
792 667
801 23
801 442
801 451
801 528
801 764
801 790
801 857
801 959
808 868
808 633
808 960
808 323
808 383
808 969
808 250
808 604
810 943
810 821
810 886
810 111
810 594
810 620
810 870
810 940
836 737
836 68
836 164
836 309
836 485
836 503
836 545
836 550
836 840
868 842
868 14
868 267
868 318
868 441
868 443
868 489
868 743
868 760
868 826
868 949
884 863
884 599
884 319
884 846
884 959
884 960
884 677
884 190
884 256
884 714
884 812
892 22
892 46
892 60
892 71
892 236
892 262
892 428
892 443
892 479
892 603
892 613
892 629
892 729
892 770
892 845
892 865
892 870
908 978
908 954
908 632
908 282
908 939
908 883
908 944
908 377
908 389
908 608
908 647
908 784
908 790
908 804
908 823
908 903
910 973
910 917
910 858
910 959
910 980
910 922
910 188
910 280
910 461
910 481
910 554
910 691
910 701
910 791
910 840
910 883
937 963
937 932
937 19
937 155
937 432
937 520
937 531
937 592
937 651
937 655
937 689
937 797
937 825
937 856
937 876
937 954
937 960
937 972
977 891
977 914
977 963
977 993
977 865
977 889
977 912
977 56
977 72
977 92
977 171
977 179
977 222
977 292
977 320
977 343
977 381
977 384
977 492
977 509
977 533
977 641
977 643
977 649
977 691
977 707
977 717
977 787
977 824
977 911
977 939
977 957
977 969
977 979
982 523
982 936
982 954
982 49
982 60
982 260
982 288
982 305
982 415
982 562
982 650
982 664
982 674
982 677
982 714
982 720
982 769
982 787
982 813
982 818
982 845
982 861
982 886
982 956
982 957
982 971
982 979
4 470
4 842
470 508
470 978
842 32
842 96
842 209
842 434
842 500
842 532
842 837
842 971
508 945
508 971
508 227
508 386
978 644
978 10
978 899
978 73
978 84
978 105
978 234
978 242
978 257
978 265
978 321
978 371
978 372
978 380
978 388
978 389
978 676
978 687
978 690
978 714
978 771
978 793
978 800
978 802
978 823
978 826
978 886
978 943
978 945
978 949
978 957
32 592
32 797
96 374
96 956
209 922
209 92
209 497
434 979
434 939
434 689
434 683
500 794
500 929
500 634
532 36
532 175
532 396
532 568
532 721
837 914
837 959
837 936
837 954
837 960
837 339
837 663
837 159
837 579
837 738
837 968
971 644
971 851
971 963
971 997
971 917
971 858
971 966
971 424
971 68
971 113
971 270
971 409
971 420
971 450
971 476
971 507
971 670
971 688
971 760
971 881
971 887
971 915
971 928
75 596
75 754
120 342
142 161
142 163
142 512
289 912
289 952
289 243
289 453
394 552
394 456
394 607
412 62
412 329
412 391
412 626
412 979
425 156
425 954
425 103
425 746
459 542
506 743
506 384
603 70
603 242
603 270
603 956
630 541
630 979
630 510
630 877
630 430
633 33
633 694
633 821
633 889
633 940
710 715
710 912
710 990
710 152
710 410
710 753
710 897
723 19
723 320
723 408
723 812
723 878
730 639
730 922
730 990
730 127
730 450
730 451
771 144
771 22
771 133
771 568
771 607
771 746
771 802
771 819
771 903
779 891
779 966
779 791
779 799
779 163
779 291
779 336
779 783
779 809
779 881
798 527
798 993
798 980
798 938
798 821
798 969
798 471
798 700
798 306
798 509
798 877
804 945
804 859
804 938
804 956
804 303
804 929
804 381
804 574
806 997
806 253
806 257
806 71
806 241
806 311
806 359
806 462
806 576
806 587
806 736
856 859
856 917
856 936
856 467
856 122
856 366
856 392
856 701
856 703
856 826
856 952
866 375
866 623
866 935
866 819
866 149
866 363
866 514
866 586
866 770
866 822
874 637
874 959
874 646
874 140
874 240
874 296
874 583
874 624
874 717
874 781
874 790
874 867
874 939
874 969
877 815
877 605
877 943
877 862
877 787
877 821
877 799
877 911
877 740
877 329
877 727
877 640
881 891
881 657
881 894
881 811
881 911
881 979
881 915
881 456
881 753
881 826
881 828
889 973
889 846
889 247
889 55
889 198
889 491
889 663
889 703
889 796
889 864
889 938
895 959
895 912
895 758
895 928
895 718
895 764
895 864
895 190
895 266
895 355
895 389
895 507
895 683
895 897
932 963
932 13
932 29
932 115
932 336
932 429
932 457
932 548
932 617
932 683
932 700
932 706
932 717
932 753
932 763
932 765
932 790
932 796
936 914
936 42
936 71
936 250
936 313
936 551
936 557
936 701
936 734
936 765
936 796
936 811
936 957
938 945
938 719
938 846
938 56
938 84
938 132
938 196
938 416
938 503
938 700
938 784
938 940
938 949
938 990
993 963
993 12
993 16
993 41
993 80
993 124
993 202
993 222
993 243
993 244
993 251
993 293
993 381
993 489
993 590
993 608
993 616
993 638
993 643
993 691
993 704
993 721
993 738
993 741
993 757
993 765
993 787
993 824
993 865
993 959
993 966
993 969
993 990
146 568
146 383
157 346
177 973
199 333
199 345
199 656
206 671
400 769
400 152
400 450
400 537
416 541
416 933
416 595
416 366
471 319
471 475
485 862
497 956
497 342
538 855
538 799
538 990
538 911
538 707
538 272
562 805
562 354
562 613
562 667
637 945
637 578
637 554
637 821
668 945
668 606
668 624
668 956
668 835
668 413
668 803
668 717
669 38
669 95
669 114
669 570
669 652
669 972
688 123
688 744
688 363
688 493
760 846
760 943
760 675
760 813
760 968
760 781
760 785
784 959
784 911
784 835
784 570
784 521
784 608
785 891
785 805
785 960
785 512
785 426
785 427
785 622
790 882
790 600
790 273
790 475
822 520
822 912
822 886
822 658
822 957
822 565
844 794
844 857
844 650
844 164
844 233
844 352
844 357
844 421
844 629
844 750
844 752
844 828
844 929
899 10
899 499
899 587
899 682
899 703
899 732
899 759
899 852
899 922
899 966
915 973
915 957
915 979
915 138
915 148
915 174
915 245
915 266
915 468
915 476
915 495
915 507
915 594
915 843
915 867
915 887
915 903
915 944
954 997
954 43
954 150
954 233
954 401
954 431
954 474
954 591
954 596
954 706
954 736
954 869
954 897
954 939
954 943
954 960
954 990
957 945
957 966
957 861
957 582
957 134
957 244
957 263
957 286
957 379
957 442
957 481
957 491
957 499
957 536
957 545
957 674
957 696
957 707
957 823
957 909
959 737
959 973
959 858
959 36
959 49
959 263
959 335
959 424
959 440
959 512
959 684
959 707
959 870
959 887
959 913
990 756
990 605
990 935
990 743
990 886
990 928
990 322
990 108
990 227
990 265
990 326
990 346
990 350
990 380
990 461
990 551
990 552
990 572
990 584
990 627
990 655
990 705
990 753
990 826
990 911
990 944
5 516
5 891
516 93
516 178
516 184
516 917
891 127
891 216
891 234
891 288
891 430
891 580
891 584
891 622
891 632
891 813
891 952
891 956
891 972
93 695
93 861
178 82
184 90
184 673
917 882
917 26
917 60
917 191
917 196
917 490
917 574
917 632
917 634
917 690
917 696
917 857
917 864
917 947
127 764
216 963
216 571
234 724
234 952
288 980
288 303
288 602
430 610
430 503
580 207
580 488
584 787
584 731
584 190
584 232
622 675
622 791
622 676
632 933
632 97
632 490
632 949
813 535
813 455
813 935
813 911
813 150
813 547
813 828
813 897
952 794
952 972
952 590
952 824
952 387
952 909
952 883
952 728
952 867
952 372
952 443
952 461
952 547
952 812
952 828
952 897
956 480
956 882
956 966
956 972
956 933
956 861
956 296
956 488
956 503
956 525
956 548
956 555
956 558
956 617
956 682
956 734
956 852
956 940
972 963
972 404
972 687
972 973
972 51
972 111
972 115
972 137
972 284
972 292
972 393
972 427
972 431
972 498
972 531
972 534
972 586
972 590
972 614
972 689
972 799
972 818
972 825
972 876
104 841
104 210
131 876
131 911
167 864
167 690
226 979
226 519
367 295
564 997
564 943
564 117
564 662
886 201
886 841
886 62
886 150
886 213
886 521
886 758
945 15
945 152
945 196
945 259
945 386
945 546
945 626
945 655
945 696
945 741
945 823
945 865
945 883
73 123
182 805
182 935
182 740
318 947
318 577
318 802
437 155
437 567
448 279
448 567
448 574
489 490
620 973
620 960
620 251
620 495
620 831
643 963
643 878
643 913
643 311
663 715
663 78
663 510
663 587
663 610
663 845
696 762
696 272
696 640
697 821
697 595
697 616
697 530
720 800
720 347
720 933
720 85
720 624
720 693
720 928
882 277
882 455
882 24
882 296
882 378
882 465
882 764
882 770
882 841
882 903
909 973
909 862
909 542
909 303
909 869
909 940
909 153
909 161
909 383
909 186
909 545
909 608
909 867
909 968
947 914
947 201
947 107
947 92
947 148
947 279
947 336
947 456
947 502
947 509
947 519
947 652
947 754
947 763
947 809
947 818
947 825
947 897
947 980
968 687
968 599
968 966
968 406
968 793
968 791
968 165
968 752
968 166
968 280
968 336
968 427
968 499
968 566
968 573
968 699
968 727
968 732
968 929
6 139
139 153
139 415
139 887
153 693
415 296
415 640
887 201
887 864
887 329
887 387
887 389
887 426
887 429
887 468
887 752
887 969
626 537
702 671
702 275
702 554
738 529
738 734
738 496
738 405
701 963
701 828
774 634
774 409
774 359
774 683
787 58
787 392
825 929
825 662
825 306
825 518
825 694
969 644
969 794
969 851
969 963
969 997
969 319
969 841
969 724
969 477
969 642
969 869
969 864
969 752
969 845
969 171
969 678
969 721
969 746
969 823
969 831
343 520
343 514
579 679
579 802
579 402
610 102
610 204
610 450
610 587
613 582
613 770
661 997
661 480
661 846
661 960
661 85
661 265
661 423
661 706
746 973
746 935
746 530
746 753
746 776
869 966
869 744
869 960
869 108
869 393
869 189
869 344
869 783
869 809
869 824
869 939
979 794
979 136
979 252
979 658
979 799
979 390
979 660
979 273
979 401
979 435
979 438
979 476
979 496
979 647
979 649
979 680
979 709
979 757
979 803
979 867
979 944
535 411
535 604
535 678
535 737
644 287
644 352
644 667
644 944
411 997
411 911
604 980
604 943
604 911
604 840
604 422
678 980
678 793
678 409
737 9
737 155
737 640
737 840
911 455
911 592
911 980
911 349
911 943
911 590
911 189
911 197
911 654
911 818
287 657
287 335
287 823
352 841
352 568
352 547
667 966
667 793
667 607
667 852
944 805
944 606
944 168
944 529
944 624
944 870
944 660
944 191
944 283
944 401
944 427
944 442
944 499
944 522
944 576
944 753
944 812
944 828
8 255
8 713
8 794
8 851
255 161
255 515
255 960
713 43
713 285
713 323
713 796
713 803
713 913
794 44
794 99
794 252
794 793
794 922
851 114
851 262
851 815
851 870
851 929
515 928
515 99
515 245
515 426
960 914
960 963
960 724
960 933
960 65
960 141
960 152
960 186
960 331
960 465
960 572
960 634
960 686
960 764
960 769
960 791
960 840
960 913
960 939
43 743
285 939
323 744
323 128
323 260
796 722
796 811
796 97
796 213
796 380
796 574
803 841
803 606
803 504
803 576
803 656
803 560
803 474
913 480
913 731
913 272
913 308
913 368
913 457
913 493
913 656
913 683
913 689
913 757
913 826
913 845
913 876
44 756
44 741
99 963
793 406
793 53
793 301
793 474
793 840
922 997
922 66
922 266
922 512
922 550
922 570
922 686
922 703
922 705
922 762
922 765
262 912
262 539
815 16
815 102
815 477
815 533
815 754
815 805
815 940
870 943
870 129
870 475
870 729
870 769
870 843
929 546
929 639
929 980
929 933
929 705
929 172
929 215
929 286
929 295
929 750
9 834
9 914
9 963
834 269
834 306
834 348
834 522
834 656
834 831
834 835
834 862
834 863
834 883
834 973
914 20
914 233
914 398
914 536
914 679
914 682
914 714
914 758
914 770
914 876
914 897
914 949
914 997
963 52
963 163
963 166
963 188
963 488
963 517
963 623
963 638
963 656
963 724
963 824
963 841
963 845
963 861
963 864
963 865
963 933
155 883
640 731
640 928
640 819
640 671
840 569
840 571
840 759
840 473
840 402
840 714
269 140
269 809
269 897
306 358
348 587
522 756
522 980
522 338
522 537
522 545
656 349
656 763
831 863
831 894
831 531
831 586
835 214
835 862
835 179
835 438
835 447
835 533
835 545
835 652
835 717
835 781
862 639
862 57
862 537
862 555
862 662
862 694
862 759
862 843
862 852
862 867
863 20
863 64
863 571
863 599
863 660
863 729
863 819
863 821
863 878
883 397
883 305
883 398
883 493
883 686
883 721
883 802
883 823
973 997
973 19
973 53
973 200
973 239
973 350
973 417
973 496
973 523
973 539
973 551
973 583
973 621
973 709
973 721
973 729
973 763
973 855
973 912
973 966
20 156
398 719
398 704
536 821
536 878
536 903
679 15
679 102
679 129
679 223
679 347
679 541
679 867
682 997
682 859
682 117
682 664
682 818
714 722
714 894
714 569
714 469
758 894
758 87
758 490
758 509
758 762
758 783
770 375
770 933
770 799
770 293
876 473
876 503
876 534
876 671
876 684
876 689
876 694
897 502
897 928
897 374
897 558
897 271
897 272
897 301
897 422
949 797
949 980
949 935
949 878
949 125
949 149
949 165
949 245
949 654
949 684
949 686
949 757
997 11
997 52
997 136
997 168
997 205
997 277
997 299
997 397
997 402
997 407
997 422
997 442
997 479
997 505
997 512
997 592
997 597
997 627
997 675
997 718
997 736
997 762
997 763
997 809
997 821
52 168
188 436
188 531
488 333
488 498
488 551
517 865
517 358
517 729
517 403
623 42
623 523
623 519
638 966
638 799
724 38
724 58
724 933
824 912
824 140
824 249
824 405
824 614
824 783
841 33
841 195
841 359
841 429
841 561
845 390
845 595
845 169
845 264
845 291
845 683
861 657
861 935
861 246
861 292
861 436
861 447
861 591
861 673
861 709
864 136
864 274
864 435
865 715
865 25
865 342
865 417
865 432
865 732
865 894
933 797
933 116
933 225
933 235
933 336
933 420
933 525
933 574
933 608
933 627
933 695
933 700
10 527
527 563
527 819
563 674
563 680
563 736
819 935
819 134
819 176
819 426
819 666
819 671
819 729
819 781
819 818
587 674
703 857
703 718
703 191
703 490
732 878
732 776
732 852
759 797
759 282
759 227
759 236
759 440
852 657
852 939
852 641
852 763
966 715
966 749
966 100
966 174
966 368
966 395
966 419
966 594
966 617
966 652
966 670
966 675
966 690
84 642
105 578
105 467
242 625
242 435
257 50
257 496
257 700
265 705
265 284
321 121
321 473
371 251
372 671
372 548
388 64
388 428
388 662
389 744
676 776
687 17
687 625
687 828
687 980
690 247
690 270
800 18
800 70
800 627
800 935
802 658
802 354
802 333
802 560
823 743
823 662
823 396
826 599
826 660
826 565
826 308
826 694
943 55
943 259
943 469
943 675
943 699
943 728
943 740
943 769
943 776
943 783
943 812
195 741
195 566
204 560
275 235
275 655
282 132
282 903
396 912
402 731
435 223
453 395
453 457
462 894
462 670
557 935
557 683
616 935
616 189
616 316
762 928
762 90
762 670
762 765
878 81
878 82
878 118
878 469
878 641
878 677
878 704
903 424
903 542
903 408
903 436
903 597
903 549
903 691
940 799
940 111
940 154
940 159
940 183
940 186
940 246
940 267
940 370
940 548
940 647
940 662
940 706
11 156
11 715
715 350
715 447
715 505
715 783
350 468
447 419
505 600
505 335
783 859
783 828
133 436
271 374
271 939
295 657
295 432
345 858
345 705
345 299
397 148
397 530
407 331
407 791
407 401
465 203
474 980
474 765
507 621
519 894
519 673
519 602
583 322
583 752
664 858
664 408
664 227
664 498
664 533
858 123
858 28
858 141
858 567
858 695
858 736
136 41
168 582
205 857
205 570
277 23
277 423
299 846
299 490
422 539
442 455
479 477
479 410
512 722
592 28
592 475
597 263
597 534
627 743
627 518
627 476
675 66
675 461
675 765
718 98
718 382
718 419
736 689
763 809
809 174
809 355
809 518
821 752
821 781
12 123
12 404
404 135
404 572
404 590
135 90
572 279
572 370
590 66
590 469
41 424
57 529
113 395
320 98
320 764
326 344
326 552
361 539
361 514
369 185
369 812
443 647
586 642
586 694
586 573
754 744
754 382
754 429
754 765
16 48
16 187
80 642
124 344
202 634
202 704
222 487
243 595
244 529
251 452
293 480
293 744
381 429
608 980
608 618
691 764
691 684
704 935
704 524
704 689
721 912
721 855
721 484
741 670
741 753
757 596
757 258
757 769
757 245
765 525
765 727
13 749
749 614
749 660
749 728
749 912
611 240
611 260
611 276
693 605
693 980
693 311
693 403
693 750
614 547
614 684
660 187
660 928
660 130
728 980
728 170
728 452
728 694
728 699
912 55
912 558
912 573
912 740
912 781
912 855
29 846
115 980
429 423
457 722
457 843
617 524
700 599
700 436
700 392
706 695
706 939
706 330
706 493
717 859
717 359
91 596
91 524
91 624
106 791
106 799
180 364
180 731
180 179
237 666
317 734
317 671
317 330
338 935
338 280
421 504
421 514
529 727
529 750
549 365
549 513
549 452
553 138
553 530
553 740
625 125
625 169
662 228
727 467
727 313
727 551
731 78
805 33
805 384
805 673
14 98
591 531
591 487
591 481
267 811
441 576
441 440
441 468
743 756
743 95
743 776
65 980
65 855
215 769
353 460
561 928
561 699
568 48
568 651
628 797
628 349
628 764
628 203
658 542
684 867
719 18
719 438
719 456
719 521
719 524
719 867
980 38
980 90
980 148
980 191
980 219
980 309
980 339
980 346
980 370
980 392
980 461
980 574
980 781
15 375
375 694
541 35
541 154
867 319
867 467
867 203
218 107
220 935
220 577
220 217
528 35
528 85
528 565
528 764
594 365
594 652
621 811
621 602
621 208
695 744
695 555
695 558
259 354
259 729
386 734
386 305
546 22
546 200
546 618
546 655
655 629
655 641
48 606
187 66
606 857
477 49
477 264
533 769
533 228
533 495
17 578
578 103
578 521
103 162
103 331
521 213
521 432
828 756
284 418
403 504
403 476
207 752
514 935
514 509
649 602
744 46
18 201
291 689
855 451
855 600
438 894
438 451
524 699
935 639
935 39
935 363
935 433
935 550
935 566
935 671
935 791
408 100
408 147
408 217
812 539
812 550
268 39
268 709
646 64
646 94
722 39
722 387
722 410
722 487
857 406
857 50
857 531
857 582
857 651
520 50
651 427
651 551
797 36
797 121
797 418
797 939
53 101
53 349
200 116
200 600
239 639
239 504
239 273
417 379
496 241
523 74
539 125
539 391
551 543
709 185
709 143
709 473
709 492
709 543
64 365
571 756
571 176
599 21
599 776
274 382
333 419
502 33
502 301
502 677
550 387
550 366
555 413
555 240
555 491
818 175
818 283
818 525
818 652
21 144
21 480
480 409
409 418
409 203
776 484
776 843
776 476
776 618
460 843
460 232
618 846
607 859
303 101
928 424
928 94
928 117
928 219
928 513
928 576
46 51
46 406
236 846
629 791
629 670
629 573
23 364
23 455
364 491
455 577
491 595
491 495
577 101
577 89
577 198
764 939
24 756
756 47
756 552
47 253
552 859
552 894
552 162
378 95
378 484
25 79
305 740
510 143
510 461
686 642
894 566
894 650
894 769
82 94
327 330
327 498
750 939
750 313
26 639
26 859
859 313
859 384
574 355
634 799
634 939
605 543
543 600
543 534
543 401
554 235
554 498
554 707
341 208
341 311
573 811
576 183
596 595
602 198
602 670
846 734
28 107
28 319
475 413
567 647
673 707
734 100
734 666
734 699
134 210
219 811
537 843
537 707
657 35
657 147
791 752
74 224
279 81
100 677
368 433
395 487
395 503
395 518
419 179
121 224
418 534
939 811
939 365
939 582
939 137
939 140
939 547
513 391
513 843
654 189
301 329
359 843
358 125
85 332
565 270
154 843
843 570
175 569
440 332
162 558
666 413
666 647
674 169
309 247
309 393
339 311
370 410
39 247
387 484
387 143
410 374
363 210
433 149
433 379
566 264
566 405
811 112
811 469
431 137
650 112
650 208
680 283
680 469
401 752
406 481
264 799
264 225
769 143
484 137
50 214
214 258
258 393
258 111
582 116
292 316
393 108
393 344
799 128
349 170
170 504
699 450
132 705
752 165
322 89
322 705
391 436
420 208
116 600
600 138
331 624
705 283
176 197
595 165
595 183
332 360
360 249
217 344
276 249
128 354
108 185
185 149
159 197
172 379
232 413
