1	639
1	706
1	730
1	981
2	200
2	538
2	752
2	852
3	518
3	810
3	862
3	955
4	108
4	181
4	626
4	848
5	92
5	642
5	753
5	893
6	303
6	312
6	981
6	994
7	332
7	872
7	958
7	991
8	645
8	761
8	781
8	915
9	216
9	442
9	586
9	843
10	541
10	884
10	969
10	996
11	388
11	787
11	944
11	947
12	84
12	294
12	994
12	1000
13	180
13	742
13	744
13	896
14	244
14	386
14	813
14	849
15	61
15	160
15	168
15	652
16	484
16	557
16	576
16	695
17	502
17	733
17	903
17	966
18	341
18	771
18	866
18	960
19	468
19	556
19	669
19	788
20	392
20	722
20	745
20	895
21	371
21	621
21	844
21	915
22	326
22	590
22	974
22	992
23	470
23	961
23	979
23	993
24	353
24	567
24	721
24	910
25	268
25	421
25	759
25	942
26	377
26	780
26	862
26	968
27	469
27	581
27	777
27	882
28	526
28	662
28	834
28	991
29	545
29	618
29	896
29	983
30	766
30	849
30	895
30	999
31	611
31	831
31	847
31	851
32	44
32	405
32	586
32	999
33	807
33	821
33	846
33	964
34	573
34	694
34	963
34	983
35	376
35	876
35	930
35	950
36	319
36	595
36	902
36	960
37	329
37	594
37	941
37	991
38	423
38	780
38	813
38	998
39	570
39	661
39	804
39	995
40	417
40	501
40	795
40	916
41	353
41	858
41	925
41	968
42	174
42	629
42	655
42	934
43	529
43	655
43	717
43	1000
44	32
44	708
44	896
44	986
45	91
45	287
45	738
45	989
46	630
46	712
46	936
46	985
47	298
47	704
47	840
47	982
48	600
48	958
48	977
48	982
49	853
49	871
49	930
49	986
50	321
50	682
50	867
50	936
51	75
51	318
51	540
51	893
52	365
52	628
52	863
52	961
53	175
53	758
53	882
53	895
54	275
54	511
54	827
54	873
55	610
55	703
55	804
55	997
56	190
56	417
56	791
56	969
57	763
57	786
57	963
57	992
58	303
58	430
58	551
58	590
59	479
59	499
59	784
59	855
60	96
60	143
60	244
60	997
61	15
61	735
61	957
61	999
62	177
62	209
62	974
62	988
63	565
63	731
63	908
63	949
64	166
64	728
64	939
64	949
65	603
65	734
65	977
65	1000
66	260
66	935
66	977
66	987
67	168
67	898
67	958
67	979
68	560
68	742
68	983
68	986
69	630
69	883
69	905
69	988
70	104
70	830
70	859
70	929
71	568
71	640
71	971
71	984
72	136
72	860
72	887
72	951
73	484
73	527
73	617
73	996
74	409
74	458
74	751
74	816
75	51
75	84
75	645
75	948
76	369
76	936
76	990
76	995
77	422
77	526
77	549
77	676
78	670
78	875
78	937
78	945
79	603
79	867
79	901
79	967
80	90
80	659
80	789
80	913
81	580
81	772
81	855
81	864
82	249
82	584
82	665
82	888
83	376
83	471
83	863
83	929
84	12
84	75
84	283
84	991
85	305
85	938
85	942
85	981
86	526
86	898
86	964
86	995
87	159
87	830
87	935
87	948
88	436
88	681
88	931
88	970
89	106
89	671
89	699
89	775
90	80
90	342
90	551
90	902
91	45
91	673
91	874
91	993
92	5
92	831
92	960
92	977
93	217
93	397
93	746
93	998
94	311
94	372
94	632
94	976
95	408
95	801
95	852
95	988
96	60
96	175
96	757
96	860
97	372
97	663
97	827
97	979
98	889
98	923
98	974
98	994
99	182
99	823
99	956
99	1000
100	119
100	714
100	967
100	991
101	470
101	921
101	966
101	999
102	124
102	801
102	876
102	973
103	497
103	690
103	752
103	825
104	70
104	754
104	882
104	949
105	362
105	466
105	770
105	930
106	89
106	429
106	474
106	977
107	588
107	859
107	939
107	999
108	4
108	851
108	900
108	935
109	690
109	718
109	763
109	937
110	493
110	580
110	777
110	912
111	293
111	344
111	664
111	959
112	870
112	897
112	989
112	996
113	629
113	818
113	884
113	956
114	318
114	680
114	835
114	913
115	643
115	768
115	789
115	883
116	244
116	393
116	435
116	951
117	900
117	924
117	943
117	974
118	217
118	272
118	463
118	969
119	100
119	463
119	808
119	914
120	656
120	674
120	970
120	979
121	838
121	888
121	960
121	976
122	669
122	861
122	982
122	989
123	566
123	927
123	939
123	988
124	102
124	149
124	528
124	622
125	749
125	826
125	865
125	914
126	249
126	708
126	882
126	925
127	481
127	603
127	876
127	991
128	336
128	863
128	894
128	977
129	685
129	824
129	907
129	921
130	384
130	734
130	751
130	810
131	776
131	935
131	947
131	976
132	217
132	248
132	735
132	897
133	448
133	775
133	987
133	992
134	882
134	912
134	996
134	1000
135	755
135	840
135	874
135	978
136	72
136	515
136	865
136	896
137	585
137	739
137	842
137	855
138	752
138	766
138	974
138	989
139	234
139	636
139	795
139	996
140	618
140	782
140	919
140	955
141	635
141	641
141	913
141	940
142	633
142	849
142	869
142	952
143	60
143	506
143	578
143	976
144	399
144	595
144	648
144	659
145	456
145	620
145	773
145	842
146	421
146	615
146	671
146	951
147	160
147	740
147	770
147	967
148	547
148	784
148	914
148	959
149	124
149	464
149	852
149	910
150	167
150	325
150	651
150	811
151	755
151	810
151	943
151	996
152	308
152	614
152	659
152	896
153	650
153	832
153	931
153	951
154	553
154	697
154	823
154	990
155	456
155	633
155	869
155	991
156	662
156	797
156	974
156	999
157	690
157	936
157	954
157	991
158	710
158	893
158	932
158	996
159	87
159	595
159	604
159	797
160	15
160	147
160	938
160	957
161	820
161	842
161	852
161	992
162	306
162	307
162	852
162	929
163	257
163	854
163	947
163	990
164	510
164	793
164	983
164	990
165	489
165	528
165	788
165	955
166	64
166	532
166	590
166	872
167	150
167	364
167	456
167	689
168	15
168	67
168	961
168	997
169	212
169	462
169	632
169	923
170	385
170	830
170	915
170	961
171	794
171	817
171	982
171	986
172	807
172	921
172	931
172	960
173	418
173	507
173	653
173	975
174	42
174	765
174	785
174	953
175	53
175	96
175	364
175	956
176	208
176	266
176	338
176	620
177	62
177	752
177	864
177	997
178	490
178	526
178	692
178	1000
179	466
179	817
179	909
179	939
180	13
180	658
180	945
180	1000
181	4
181	437
181	598
181	861
182	99
182	540
182	630
182	998
183	622
183	829
183	857
183	995
184	256
184	595
184	805
184	916
185	589
185	894
185	986
185	999
186	189
186	362
186	388
186	927
187	351
187	976
187	991
187	997
188	262
188	865
188	949
188	996
189	186
189	308
189	411
189	609
190	56
190	489
190	818
190	922
191	640
191	651
191	735
191	791
192	340
192	830
192	941
192	964
193	313
193	668
193	905
193	978
194	694
194	696
194	935
194	987
195	323
195	644
195	958
195	995
196	323
196	825
196	830
196	845
197	251
197	369
197	823
197	858
198	720
198	781
198	912
198	979
199	569
199	709
199	889
199	928
200	2
200	487
200	606
200	855
201	214
201	378
201	784
201	955
202	645
202	744
202	901
202	993
203	776
203	882
203	897
203	935
204	833
204	892
204	895
204	962
205	307
205	591
205	653
205	845
206	242
206	691
206	721
206	813
207	270
207	762
207	866
207	873
208	176
208	451
208	748
208	874
209	62
209	408
209	830
209	978
210	350
210	384
210	491
210	948
211	331
211	803
211	822
211	903
212	169
212	339
212	891
212	959
213	448
213	472
213	829
213	1000
214	201
214	215
214	515
214	829
215	214
215	651
215	739
215	969
216	9
216	692
216	823
216	983
217	93
217	118
217	132
217	873
218	494
218	854
218	977
218	978
219	334
219	667
219	894
219	913
220	581
220	697
220	800
220	967
221	282
221	372
221	581
221	828
222	532
222	765
222	791
222	994
223	527
223	588
223	941
223	993
224	657
224	912
224	917
224	933
225	455
225	566
225	895
225	931
226	455
226	653
226	798
226	839
227	365
227	793
227	833
227	941
228	589
228	635
228	746
228	957
229	535
229	618
229	858
229	973
230	556
230	928
230	970
230	993
231	558
231	649
231	866
231	998
232	757
232	892
232	926
232	967
233	771
233	901
233	925
233	936
234	139
234	423
234	728
234	802
235	486
235	751
235	871
235	956
236	451
236	632
236	684
236	783
237	859
237	898
237	963
237	998
238	484
238	780
238	793
238	873
239	628
239	790
239	837
239	931
240	517
240	659
240	673
240	878
240	962
241	579
241	782
241	785
241	831
241	906
242	206
242	313
242	843
242	921
242	944
243	634
243	702
243	792
243	842
243	956
244	14
244	60
244	116
244	903
244	947
245	507
245	547
245	714
245	770
245	926
246	516
246	737
246	861
246	870
246	950
247	421
247	694
247	831
247	939
247	959
248	132
248	287
248	944
248	967
248	999
249	82
249	126
249	319
249	871
249	993
250	717
250	760
250	908
250	955
250	985
251	197
251	512
251	779
251	791
251	945
252	312
252	554
252	862
252	970
252	971
253	536
253	684
253	713
253	971
253	1000
254	581
254	735
254	789
254	816
254	970
255	440
255	680
255	840
255	843
255	949
256	184
256	448
256	496
256	549
256	765
257	163
257	559
257	696
257	907
257	962
258	419
258	485
258	758
258	956
258	997
259	658
259	743
259	836
259	862
259	987
260	66
260	310
260	745
260	944
260	973
261	482
261	770
261	798
261	883
261	948
262	188
262	429
262	954
262	966
262	975
263	650
263	659
263	754
263	900
263	957
264	669
264	675
264	805
264	941
264	989
265	633
265	850
265	945
265	982
265	985
266	176
266	606
266	725
266	771
266	791
267	570
267	705
267	831
267	897
267	924
268	25
268	596
268	930
268	940
268	979
269	496
269	604
269	968
269	976
269	979
270	207
270	828
270	874
270	911
270	995
271	885
271	930
271	938
271	965
271	975
272	118
272	445
272	579
272	792
272	978
273	673
273	901
273	926
273	974
273	995
274	647
274	827
274	849
274	928
274	952
275	54
275	315
275	501
275	677
275	932
276	381
276	649
276	912
276	987
276	990
277	388
277	426
277	786
277	878
277	899
278	279
278	619
278	754
278	954
278	955
279	278
279	812
279	910
279	930
279	983
280	645
280	788
280	866
280	919
280	979
281	562
281	768
281	776
281	947
281	991
282	221
282	704
282	831
282	945
282	962
283	84
283	419
283	479
283	702
283	906
284	323
284	543
284	720
284	901
284	991
285	357
285	528
285	719
285	902
285	929
286	325
286	859
286	906
286	918
286	948
287	45
287	248
287	637
287	728
287	959
288	511
288	829
288	911
288	957
288	981
289	442
289	500
289	639
289	648
289	660
290	629
290	829
290	845
290	915
290	977
291	522
291	613
291	741
291	993
291	998
292	434
292	721
292	832
292	896
292	994
293	111
293	544
293	694
293	892
293	990
294	12
294	447
294	748
294	888
294	924
295	396
295	745
295	931
295	964
295	987
296	376
296	864
296	877
296	948
296	986
297	394
297	430
297	708
297	974
297	977
298	47
298	383
298	427
298	686
298	862
299	753
299	899
299	900
299	903
299	991
300	419
300	456
300	565
300	780
300	976
301	677
301	711
301	846
301	885
301	932
302	342
302	530
302	761
302	795
302	918
303	6
303	58
303	582
303	678
303	959
304	835
304	847
304	870
304	937
304	993
305	85
305	712
305	731
305	866
305	870
306	162
306	633
306	641
306	679
306	955
307	162
307	205
307	329
307	696
307	985
308	152
308	189
308	775
308	802
308	906
309	428
309	508
309	690
309	923
309	977
310	260
310	819
310	955
310	976
310	997
311	94
311	702
311	850
311	912
311	942
312	6
312	252
312	490
312	629
312	875
313	193
313	242
313	877
313	907
313	980
314	406
314	611
314	869
314	887
314	924
315	275
315	764
315	860
315	862
315	900
316	465
316	688
316	884
316	953
316	962
317	765
317	790
317	810
317	877
317	896
318	51
318	114
318	395
318	396
318	932
319	36
319	249
319	666
319	782
319	803
320	778
320	879
320	908
320	943
320	962
321	50
321	589
321	700
321	733
321	901
322	361
322	572
322	582
322	622
322	888
323	195
323	196
323	284
323	584
323	808
324	601
324	668
324	740
324	857
324	944
325	150
325	286
325	899
325	938
325	972
326	22
326	473
326	550
326	796
326	819
327	474
327	699
327	895
327	919
327	932
328	790
328	796
328	845
328	852
328	963
329	37
329	307
329	750
329	941
329	957
330	551
330	861
330	927
330	952
330	973
331	211
331	390
331	616
331	787
331	868
332	7
332	840
332	905
332	975
332	978
333	405
333	412
333	503
333	938
333	966
334	219
334	405
334	970
334	980
334	991
335	512
335	539
335	779
335	886
335	949
336	128
336	538
336	613
336	876
336	976
337	466
337	877
337	970
337	985
337	997
338	176
338	876
338	921
338	932
338	973
339	212
339	356
339	832
339	875
339	962
340	192
340	732
340	748
340	758
340	977
341	18
341	504
341	917
341	961
341	983
342	90
342	302
342	761
342	849
342	981
343	462
343	601
343	860
343	903
343	910
344	111
344	559
344	588
344	789
344	979
345	489
345	538
345	639
345	788
345	976
346	587
346	782
346	889
346	986
346	996
347	938
347	952
347	971
347	999
347	1000
348	475
348	559
348	746
348	851
348	883
349	689
349	761
349	930
349	969
349	998
350	210
350	650
350	737
350	764
350	927
351	187
351	458
351	789
351	911
351	972
352	408
352	514
352	867
352	874
352	982
353	24
353	41
353	738
353	741
353	836
354	621
354	768
354	820
354	869
354	932
355	608
355	641
355	789
355	842
355	863
356	339
356	606
356	645
356	875
356	983
357	285
357	490
357	631
357	883
357	893
358	608
358	609
358	709
358	736
358	841
359	420
359	856
359	966
359	978
359	994
360	506
360	703
360	834
360	925
360	990
361	322
361	397
361	443
361	960
361	984
362	105
362	186
362	805
362	916
362	939
363	753
363	823
363	866
363	898
363	900
364	167
364	175
364	689
364	723
364	795
365	52
365	227
365	571
365	642
365	967
366	834
366	874
366	902
366	942
366	949
367	461
367	811
367	978
367	990
367	994
368	553
368	759
368	923
368	991
368	993
369	76
369	197
369	503
369	934
369	957
370	483
370	575
370	735
370	915
370	933
371	21
371	578
371	806
371	815
371	834
372	94
372	97
372	221
372	968
372	974
373	460
373	566
373	963
373	972
373	993
374	668
374	712
374	921
374	950
374	989
375	377
375	604
375	771
375	792
375	988
376	35
376	83
376	296
376	593
376	988
377	26
377	375
377	814
377	969
377	996
378	201
378	627
378	695
378	844
378	996
379	733
379	758
379	789
379	897
379	957
380	838
380	878
380	889
380	964
380	975
381	276
381	883
381	887
381	904
381	985
382	409
382	687
382	914
382	949
382	977
383	298
383	599
383	690
383	762
383	936
384	130
384	210
384	716
384	827
384	938
385	170
385	851
385	919
385	991
385	998
386	14
386	732
386	891
386	984
386	991
387	739
387	832
387	904
387	931
387	970
388	11
388	186
388	277
388	442
388	991
389	530
389	643
389	872
389	882
389	980
390	331
390	690
390	783
390	808
390	831
390	885
391	630
391	751
391	771
391	799
391	930
391	937
392	20
392	632
392	818
392	912
392	956
392	997
393	116
393	413
393	594
393	719
393	847
393	926
394	297
394	454
394	549
394	664
394	746
394	978
395	318
395	745
395	860
395	890
395	935
395	940
396	295
396	318
396	516
396	652
396	871
396	928
397	93
397	361
397	615
397	677
397	718
397	776
398	645
398	821
398	872
398	982
398	997
398	1000
399	144
399	691
399	764
399	867
399	982
399	984
400	700
400	836
400	929
400	942
400	945
400	965
401	461
401	577
401	801
401	946
401	980
401	989
402	658
402	781
402	849
402	964
402	990
402	997
403	614
403	728
403	781
403	962
403	968
403	977
404	524
404	561
404	781
404	846
404	959
404	994
405	32
405	333
405	334
405	743
405	774
405	994
406	314
406	681
406	836
406	917
406	969
406	978
407	657
407	802
407	848
407	856
407	936
407	978
408	95
408	209
408	352
408	891
408	918
408	986
409	74
409	382
409	902
409	928
409	957
409	965
410	704
410	859
410	886
410	904
410	970
410	986
411	189
411	569
411	636
411	801
411	905
411	992
412	333
412	605
412	701
412	813
412	930
412	980
413	393
413	828
413	939
413	970
413	989
413	993
414	681
414	744
414	746
414	786
414	812
414	889
415	647
415	699
415	709
415	782
415	943
415	995
416	561
416	797
416	843
416	867
416	922
416	982
417	40
417	56
417	863
417	891
417	922
417	933
418	173
418	634
418	724
418	796
418	915
418	923
419	258
419	283
419	300
419	604
419	859
419	880
420	359
420	605
420	896
420	942
420	963
420	999
421	25
421	146
421	247
421	567
421	638
421	966
422	77
422	821
422	853
422	861
422	988
422	999
423	38
423	234
423	708
423	765
423	849
423	989
424	453
424	692
424	850
424	909
424	965
424	999
425	445
425	790
425	810
425	932
425	975
425	994
426	277
426	562
426	849
426	924
426	981
426	995
427	298
427	602
427	759
427	886
427	961
427	982
428	309
428	534
428	669
428	862
428	873
428	948
429	106
429	262
429	526
429	725
429	885
429	887
430	58
430	297
430	803
430	925
430	942
430	998
431	460
431	711
431	884
431	895
431	944
431	961
432	561
432	777
432	836
432	962
432	974
432	991
433	706
433	845
433	850
433	965
433	988
433	996
434	292
434	498
434	705
434	870
434	941
434	983
435	116
435	637
435	681
435	816
435	883
435	969
436	88
436	446
436	800
436	844
436	845
436	930
437	181
437	691
437	951
437	953
437	975
437	980
438	546
438	648
438	716
438	739
438	747
438	929
439	444
439	578
439	897
439	906
439	989
439	990
440	255
440	601
440	792
440	882
440	912
440	988
441	612
441	613
441	639
441	866
441	936
441	980
442	9
442	289
442	388
442	787
442	884
442	994
443	361
443	447
443	719
443	743
443	931
443	957
444	439
444	473
444	828
444	895
444	963
444	967
445	272
445	425
445	511
445	521
445	861
445	889
446	436
446	548
446	648
446	816
446	949
446	985
447	294
447	443
447	703
447	772
447	890
447	998
448	133
448	213
448	256
448	629
448	809
448	859
449	641
449	763
449	824
449	938
449	945
449	988
450	452
450	521
450	621
450	808
450	891
450	931
451	208
451	236
451	864
451	896
451	962
451	993
452	450
452	786
452	952
452	969
452	984
452	997
453	424
453	753
453	783
453	842
453	860
453	973
454	394
454	571
454	750
454	760
454	785
454	999
455	225
455	226
455	643
455	876
455	961
455	967
456	145
456	155
456	167
456	300
456	885
456	891
457	509
457	606
457	685
457	767
457	872
457	983
458	74
458	351
458	499
458	902
458	931
458	997
459	712
459	750
459	920
459	946
459	993
459	997
460	373
460	431
460	635
460	911
460	985
460	986
461	367
461	401
461	754
461	781
461	840
461	899
462	169
462	343
462	736
462	941
462	943
462	988
463	118
463	119
463	507
463	656
463	948
463	967
464	149
464	479
464	779
464	899
464	924
464	963
465	316
465	938
465	959
465	971
465	975
465	990
466	105
466	179
466	337
466	626
466	952
466	960
467	474
467	856
467	930
467	940
467	943
467	990
468	19
468	569
468	857
468	874
468	954
468	958
469	27
469	639
469	731
469	741
469	974
469	999
470	23
470	101
470	522
470	584
470	832
470	964
471	83
471	728
471	769
471	835
471	934
471	954
472	213
472	571
472	715
472	745
472	908
472	987
473	326
473	444
473	543
473	828
473	889
473	997
474	106
474	327
474	467
474	778
474	993
474	997
475	348
475	657
475	830
475	894
475	910
475	991
476	726
476	739
476	776
476	921
476	940
476	995
477	583
477	595
477	914
477	915
477	972
477	995
478	529
478	572
478	818
478	830
478	918
478	971
479	59
479	283
479	464
479	710
479	986
479	995
480	695
480	801
480	900
480	936
480	997
480	999
481	127
481	641
481	666
481	722
481	922
481	941
482	261
482	491
482	576
482	800
482	807
482	871
483	370
483	583
483	629
483	729
483	828
483	995
484	16
484	73
484	238
484	576
484	827
484	836
484	958
485	258
485	734
485	798
485	850
485	908
485	935
485	978
486	235
486	536
486	620
486	636
486	649
486	660
486	713
487	200
487	498
487	627
487	769
487	846
487	930
487	973
488	578
488	696
488	817
488	855
488	956
488	960
488	965
489	165
489	190
489	345
489	672
489	674
489	723
489	930
490	178
490	312
490	357
490	847
490	848
490	860
490	992
491	210
491	482
491	751
491	806
491	826
491	974
491	978
492	494
492	655
492	822
492	965
492	967
492	972
492	989
493	110
493	590
493	900
493	903
493	910
493	976
493	990
494	218
494	492
494	872
494	881
494	898
494	957
494	995
495	598
495	624
495	906
495	943
495	984
495	989
495	992
496	256
496	269
496	552
496	609
496	643
496	865
496	976
497	103
497	607
497	680
497	768
497	790
497	800
497	979
498	434
498	487
498	782
498	829
498	960
498	982
498	985
499	59
499	458
499	600
499	663
499	761
499	975
499	986
500	289
500	707
500	711
500	719
500	779
500	846
500	986
501	40
501	275
501	652
501	753
501	932
501	953
501	992
502	17
502	696
502	924
502	955
502	970
502	998
502	1000
503	333
503	369
503	565
503	702
503	934
503	981
503	984
504	341
504	517
504	674
504	857
504	920
504	932
504	954
505	545
505	701
505	788
505	798
505	835
505	934
505	999
506	143
506	360
506	680
506	869
506	872
506	881
506	927
507	173
507	245
507	463
507	859
507	868
507	904
507	977
508	309
508	667
508	693
508	819
508	925
508	948
508	999
509	457
509	603
509	693
509	880
509	900
509	952
509	968
510	164
510	536
510	644
510	662
510	890
510	936
510	998
511	54
511	288
511	445
511	760
511	819
511	930
511	974
512	251
512	335
512	523
512	837
512	956
512	974
512	982
513	540
513	581
513	698
513	903
513	937
513	942
513	962
514	352
514	636
514	798
514	809
514	935
514	996
514	997
515	136
515	214
515	715
515	857
515	942
515	957
515	994
516	246
516	396
516	868
516	952
516	965
516	985
516	987
517	240
517	504
517	585
517	837
517	841
517	977
517	996
518	3
518	706
518	730
518	892
518	915
518	963
518	994
519	684
519	796
519	855
519	858
519	957
519	970
519	981
520	539
520	719
520	830
520	921
520	959
520	960
520	991
521	445
521	450
521	785
521	854
521	859
521	929
521	935
522	291
522	470
522	682
522	805
522	981
522	984
522	985
523	512
523	524
523	724
523	742
523	946
523	948
523	960
524	404
524	523
524	820
524	944
524	953
524	979
524	995
525	812
525	813
525	855
525	909
525	971
525	984
525	994
526	28
526	77
526	86
526	178
526	429
526	843
526	971
527	73
527	223
527	664
527	703
527	852
527	918
527	931
528	124
528	165
528	285
528	887
528	947
528	987
528	993
529	43
529	478
529	536
529	550
529	774
529	878
529	956
530	302
530	389
530	685
530	696
530	945
530	962
530	967
531	562
531	582
531	732
531	835
531	894
531	899
531	933
532	166
532	222
532	712
532	723
532	818
532	934
532	985
533	684
533	739
533	743
533	778
533	890
533	902
533	970
534	428
534	611
534	647
534	767
534	787
534	962
534	965
535	229
535	776
535	792
535	838
535	846
535	925
535	986
536	253
536	486
536	510
536	529
536	555
536	956
536	965
537	738
537	824
537	851
537	899
537	928
537	948
537	982
538	2
538	336
538	345
538	681
538	804
538	927
538	992
539	335
539	520
539	893
539	920
539	941
539	997
539	999
540	51
540	182
540	513
540	555
540	918
540	928
540	980
541	10
541	650
541	722
541	908
541	910
541	933
541	987
542	633
542	687
542	693
542	879
542	900
542	952
542	984
543	284
543	473
543	742
543	814
543	841
543	988
543	990
544	293
544	831
544	856
544	858
544	900
544	917
544	938
545	29
545	505
545	579
545	748
545	772
545	888
545	936
546	438
546	795
546	856
546	934
546	945
546	949
546	955
547	148
547	245
547	624
547	645
547	756
547	898
547	996
548	446
548	612
548	839
548	863
548	958
548	982
548	990
549	77
549	256
549	394
549	807
549	849
549	967
549	973
550	326
550	529
550	563
550	699
550	878
550	939
550	991
551	58
551	90
551	330
551	814
551	815
551	843
551	998
552	496
552	576
552	727
552	734
552	864
552	873
552	940
553	154
553	368
553	611
553	806
553	836
553	942
553	998
554	252
554	650
554	863
554	876
554	882
554	937
554	963
555	536
555	540
555	755
555	769
555	798
555	826
555	992
556	19
556	230
556	795
556	927
556	943
556	989
556	996
557	16
557	560
557	889
557	898
557	918
557	923
557	945
558	231
558	701
558	719
558	882
558	907
558	953
558	994
559	257
559	344
559	348
559	644
559	753
559	820
559	911
560	68
560	557
560	693
560	716
560	848
560	904
560	909
561	404
561	416
561	432
561	759
561	879
561	938
561	991
562	281
562	426
562	531
562	827
562	886
562	981
562	990
563	550
563	652
563	714
563	876
563	918
563	986
563	989
564	656
564	666
564	930
564	947
564	987
564	988
564	996
565	63
565	300
565	503
565	569
565	767
565	914
565	961
565	982
566	123
566	225
566	373
566	681
566	684
566	912
566	971
566	997
567	24
567	421
567	724
567	754
567	803
567	815
567	951
567	972
568	71
568	587
568	806
568	823
568	873
568	878
568	927
568	954
569	199
569	411
569	468
569	565
569	641
569	679
569	896
569	978
570	39
570	267
570	692
570	799
570	928
570	949
570	974
570	1000
571	365
571	454
571	472
571	687
571	724
571	944
571	958
571	999
572	322
572	478
572	715
572	943
572	954
572	965
572	977
572	984
573	34
573	691
573	704
573	797
573	923
573	926
573	966
573	991
574	723
574	769
574	794
574	819
574	860
574	868
574	926
574	990
575	370
575	613
575	623
575	763
575	815
575	839
575	864
575	997
576	16
576	482
576	484
576	552
576	589
576	631
576	875
576	981
577	401
577	809
577	841
577	881
577	898
577	920
577	941
577	991
578	143
578	371
578	439
578	488
578	684
578	796
578	815
578	980
579	241
579	272
579	545
579	606
579	862
579	934
579	938
579	999
580	81
580	110
580	624
580	815
580	854
580	937
580	968
580	982
581	27
581	220
581	221
581	254
581	513
581	846
581	848
581	946
582	303
582	322
582	531
582	633
582	694
582	783
582	837
582	997
583	477
583	483
583	660
583	825
583	949
583	968
583	980
583	994
584	82
584	323
584	470
584	763
584	890
584	951
584	971
584	989
585	137
585	517
585	704
585	720
585	725
585	950
585	993
585	1000
586	9
586	32
586	588
586	844
586	848
586	859
586	934
586	1000
587	346
587	568
587	628
587	682
587	711
587	943
587	959
587	963
588	107
588	223
588	344
588	586
588	886
588	919
588	942
588	957
589	185
589	228
589	321
589	576
589	719
589	833
589	886
589	996
590	22
590	58
590	166
590	493
590	610
590	736
590	927
590	974
591	205
591	716
591	784
591	844
591	913
591	954
591	976
591	991
592	706
592	788
592	904
592	927
592	939
592	953
592	955
592	995
593	376
593	646
593	762
593	798
593	861
593	932
593	950
593	965
594	37
594	393
594	705
594	793
594	866
594	936
594	938
594	996
595	36
595	144
595	159
595	184
595	477
595	915
595	979
595	999
596	268
596	607
596	715
596	789
596	912
596	913
596	914
596	918
597	672
597	692
597	778
597	876
597	929
597	936
597	947
597	994
598	181
598	495
598	648
598	857
598	886
598	925
598	978
598	990
599	383
599	751
599	769
599	867
599	870
599	881
599	915
599	968
600	48
600	499
600	743
600	792
600	863
600	914
600	987
600	998
601	324
601	343
601	440
601	778
601	873
601	883
601	891
601	902
602	427
602	604
602	640
602	741
602	753
602	775
602	798
602	976
603	65
603	79
603	127
603	509
603	605
603	656
603	931
603	1000
604	159
604	269
604	375
604	419
604	602
604	901
604	903
604	940
605	412
605	420
605	603
605	731
605	898
605	905
605	947
605	998
606	200
606	266
606	356
606	457
606	579
606	657
606	706
606	953
607	497
607	596
607	697
607	749
607	804
607	857
607	923
607	930
608	355
608	358
608	623
608	825
608	836
608	854
608	958
608	992
609	189
609	358
609	496
609	648
609	928
609	931
609	958
609	960
610	55
610	590
610	664
610	736
610	756
610	792
610	926
610	946
611	31
611	314
611	534
611	553
611	638
611	722
611	831
611	906
612	441
612	548
612	743
612	845
612	878
612	964
612	975
612	992
613	291
613	336
613	441
613	575
613	740
613	784
613	794
613	862
614	152
614	403
614	762
614	898
614	944
614	956
614	958
614	968
615	146
615	397
615	780
615	928
615	931
615	942
615	978
615	995
616	331
616	647
616	766
616	846
616	855
616	904
616	966
616	994
617	73
617	630
617	671
617	842
617	847
617	895
617	907
617	935
618	29
618	140
618	229
618	713
618	812
618	871
618	915
618	920
619	278
619	771
619	855
619	871
619	893
619	959
619	964
619	967
620	145
620	176
620	486
620	680
620	817
620	869
620	904
620	911
621	21
621	354
621	450
621	854
621	855
621	872
621	889
621	909
622	124
622	183
622	322
622	644
622	677
622	703
622	784
622	898
623	575
623	608
623	729
623	734
623	780
623	894
623	954
623	964
624	495
624	547
624	580
624	733
624	847
624	853
624	895
624	998
625	654
625	807
625	819
625	827
625	873
625	887
625	962
625	979
626	4
626	466
626	646
626	794
626	822
626	896
626	897
626	967
627	378
627	487
627	697
627	726
627	740
627	781
627	801
627	850
627	941
628	52
628	239
628	587
628	648
628	673
628	907
628	917
628	961
628	975
629	42
629	113
629	290
629	312
629	448
629	483
629	702
629	805
629	992
630	46
630	69
630	182
630	391
630	617
630	860
630	909
630	948
630	985
631	357
631	576
631	655
631	863
631	878
631	918
631	928
631	953
631	968
632	94
632	169
632	236
632	392
632	743
632	761
632	914
632	915
632	947
633	142
633	155
633	265
633	306
633	542
633	582
633	732
633	757
633	904
634	243
634	418
634	713
634	768
634	783
634	817
634	914
634	952
634	964
635	141
635	228
635	460
635	722
635	791
635	800
635	921
635	967
635	987
636	139
636	411
636	486
636	514
636	672
636	866
636	904
636	907
636	941
637	287
637	435
637	696
637	849
637	866
637	885
637	903
637	990
637	991
638	421
638	611
638	639
638	726
638	735
638	814
638	920
638	969
638	994
639	1
639	289
639	345
639	441
639	469
639	638
639	831
639	933
639	983
640	71
640	191
640	602
640	700
640	895
640	956
640	974
640	982
640	984
641	141
641	306
641	355
641	449
641	481
641	569
641	804
641	808
641	823
642	5
642	365
642	651
642	671
642	800
642	880
642	911
642	950
642	986
643	115
643	389
643	455
643	496
643	785
643	818
643	832
643	973
643	987
644	195
644	510
644	559
644	622
644	679
644	722
644	723
644	939
644	974
645	8
645	75
645	202
645	280
645	356
645	398
645	547
645	676
645	835
646	593
646	626
646	741
646	745
646	764
646	778
646	858
646	959
646	964
647	274
647	415
647	534
647	616
647	660
647	670
647	909
647	992
647	996
648	144
648	289
648	438
648	446
648	598
648	609
648	628
648	980
648	985
649	231
649	276
649	486
649	676
649	678
649	840
649	926
649	937
649	949
650	153
650	263
650	350
650	541
650	554
650	689
650	727
650	884
650	958
651	150
651	191
651	215
651	642
651	854
651	921
651	956
651	964
651	971
652	15
652	396
652	501
652	563
652	672
652	861
652	969
652	996
652	998
653	173
653	205
653	226
653	739
653	795
653	814
653	941
653	979
653	994
654	625
654	747
654	861
654	890
654	933
654	961
654	968
654	973
654	998
655	42
655	43
655	492
655	631
655	776
655	834
655	850
655	870
655	983
656	120
656	463
656	564
656	603
656	780
656	905
656	923
656	974
656	978
657	224
657	407
657	475
657	606
657	685
657	784
657	838
657	879
657	999
658	180
658	259
658	402
658	763
658	809
658	822
658	894
658	922
658	985
659	80
659	144
659	152
659	240
659	263
659	770
659	832
659	903
659	934
660	289
660	486
660	583
660	647
660	744
660	774
660	901
660	914
660	976
661	39
661	682
661	686
661	788
661	824
661	922
661	948
661	950
661	968
662	28
662	156
662	510
662	853
662	879
662	962
662	966
662	988
662	998
663	97
663	499
663	675
663	712
663	870
663	933
663	949
663	973
663	996
664	111
664	394
664	527
664	610
664	901
664	930
664	975
664	993
664	999
665	82
665	804
665	811
665	837
665	918
665	929
665	977
665	983
665	994
666	319
666	481
666	564
666	681
666	839
666	920
666	922
666	945
666	961
667	219
667	508
667	807
667	820
667	839
667	896
667	916
667	970
667	987
668	193
668	324
668	374
668	710
668	807
668	877
668	889
668	968
668	980
669	19
669	122
669	264
669	428
669	724
669	763
669	804
669	908
669	986
670	78
670	647
670	752
670	762
670	869
670	912
670	932
670	982
670	999
671	89
671	146
671	617
671	642
671	714
671	723
671	938
671	993
671	997
672	489
672	597
672	636
672	652
672	759
672	806
672	892
672	903
672	981
673	91
673	240
673	273
673	628
673	717
673	720
673	889
673	902
673	944
673	949
674	120
674	489
674	504
674	687
674	779
674	887
674	916
674	970
674	981
674	997
675	264
675	663
675	709
675	778
675	833
675	836
675	846
675	855
675	938
675	942
676	77
676	645
676	649
676	735
676	906
676	918
676	921
676	955
676	993
676	1000
677	275
677	301
677	397
677	622
677	895
677	939
677	962
677	969
677	973
677	993
678	303
678	649
678	683
678	697
678	806
678	838
678	867
678	919
678	940
678	970
679	306
679	569
679	644
679	824
679	841
679	905
679	939
679	947
679	979
679	990
680	114
680	255
680	497
680	506
680	620
680	854
680	879
680	946
680	990
680	993
681	88
681	406
681	414
681	435
681	538
681	566
681	666
681	917
681	982
681	985
682	50
682	522
682	587
682	661
682	767
682	824
682	902
682	905
682	966
682	975
683	678
683	686
683	730
683	748
683	804
683	833
683	839
683	947
683	950
683	983
684	236
684	253
684	519
684	533
684	566
684	578
684	846
684	855
684	897
684	905
685	129
685	457
685	530
685	657
685	780
685	840
685	857
685	930
685	972
685	996
686	298
686	661
686	683
686	868
686	872
686	881
686	883
686	965
686	974
686	991
687	382
687	542
687	571
687	674
687	732
687	777
687	807
687	880
687	922
687	992
688	316
688	716
688	729
688	880
688	881
688	886
688	909
688	965
688	966
688	983
689	167
689	349
689	364
689	650
689	772
689	786
689	796
689	958
689	995
689	998
690	103
690	109
690	157
690	309
690	383
690	390
690	768
690	770
690	906
690	935
691	206
691	399
691	437
691	573
691	749
691	846
691	850
691	871
691	946
691	967
692	178
692	216
692	424
692	570
692	597
692	815
692	924
692	967
692	979
692	982
693	508
693	509
693	542
693	560
693	762
693	823
693	824
693	887
693	948
693	961
694	34
694	194
694	247
694	293
694	582
694	818
694	850
694	941
694	942
694	952
695	16
695	378
695	480
695	736
695	769
695	776
695	962
695	969
695	984
695	994
696	194
696	257
696	307
696	488
696	502
696	530
696	637
696	777
696	954
696	976
697	154
697	220
697	607
697	627
697	678
697	783
697	830
697	932
697	959
697	998
698	513
698	809
698	877
698	878
698	879
698	885
698	910
698	952
698	970
698	1000
699	89
699	327
699	415
699	550
699	706
699	793
699	877
699	883
699	916
699	980
700	321
700	400
700	640
700	890
700	907
700	963
700	967
700	987
700	989
700	992
701	412
701	505
701	558
701	747
701	811
701	837
701	842
701	893
701	899
701	972
702	243
702	283
702	311
702	503
702	629
702	810
702	821
702	925
702	927
702	941
703	55
703	360
703	447
703	527
703	622
703	729
703	773
703	810
703	946
703	949
704	47
704	282
704	410
704	573
704	585
704	838
704	948
704	963
704	982
704	992
705	267
705	434
705	594
705	785
705	816
705	834
705	921
705	934
705	978
705	986
706	1
706	433
706	518
706	592
706	606
706	699
706	876
706	879
706	964
706	989
707	500
707	810
707	821
707	849
707	867
707	869
707	913
707	924
707	966
707	987
708	44
708	126
708	297
708	423
708	828
708	844
708	911
708	937
708	953
708	970
709	199
709	358
709	415
709	675
709	810
709	854
709	861
709	898
709	924
709	953
710	158
710	479
710	668
710	748
710	794
710	821
710	833
710	888
710	905
710	952
711	301
711	431
711	500
711	587
711	714
711	755
711	778
711	939
711	957
711	980
712	46
712	305
712	374
712	459
712	532
712	663
712	714
712	894
712	938
712	966
713	253
713	486
713	618
713	634
713	750
713	840
713	939
713	946
713	969
713	990
714	100
714	245
714	563
714	671
714	711
714	712
714	772
714	873
714	875
714	881
714	927
715	472
715	515
715	572
715	596
715	721
715	737
715	894
715	896
715	922
715	986
715	987
716	384
716	438
716	560
716	591
716	688
716	792
716	796
716	823
716	881
716	937
716	973
717	43
717	250
717	673
717	839
717	841
717	925
717	932
717	960
717	970
717	987
717	992
718	109
718	397
718	731
718	787
718	824
718	946
718	971
718	974
718	982
718	985
718	993
719	285
719	393
719	443
719	500
719	520
719	558
719	589
719	753
719	820
719	845
719	891
720	198
720	284
720	585
720	673
720	813
720	888
720	915
720	925
720	977
720	987
720	991
721	24
721	206
721	292
721	715
721	836
721	845
721	855
721	902
721	927
721	941
721	984
722	20
722	481
722	541
722	611
722	635
722	644
722	813
722	875
722	929
722	948
722	997
723	364
723	489
723	532
723	574
723	644
723	671
723	818
723	839
723	902
723	990
723	991
724	418
724	523
724	567
724	571
724	669
724	828
724	890
724	914
724	951
724	965
724	966
725	266
725	429
725	585
725	736
725	744
725	832
725	930
725	955
725	969
725	993
725	999
726	476
726	627
726	638
726	747
726	822
726	863
726	879
726	953
726	978
726	985
726	993
727	552
727	650
727	747
727	764
727	821
727	825
727	835
727	876
727	972
727	979
727	995
728	64
728	234
728	287
728	403
728	471
728	749
728	793
728	845
728	852
728	931
728	961
729	483
729	623
729	688
729	703
729	741
729	843
729	933
729	948
729	980
729	983
729	994
730	1
730	518
730	683
730	821
730	836
730	889
730	892
730	923
730	934
730	973
730	981
731	63
731	305
731	469
731	605
731	718
731	874
731	954
731	970
731	979
731	984
731	998
732	340
732	386
732	531
732	633
732	687
732	811
732	897
732	946
732	988
732	989
732	995
733	17
733	321
733	379
733	624
733	850
733	878
733	902
733	917
733	937
733	977
733	995
734	65
734	130
734	485
734	552
734	623
734	817
734	851
734	854
734	941
734	990
734	1000
735	61
735	132
735	191
735	254
735	370
735	638
735	676
735	756
735	973
735	982
735	989
736	358
736	462
736	590
736	610
736	695
736	725
736	751
736	838
736	934
736	973
736	995
737	246
737	350
737	715
737	787
737	797
737	806
737	904
737	933
737	949
737	951
737	989
738	45
738	353
738	537
738	747
738	802
738	870
738	885
738	964
738	969
738	970
738	972
739	137
739	215
739	387
739	438
739	476
739	533
739	653
739	882
739	940
739	987
739	992
740	147
740	324
740	613
740	627
740	741
740	902
740	906
740	912
740	946
740	970
740	975
741	291
741	353
741	469
741	602
741	646
741	729
741	740
741	814
741	942
741	956
741	958
742	13
742	68
742	523
742	543
742	799
742	829
742	893
742	909
742	965
742	987
742	993
743	259
743	405
743	443
743	533
743	600
743	612
743	632
743	744
743	818
743	966
743	984
743	997
744	13
744	202
744	414
744	660
744	725
744	743
744	759
744	878
744	907
744	970
744	981
744	992
745	20
745	260
745	295
745	395
745	472
745	646
745	767
745	790
745	905
745	944
745	969
745	990
746	93
746	228
746	348
746	394
746	414
746	803
746	837
746	861
746	881
746	891
746	919
746	965
747	438
747	654
747	701
747	726
747	727
747	738
747	757
747	809
747	856
747	944
747	988
747	994
748	208
748	294
748	340
748	545
748	683
748	710
748	750
748	762
748	767
748	872
748	877
748	961
749	125
749	607
749	691
749	728
749	819
749	842
749	865
749	892
749	909
749	954
749	972
749	986
750	329
750	454
750	459
750	713
750	748
750	790
750	824
750	846
750	929
750	941
750	954
750	996
751	74
751	130
751	235
751	391
751	491
751	599
751	736
751	864
751	874
751	904
751	921
751	931
752	2
752	103
752	138
752	177
752	670
752	825
752	858
752	881
752	907
752	935
752	976
752	977
753	5
753	299
753	363
753	453
753	501
753	559
753	602
753	719
753	841
753	941
753	980
753	997
754	104
754	263
754	278
754	461
754	567
754	775
754	794
754	809
754	867
754	941
754	960
754	1000
755	135
755	151
755	555
755	711
755	758
755	822
755	830
755	837
755	851
755	868
755	980
755	1000
756	547
756	610
756	735
756	877
756	896
756	940
756	943
756	948
756	952
756	975
756	976
756	997
757	96
757	232
757	633
757	747
757	844
757	905
757	937
757	950
757	956
757	963
757	976
757	989
758	53
758	258
758	340
758	379
758	755
758	767
758	813
758	956
758	968
758	986
758	989
758	996
759	25
759	368
759	427
759	561
759	672
759	744
759	812
759	826
759	829
759	915
759	925
759	993
760	250
760	454
760	511
760	799
760	800
760	827
760	834
760	841
760	916
760	950
760	959
760	973
761	8
761	302
761	342
761	349
761	499
761	632
761	851
761	888
761	950
761	960
761	990
761	996
762	207
762	383
762	593
762	614
762	670
762	693
762	748
762	825
762	889
762	934
762	958
762	992
763	57
763	109
763	449
763	575
763	584
763	658
763	669
763	877
763	914
763	924
763	943
763	979
764	315
764	350
764	399
764	646
764	727
764	766
764	800
764	853
764	860
764	885
764	928
764	995
765	174
765	222
765	256
765	317
765	423
765	850
765	880
765	920
765	935
765	936
765	938
765	983
766	30
766	138
766	616
766	764
766	769
766	879
766	902
766	920
766	922
766	981
766	982
766	990
767	457
767	534
767	565
767	682
767	745
767	748
767	758
767	822
767	842
767	967
767	995
767	996
768	115
768	281
768	354
768	497
768	634
768	690
768	852
768	895
768	897
768	901
768	986
768	995
769	471
769	487
769	555
769	574
769	599
769	695
769	766
769	848
769	864
769	875
769	927
769	986
770	105
770	147
770	245
770	261
770	659
770	690
770	831
770	860
770	879
770	884
770	962
770	982
770	989
771	18
771	233
771	266
771	375
771	391
771	619
771	815
771	816
771	825
771	844
771	887
771	980
771	981
772	81
772	447
772	545
772	689
772	714
772	775
772	817
772	848
772	872
772	886
772	889
772	943
772	1000
773	145
773	703
773	782
773	799
773	866
773	901
773	919
773	937
773	961
773	975
773	976
773	987
773	998
774	405
774	529
774	660
774	819
774	876
774	913
774	962
774	965
774	967
774	974
774	978
774	984
774	989
775	89
775	133
775	308
775	602
775	754
775	772
775	788
775	958
775	966
775	973
775	978
775	981
775	997
776	131
776	203
776	281
776	397
776	476
776	535
776	655
776	695
776	897
776	942
776	950
776	966
776	999
777	27
777	110
777	432
777	687
777	696
777	805
777	851
777	875
777	937
777	945
777	946
777	962
777	978
778	320
778	474
778	533
778	597
778	601
778	646
778	675
778	711
778	803
778	868
778	875
778	976
778	998
779	251
779	335
779	464
779	500
779	674
779	812
779	821
779	823
779	867
779	899
779	904
779	916
779	972
780	26
780	38
780	238
780	300
780	615
780	623
780	656
780	685
780	853
780	963
780	970
780	978
780	984
781	8
781	198
781	402
781	403
781	404
781	461
781	627
781	795
781	838
781	847
781	913
781	929
781	955
782	140
782	241
782	319
782	346
782	415
782	498
782	773
782	843
782	844
782	869
782	888
782	982
782	984
783	236
783	390
783	453
783	582
783	634
783	697
783	809
783	831
783	845
783	874
783	954
783	963
783	971
784	59
784	148
784	201
784	591
784	613
784	622
784	657
784	824
784	860
784	908
784	955
784	965
784	988
784	994
785	174
785	241
785	454
785	521
785	643
785	705
785	790
785	827
785	947
785	959
785	966
785	984
785	989
785	997
786	57
786	277
786	414
786	452
786	689
786	837
786	858
786	864
786	886
786	901
786	907
786	950
786	959
786	964
787	11
787	331
787	442
787	534
787	718
787	737
787	834
787	867
787	875
787	892
787	954
787	967
787	989
787	995
788	19
788	165
788	280
788	345
788	505
788	592
788	661
788	775
788	819
788	870
788	874
788	883
788	980
788	989
789	80
789	115
789	254
789	344
789	351
789	355
789	379
789	596
789	813
789	908
789	910
789	947
789	962
789	989
790	239
790	317
790	328
790	425
790	497
790	745
790	750
790	785
790	818
790	873
790	885
790	899
790	928
790	959
791	56
791	191
791	222
791	251
791	266
791	635
791	833
791	908
791	935
791	968
791	969
791	977
791	978
791	993
792	243
792	272
792	375
792	440
792	535
792	600
792	610
792	716
792	866
792	892
792	900
792	943
792	960
792	965
793	164
793	227
793	238
793	594
793	699
793	728
793	838
793	897
793	910
793	944
793	950
793	956
793	989
793	996
794	171
794	574
794	613
794	626
794	710
794	754
794	838
794	849
794	895
794	932
794	970
794	972
794	985
794	990
795	40
795	139
795	302
795	364
795	546
795	556
795	653
795	781
795	815
795	858
795	874
795	897
795	940
795	990
796	326
796	328
796	418
796	519
796	578
796	689
796	716
796	824
796	908
796	916
796	926
796	947
796	954
796	976
797	156
797	159
797	416
797	573
797	737
797	885
797	889
797	890
797	910
797	925
797	936
797	982
797	991
797	997
798	226
798	261
798	485
798	505
798	514
798	555
798	593
798	602
798	880
798	947
798	974
798	984
798	986
798	999
799	391
799	570
799	742
799	760
799	773
799	832
799	862
799	871
799	898
799	902
799	940
799	954
799	992
799	997
800	220
800	436
800	482
800	497
800	635
800	642
800	760
800	764
800	803
800	874
800	930
800	959
800	973
800	983
801	95
801	102
801	401
801	411
801	480
801	627
801	817
801	827
801	871
801	888
801	909
801	942
801	946
801	984
802	234
802	308
802	407
802	738
802	848
802	864
802	870
802	900
802	919
802	932
802	945
802	965
802	988
802	994
803	211
803	319
803	430
803	567
803	746
803	778
803	800
803	816
803	856
803	914
803	983
803	985
803	987
803	996
804	39
804	55
804	538
804	607
804	641
804	665
804	669
804	683
804	895
804	928
804	941
804	972
804	973
804	987
804	988
805	184
805	264
805	362
805	522
805	629
805	777
805	821
805	841
805	862
805	884
805	906
805	910
805	947
805	993
805	996
806	371
806	491
806	553
806	568
806	672
806	678
806	737
806	871
806	873
806	890
806	964
806	979
806	984
806	985
806	996
807	33
807	172
807	482
807	549
807	625
807	667
807	668
807	687
807	816
807	882
807	911
807	940
807	943
807	947
807	968
808	119
808	323
808	390
808	450
808	641
808	843
808	914
808	920
808	953
808	972
808	985
808	990
808	991
808	996
808	997
809	448
809	514
809	577
809	658
809	698
809	747
809	754
809	783
809	828
809	845
809	858
809	859
809	884
809	893
809	904
810	3
810	130
810	151
810	317
810	425
810	702
810	703
810	707
810	709
810	829
810	858
810	916
810	971
810	982
810	988
811	150
811	367
811	665
811	701
811	732
811	843
811	885
811	915
811	923
811	926
811	944
811	970
811	979
811	987
811	989
812	279
812	414
812	525
812	618
812	759
812	779
812	863
812	891
812	937
812	953
812	955
812	981
812	983
812	989
812	992
813	14
813	38
813	206
813	412
813	525
813	720
813	722
813	758
813	789
813	838
813	872
813	901
813	933
813	946
813	974
814	377
814	543
814	551
814	638
814	653
814	741
814	826
814	919
814	959
814	966
814	968
814	973
814	978
814	980
814	991
815	371
815	551
815	567
815	575
815	578
815	580
815	692
815	771
815	795
815	863
815	909
815	944
815	953
815	958
815	977
816	74
816	254
816	435
816	446
816	705
816	771
816	803
816	807
816	843
816	856
816	881
816	966
816	972
816	975
816	1000
817	171
817	179
817	488
817	620
817	634
817	734
817	772
817	801
817	819
817	838
817	856
817	897
817	970
817	972
817	996
818	113
818	190
818	392
818	478
818	532
818	643
818	694
818	723
818	743
818	790
818	827
818	902
818	928
818	956
818	983
819	310
819	326
819	508
819	511
819	574
819	625
819	749
819	774
819	788
819	817
819	909
819	929
819	936
819	961
819	995
820	161
820	354
820	524
820	559
820	667
820	719
820	834
820	879
820	892
820	910
820	925
820	937
820	944
820	953
820	967
820	988
821	33
821	398
821	422
821	702
821	707
821	710
821	727
821	730
821	779
821	805
821	852
821	893
821	917
821	947
821	966
821	995
822	211
822	492
822	626
822	658
822	726
822	755
822	767
822	849
822	893
822	905
822	917
822	973
822	976
822	986
822	997
822	1000
823	99
823	154
823	197
823	216
823	363
823	568
823	641
823	693
823	716
823	779
823	838
823	880
823	944
823	955
823	974
823	994
824	129
824	449
824	537
824	661
824	679
824	682
824	693
824	718
824	750
824	784
824	796
824	835
824	920
824	952
824	955
824	995
825	103
825	196
825	583
825	608
825	727
825	752
825	762
825	771
825	892
825	925
825	973
825	974
825	976
825	979
825	996
825	997
826	125
826	491
826	555
826	759
826	814
826	832
826	844
826	879
826	901
826	916
826	917
826	922
826	951
826	952
826	954
826	956
827	54
827	97
827	274
827	384
827	484
827	562
827	625
827	760
827	785
827	801
827	818
827	876
827	883
827	951
827	985
827	990
828	221
828	270
828	413
828	444
828	473
828	483
828	708
828	724
828	809
828	847
828	863
828	919
828	964
828	988
828	992
828	999
829	183
829	213
829	214
829	288
829	290
829	498
829	742
829	759
829	810
829	905
829	920
829	960
829	971
829	982
829	983
829	991
830	70
830	87
830	170
830	192
830	196
830	209
830	475
830	478
830	520
830	697
830	755
830	839
830	881
830	908
830	950
830	958
831	31
831	92
831	241
831	247
831	267
831	282
831	390
831	544
831	611
831	639
831	770
831	783
831	874
831	933
831	936
831	994
832	153
832	292
832	339
832	387
832	470
832	643
832	659
832	725
832	799
832	826
832	846
832	849
832	876
832	879
832	906
832	983
833	204
833	227
833	589
833	675
833	683
833	710
833	791
833	840
833	891
833	912
833	943
833	959
833	978
833	981
833	992
833	1000
834	28
834	360
834	366
834	371
834	655
834	705
834	760
834	787
834	820
834	861
834	879
834	889
834	913
834	915
834	953
834	960
835	114
835	304
835	471
835	505
835	531
835	645
835	727
835	824
835	891
835	901
835	925
835	942
835	963
835	968
835	975
835	986
835	998
836	259
836	353
836	400
836	406
836	432
836	484
836	553
836	608
836	675
836	721
836	730
836	894
836	937
836	952
836	977
836	984
836	992
837	239
837	512
837	517
837	582
837	665
837	701
837	746
837	755
837	786
837	858
837	882
837	885
837	940
837	942
837	944
837	988
837	995
838	121
838	380
838	535
838	657
838	678
838	704
838	736
838	781
838	793
838	794
838	813
838	817
838	823
838	844
838	860
838	864
838	999
839	226
839	548
839	575
839	666
839	667
839	683
839	717
839	723
839	830
839	903
839	905
839	911
839	924
839	945
839	965
839	980
839	994
840	47
840	135
840	255
840	332
840	461
840	649
840	685
840	713
840	833
840	851
840	899
840	904
840	916
840	937
840	939
840	968
840	978
841	358
841	517
841	543
841	577
841	679
841	717
841	753
841	760
841	805
841	862
841	903
841	964
841	970
841	980
841	982
841	983
841	999
842	137
842	145
842	161
842	243
842	355
842	453
842	617
842	701
842	749
842	767
842	880
842	899
842	907
842	913
842	945
842	978
842	988
843	9
843	242
843	255
843	416
843	526
843	551
843	729
843	782
843	808
843	811
843	816
843	846
843	899
843	920
843	942
843	966
843	990
844	21
844	378
844	436
844	586
844	591
844	708
844	757
844	771
844	782
844	826
844	838
844	903
844	940
844	956
844	976
844	981
844	1000
845	196
845	205
845	290
845	328
845	433
845	436
845	612
845	719
845	721
845	728
845	783
845	809
845	913
845	933
845	954
845	973
845	996
846	33
846	301
846	404
846	487
846	500
846	535
846	581
846	616
846	675
846	684
846	691
846	750
846	832
846	843
846	888
846	897
846	962
847	31
847	304
847	393
847	490
847	617
847	624
847	781
847	828
847	852
847	859
847	874
847	882
847	908
847	919
847	966
847	974
847	976
848	4
848	407
848	490
848	560
848	581
848	586
848	769
848	772
848	802
848	884
848	899
848	924
848	929
848	943
848	952
848	973
848	980
849	14
849	30
849	142
849	274
849	342
849	402
849	423
849	426
849	549
849	637
849	707
849	794
849	822
849	832
849	852
849	893
849	912
850	265
850	311
850	424
850	433
850	485
850	627
850	655
850	691
850	694
850	733
850	765
850	852
850	856
850	869
850	893
850	916
850	968
851	31
851	108
851	348
851	385
851	537
851	734
851	755
851	761
851	777
851	840
851	925
851	938
851	962
851	969
851	981
851	986
851	996
852	2
852	95
852	149
852	161
852	162
852	328
852	527
852	728
852	768
852	821
852	847
852	849
852	850
852	949
852	977
852	988
852	1000
853	49
853	422
853	624
853	662
853	764
853	780
853	871
853	884
853	944
853	949
853	954
853	966
853	975
853	977
853	980
853	994
853	998
854	163
854	218
854	521
854	580
854	608
854	621
854	651
854	680
854	709
854	734
854	876
854	891
854	893
854	940
854	945
854	967
854	999
855	59
855	81
855	137
855	200
855	488
855	519
855	525
855	616
855	619
855	621
855	675
855	684
855	721
855	858
855	950
855	959
855	967
855	981
856	359
856	407
856	467
856	544
856	546
856	747
856	803
856	816
856	817
856	850
856	873
856	880
856	891
856	906
856	949
856	954
856	980
856	989
857	183
857	324
857	468
857	504
857	515
857	598
857	607
857	685
857	870
857	906
857	921
857	937
857	950
857	952
857	956
857	967
857	985
857	993
858	41
858	197
858	229
858	519
858	544
858	646
858	752
858	786
858	795
858	809
858	810
858	837
858	855
858	896
858	901
858	905
858	945
858	972
859	70
859	107
859	237
859	286
859	410
859	419
859	448
859	507
859	521
859	586
859	809
859	847
859	883
859	907
859	964
859	981
859	988
859	994
860	72
860	96
860	315
860	343
860	395
860	453
860	490
860	574
860	630
860	764
860	770
860	784
860	838
860	910
860	917
860	939
860	979
860	987
861	122
861	181
861	246
861	330
861	422
861	445
861	593
861	652
861	654
861	709
861	746
861	834
861	930
861	955
861	981
861	994
861	997
861	999
862	3
862	26
862	252
862	259
862	298
862	315
862	428
862	579
862	613
862	799
862	805
862	841
862	898
862	909
862	947
862	951
862	995
862	998
863	52
863	83
863	128
863	355
863	417
863	548
863	554
863	600
863	631
863	726
863	812
863	815
863	828
863	874
863	936
863	952
863	979
863	984
864	81
864	177
864	296
864	451
864	552
864	575
864	751
864	769
864	786
864	802
864	838
864	868
864	873
864	929
864	936
864	950
864	951
864	979
865	125
865	136
865	188
865	496
865	749
865	868
865	884
865	890
865	901
865	926
865	928
865	940
865	961
865	969
865	974
865	983
865	986
865	1000
866	18
866	207
866	231
866	280
866	305
866	363
866	441
866	594
866	636
866	637
866	773
866	792
866	883
866	922
866	953
866	958
866	979
866	987
866	991
867	50
867	79
867	352
867	399
867	416
867	599
867	678
867	707
867	754
867	779
867	787
867	887
867	902
867	947
867	964
867	965
867	971
867	983
867	986
868	331
868	507
868	516
868	574
868	686
868	755
868	778
868	864
868	865
868	869
868	881
868	897
868	905
868	909
868	916
868	944
868	948
868	956
868	971
869	142
869	155
869	314
869	354
869	506
869	620
869	670
869	707
869	782
869	850
869	868
869	881
869	885
869	894
869	917
869	946
869	953
869	988
869	993
870	112
870	246
870	304
870	305
870	434
870	599
870	655
870	663
870	738
870	788
870	802
870	857
870	885
870	933
870	956
870	987
870	997
870	999
870	1000
871	49
871	235
871	249
871	396
871	482
871	618
871	619
871	691
871	799
871	801
871	806
871	853
871	885
871	887
871	907
871	918
871	962
871	985
871	987
872	7
872	166
872	389
872	398
872	457
872	494
872	506
872	621
872	686
872	748
872	772
872	813
872	895
872	917
872	919
872	929
872	959
872	972
872	976
873	54
873	207
873	217
873	238
873	428
873	552
873	568
873	601
873	625
873	714
873	790
873	806
873	856
873	864
873	900
873	908
873	929
873	932
873	935
874	91
874	135
874	208
874	270
874	352
874	366
874	468
874	731
874	751
874	783
874	788
874	795
874	800
874	831
874	847
874	863
874	885
874	933
874	984
875	78
875	312
875	339
875	356
875	576
875	714
875	722
875	769
875	777
875	778
875	787
875	890
875	892
875	900
875	914
875	936
875	946
875	955
875	959
875	991
876	35
876	102
876	127
876	336
876	338
876	455
876	554
876	563
876	597
876	706
876	727
876	774
876	827
876	832
876	854
876	957
876	966
876	983
876	984
876	985
877	296
877	313
877	317
877	337
877	668
877	698
877	699
877	748
877	756
877	763
877	880
877	881
877	888
877	897
877	910
877	938
877	940
877	951
877	983
877	989
878	240
878	277
878	380
878	529
878	550
878	568
878	612
878	631
878	698
878	733
878	744
878	905
878	925
878	933
878	948
878	951
878	952
878	975
878	982
878	994
879	320
879	542
879	561
879	657
879	662
879	680
879	698
879	706
879	726
879	766
879	770
879	820
879	826
879	832
879	834
879	922
879	937
879	938
879	967
879	976
880	419
880	509
880	642
880	687
880	688
880	765
880	798
880	823
880	842
880	856
880	877
880	887
880	898
880	900
880	910
880	935
880	948
880	957
880	978
880	992
881	494
881	506
881	577
881	599
881	686
881	688
881	714
881	716
881	746
881	752
881	816
881	830
881	868
881	869
881	877
881	883
881	884
881	894
881	923
881	948
882	27
882	53
882	104
882	126
882	134
882	203
882	389
882	440
882	554
882	558
882	739
882	807
882	837
882	847
882	899
882	921
882	927
882	931
882	933
882	998
883	69
883	115
883	261
883	348
883	357
883	381
883	435
883	601
883	686
883	699
883	788
883	827
883	859
883	866
883	881
883	890
883	975
883	979
883	989
883	1000
884	10
884	113
884	316
884	431
884	442
884	650
884	770
884	805
884	809
884	848
884	853
884	865
884	881
884	924
884	953
884	959
884	960
884	961
884	964
884	970
885	271
885	301
885	390
885	429
885	456
885	637
885	698
885	738
885	764
885	790
885	797
885	811
885	837
885	869
885	870
885	871
885	874
885	932
885	939
885	971
886	335
886	410
886	427
886	562
886	588
886	589
886	598
886	688
886	772
886	786
886	889
886	904
886	913
886	920
886	928
886	930
886	950
886	962
886	969
886	979
887	72
887	314
887	381
887	429
887	528
887	625
887	674
887	693
887	771
887	867
887	871
887	880
887	890
887	916
887	922
887	955
887	978
887	981
887	986
887	997
887	999
888	82
888	121
888	294
888	322
888	545
888	710
888	720
888	761
888	782
888	801
888	846
888	877
888	909
888	916
888	958
888	976
888	977
888	981
888	985
888	993
888	994
889	98
889	199
889	346
889	380
889	414
889	445
889	473
889	557
889	621
889	668
889	673
889	730
889	762
889	772
889	797
889	834
889	886
889	964
889	965
889	967
889	980
890	395
890	447
890	510
890	533
890	584
890	654
890	700
890	724
890	797
890	806
890	865
890	875
890	883
890	887
890	918
890	951
890	957
890	968
890	972
890	977
890	985
891	212
891	386
891	408
891	417
891	450
891	456
891	601
891	719
891	746
891	812
891	833
891	835
891	854
891	856
891	894
891	899
891	904
891	922
891	946
891	977
891	988
892	204
892	232
892	293
892	518
892	672
892	730
892	749
892	787
892	792
892	820
892	825
892	875
892	921
892	928
892	937
892	939
892	945
892	951
892	990
892	993
892	998
893	5
893	51
893	158
893	357
893	539
893	619
893	701
893	742
893	809
893	821
893	822
893	849
893	850
893	854
893	931
893	943
893	949
893	967
893	969
893	986
893	997
894	128
894	185
894	219
894	475
894	531
894	623
894	658
894	712
894	715
894	836
894	869
894	881
894	891
894	922
894	940
894	952
894	964
894	977
894	984
894	988
894	992
895	20
895	30
895	53
895	204
895	225
895	327
895	431
895	444
895	617
895	624
895	640
895	677
895	768
895	794
895	804
895	872
895	916
895	935
895	976
895	989
895	990
896	13
896	29
896	44
896	136
896	152
896	292
896	317
896	420
896	451
896	569
896	626
896	667
896	715
896	756
896	858
896	923
896	950
896	954
896	963
896	976
896	998
897	112
897	132
897	203
897	267
897	379
897	439
897	626
897	684
897	732
897	768
897	776
897	793
897	795
897	817
897	846
897	868
897	877
897	920
897	940
897	951
897	973
897	986
898	67
898	86
898	237
898	363
898	494
898	547
898	557
898	577
898	605
898	614
898	622
898	709
898	799
898	862
898	880
898	925
898	930
898	944
898	960
898	963
898	985
898	998
899	277
899	299
899	325
899	461
899	464
899	531
899	537
899	701
899	779
899	790
899	840
899	842
899	843
899	848
899	882
899	891
899	912
899	943
899	968
899	973
899	982
899	991
900	108
900	117
900	263
900	299
900	315
900	363
900	480
900	493
900	509
900	542
900	544
900	792
900	802
900	873
900	875
900	880
900	921
900	926
900	958
900	975
900	989
900	999
901	79
901	202
901	233
901	273
901	284
901	321
901	604
901	660
901	664
901	768
901	773
901	786
901	813
901	826
901	835
901	858
901	865
901	907
901	923
901	932
901	960
901	971
902	36
902	90
902	285
902	366
902	409
902	458
902	533
902	601
902	673
902	682
902	721
902	723
902	733
902	740
902	766
902	799
902	818
902	867
902	920
902	943
902	962
902	973
903	17
903	211
903	244
903	299
903	343
903	493
903	513
903	604
903	637
903	659
903	672
903	839
903	841
903	844
903	907
903	919
903	933
903	967
903	972
903	973
903	975
903	1000
904	381
904	387
904	410
904	507
904	560
904	592
904	616
904	620
904	633
904	636
904	737
904	751
904	779
904	809
904	840
904	886
904	891
904	909
904	940
904	975
904	981
904	982
905	69
905	193
905	332
905	411
905	605
905	656
905	679
905	682
905	684
905	710
905	745
905	757
905	822
905	829
905	839
905	858
905	868
905	878
905	906
905	935
905	971
905	987
906	241
906	283
906	286
906	308
906	439
906	495
906	611
906	676
906	690
906	740
906	805
906	832
906	856
906	857
906	905
906	912
906	916
906	923
906	945
906	946
906	995
906	996
907	129
907	257
907	313
907	558
907	617
907	628
907	636
907	700
907	744
907	752
907	786
907	842
907	859
907	871
907	901
907	903
907	918
907	926
907	941
907	942
907	943
907	996
908	63
908	250
908	320
908	472
908	485
908	541
908	669
908	784
908	789
908	791
908	796
908	830
908	847
908	873
908	916
908	923
908	943
908	964
908	972
908	989
908	992
908	995
908	1000
909	179
909	424
909	525
909	560
909	621
909	630
909	647
909	688
909	742
909	749
909	801
909	815
909	819
909	862
909	868
909	888
909	904
909	910
909	914
909	919
909	927
909	952
909	968
910	24
910	149
910	279
910	343
910	475
910	493
910	541
910	698
910	789
910	793
910	797
910	805
910	820
910	860
910	877
910	880
910	909
910	913
910	941
910	957
910	981
910	987
910	996
911	270
911	288
911	351
911	460
911	559
911	620
911	642
911	708
911	807
911	839
911	918
911	924
911	932
911	945
911	949
911	951
911	957
911	968
911	970
911	972
911	977
911	984
911	985
912	110
912	134
912	198
912	224
912	276
912	311
912	392
912	440
912	566
912	596
912	670
912	740
912	833
912	849
912	899
912	906
912	935
912	941
912	951
912	972
912	988
912	992
912	1000
913	80
913	114
913	141
913	219
913	591
913	596
913	707
913	774
913	781
913	834
913	842
913	845
913	886
913	910
913	918
913	920
913	926
913	935
913	948
913	954
913	978
913	979
913	983
914	119
914	125
914	148
914	382
914	477
914	565
914	596
914	600
914	632
914	634
914	660
914	724
914	763
914	803
914	808
914	875
914	909
914	947
914	957
914	965
914	969
914	978
914	980
915	8
915	21
915	170
915	290
915	370
915	418
915	477
915	518
915	595
915	599
915	618
915	632
915	720
915	759
915	811
915	834
915	922
915	942
915	949
915	955
915	958
915	969
915	984
916	40
916	184
916	362
916	667
916	674
916	699
916	760
916	779
916	796
916	810
916	826
916	840
916	850
916	868
916	887
916	888
916	895
916	906
916	908
916	926
916	931
916	964
916	979
916	1000
917	224
917	341
917	406
917	544
917	628
917	681
917	733
917	821
917	822
917	826
917	860
917	869
917	872
917	929
917	932
917	934
917	940
917	945
917	960
917	972
917	984
917	985
917	990
917	999
918	286
918	302
918	408
918	478
918	527
918	540
918	557
918	563
918	596
918	631
918	665
918	676
918	871
918	890
918	907
918	911
918	913
918	935
918	952
918	954
918	955
918	978
918	981
918	994
919	140
919	280
919	327
919	385
919	588
919	678
919	746
919	773
919	802
919	814
919	828
919	847
919	872
919	903
919	909
919	933
919	937
919	957
919	961
919	962
919	967
919	982
919	986
919	996
920	459
920	504
920	539
920	577
920	618
920	638
920	666
920	765
920	766
920	808
920	824
920	829
920	843
920	886
920	897
920	902
920	913
920	936
920	946
920	950
920	963
920	964
920	983
920	995
921	101
921	129
921	172
921	242
921	338
921	374
921	476
921	520
921	635
921	651
921	676
921	705
921	751
921	857
921	882
921	892
921	900
921	924
921	937
921	939
921	980
921	990
921	991
921	999
922	190
922	416
922	417
922	481
922	658
922	661
922	666
922	687
922	715
922	766
922	826
922	866
922	879
922	887
922	891
922	894
922	915
922	936
922	945
922	947
922	950
922	971
922	978
922	993
923	98
923	169
923	309
923	368
923	418
923	557
923	573
923	607
923	656
923	730
923	811
923	881
923	896
923	901
923	906
923	908
923	926
923	962
923	977
923	987
923	988
923	991
923	996
923	998
924	117
924	267
924	294
924	314
924	426
924	464
924	502
924	692
924	707
924	709
924	763
924	839
924	848
924	884
924	911
924	921
924	947
924	950
924	951
924	953
924	958
924	970
924	973
924	975
924	990
925	41
925	126
925	233
925	360
925	430
925	508
925	535
925	598
925	702
925	717
925	720
925	759
925	797
925	820
925	825
925	835
925	851
925	878
925	898
925	926
925	948
925	949
925	961
925	988
925	998
926	232
926	245
926	273
926	393
926	573
926	574
926	610
926	649
926	796
926	811
926	865
926	900
926	907
926	913
926	916
926	923
926	925
926	939
926	943
926	951
926	953
926	955
926	958
926	989
926	996
927	123
927	186
927	330
927	350
927	506
927	538
927	556
927	568
927	590
927	592
927	702
927	714
927	721
927	769
927	882
927	909
927	929
927	946
927	962
927	963
927	970
927	973
927	980
927	998
927	1000
928	199
928	230
928	274
928	396
928	409
928	537
928	540
928	570
928	609
928	615
928	631
928	764
928	790
928	804
928	818
928	865
928	886
928	892
928	940
928	955
928	961
928	968
928	972
928	986
928	993
929	70
929	83
929	162
929	285
929	400
929	438
929	521
929	597
929	665
929	722
929	750
929	781
929	819
929	848
929	864
929	872
929	873
929	917
929	927
929	934
929	937
929	951
929	953
929	960
929	961
929	968
930	35
930	49
930	105
930	268
930	271
930	279
930	349
930	391
930	412
930	436
930	467
930	487
930	489
930	511
930	564
930	607
930	664
930	685
930	725
930	800
930	861
930	886
930	898
930	942
930	993
930	994
931	88
931	153
931	172
931	225
931	239
931	295
931	387
931	443
931	450
931	458
931	527
931	603
931	609
931	615
931	728
931	751
931	882
931	893
931	916
931	939
931	945
931	949
931	972
931	983
931	988
931	999
932	158
932	275
932	301
932	318
932	327
932	338
932	354
932	425
932	501
932	504
932	593
932	670
932	697
932	717
932	794
932	802
932	873
932	885
932	901
932	911
932	917
932	944
932	951
932	963
932	971
932	999
933	224
933	370
933	417
933	531
933	541
933	639
933	654
933	663
933	729
933	737
933	813
933	831
933	845
933	870
933	874
933	878
933	882
933	903
933	919
933	947
933	950
933	951
933	966
933	972
933	988
933	992
934	42
934	369
934	471
934	503
934	505
934	532
934	546
934	579
934	586
934	659
934	705
934	730
934	736
934	762
934	917
934	929
934	949
934	954
934	963
934	977
934	982
934	991
934	992
934	995
934	997
934	1000
935	66
935	87
935	108
935	131
935	194
935	203
935	395
935	485
935	514
935	521
935	617
935	690
935	752
935	765
935	791
935	873
935	880
935	895
935	905
935	912
935	913
935	918
935	949
935	955
935	957
935	985
936	46
936	50
936	76
936	157
936	233
936	383
936	407
936	441
936	480
936	510
936	545
936	594
936	597
936	765
936	797
936	819
936	831
936	863
936	864
936	875
936	920
936	922
936	949
936	950
936	951
936	972
936	982
937	78
937	109
937	304
937	391
937	513
937	554
937	580
937	649
937	708
937	716
937	733
937	757
937	773
937	777
937	812
937	820
937	836
937	840
937	857
937	879
937	892
937	919
937	921
937	929
937	954
937	986
937	988
938	85
938	160
938	271
938	325
938	333
938	347
938	384
938	449
938	465
938	544
938	561
938	579
938	594
938	671
938	675
938	712
938	765
938	851
938	877
938	879
938	942
938	945
938	960
938	980
938	983
938	987
938	994
939	64
939	107
939	123
939	179
939	247
939	362
939	413
939	550
939	592
939	644
939	677
939	679
939	711
939	713
939	840
939	860
939	885
939	892
939	921
939	926
939	931
939	979
939	980
939	981
939	984
939	989
939	990
940	141
940	268
940	395
940	467
940	476
940	552
940	604
940	678
940	739
940	756
940	795
940	799
940	807
940	837
940	844
940	854
940	865
940	877
940	894
940	897
940	904
940	917
940	928
940	960
940	965
940	971
940	983
940	994
941	37
941	192
941	223
941	227
941	264
941	329
941	434
941	462
941	481
941	539
941	577
941	627
941	636
941	653
941	694
941	702
941	721
941	734
941	750
941	753
941	754
941	804
941	907
941	910
941	912
941	943
941	950
941	987
942	25
942	85
942	311
942	366
942	400
942	420
942	430
942	513
942	515
942	553
942	588
942	615
942	675
942	694
942	741
942	776
942	801
942	835
942	837
942	843
942	907
942	915
942	930
942	938
942	953
942	957
942	960
942	963
943	117
943	151
943	320
943	415
943	462
943	467
943	495
943	556
943	572
943	587
943	756
943	763
943	772
943	792
943	807
943	833
943	848
943	893
943	899
943	902
943	907
943	908
943	926
943	941
943	971
943	974
943	992
943	995
944	11
944	242
944	248
944	260
944	324
944	431
944	524
944	571
944	614
944	673
944	745
944	747
944	793
944	811
944	815
944	820
944	823
944	837
944	853
944	868
944	898
944	932
944	950
944	975
944	978
944	980
944	992
944	1000
945	78
945	180
945	251
945	265
945	282
945	400
945	449
945	530
945	546
945	557
945	666
945	777
945	802
945	839
945	842
945	854
945	858
945	892
945	906
945	911
945	917
945	922
945	931
945	938
945	963
945	979
945	980
945	993
946	401
946	459
946	523
946	581
946	610
946	680
946	691
946	703
946	713
946	718
946	732
946	740
946	777
946	801
946	813
946	869
946	875
946	891
946	906
946	920
946	927
946	952
946	971
946	972
946	974
946	984
946	995
946	999
946	1000
947	11
947	131
947	163
947	244
947	281
947	528
947	564
947	597
947	605
947	632
947	679
947	683
947	785
947	789
947	796
947	798
947	805
947	807
947	821
947	862
947	867
947	914
947	922
947	924
947	933
947	953
947	966
947	976
947	997
948	75
948	87
948	210
948	261
948	286
948	296
948	428
948	463
948	508
948	523
948	537
948	630
948	661
948	693
948	704
948	722
948	729
948	756
948	868
948	878
948	880
948	881
948	913
948	925
948	949
948	959
948	973
948	979
948	991
949	63
949	64
949	104
949	188
949	255
949	335
949	366
949	382
949	446
949	546
949	570
949	583
949	649
949	663
949	673
949	703
949	737
949	852
949	853
949	856
949	893
949	911
949	915
949	925
949	931
949	934
949	935
949	936
949	948
949	957
950	35
950	246
950	374
950	585
950	593
950	642
950	661
950	683
950	757
950	760
950	761
950	776
950	786
950	793
950	830
950	855
950	857
950	864
950	886
950	896
950	920
950	922
950	924
950	933
950	936
950	941
950	944
950	952
950	981
950	999
951	72
951	116
951	146
951	153
951	437
951	567
951	584
951	724
951	737
951	826
951	827
951	862
951	864
951	877
951	878
951	890
951	892
951	897
951	911
951	912
951	924
951	926
951	929
951	932
951	933
951	936
951	968
951	990
951	994
951	998
952	142
952	274
952	330
952	347
952	452
952	466
952	509
952	516
952	542
952	634
952	694
952	698
952	710
952	756
952	824
952	826
952	836
952	848
952	857
952	863
952	878
952	894
952	909
952	918
952	946
952	950
952	962
952	970
952	980
952	999
953	174
953	316
953	437
953	501
953	524
953	558
953	592
953	606
953	631
953	708
953	709
953	726
953	808
953	812
953	815
953	820
953	834
953	866
953	869
953	884
953	924
953	926
953	929
953	942
953	947
953	969
953	970
953	975
953	994
953	1000
954	157
954	262
954	278
954	468
954	471
954	504
954	568
954	572
954	591
954	623
954	696
954	731
954	749
954	750
954	783
954	787
954	796
954	799
954	826
954	845
954	853
954	856
954	896
954	913
954	918
954	934
954	937
954	969
954	975
954	992
955	3
955	140
955	165
955	201
955	250
955	278
955	306
955	310
955	502
955	546
955	592
955	676
955	725
955	781
955	784
955	812
955	823
955	824
955	861
955	875
955	887
955	915
955	918
955	926
955	928
955	935
955	972
955	978
955	986
955	993
956	99
956	113
956	175
956	235
956	243
956	258
956	392
956	488
956	512
956	529
956	536
956	614
956	640
956	651
956	741
956	757
956	758
956	793
956	818
956	826
956	844
956	857
956	868
956	870
956	984
956	986
956	991
956	994
956	995
956	998
957	61
957	160
957	228
957	263
957	288
957	329
957	369
957	379
957	409
957	443
957	494
957	515
957	519
957	588
957	711
957	876
957	880
957	890
957	910
957	911
957	914
957	919
957	935
957	942
957	949
957	958
957	961
957	964
957	970
957	972
957	983
958	7
958	48
958	67
958	195
958	468
958	484
958	548
958	571
958	608
958	609
958	614
958	650
958	689
958	741
958	762
958	775
958	815
958	830
958	866
958	888
958	900
958	915
958	924
958	926
958	957
958	959
958	966
958	973
958	980
958	985
958	998
959	111
959	148
959	212
959	247
959	287
959	303
959	404
959	465
959	520
959	587
959	619
959	646
959	697
959	760
959	785
959	786
959	790
959	800
959	814
959	833
959	855
959	872
959	875
959	884
959	948
959	958
959	971
959	973
959	977
959	999
959	1000
960	18
960	36
960	92
960	121
960	172
960	361
960	466
960	488
960	498
960	520
960	523
960	609
960	717
960	754
960	761
960	792
960	829
960	834
960	884
960	898
960	901
960	917
960	929
960	938
960	940
960	942
960	968
960	974
960	987
960	989
960	998
961	23
961	52
961	168
961	170
961	341
961	427
961	431
961	455
961	565
961	628
961	654
961	666
961	693
961	728
961	748
961	773
961	819
961	865
961	884
961	919
961	925
961	928
961	929
961	957
961	965
961	971
961	974
961	975
961	979
961	990
961	995
961	999
962	204
962	240
962	257
962	282
962	316
962	320
962	339
962	403
962	432
962	451
962	513
962	530
962	534
962	625
962	662
962	677
962	695
962	770
962	774
962	777
962	789
962	846
962	851
962	871
962	886
962	902
962	919
962	923
962	927
962	952
962	969
962	990
963	34
963	57
963	237
963	328
963	373
963	420
963	444
963	464
963	518
963	554
963	587
963	700
963	704
963	757
963	780
963	783
963	835
963	896
963	898
963	920
963	927
963	932
963	934
963	942
963	945
963	966
963	982
963	988
963	991
963	992
963	996
963	997
964	33
964	86
964	192
964	295
964	380
964	402
964	470
964	612
964	619
964	623
964	634
964	646
964	651
964	706
964	738
964	786
964	806
964	828
964	841
964	859
964	867
964	884
964	889
964	894
964	908
964	916
964	920
964	957
964	968
964	981
964	988
964	989
964	996
965	271
965	400
965	409
965	424
965	433
965	488
965	492
965	516
965	534
965	536
965	572
965	593
965	686
965	688
965	724
965	742
965	746
965	774
965	784
965	792
965	802
965	839
965	867
965	889
965	914
965	940
965	961
965	971
965	974
965	975
965	982
965	984
965	992
966	17
966	101
966	262
966	333
966	359
966	421
966	573
966	616
966	662
966	682
966	688
966	707
966	712
966	724
966	743
966	775
966	776
966	785
966	814
966	816
966	821
966	843
966	847
966	853
966	876
966	933
966	947
966	958
966	963
966	968
966	977
966	991
966	992
967	79
967	100
967	147
967	220
967	232
967	248
967	365
967	444
967	455
967	463
967	492
967	530
967	549
967	619
967	626
967	635
967	691
967	692
967	700
967	767
967	774
967	787
967	820
967	854
967	855
967	857
967	879
967	889
967	893
967	903
967	919
967	975
967	984
967	1000
968	26
968	41
968	269
968	372
968	403
968	509
968	580
968	583
968	599
968	614
968	631
968	654
968	661
968	668
968	758
968	791
968	807
968	814
968	835
968	840
968	850
968	890
968	899
968	909
968	911
968	928
968	929
968	951
968	960
968	964
968	966
968	979
968	984
968	988
969	10
969	56
969	118
969	215
969	349
969	377
969	406
969	435
969	452
969	638
969	652
969	677
969	695
969	713
969	725
969	738
969	745
969	791
969	851
969	865
969	886
969	893
969	914
969	915
969	953
969	954
969	962
969	972
969	981
969	983
969	990
969	994
969	995
969	997
970	88
970	120
970	230
970	252
970	254
970	334
970	337
970	387
970	410
970	413
970	502
970	519
970	533
970	667
970	674
970	678
970	698
970	708
970	717
970	731
970	738
970	740
970	744
970	780
970	794
970	811
970	817
970	841
970	884
970	911
970	924
970	927
970	952
970	953
970	957
971	71
971	252
971	253
971	347
971	465
971	478
971	525
971	526
971	566
971	584
971	651
971	718
971	783
971	810
971	829
971	867
971	868
971	885
971	901
971	905
971	922
971	932
971	940
971	943
971	946
971	959
971	961
971	965
971	975
971	984
971	991
971	993
971	994
971	997
971	1000
972	325
972	351
972	373
972	477
972	492
972	567
972	685
972	701
972	727
972	738
972	749
972	779
972	794
972	804
972	808
972	816
972	817
972	858
972	872
972	890
972	903
972	908
972	911
972	912
972	917
972	928
972	931
972	933
972	936
972	946
972	955
972	957
972	969
972	980
972	981
972	983
973	102
973	229
973	260
973	330
973	338
973	453
973	487
973	549
973	643
973	654
973	663
973	677
973	716
973	730
973	735
973	736
973	760
973	775
973	800
973	804
973	814
973	822
973	825
973	845
973	848
973	897
973	899
973	902
973	903
973	924
973	927
973	948
973	958
973	959
973	975
973	1000
974	22
974	62
974	98
974	117
974	138
974	156
974	273
974	297
974	372
974	432
974	469
974	491
974	511
974	512
974	570
974	590
974	640
974	644
974	656
974	686
974	718
974	774
974	798
974	813
974	823
974	825
974	847
974	865
974	943
974	946
974	960
974	961
974	965
974	982
974	985
974	989
975	173
975	262
975	271
975	332
975	380
975	425
975	437
975	465
975	499
975	612
975	628
975	664
975	682
975	740
975	756
975	773
975	816
975	835
975	853
975	878
975	883
975	900
975	903
975	904
975	924
975	944
975	953
975	954
975	961
975	965
975	967
975	971
975	973
975	981
975	983
975	992
975	995
976	94
976	121
976	131
976	143
976	187
976	269
976	300
976	310
976	336
976	345
976	493
976	496
976	591
976	602
976	660
976	696
976	752
976	756
976	757
976	773
976	778
976	796
976	822
976	825
976	844
976	847
976	872
976	879
976	888
976	895
976	896
976	947
976	979
976	981
976	983
976	985
976	986
977	48
977	65
977	66
977	92
977	106
977	128
977	218
977	290
977	297
977	309
977	340
977	382
977	403
977	507
977	517
977	572
977	665
977	720
977	733
977	752
977	791
977	815
977	836
977	852
977	853
977	888
977	890
977	891
977	894
977	911
977	923
977	934
977	959
977	966
977	980
977	985
977	994
977	998
978	135
978	193
978	209
978	218
978	272
978	332
978	359
978	367
978	394
978	406
978	407
978	485
978	491
978	569
978	598
978	615
978	656
978	705
978	726
978	774
978	775
978	777
978	780
978	791
978	814
978	833
978	840
978	842
978	880
978	887
978	913
978	914
978	918
978	922
978	944
978	955
978	987
978	993
979	23
979	67
979	97
979	120
979	198
979	268
979	269
979	280
979	344
979	497
979	524
979	595
979	625
979	653
979	679
979	692
979	727
979	731
979	763
979	806
979	811
979	825
979	860
979	863
979	864
979	866
979	883
979	886
979	913
979	916
979	939
979	945
979	948
979	961
979	968
979	976
979	992
979	993
980	313
980	334
980	389
980	401
980	412
980	437
980	441
980	540
980	578
980	583
980	648
980	668
980	699
980	711
980	729
980	753
980	755
980	771
980	788
980	814
980	839
980	841
980	848
980	853
980	856
980	889
980	914
980	921
980	927
980	938
980	939
980	944
980	945
980	952
980	958
980	972
980	977
980	993
981	1
981	6
981	85
981	288
981	342
981	426
981	503
981	519
981	522
981	562
981	576
981	672
981	674
981	730
981	744
981	766
981	771
981	775
981	812
981	833
981	844
981	851
981	855
981	859
981	861
981	887
981	888
981	904
981	910
981	918
981	939
981	950
981	964
981	969
981	972
981	975
981	976
981	986
981	987
982	47
982	48
982	122
982	171
982	265
982	352
982	398
982	399
982	416
982	427
982	498
982	512
982	537
982	548
982	565
982	580
982	640
982	670
982	681
982	692
982	704
982	718
982	735
982	766
982	770
982	782
982	797
982	810
982	829
982	841
982	878
982	899
982	904
982	919
982	934
982	936
982	963
982	965
982	974
983	29
983	34
983	68
983	164
983	216
983	279
983	341
983	356
983	434
983	457
983	639
983	655
983	665
983	683
983	688
983	729
983	765
983	800
983	803
983	812
983	818
983	829
983	832
983	841
983	865
983	867
983	876
983	877
983	913
983	920
983	931
983	938
983	940
983	957
983	969
983	972
983	975
983	976
983	992
984	71
984	361
984	386
984	399
984	452
984	495
984	503
984	522
984	525
984	542
984	572
984	640
984	695
984	721
984	731
984	743
984	774
984	780
984	782
984	785
984	798
984	801
984	806
984	836
984	863
984	874
984	876
984	894
984	911
984	915
984	917
984	939
984	946
984	956
984	965
984	967
984	968
984	971
984	987
985	46
985	250
985	265
985	307
985	337
985	381
985	446
985	460
985	498
985	516
985	522
985	532
985	630
985	648
985	658
985	681
985	718
985	726
985	794
985	803
985	806
985	808
985	827
985	857
985	871
985	876
985	888
985	890
985	898
985	911
985	917
985	935
985	958
985	974
985	976
985	977
985	992
985	993
985	995
985	998
985	999
986	44
986	49
986	68
986	171
986	185
986	296
986	346
986	408
986	410
986	460
986	479
986	499
986	500
986	535
986	563
986	642
986	669
986	705
986	715
986	749
986	758
986	768
986	769
986	798
986	822
986	835
986	851
986	865
986	867
986	887
986	893
986	897
986	919
986	928
986	937
986	955
986	956
986	976
986	981
986	988
986	992
987	66
987	133
987	194
987	259
987	276
987	295
987	472
987	516
987	528
987	541
987	564
987	600
987	635
987	643
987	667
987	700
987	707
987	715
987	717
987	720
987	739
987	742
987	773
987	803
987	804
987	811
987	860
987	866
987	870
987	871
987	905
987	910
987	923
987	938
987	941
987	960
987	978
987	981
987	984
987	992
987	999
988	62
988	69
988	95
988	123
988	375
988	376
988	422
988	433
988	440
988	449
988	462
988	543
988	564
988	662
988	732
988	747
988	784
988	802
988	804
988	810
988	820
988	828
988	837
988	842
988	852
988	859
988	869
988	891
988	894
988	912
988	923
988	925
988	931
988	933
988	937
988	963
988	964
988	968
988	986
988	991
988	998
989	45
989	112
989	122
989	138
989	264
989	374
989	401
989	413
989	423
989	439
989	492
989	495
989	556
989	563
989	584
989	700
989	706
989	732
989	735
989	737
989	757
989	758
989	770
989	774
989	785
989	787
989	788
989	789
989	793
989	811
989	812
989	856
989	877
989	883
989	895
989	900
989	908
989	926
989	939
989	960
989	964
989	974
989	998
990	76
990	154
990	163
990	164
990	276
990	293
990	360
990	367
990	402
990	439
990	465
990	467
990	493
990	543
990	548
990	562
990	574
990	598
990	637
990	679
990	680
990	713
990	723
990	734
990	745
990	761
990	766
990	794
990	795
990	808
990	827
990	843
990	892
990	895
990	917
990	921
990	924
990	939
990	951
990	961
990	962
990	969
990	993
990	1000
991	7
991	28
991	37
991	84
991	100
991	127
991	155
991	157
991	187
991	281
991	284
991	299
991	334
991	368
991	385
991	386
991	388
991	432
991	475
991	520
991	550
991	561
991	573
991	577
991	591
991	637
991	686
991	720
991	723
991	797
991	808
991	814
991	829
991	866
991	875
991	899
991	921
991	923
991	934
991	948
991	956
991	963
991	966
991	971
991	988
992	22
992	57
992	133
992	161
992	411
992	490
992	495
992	501
992	538
992	555
992	608
992	612
992	629
992	647
992	687
992	700
992	704
992	717
992	739
992	744
992	762
992	799
992	812
992	828
992	833
992	836
992	880
992	894
992	908
992	912
992	933
992	934
992	943
992	944
992	954
992	963
992	965
992	966
992	975
992	979
992	983
992	985
992	986
992	987
992	998
993	23
993	91
993	202
993	223
993	230
993	249
993	291
993	304
993	368
993	373
993	413
993	451
993	459
993	474
993	528
993	585
993	664
993	671
993	676
993	677
993	680
993	718
993	725
993	726
993	742
993	759
993	791
993	805
993	857
993	869
993	888
993	892
993	922
993	928
993	930
993	945
993	955
993	971
993	978
993	979
993	980
993	985
993	990
993	995
993	998
994	6
994	12
994	98
994	222
994	292
994	359
994	367
994	404
994	405
994	425
994	442
994	515
994	518
994	525
994	558
994	583
994	597
994	616
994	638
994	653
994	665
994	695
994	729
994	747
994	784
994	802
994	823
994	831
994	839
994	853
994	859
994	861
994	878
994	888
994	918
994	930
994	938
994	940
994	951
994	953
994	956
994	969
994	971
994	977
994	997
994	998
995	39
995	76
995	86
995	183
995	195
995	270
995	273
995	415
995	426
995	476
995	477
995	479
995	483
995	494
995	524
995	592
995	615
995	689
995	727
995	732
995	733
995	736
995	764
995	767
995	768
995	787
995	819
995	821
995	824
995	837
995	862
995	906
995	908
995	920
995	934
995	943
995	946
995	956
995	961
995	969
995	975
995	985
995	993
995	996
995	999
995	1000
996	10
996	73
996	112
996	134
996	139
996	151
996	158
996	188
996	346
996	377
996	378
996	433
996	514
996	517
996	547
996	556
996	564
996	589
996	594
996	647
996	652
996	663
996	685
996	750
996	758
996	761
996	767
996	793
996	803
996	805
996	806
996	808
996	817
996	825
996	845
996	851
996	906
996	907
996	910
996	919
996	923
996	926
996	963
996	964
996	995
996	1000
997	55
997	60
997	168
997	177
997	187
997	258
997	310
997	337
997	392
997	398
997	402
997	452
997	458
997	459
997	473
997	474
997	480
997	514
997	539
997	566
997	575
997	582
997	671
997	674
997	722
997	743
997	753
997	756
997	775
997	785
997	797
997	799
997	808
997	822
997	825
997	861
997	870
997	887
997	893
997	934
997	947
997	963
997	969
997	971
997	994
997	1000
998	38
998	93
998	182
998	231
998	237
998	291
998	349
998	385
998	430
998	447
998	502
998	510
998	551
998	553
998	600
998	605
998	624
998	652
998	654
998	662
998	689
998	697
998	731
998	773
998	778
998	835
998	853
998	862
998	882
998	892
998	896
998	898
998	923
998	925
998	927
998	951
998	956
998	958
998	960
998	977
998	985
998	988
998	989
998	992
998	993
998	994
998	1000
999	30
999	32
999	61
999	101
999	107
999	156
999	185
999	248
999	347
999	420
999	422
999	424
999	454
999	469
999	480
999	505
999	508
999	539
999	571
999	579
999	595
999	657
999	664
999	670
999	725
999	776
999	798
999	828
999	838
999	841
999	854
999	861
999	870
999	887
999	900
999	917
999	921
999	931
999	932
999	946
999	950
999	952
999	959
999	961
999	985
999	987
999	995
999	1000
1000	12
1000	43
1000	65
1000	99
1000	134
1000	178
1000	180
1000	213
1000	253
1000	347
1000	398
1000	502
1000	570
1000	585
1000	586
1000	603
1000	676
1000	698
1000	734
1000	754
1000	755
1000	772
1000	816
1000	822
1000	833
1000	844
1000	852
1000	865
1000	870
1000	883
1000	903
1000	908
1000	912
1000	916
1000	927
1000	934
1000	944
1000	946
1000	953
1000	959
1000	967
1000	971
1000	973
1000	990
1000	995
1000	996
1000	997
1000	998
1000	999
