0 339
0 884
0 933
0 972
339 802
339 803
339 804
339 937
884 57
884 130
884 161
884 233
884 256
884 404
884 432
884 475
884 477
884 530
884 730
884 781
884 789
884 804
884 852
884 930
884 942
884 978
884 985
884 990
933 7
933 109
933 154
933 255
933 358
933 476
933 500
933 692
933 710
933 713
933 714
933 723
933 791
933 814
933 829
933 833
933 860
933 873
933 875
933 899
933 929
933 937
933 951
933 966
933 969
933 971
933 972
933 994
933 995
972 23
972 35
972 447
972 468
972 476
972 480
972 555
972 580
972 628
972 642
972 683
972 690
972 698
972 754
972 806
972 817
972 818
972 835
972 838
972 851
972 863
972 868
972 903
972 904
972 908
972 909
972 918
972 920
972 926
972 931
972 942
972 949
972 961
972 970
972 976
972 977
972 981
972 983
972 996
802 899
802 993
802 47
802 210
802 225
802 445
802 472
802 494
802 761
802 881
802 901
802 908
802 999
803 737
803 960
803 992
803 988
803 981
803 918
803 853
803 658
803 799
803 632
803 209
803 496
803 565
803 934
804 974
804 542
804 831
804 789
804 874
804 970
804 547
804 734
804 194
804 305
804 511
804 932
804 965
937 998
937 903
937 992
937 988
937 973
937 605
937 627
937 976
937 68
937 180
937 263
937 376
937 390
937 437
937 503
937 559
937 589
937 629
937 764
937 783
937 790
937 808
937 838
937 849
937 858
937 885
937 907
937 914
937 982
57 233
57 532
57 967
130 953
130 835
130 595
161 943
161 982
161 321
233 998
233 422
233 915
256 777
256 439
256 928
256 793
404 706
404 946
404 853
404 852
404 291
432 998
432 959
432 734
432 775
432 650
475 921
475 916
475 894
475 676
475 795
477 950
477 832
477 840
477 635
477 458
530 936
530 626
530 912
530 914
530 771
530 672
730 942
730 811
730 995
730 453
730 849
730 928
730 598
730 760
730 347
730 641
781 834
781 992
781 952
781 680
781 962
781 265
781 872
781 201
781 411
781 458
781 502
781 667
789 875
789 988
789 953
789 39
789 428
789 578
789 616
789 851
789 868
789 869
789 881
789 934
852 769
852 900
852 919
852 993
852 545
852 881
852 950
852 905
852 856
852 977
852 865
852 940
852 891
852 271
852 729
852 774
930 857
930 942
930 679
930 939
930 916
930 990
930 675
930 828
930 97
930 979
930 545
930 985
930 246
930 260
930 503
930 581
930 633
930 651
930 678
930 715
930 805
930 862
930 896
930 901
930 914
930 929
930 959
930 986
942 3
942 136
942 181
942 222
942 347
942 501
942 520
942 557
942 647
942 684
942 767
942 794
942 800
942 805
942 879
942 882
942 902
942 936
942 952
942 955
942 978
942 980
942 986
942 987
942 992
942 997
942 998
942 999
978 980
978 825
978 889
978 723
978 966
978 911
978 953
978 989
978 620
978 37
978 74
978 135
978 200
978 311
978 316
978 417
978 446
978 511
978 594
978 609
978 640
978 647
978 692
978 722
978 744
978 791
978 807
978 850
978 853
978 865
978 890
978 905
978 925
978 926
978 949
978 950
978 958
978 987
978 991
978 995
985 980
985 768
985 889
985 988
985 534
985 936
985 993
985 359
985 961
985 951
985 244
985 946
985 952
985 871
985 987
985 997
985 92
985 120
985 134
985 167
985 218
985 263
985 300
985 321
985 354
985 507
985 516
985 600
985 622
985 642
985 643
985 645
985 728
985 816
985 836
985 840
985 849
985 858
985 877
985 886
985 954
985 986
985 999
990 493
990 825
990 960
990 693
990 769
990 956
990 992
990 20
990 56
990 85
990 104
990 402
990 410
990 417
990 430
990 449
990 518
990 542
990 596
990 623
990 630
990 641
990 695
990 704
990 741
990 746
990 756
990 774
990 779
990 797
990 800
990 840
990 865
990 867
990 871
990 897
990 898
990 907
990 911
990 955
990 957
990 967
990 979
990 994
990 995
7 199
7 693
7 762
109 993
109 255
109 349
154 426
154 917
154 416
255 909
255 982
255 959
358 831
358 878
358 962
358 886
476 871
476 958
476 527
476 869
500 517
500 718
500 405
500 306
500 773
500 314
692 491
692 575
692 991
692 977
692 787
692 915
692 273
692 373
710 727
710 984
710 24
710 300
710 560
710 760
710 917
710 920
710 929
710 947
713 998
713 975
713 889
713 984
713 460
713 855
713 362
713 593
713 927
713 422
714 876
714 27
714 310
714 460
714 488
714 613
714 636
714 798
714 908
714 981
723 16
723 134
723 329
723 601
723 837
723 940
723 941
723 984
723 993
791 964
791 974
791 688
791 936
791 991
791 871
791 976
791 344
791 927
791 957
791 314
791 786
814 508
814 974
814 966
814 894
814 993
814 995
814 593
814 145
814 492
814 600
814 606
814 632
814 821
814 867
829 998
829 864
829 58
829 250
829 355
829 626
829 633
829 661
829 740
829 838
829 896
829 927
829 943
829 957
829 965
833 998
833 984
833 708
833 806
833 979
833 242
833 929
833 986
833 954
833 150
833 588
833 591
833 709
833 832
833 927
860 845
860 828
860 971
860 952
860 967
860 83
860 384
860 398
860 662
860 667
860 682
860 774
860 790
860 849
860 902
860 908
860 994
873 903
873 18
873 74
873 91
873 592
873 628
873 721
873 754
873 810
873 823
873 828
873 842
873 902
873 928
873 947
873 951
873 986
873 988
875 2
875 80
875 123
875 228
875 245
875 423
875 463
875 633
875 652
875 671
875 853
875 892
875 901
875 936
875 945
875 991
875 993
875 995
899 11
899 727
899 32
899 234
899 300
899 580
899 620
899 689
899 746
899 754
899 768
899 794
899 823
899 824
899 893
899 915
899 929
899 943
899 947
899 967
899 971
899 981
929 936
929 334
929 991
929 603
929 342
929 801
929 922
929 453
929 877
929 124
929 190
929 322
929 443
929 473
929 479
929 666
929 726
929 734
929 738
929 742
929 749
929 821
929 842
929 959
951 826
951 980
951 960
951 876
951 988
951 353
951 894
951 993
951 708
951 47
951 562
951 118
951 279
951 447
951 553
951 559
951 599
951 606
951 630
951 673
951 696
951 712
951 759
951 810
951 883
951 897
951 908
951 914
951 927
951 931
951 934
951 968
951 969
966 956
966 864
966 18
966 19
966 68
966 77
966 87
966 110
966 162
966 188
966 260
966 301
966 308
966 316
966 400
966 424
966 511
966 528
966 552
966 636
966 670
966 846
966 888
966 907
966 914
966 917
966 926
966 938
966 949
966 950
966 968
966 973
966 979
966 988
966 997
969 448
969 693
969 992
969 988
969 984
969 989
969 910
969 894
969 971
969 991
969 244
969 944
969 943
969 931
969 968
969 801
969 996
969 949
969 369
969 977
969 945
969 146
969 170
969 194
969 235
969 309
969 382
969 464
969 483
969 591
969 647
969 697
969 749
969 890
969 914
969 920
969 934
971 953
971 607
971 31
971 208
971 254
971 349
971 382
971 431
971 474
971 541
971 548
971 588
971 659
971 661
971 669
971 736
971 744
971 795
971 808
971 831
971 847
971 849
971 850
971 851
971 859
971 865
971 879
971 925
971 934
971 941
971 943
971 944
971 958
971 968
971 977
971 987
971 997
994 980
994 818
994 769
994 956
994 988
994 900
994 766
994 926
994 752
994 952
994 853
994 624
994 943
994 724
994 987
994 949
994 905
994 89
994 119
994 191
994 215
994 236
994 304
994 396
994 398
994 446
994 507
994 514
994 522
994 548
994 589
994 612
994 635
994 653
994 669
994 672
994 786
994 837
994 872
994 904
994 914
994 927
994 959
994 983
994 986
995 863
995 739
995 753
995 876
995 534
995 828
995 594
995 979
995 952
995 958
995 527
995 955
995 83
995 84
995 89
995 128
995 225
995 263
995 345
995 364
995 384
995 454
995 496
995 497
995 548
995 570
995 611
995 623
995 649
995 676
995 705
995 755
995 790
995 798
995 832
995 847
995 862
995 869
995 890
995 901
995 908
995 959
995 999
23 567
23 607
23 989
35 508
35 706
35 782
447 911
447 575
447 74
447 696
468 765
468 835
468 954
468 912
468 328
480 949
480 883
480 892
480 421
480 844
555 938
555 637
555 952
555 982
555 357
555 573
580 785
580 318
580 148
580 946
580 459
580 932
628 39
628 741
628 850
628 923
628 940
628 957
628 986
642 553
642 108
642 212
642 425
642 653
642 837
642 872
683 574
683 105
683 419
683 997
683 983
683 313
683 827
683 840
683 867
690 964
690 841
690 893
690 996
690 689
690 601
690 734
690 770
690 373
698 939
698 520
698 696
698 590
698 999
698 805
698 839
698 544
698 619
754 679
754 627
754 105
754 893
754 368
754 728
754 783
754 914
754 940
806 44
806 834
806 65
806 291
806 368
806 589
806 641
806 662
806 709
806 764
806 867
806 904
806 955
817 974
817 989
817 981
817 28
817 91
817 142
817 159
817 196
817 697
817 703
817 728
817 831
817 973
817 991
818 4
818 83
818 184
818 408
818 454
818 539
818 621
818 904
818 925
818 934
818 947
818 967
818 981
835 116
835 921
835 984
835 36
835 94
835 99
835 400
835 421
835 453
835 718
835 795
835 983
835 986
838 980
838 882
838 984
838 717
838 718
838 955
838 341
838 397
838 207
838 377
838 459
838 619
838 657
838 793
851 834
851 988
851 800
851 991
851 947
851 718
851 943
851 735
851 902
851 561
851 832
851 891
851 779
851 678
863 3
863 406
863 538
863 581
863 652
863 685
863 834
863 854
863 887
863 892
863 909
863 920
863 953
863 959
863 960
863 988
863 993
868 989
868 812
868 993
868 214
868 970
868 622
868 780
868 498
868 138
868 178
868 203
868 406
868 541
868 591
868 774
868 779
868 890
903 834
903 964
903 9
903 84
903 96
903 238
903 262
903 297
903 455
903 471
903 632
903 646
903 655
903 669
903 697
903 731
903 794
903 839
903 917
903 934
903 956
903 979
904 737
904 988
904 248
904 973
904 968
904 906
904 592
904 173
904 264
904 271
904 356
904 382
904 523
904 551
904 572
904 728
904 770
904 779
904 823
904 914
904 920
908 960
908 984
908 909
908 720
908 967
908 962
908 362
908 253
908 413
908 515
908 738
908 999
908 632
908 927
908 666
908 486
908 582
908 367
908 886
909 980
909 935
909 25
909 206
909 289
909 303
909 380
909 415
909 478
909 489
909 529
909 557
909 564
909 578
909 771
909 772
909 787
909 890
909 892
909 895
909 958
918 974
918 956
918 577
918 248
918 38
918 203
918 442
918 507
918 564
918 575
918 602
918 616
918 645
918 655
918 663
918 729
918 792
918 815
918 840
918 848
918 888
918 924
918 976
918 987
920 900
920 894
920 993
920 947
920 874
920 976
920 841
920 968
920 488
920 982
920 870
920 902
920 526
920 265
920 471
920 836
920 793
920 444
920 506
920 657
920 704
920 808
926 826
926 834
926 989
926 993
926 766
926 46
926 55
926 114
926 268
926 281
926 386
926 387
926 479
926 524
926 526
926 546
926 626
926 631
926 752
926 821
926 861
926 887
926 970
926 983
931 935
931 834
931 960
931 762
931 998
931 353
931 919
931 894
931 947
931 967
931 62
931 81
931 513
931 536
931 661
931 668
931 680
931 771
931 779
931 843
931 898
931 915
931 922
931 940
931 957
931 970
949 980
949 785
949 79
949 534
949 894
949 575
949 562
949 952
949 968
949 788
949 131
949 213
949 259
949 280
949 411
949 412
949 541
949 581
949 588
949 602
949 664
949 676
949 699
949 780
949 790
949 793
949 854
949 858
949 954
961 679
961 693
961 939
961 900
961 953
961 936
961 39
961 111
961 215
961 262
961 333
961 356
961 360
961 361
961 439
961 515
961 537
961 597
961 598
961 600
961 645
961 662
961 738
961 809
961 819
961 844
961 858
961 869
961 872
961 880
961 891
961 898
961 938
961 945
961 976
970 834
970 739
970 981
970 993
970 973
970 569
970 991
970 947
970 898
970 71
970 184
970 216
970 278
970 292
970 398
970 461
970 464
970 544
970 557
970 578
970 663
970 699
970 715
970 726
970 744
970 778
970 787
970 821
970 844
970 846
970 848
970 897
970 941
970 962
970 983
976 825
976 960
976 116
976 975
976 963
976 988
976 984
976 989
976 343
976 993
976 569
976 56
976 64
976 108
976 225
976 267
976 394
976 435
976 484
976 509
976 540
976 601
976 660
976 680
976 686
976 738
976 745
976 867
976 897
976 922
976 923
976 932
976 957
976 987
976 997
976 999
977 964
977 753
977 992
977 953
977 800
977 991
977 946
977 967
977 950
977 807
977 538
977 499
977 959
977 127
977 138
977 181
977 200
977 240
977 247
977 310
977 316
977 372
977 403
977 406
977 435
977 524
977 544
977 546
977 558
977 573
977 579
977 630
977 726
977 778
977 815
977 914
977 965
981 963
981 315
981 27
981 137
981 239
981 286
981 331
981 378
981 427
981 431
981 434
981 444
981 526
981 674
981 691
981 694
981 709
981 750
981 756
981 807
981 828
981 830
981 839
981 846
981 849
981 856
981 859
981 865
981 879
981 881
981 907
981 912
981 941
981 950
981 957
981 959
981 996
983 882
983 921
983 763
983 916
983 988
983 675
983 948
983 991
983 144
983 958
983 944
983 962
983 94
983 126
983 153
983 280
983 379
983 423
983 456
983 459
983 466
983 556
983 565
983 585
983 596
983 611
983 618
983 623
983 653
983 747
983 748
983 793
983 799
983 823
983 886
983 891
983 896
983 965
996 963
996 688
996 992
996 325
996 911
996 993
996 564
996 967
996 776
996 997
996 694
996 955
996 78
996 106
996 132
996 145
996 178
996 220
996 258
996 323
996 347
996 357
996 386
996 482
996 486
996 501
996 533
996 547
996 548
996 563
996 571
996 592
996 641
996 653
996 666
996 687
996 689
996 742
996 775
996 780
996 796
996 843
996 885
996 902
996 912
996 986
1 409
1 448
1 493
1 737
409 431
409 564
409 882
409 932
409 974
448 10
448 888
448 939
448 973
493 34
493 213
493 293
493 935
737 319
737 539
737 568
737 665
737 705
737 855
737 914
737 936
737 953
431 975
431 898
431 374
564 889
564 52
564 509
564 848
882 964
882 6
882 194
882 277
882 387
882 417
882 465
882 640
882 643
882 696
882 786
882 847
882 898
882 901
882 910
882 968
882 992
932 418
932 974
932 481
932 763
932 900
932 917
932 685
932 624
932 724
932 987
932 898
932 228
932 885
932 819
932 865
932 854
932 646
932 846
932 588
932 285
932 546
932 573
932 591
932 794
932 886
974 964
974 998
974 10
974 31
974 192
974 230
974 321
974 372
974 417
974 430
974 505
974 513
974 558
974 578
974 691
974 725
974 764
974 776
974 782
974 822
974 842
974 843
974 870
974 883
974 911
974 914
974 927
974 944
974 945
974 956
974 965
974 975
974 984
974 989
10 700
10 845
888 964
888 828
888 993
888 706
888 947
888 955
888 413
888 747
888 890
888 915
888 220
888 485
888 486
888 619
888 635
888 664
888 670
888 681
888 840
939 679
939 441
939 9
939 287
939 327
939 385
939 394
939 521
939 675
939 760
939 768
939 776
939 820
939 821
939 823
939 848
939 853
939 870
939 893
939 927
939 952
939 956
939 958
939 965
939 986
939 989
939 997
973 935
973 441
973 921
973 763
973 956
973 226
973 31
973 36
973 71
973 243
973 275
973 282
973 302
973 336
973 345
973 382
973 430
973 462
973 489
973 608
973 659
973 704
973 750
973 782
973 787
973 831
973 877
973 881
973 896
973 897
973 941
973 947
973 957
973 979
973 999
34 197
34 359
34 708
213 824
213 750
293 38
293 634
293 759
293 928
935 4
935 37
935 162
935 165
935 172
935 242
935 317
935 454
935 506
935 595
935 599
935 611
935 614
935 631
935 741
935 748
935 783
935 801
935 813
935 894
935 914
935 915
935 928
935 940
935 984
935 999
319 905
319 982
319 221
319 736
539 997
539 734
539 872
539 999
539 372
568 902
568 746
568 265
568 634
568 450
568 846
568 767
665 964
665 893
665 885
665 901
665 705
665 711
665 793
665 664
705 919
705 917
705 901
705 138
705 259
705 839
705 965
855 998
855 916
855 936
855 946
855 68
855 168
855 221
855 275
855 280
855 407
855 496
855 590
855 634
855 740
855 844
855 950
914 693
914 984
914 910
914 534
914 685
914 242
914 986
914 999
914 617
914 883
914 219
914 279
914 774
936 960
936 998
936 956
936 953
936 30
936 81
936 261
936 320
936 346
936 415
936 643
936 676
936 729
936 747
936 751
936 813
936 837
936 870
936 901
936 965
936 993
953 825
953 963
953 22
953 110
953 189
953 330
953 379
953 411
953 502
953 524
953 657
953 662
953 668
953 681
953 696
953 731
953 759
953 771
953 786
953 810
953 820
953 822
953 867
953 885
953 906
953 947
953 950
2 491
2 765
2 857
491 599
491 720
491 792
491 819
765 606
765 808
765 892
765 902
765 913
765 925
765 934
765 986
765 988
765 989
765 997
857 125
857 180
857 273
857 427
857 449
857 512
857 535
857 719
857 839
857 876
857 890
857 921
857 944
857 982
857 992
857 993
599 922
599 897
599 463
599 511
599 544
720 916
720 608
720 45
720 502
720 563
720 667
720 668
720 715
720 853
792 947
792 342
792 950
792 110
792 332
792 699
792 734
792 787
792 813
792 870
792 902
792 934
819 603
819 962
819 439
819 136
819 146
819 578
819 742
819 757
819 786
819 808
819 862
819 880
606 876
606 941
606 954
606 305
606 551
808 956
808 900
808 569
808 991
808 724
808 907
808 950
808 902
808 650
808 407
892 960
892 700
892 993
892 608
892 731
892 991
892 907
892 955
892 424
892 872
892 659
892 212
892 229
892 298
892 503
892 673
892 965
902 984
902 952
902 997
902 126
902 252
902 264
902 286
902 433
902 435
902 581
902 823
902 836
902 844
902 890
902 927
913 984
913 948
913 603
913 624
913 997
913 80
913 203
913 307
913 492
913 548
913 573
913 579
913 635
913 648
913 652
913 660
913 686
913 742
913 774
913 816
913 896
913 901
913 905
913 923
913 934
925 964
925 59
925 763
925 876
925 158
925 252
925 496
925 540
925 551
925 561
925 582
925 610
925 635
925 663
925 678
925 726
925 732
925 734
925 799
925 858
925 893
925 915
925 954
925 965
934 998
934 769
934 577
934 620
934 831
934 822
934 680
934 907
934 982
934 703
934 283
934 633
934 906
934 847
934 912
934 276
934 317
934 345
934 597
934 655
986 960
986 418
986 998
986 921
986 727
986 889
986 988
986 567
986 751
986 731
986 967
986 853
986 177
986 878
986 905
986 547
986 887
986 128
986 269
986 295
986 316
986 361
986 395
986 531
986 546
986 592
986 657
986 747
986 748
986 805
986 839
986 862
986 954
988 975
988 876
988 18
988 246
988 274
988 312
988 352
988 436
988 440
988 516
988 574
988 592
988 629
988 704
988 722
988 755
988 815
988 823
988 850
988 858
988 895
988 912
988 915
988 924
988 947
988 952
988 957
988 958
988 967
988 991
989 834
989 964
989 739
989 889
989 535
989 36
989 185
989 269
989 359
989 374
989 393
989 395
989 424
989 485
989 550
989 576
989 600
989 621
989 662
989 664
989 715
989 744
989 757
989 807
989 810
989 816
989 866
989 869
989 871
989 881
989 887
989 924
989 940
989 958
989 959
989 987
989 991
997 762
997 900
997 919
997 708
997 866
997 991
997 603
997 952
997 958
997 853
997 924
997 65
997 87
997 175
997 176
997 227
997 259
997 452
997 455
997 593
997 613
997 641
997 648
997 670
997 733
997 750
997 755
997 758
997 772
997 774
997 849
997 862
997 867
997 877
997 880
997 891
997 897
997 905
125 706
125 120
125 901
180 898
180 497
273 550
273 895
273 809
427 922
427 759
427 239
427 653
449 532
449 764
449 890
449 719
512 893
512 80
512 247
512 377
512 401
512 420
535 22
535 366
535 502
535 584
535 585
719 960
719 919
719 543
719 950
719 922
719 945
719 370
719 813
719 587
839 947
839 943
839 694
839 676
839 462
839 915
839 758
839 940
839 770
839 417
839 699
876 960
876 16
876 370
876 392
876 504
876 561
876 650
876 702
876 750
876 824
876 907
876 954
876 993
890 980
890 639
890 887
890 746
890 906
890 999
890 171
890 263
890 400
890 494
890 600
890 837
890 957
921 9
921 54
921 76
921 195
921 268
921 278
921 417
921 434
921 458
921 471
921 502
921 523
921 610
921 650
921 659
921 701
921 703
921 711
921 727
921 751
921 824
944 980
944 481
944 947
944 58
944 106
944 131
944 193
944 194
944 280
944 425
944 437
944 507
944 538
944 604
944 638
944 682
944 687
944 746
944 750
944 759
944 794
944 823
944 854
944 878
944 895
944 906
944 957
944 962
982 916
982 894
982 605
982 948
982 800
982 991
982 874
982 967
982 943
982 987
982 89
982 146
982 239
982 294
982 312
982 384
982 412
982 436
982 482
982 496
982 502
982 529
982 531
982 572
982 576
982 648
982 689
982 699
982 704
982 711
982 741
982 770
982 774
982 821
982 880
982 965
992 916
992 963
992 17
992 140
992 168
992 218
992 275
992 295
992 377
992 380
992 421
992 460
992 478
992 537
992 543
992 552
992 562
992 644
992 655
992 673
992 717
992 740
992 783
992 795
992 797
992 809
992 810
992 820
992 837
992 844
992 854
992 878
992 891
992 896
992 917
992 928
992 959
992 987
993 100
993 574
993 919
993 824
993 30
993 285
993 304
993 349
993 525
993 527
993 547
993 549
993 595
993 601
993 602
993 612
993 658
993 695
993 721
993 790
993 811
993 837
993 844
993 883
993 895
993 896
993 912
993 987
80 250
123 916
123 716
123 499
228 74
228 259
228 895
245 901
245 798
245 827
245 927
423 768
423 952
423 871
423 438
463 766
463 326
463 390
463 660
633 991
633 117
633 269
633 428
633 655
652 731
652 724
652 941
652 928
652 364
652 440
671 900
671 907
671 734
671 674
671 927
671 820
671 886
671 786
671 365
853 980
853 58
853 311
853 395
853 424
853 629
853 775
853 797
853 945
901 845
901 956
901 881
901 962
901 131
901 281
901 452
901 516
901 689
901 842
901 846
901 862
901 872
901 895
945 980
945 782
945 948
945 716
945 751
945 752
945 979
945 946
945 958
945 907
945 488
945 941
945 856
945 732
945 796
945 877
945 128
945 171
945 272
945 541
945 629
945 631
945 657
945 670
945 747
945 784
945 840
991 769
991 956
991 963
991 919
991 308
991 45
991 53
991 124
991 135
991 168
991 178
991 289
991 337
991 350
991 395
991 405
991 591
991 663
991 697
991 721
991 756
991 865
991 874
991 879
991 922
991 938
991 954
991 957
991 967
3 826
3 980
826 335
826 472
826 560
826 634
826 758
826 776
826 777
826 807
826 898
826 911
826 924
826 950
826 952
980 127
980 238
980 247
980 270
980 283
980 308
980 510
980 607
980 657
980 716
980 727
980 736
980 747
980 759
980 761
980 812
980 813
980 815
980 836
980 850
980 854
980 871
980 872
980 886
980 894
980 941
980 946
980 954
980 956
980 967
335 987
335 499
335 954
335 487
472 116
472 987
472 360
472 428
560 905
560 585
560 674
560 254
560 360
634 158
634 216
634 356
634 858
634 957
758 975
758 911
758 924
758 861
758 928
758 669
758 223
758 410
758 572
776 343
776 505
776 62
776 674
776 798
776 836
776 843
776 893
776 895
777 964
777 8
777 17
777 157
777 617
777 701
777 797
777 919
777 924
777 927
777 975
807 987
807 78
807 111
807 202
807 281
807 407
807 629
807 651
807 906
807 999
898 964
898 822
898 67
898 138
898 195
898 345
898 451
898 467
898 711
898 740
898 761
898 788
898 794
898 854
898 928
911 22
911 84
911 121
911 221
911 252
911 389
911 550
911 565
911 592
911 604
911 625
911 651
911 673
911 750
911 796
911 869
911 893
911 910
911 987
924 567
924 63
924 132
924 211
924 224
924 305
924 351
924 374
924 399
924 464
924 470
924 571
924 648
924 694
924 773
924 775
924 830
924 883
924 885
924 927
924 959
950 762
950 460
950 182
950 947
950 979
950 874
950 419
950 73
950 118
950 149
950 222
950 412
950 524
950 528
950 547
950 667
950 687
950 780
950 797
950 880
950 940
950 962
950 999
952 725
952 353
952 910
952 917
952 979
952 51
952 946
952 165
952 174
952 373
952 446
952 473
952 482
952 501
952 585
952 626
952 654
952 741
952 771
952 783
952 891
952 906
406 218
406 867
406 957
538 987
538 92
538 346
538 847
581 700
581 570
581 367
581 770
685 998
685 859
685 716
685 54
685 443
685 666
685 999
834 5
834 87
834 336
834 610
834 623
834 795
834 821
854 956
854 605
854 751
854 947
854 895
854 187
854 175
854 185
854 280
854 726
854 886
887 998
887 900
887 677
887 105
887 943
887 811
887 108
887 150
887 288
887 412
887 482
887 511
887 525
887 668
887 733
887 836
887 891
959 960
959 964
959 910
959 731
959 878
959 398
959 126
959 189
959 198
959 249
959 294
959 299
959 328
959 370
959 408
959 537
959 589
959 611
959 699
959 748
959 783
959 836
959 906
959 912
959 999
960 5
960 15
960 141
960 147
960 217
960 235
960 303
960 328
960 346
960 350
960 366
960 408
960 416
960 499
960 503
960 540
960 648
960 693
960 815
960 866
960 891
960 928
960 956
960 987
136 828
136 438
181 744
181 742
222 862
222 728
222 846
347 979
347 870
501 916
501 542
501 257
501 141
520 45
520 76
520 799
520 877
520 895
557 800
557 137
557 445
557 691
647 866
647 266
647 872
647 521
647 576
647 597
684 763
684 637
684 946
684 856
684 515
684 691
684 656
684 201
684 600
767 984
767 522
767 799
767 912
767 797
767 927
767 223
767 249
767 556
767 582
767 771
794 962
794 391
794 513
794 674
794 830
794 786
794 461
794 618
800 894
800 569
800 182
800 594
800 43
800 442
800 774
800 906
805 938
805 979
805 955
805 809
805 940
805 837
805 843
805 380
805 563
805 795
805 815
879 916
879 567
879 948
879 60
879 112
879 254
879 392
879 598
879 745
879 761
879 770
879 816
879 858
879 886
879 923
879 927
955 426
955 230
955 831
955 716
955 946
955 70
955 155
955 239
955 378
955 473
955 484
955 521
955 529
955 576
955 616
955 667
955 672
955 678
955 695
955 756
955 761
955 795
955 849
955 858
955 923
955 927
955 965
987 975
987 956
987 864
987 919
987 708
987 866
987 871
987 958
987 874
987 63
987 103
987 221
987 250
987 288
987 310
987 352
987 429
987 483
987 516
987 591
987 641
987 732
987 740
987 780
987 880
987 886
987 968
998 8
998 14
998 173
998 243
998 303
998 364
998 367
998 402
998 470
998 504
998 618
998 637
998 668
998 728
998 736
998 763
998 780
998 796
998 797
998 798
998 822
998 837
998 856
998 861
998 864
998 865
998 871
998 881
998 891
998 897
998 954
998 956
998 975
998 979
998 999
999 688
999 864
999 614
999 343
999 782
999 917
999 947
999 979
999 841
999 962
999 905
999 638
999 519
999 391
999 877
999 954
999 798
999 799
999 160
999 271
999 394
999 420
999 421
999 467
999 640
999 672
999 743
999 748
999 784
999 813
999 837
999 891
999 957
127 895
127 928
238 542
238 717
238 840
247 738
247 354
270 919
270 338
270 191
270 302
283 315
283 100
283 96
308 894
308 40
510 702
510 595
510 711
510 598
510 383
510 479
607 70
607 277
607 297
607 928
607 941
657 859
657 897
657 775
716 753
716 822
716 41
716 157
716 396
716 745
727 11
727 231
727 561
727 735
727 831
727 846
736 763
736 688
736 984
736 849
736 451
736 271
736 310
736 587
747 948
747 938
747 499
747 132
747 151
747 219
759 963
759 905
759 237
759 269
759 329
759 891
761 900
761 894
761 706
761 967
761 954
761 193
761 756
812 785
812 577
812 963
812 82
812 24
812 410
812 471
812 542
812 615
812 619
812 742
812 862
812 965
813 508
813 864
813 750
813 697
813 314
813 380
813 496
813 572
813 682
815 824
815 967
815 552
815 467
815 823
815 840
815 778
815 755
815 524
836 788
836 878
836 962
836 870
836 413
836 912
836 184
836 729
836 743
836 842
850 762
850 768
850 104
850 172
850 206
850 392
850 474
850 502
850 596
850 613
850 775
850 965
871 900
871 414
871 859
871 55
871 156
871 410
871 740
871 798
871 827
871 886
872 919
872 841
872 811
872 583
872 147
872 385
872 421
872 559
872 616
872 923
886 964
886 751
886 979
886 893
886 810
886 394
886 741
886 450
886 891
886 880
894 30
894 45
894 129
894 376
894 506
894 521
894 537
894 622
894 726
894 941
941 964
941 975
941 785
941 963
941 677
941 958
941 532
941 841
941 333
941 658
941 93
941 193
941 378
941 413
941 544
941 589
941 687
941 849
941 870
941 883
941 957
946 700
946 620
946 752
946 979
946 51
946 76
946 232
946 234
946 243
946 332
946 337
946 338
946 457
946 458
946 470
946 523
946 536
946 579
946 587
946 680
946 738
946 760
946 858
946 923
954 825
954 845
954 975
954 963
954 900
954 326
954 968
954 610
954 210
954 810
954 129
954 211
954 356
954 401
954 589
954 602
954 654
954 686
954 775
954 809
954 827
954 891
956 762
956 481
956 13
956 178
956 298
956 381
956 390
956 429
956 440
956 637
956 702
956 706
956 757
956 809
956 846
956 907
956 915
956 957
956 963
967 700
967 975
967 785
967 864
967 706
967 182
967 938
967 204
967 215
967 267
967 434
967 454
967 632
967 636
967 651
967 741
967 778
967 796
967 801
967 880
967 923
967 965
4 44
4 679
44 334
44 910
679 232
679 752
679 881
679 906
679 963
334 889
334 611
334 735
910 26
910 43
910 53
910 201
910 211
910 249
910 307
910 425
910 514
910 571
910 584
910 625
910 627
910 670
910 735
910 775
910 927
910 928
910 938
232 718
232 906
232 278
752 49
752 301
752 324
752 451
752 452
752 881
752 896
881 768
881 900
881 907
881 72
881 229
881 469
881 669
881 771
881 793
881 823
906 963
906 712
906 153
906 160
906 279
906 312
906 376
906 408
906 483
906 528
906 566
906 772
906 821
906 965
963 14
963 205
963 216
963 223
963 276
963 313
963 316
963 352
963 433
963 451
963 556
963 704
963 718
963 780
963 784
963 790
963 849
963 858
963 893
963 896
963 907
963 919
963 962
963 965
83 943
184 646
408 922
408 659
454 962
454 827
621 900
621 968
621 784
621 313
621 440
621 556
621 748
947 52
947 46
947 63
947 64
947 261
947 291
947 425
947 467
947 677
947 799
947 821
947 840
947 877
947 878
947 943
947 968
37 460
37 766
162 764
162 669
165 274
165 923
172 353
172 592
242 81
242 643
317 772
317 840
317 821
506 722
506 883
506 940
506 496
595 801
595 452
595 469
595 554
611 948
611 979
611 741
614 25
614 143
614 526
614 682
614 743
614 867
631 605
631 644
631 649
631 598
631 383
631 483
741 536
741 185
741 728
741 816
748 517
748 984
748 897
748 635
748 445
748 678
783 975
783 984
783 979
783 707
783 405
783 865
783 793
801 769
801 919
801 73
801 209
801 640
801 643
801 772
801 778
801 847
915 414
915 919
915 519
915 586
915 865
915 722
915 832
915 209
915 389
915 511
915 525
915 630
915 844
915 883
915 957
915 965
928 343
928 948
928 878
928 391
928 870
928 257
928 895
928 164
928 322
928 346
928 383
928 695
928 757
928 793
928 837
928 840
940 964
940 693
940 975
940 984
940 717
940 917
940 948
940 718
940 707
940 724
940 745
940 236
940 861
940 689
940 744
940 400
940 443
940 681
940 687
940 699
984 769
984 20
984 85
984 98
984 230
984 303
984 342
984 389
984 505
984 549
984 567
984 624
984 670
984 680
984 722
984 749
984 760
984 764
984 795
984 796
984 797
984 799
984 830
984 844
984 900
984 958
5 825
5 964
825 208
825 444
825 586
825 594
825 617
825 786
825 788
825 905
825 958
964 8
964 66
964 236
964 474
964 505
964 528
964 551
964 579
964 670
964 686
964 687
964 697
964 721
964 757
964 822
964 846
964 856
964 896
964 897
964 905
208 943
208 241
444 866
444 809
444 284
586 979
586 142
586 322
586 436
586 923
586 957
594 42
594 309
594 435
594 726
617 533
617 438
617 179
617 709
617 760
786 627
786 583
786 397
786 842
786 360
786 445
788 864
788 75
788 893
788 254
788 486
788 590
788 613
788 630
788 702
788 746
905 620
905 708
905 782
905 938
905 627
905 84
905 95
905 102
905 170
905 311
905 425
905 469
905 773
958 916
958 550
958 979
958 244
958 55
958 60
958 103
958 113
958 284
958 504
958 632
958 640
958 660
958 691
958 712
958 830
958 848
958 862
958 869
958 877
958 897
958 957
87 968
336 919
336 712
336 160
610 73
610 623
610 746
610 912
623 691
623 923
623 711
623 570
795 948
795 846
795 566
795 843
795 589
795 678
821 864
821 624
821 724
821 673
821 618
15 753
15 701
15 889
141 265
141 327
147 306
147 266
217 292
217 883
217 305
217 446
235 845
235 889
235 571
303 861
328 197
328 849
346 845
350 885
350 877
350 682
366 359
366 962
366 715
416 785
416 917
416 337
416 695
499 707
499 764
503 916
503 948
503 636
540 603
540 152
540 429
540 883
648 140
648 314
648 386
648 869
693 415
693 440
693 466
866 42
866 153
866 171
866 188
866 288
866 397
866 654
866 668
866 728
866 743
866 774
866 846
866 883
891 919
891 677
891 646
891 846
891 775
891 240
891 678
891 726
8 441
66 342
66 694
66 968
236 90
236 772
474 828
474 363
474 565
505 52
505 387
505 518
528 545
528 337
528 641
551 768
551 294
551 663
579 785
579 552
579 625
579 498
670 878
670 351
670 844
686 782
686 624
686 149
686 190
686 563
686 774
687 979
687 323
687 523
687 613
697 701
697 227
697 395
697 636
721 707
721 907
721 780
721 615
721 820
721 755
721 673
757 975
757 878
757 735
757 169
757 262
757 541
757 728
822 441
822 753
822 40
822 257
822 597
822 626
822 778
822 885
846 574
846 919
846 593
846 327
856 605
856 948
856 583
856 95
856 113
856 573
856 743
856 816
856 832
856 840
856 848
856 885
896 975
896 979
896 745
896 320
896 885
896 738
896 787
896 174
896 275
896 415
896 492
896 495
896 843
897 766
897 694
897 119
897 389
897 422
897 485
897 529
897 582
897 640
897 837
897 957
6 59
6 418
6 508
59 405
59 938
418 324
418 461
418 831
508 240
508 396
508 478
405 304
405 867
938 199
938 762
938 785
938 567
938 717
938 948
938 47
938 53
938 264
938 278
938 386
938 397
938 556
938 672
938 722
938 742
938 745
938 790
938 798
938 862
938 922
324 637
324 734
324 411
461 583
461 513
461 743
831 919
831 33
831 48
831 97
831 456
831 746
831 962
240 943
240 329
396 917
396 870
396 704
478 979
478 639
478 556
277 226
277 51
277 597
387 287
387 243
465 250
465 121
465 412
465 498
465 744
640 916
640 272
640 433
643 696
643 533
643 837
643 816
696 605
696 81
696 400
696 661
847 948
847 624
847 393
847 885
847 155
847 218
847 234
847 332
847 494
847 793
847 842
968 916
968 948
968 677
968 627
968 724
968 103
968 253
968 258
968 340
968 351
968 355
968 361
968 435
968 583
968 682
968 784
968 793
968 816
968 830
968 832
968 842
968 862
968 895
968 965
199 559
199 669
762 442
762 482
762 731
762 809
762 880
762 975
559 622
559 262
559 672
669 411
669 656
669 699
415 943
415 775
440 779
466 414
466 811
466 354
466 428
442 627
442 285
442 729
482 119
731 43
731 548
731 639
731 965
809 865
809 912
809 174
809 470
809 619
809 667
809 681
880 769
880 453
880 733
880 257
880 848
880 865
880 646
880 827
880 518
880 379
880 816
975 12
975 13
975 67
975 201
975 204
975 241
975 276
975 304
975 323
975 522
975 566
975 576
975 694
975 703
975 732
975 742
975 750
975 755
975 766
975 823
975 824
975 842
975 943
975 979
441 531
441 832
531 751
531 732
531 823
531 516
832 708
832 608
832 962
832 488
832 179
832 313
832 591
832 740
17 82
17 315
157 725
157 370
701 111
701 164
701 209
701 532
701 703
701 735
797 214
797 784
797 827
797 229
797 309
797 403
919 26
919 251
919 264
919 456
919 733
919 766
919 796
919 840
919 948
927 769
927 787
927 799
927 912
927 509
927 216
927 282
927 374
927 446
927 867
14 577
14 753
173 656
173 912
243 143
364 616
364 965
367 725
367 290
402 912
402 645
402 285
402 549
470 827
470 695
504 414
504 717
504 519
504 883
618 916
618 622
618 760
618 844
637 48
637 399
637 638
637 957
668 862
668 709
668 301
668 965
728 553
728 827
763 12
763 78
763 133
763 241
763 287
763 782
780 753
780 110
780 212
780 613
780 654
796 900
796 107
796 207
796 327
796 363
796 436
796 756
798 134
798 251
798 662
798 744
798 867
798 912
837 772
837 237
837 254
837 261
861 753
861 627
861 718
861 849
861 885
861 118
861 307
861 591
861 592
861 602
861 656
861 695
861 867
864 16
864 63
864 311
864 332
864 380
864 704
864 751
864 774
864 957
864 965
865 166
865 151
865 268
865 371
865 749
865 790
865 840
979 916
979 318
979 900
979 824
979 859
979 584
979 50
979 91
979 207
979 455
979 566
979 585
979 589
979 613
979 715
979 735
979 816
979 862
979 923
9 116
96 706
96 593
262 889
297 943
297 585
297 375
455 249
455 704
455 749
471 152
471 656
632 170
632 285
632 495
646 948
646 231
646 357
646 602
655 622
655 787
655 286
655 729
917 38
917 188
917 225
917 246
917 274
917 372
917 428
917 452
917 484
917 565
917 790
917 883
917 948
917 957
54 769
54 707
76 878
195 923
195 645
268 778
268 957
278 782
434 883
434 354
434 790
458 365
458 371
523 624
523 588
523 582
650 962
650 830
650 722
650 361
650 373
659 244
659 186
659 192
659 682
703 90
703 169
703 292
703 382
703 436
711 550
711 733
711 885
711 193
711 653
751 42
751 948
751 98
751 844
824 82
824 900
824 29
824 50
824 292
824 473
824 912
287 58
287 566
327 383
385 878
385 764
385 749
394 163
394 775
521 393
521 773
521 965
675 28
675 30
675 99
675 156
675 189
675 664
675 922
760 943
760 547
760 644
760 271
760 379
768 12
768 203
768 227
768 260
768 320
768 828
820 574
820 732
820 702
820 712
820 289
820 403
820 355
820 563
820 602
820 660
823 187
823 558
823 495
848 708
848 639
848 552
848 907
848 143
848 388
848 430
848 494
848 596
848 722
870 889
870 828
870 724
870 183
870 114
870 429
870 597
870 816
870 843
893 584
893 326
893 67
893 205
893 296
893 413
893 429
893 439
893 573
893 816
893 923
965 481
965 753
965 948
965 707
965 841
965 811
965 625
965 649
965 742
965 772
965 596
965 565
965 664
700 60
700 246
700 490
700 662
700 957
845 198
845 229
845 276
845 391
845 667
845 742
845 743
845 773
845 877
845 916
845 962
60 527
246 874
490 19
490 132
490 294
490 322
490 616
662 149
662 399
957 962
957 912
957 778
957 269
957 301
957 403
957 428
957 485
957 587
957 678
198 188
198 554
229 775
276 299
391 112
391 131
667 878
667 869
667 452
742 196
742 429
743 895
743 738
743 656
743 289
743 401
773 341
773 658
773 885
773 674
773 676
773 363
773 582
773 302
877 608
877 907
877 811
877 658
877 122
877 291
877 572
877 772
877 830
916 13
916 261
916 267
916 309
916 546
916 666
916 732
916 749
916 867
962 889
962 359
962 943
962 694
962 639
962 77
962 122
962 190
962 261
962 383
962 615
962 622
962 733
962 840
962 842
962 885
962 922
31 230
192 828
192 299
230 149
321 144
321 681
372 313
430 456
430 664
513 119
513 722
513 869
558 874
558 183
558 479
558 529
578 166
578 260
578 392
691 457
691 142
691 609
691 653
725 21
725 509
725 625
725 715
725 756
725 885
725 895
764 79
764 91
764 304
764 305
764 778
782 202
782 330
782 331
782 772
842 874
842 639
842 204
842 388
842 420
842 469
842 587
843 639
843 349
843 571
843 787
843 300
843 361
843 377
843 489
843 770
883 210
883 438
883 399
883 407
883 629
883 699
11 739
11 769
739 39
739 260
739 392
739 486
739 608
739 636
739 734
739 889
769 26
769 532
231 168
231 312
231 323
561 171
561 389
561 663
735 398
735 113
735 196
735 388
735 649
392 923
486 226
608 36
608 70
636 553
636 740
636 844
734 146
734 844
889 41
889 46
889 72
889 92
889 224
889 266
889 284
889 663
889 787
26 353
532 64
532 645
32 605
32 620
32 859
234 567
234 307
300 709
620 426
620 124
620 859
689 202
689 134
689 282
689 351
746 922
746 140
746 176
746 629
943 577
943 290
943 61
943 101
943 137
943 371
943 487
943 514
943 619
943 654
943 816
943 830
943 869
12 481
481 948
948 753
948 40
948 46
948 170
948 279
948 525
948 549
948 680
948 755
948 885
948 907
948 912
948 922
78 362
133 590
133 649
133 712
241 810
241 895
227 289
227 588
320 114
320 609
828 29
828 220
828 223
828 360
828 770
13 785
67 680
204 152
323 526
522 810
522 156
522 167
522 205
566 718
566 498
566 726
576 577
576 338
576 438
694 588
694 609
732 258
732 107
732 635
732 644
750 649
750 464
750 570
755 900
755 612
755 296
755 654
755 770
766 563
766 604
766 666
766 712
766 726
766 841
785 302
785 585
785 672
785 827
785 895
302 681
585 106
672 717
672 462
672 673
827 212
827 259
827 433
827 443
827 729
827 749
895 702
895 153
895 220
895 224
895 485
895 489
267 177
267 158
309 609
546 497
546 572
666 799
666 224
666 284
749 426
749 554
749 412
749 653
867 381
867 543
867 253
867 351
867 473
298 569
298 704
298 790
381 21
381 574
381 626
390 651
390 191
390 729
702 114
702 489
702 518
702 699
706 281
706 565
706 682
907 69
907 101
907 143
907 519
907 533
907 770
907 772
907 844
577 588
577 613
753 348
753 609
348 583
348 593
348 422
348 301
609 677
609 779
205 344
216 420
223 509
352 869
352 862
433 811
433 681
451 869
451 215
556 612
718 49
718 94
784 830
784 207
784 294
784 373
784 597
784 630
784 715
790 778
790 487
790 602
849 102
849 288
849 407
849 923
858 326
858 177
858 601
858 219
858 379
858 695
858 844
111 615
164 922
164 733
41 182
41 575
72 338
72 341
92 210
224 426
266 369
266 492
284 859
663 740
663 673
787 253
787 156
787 237
787 291
16 688
688 99
688 117
688 437
688 615
688 638
99 197
117 859
117 121
437 200
437 421
437 459
615 874
615 139
615 400
638 85
638 331
638 457
638 629
638 695
329 462
329 376
601 900
601 552
601 135
311 878
332 869
774 661
370 296
82 258
315 375
315 401
258 325
375 226
375 183
375 307
401 541
401 729
140 738
218 527
275 368
295 457
295 167
295 740
377 515
460 296
537 922
537 158
537 376
543 70
543 113
543 368
543 641
552 69
562 717
562 47
562 107
562 923
644 534
644 128
644 155
644 738
644 779
673 658
673 299
717 33
717 151
717 357
740 604
740 330
810 519
810 340
810 121
810 425
810 573
810 598
844 453
878 414
878 545
878 403
878 695
878 722
878 778
18 325
325 25
325 142
25 414
19 100
19 517
68 639
77 183
77 583
424 536
424 94
511 517
274 148
274 349
312 596
436 369
516 495
516 756
574 24
574 79
629 622
722 176
912 859
912 575
912 519
912 923
912 220
912 619
912 678
100 306
517 310
517 487
517 590
306 174
306 571
322 841
616 150
616 159
487 681
487 435
590 677
590 498
590 715
20 52
20 426
85 708
98 69
98 604
342 86
389 536
549 318
549 661
549 771
567 554
624 61
680 603
680 709
799 859
799 658
799 159
799 772
830 527
830 745
830 658
830 155
830 219
830 514
900 21
900 282
900 410
900 507
900 922
56 553
56 874
104 166
104 533
410 793
518 419
518 239
518 483
542 28
542 365
596 338
596 674
630 885
630 439
630 272
641 869
756 604
756 438
756 572
756 661
779 584
779 395
779 469
779 524
779 661
840 626
21 318
318 191
626 129
626 215
509 211
509 219
625 341
625 811
625 101
625 456
715 570
715 660
885 115
885 139
885 443
282 403
507 922
507 340
922 214
922 88
922 124
922 467
922 492
922 533
922 554
922 651
922 709
922 862
22 226
584 43
584 93
584 459
221 363
252 330
252 525
550 38
550 793
565 420
604 575
604 422
651 484
651 151
651 869
869 163
869 445
869 459
189 645
330 771
411 457
524 841
681 536
681 563
771 340
771 571
771 388
771 464
554 738
554 354
185 862
374 484
393 553
393 95
393 515
485 495
600 488
600 923
664 498
664 529
744 841
744 160
744 479
744 660
816 874
816 729
24 248
248 122
248 582
122 118
582 365
79 27
619 605
619 527
862 569
862 583
862 597
526 137
526 176
682 660
682 572
206 495
206 548
489 654
529 263
772 286
53 197
249 656
514 677
514 733
514 656
571 135
627 49
775 494
251 570
251 598
251 778
264 384
456 497
733 859
733 341
733 107
733 544
27 343
488 88
286 545
331 676
331 473
378 265
378 450
674 712
674 150
674 726
709 923
709 587
709 678
859 75
859 61
859 112
859 497
859 612
28 534
534 200
365 770
159 187
196 450
29 75
29 290
75 811
290 612
290 778
811 103
811 120
811 129
811 371
811 587
612 874
612 923
50 105
50 144
292 145
770 874
770 923
622 108
676 677
676 707
676 163
729 593
525 569
525 874
547 88
658 86
541 225
661 450
71 333
71 536
345 660
462 645
462 190
61 545
112 202
497 841
497 399
33 42
33 569
357 179
48 148
48 677
97 40
97 398
708 371
708 545
281 356
453 90
296 419
563 724
712 707
712 649
712 355
841 707
841 724
841 65
841 95
841 167
841 653
446 237
793 923
484 86
575 272
645 445
923 169
923 407
923 420
923 464
923 495
333 745
333 654
439 120
515 139
515 570
598 494
738 492
257 115
279 593
272 397
745 64
745 186
745 344
745 479
288 186
397 148
654 707
93 362
93 253
639 384
65 419
368 187
337 139
874 603
874 73
874 106
874 152
874 544
55 326
386 145
467 169
553 635
399 237
49 603
144 101
51 244
457 102
587 573
707 355
443 422
635 299
250 649
62 214
62 724
483 469
186 419
344 90
344 175
175 163
86 519
340 115
413 115
69 177
533 649
362 89
570 450
102 369
88 166
126 498
369 363
388 179
656 314
