0 430
0 764
0 988
0 997
430 595
430 737
430 808
430 886
430 942
764 658
764 717
764 730
764 752
764 779
764 844
764 870
764 880
764 980
764 988
764 994
988 62
988 64
988 111
988 143
988 222
988 225
988 321
988 348
988 473
988 510
988 524
988 599
988 605
988 645
988 653
988 656
988 658
988 672
988 695
988 721
988 730
988 756
988 779
988 806
988 819
988 860
988 864
988 870
988 878
988 892
988 913
988 926
988 948
988 957
988 981
988 989
988 991
988 994
988 997
997 26
997 41
997 69
997 204
997 262
997 292
997 352
997 383
997 419
997 431
997 434
997 457
997 466
997 467
997 469
997 491
997 517
997 535
997 572
997 593
997 628
997 666
997 670
997 705
997 725
997 748
997 762
997 775
997 782
997 789
997 816
997 823
997 863
997 869
997 906
997 916
997 943
997 950
997 954
997 967
997 982
997 984
997 992
595 986
595 282
595 737
595 220
595 475
595 487
595 616
737 827
737 793
737 911
737 114
737 459
737 637
737 808
737 885
737 913
808 742
808 939
808 793
808 900
808 450
808 911
808 282
808 114
808 447
808 459
808 616
808 648
886 953
886 993
886 950
886 23
886 140
886 449
886 580
886 781
886 812
886 836
886 848
886 876
886 880
886 884
886 888
886 923
886 977
886 984
886 986
886 987
942 947
942 986
942 922
942 943
942 920
942 925
942 890
942 974
942 113
942 116
942 171
942 212
942 368
942 387
942 411
942 419
942 510
942 541
942 544
942 557
942 598
942 649
942 754
942 765
942 872
942 879
658 826
658 473
658 864
658 870
658 425
658 393
658 500
717 948
717 849
717 583
717 929
717 893
717 917
717 786
717 871
717 574
717 500
730 958
730 645
730 860
730 321
730 866
730 672
730 191
730 695
730 789
752 941
752 996
752 981
752 855
752 966
752 951
752 397
752 168
752 258
752 412
752 476
779 994
779 718
779 428
779 864
779 884
779 860
779 870
779 143
779 168
779 751
779 757
844 272
844 943
844 982
844 42
844 374
844 384
844 457
844 514
844 574
844 602
844 821
844 823
844 863
844 916
844 954
844 964
870 994
870 941
870 864
870 933
870 954
870 884
870 80
870 132
870 321
870 325
870 562
870 567
870 653
870 708
870 852
880 993
880 950
880 986
880 984
880 933
880 67
880 107
880 177
880 405
880 592
880 599
880 624
880 729
880 812
880 820
880 836
880 848
880 917
980 1
980 46
980 87
980 177
980 192
980 279
980 323
980 341
980 369
980 412
980 422
980 426
980 494
980 505
980 508
980 552
980 568
980 632
980 638
980 652
980 689
980 750
980 777
980 791
980 809
980 814
980 830
980 833
980 857
980 935
980 938
980 963
980 968
980 978
980 983
994 962
994 6
994 62
994 68
994 79
994 80
994 128
994 151
994 209
994 255
994 348
994 473
994 578
994 599
994 616
994 618
994 653
994 661
994 672
994 691
994 695
994 704
994 708
994 714
994 721
994 727
994 751
994 756
994 761
994 819
994 834
994 850
994 860
994 864
994 884
994 940
994 963
994 982
994 984
994 998
62 554
62 864
64 960
64 959
64 817
111 612
111 788
111 729
143 908
143 561
222 749
222 702
222 656
225 588
225 819
225 201
321 927
321 97
348 661
348 996
348 394
473 787
473 60
473 525
510 985
510 922
510 987
510 765
510 649
524 934
524 875
524 425
524 392
524 569
524 839
599 946
599 884
599 756
599 819
599 646
605 962
605 697
605 735
605 636
605 355
605 654
605 828
645 36
645 520
645 640
645 821
645 863
645 906
645 964
653 989
653 860
653 756
653 364
653 306
653 362
656 727
656 906
656 756
656 819
656 578
656 743
656 774
672 721
672 864
672 144
672 884
672 895
672 911
672 964
695 661
695 925
695 884
695 819
695 540
695 341
695 468
721 8
721 661
721 236
721 550
721 817
721 860
721 867
721 884
756 806
756 939
756 884
756 603
756 154
756 785
756 819
806 846
806 15
806 562
806 613
806 625
806 643
806 787
806 802
806 859
806 922
806 938
806 990
819 924
819 928
819 995
819 864
819 803
819 191
819 260
819 666
860 925
860 838
860 864
860 884
860 80
860 453
860 597
860 617
860 708
860 727
860 859
860 894
864 272
864 943
864 987
864 298
864 578
864 708
864 709
864 801
864 843
878 825
878 240
878 958
878 946
878 977
878 972
878 877
878 558
878 78
878 148
878 307
878 366
878 452
878 535
878 811
878 824
878 832
878 970
892 985
892 270
892 983
892 674
892 857
892 928
892 926
892 119
892 66
892 107
892 150
892 173
892 196
892 324
892 414
892 439
892 457
892 639
892 696
892 874
913 932
913 896
913 979
913 205
913 920
913 987
913 992
913 905
913 888
913 451
913 998
913 219
913 580
913 581
913 732
913 762
913 800
913 815
913 833
913 882
913 915
926 927
926 961
926 51
926 846
926 945
926 93
926 110
926 117
926 365
926 418
926 464
926 493
926 575
926 647
926 662
926 688
926 696
926 714
926 749
926 790
926 817
926 881
926 990
948 956
948 12
948 898
948 33
948 161
948 241
948 310
948 390
948 571
948 635
948 640
948 685
948 693
948 712
948 734
948 753
948 769
948 851
948 852
948 883
948 919
948 945
948 955
948 959
948 973
948 999
957 932
957 991
957 20
957 342
957 34
957 44
957 48
957 73
957 88
957 105
957 253
957 309
957 313
957 322
957 405
957 459
957 503
957 566
957 691
957 744
957 755
957 766
957 791
957 817
957 818
957 855
957 954
957 960
957 975
981 941
981 986
981 996
981 27
981 157
981 168
981 209
981 358
981 538
981 542
981 580
981 590
981 591
981 607
981 644
981 673
981 698
981 715
981 733
981 738
981 769
981 798
981 828
981 839
981 840
981 862
981 867
981 906
981 919
981 920
981 930
981 951
981 966
981 975
989 18
989 104
989 167
989 241
989 256
989 274
989 295
989 315
989 377
989 464
989 506
989 525
989 549
989 589
989 591
989 642
989 660
989 712
989 723
989 743
989 751
989 813
989 815
989 853
989 865
989 869
989 885
989 890
989 900
989 915
989 916
989 929
989 933
989 934
989 944
989 949
989 955
989 974
989 999
991 690
991 13
991 178
991 969
991 44
991 68
991 69
991 102
991 112
991 139
991 199
991 245
991 277
991 296
991 336
991 362
991 393
991 403
991 440
991 490
991 526
991 532
991 611
991 619
991 623
991 633
991 685
991 709
991 799
991 829
991 833
991 882
991 885
991 893
991 894
991 908
991 935
991 958
991 966
991 978
991 979
26 272
26 693
26 943
41 959
41 943
41 816
69 623
69 899
204 954
204 906
204 544
262 941
262 943
262 682
262 789
292 857
292 36
292 253
292 514
352 690
352 971
352 71
352 329
383 931
383 748
383 964
383 283
419 961
419 964
419 401
419 789
431 906
431 796
431 889
431 823
431 304
434 9
434 88
434 725
434 797
434 964
457 101
457 514
457 748
466 985
466 983
466 979
466 47
466 529
467 651
467 694
467 954
467 531
467 998
469 943
469 816
469 907
469 821
469 790
491 995
491 938
491 106
491 841
491 882
491 916
517 776
517 896
517 978
517 965
517 561
517 706
535 958
535 970
535 824
535 417
535 542
572 883
572 982
572 995
572 938
572 923
572 882
572 290
593 690
593 978
593 71
593 235
593 290
593 748
593 762
628 865
628 816
628 930
628 954
628 765
628 863
628 821
666 896
666 978
666 499
666 871
666 561
666 798
666 739
670 902
670 972
670 826
670 772
670 872
670 563
670 234
670 285
705 690
705 40
705 373
705 376
705 644
705 909
705 929
705 951
705 954
725 11
725 47
725 63
725 891
725 916
725 943
725 954
725 955
725 964
748 983
748 979
748 358
748 115
748 186
748 683
748 821
748 964
762 507
762 943
762 966
762 954
762 964
762 906
762 750
762 823
762 429
775 641
775 939
775 963
775 612
775 82
775 85
775 337
775 433
775 555
775 591
775 722
775 788
782 927
782 961
782 846
782 701
782 749
782 81
782 479
782 662
782 714
782 719
782 765
782 867
789 996
789 816
789 964
789 373
789 644
789 791
789 805
789 916
789 937
816 943
816 987
816 863
816 893
816 899
816 901
816 916
816 929
816 951
816 954
823 975
823 925
823 358
823 810
823 964
823 906
823 271
823 514
823 746
823 747
823 916
863 543
863 454
863 898
863 694
863 943
863 838
863 954
863 964
863 906
863 714
863 295
863 423
863 916
869 543
869 999
869 967
869 974
869 122
869 242
869 323
869 483
869 751
869 759
869 785
869 853
869 876
869 885
869 914
869 940
869 970
906 922
906 946
906 963
906 735
906 954
906 964
906 146
906 246
906 339
906 373
906 396
906 696
906 916
916 993
916 690
916 694
916 308
916 907
916 954
916 951
916 964
916 832
916 940
916 821
916 339
916 385
916 698
943 690
943 103
943 146
943 277
943 356
943 376
943 514
943 563
943 629
943 644
943 853
943 873
943 897
943 937
943 954
950 993
950 16
950 67
950 140
950 215
950 315
950 378
950 396
950 439
950 449
950 482
950 515
950 592
950 617
950 685
950 781
950 793
950 820
950 836
950 848
950 862
950 923
950 982
950 984
950 986
954 846
954 694
954 920
954 76
954 103
954 259
954 376
954 405
954 546
954 584
954 589
954 644
954 689
954 964
967 904
967 825
967 927
967 979
967 999
967 865
967 558
967 56
967 167
967 241
967 256
967 289
967 295
967 375
967 481
967 523
967 576
967 589
967 620
967 659
967 842
967 853
967 871
967 885
967 929
967 933
967 944
967 955
967 964
967 974
982 891
982 813
982 992
982 38
982 626
982 93
982 96
982 166
982 179
982 229
982 250
982 372
982 429
982 472
982 550
982 594
982 631
982 724
982 735
982 746
982 767
982 770
982 791
982 797
982 835
982 841
982 895
982 923
982 938
982 968
982 995
984 993
984 891
984 941
984 482
984 986
984 996
984 987
984 976
984 49
984 75
984 84
984 89
984 107
984 124
984 164
984 340
984 360
984 396
984 429
984 447
984 449
984 592
984 707
984 755
984 781
984 798
984 812
984 820
984 826
984 836
984 848
984 923
992 952
992 962
992 993
992 29
992 920
992 987
992 136
992 170
992 189
992 203
992 221
992 267
992 269
992 287
992 289
992 305
992 351
992 397
992 468
992 481
992 522
992 580
992 581
992 606
992 675
992 708
992 732
992 743
992 780
992 795
992 800
992 815
992 856
992 861
992 881
992 911
992 915
992 929
992 995
992 998
1 921
1 932
1 953
921 115
921 201
921 406
921 416
921 461
921 533
921 587
921 625
921 632
921 692
921 740
921 745
921 746
921 771
921 821
921 827
921 849
921 856
921 889
921 902
921 909
921 932
921 949
921 953
932 389
932 416
932 438
932 489
932 547
932 557
932 576
932 578
932 665
932 692
932 732
932 745
932 746
932 760
932 771
932 818
932 856
932 889
932 917
932 949
932 953
932 983
953 83
953 157
953 189
953 224
953 363
953 438
953 489
953 512
953 587
953 665
953 692
953 718
953 740
953 745
953 746
953 766
953 771
953 835
953 851
953 856
953 877
953 884
953 922
953 949
953 985
115 900
115 766
201 889
201 856
406 846
406 907
406 794
406 326
406 648
416 622
416 868
416 889
416 547
461 986
461 634
461 230
461 771
461 889
533 896
533 978
533 966
533 727
533 847
533 723
587 843
587 740
587 149
587 268
587 407
587 534
625 905
625 875
625 990
625 413
625 194
625 607
632 831
632 904
632 973
632 112
632 492
632 726
632 822
692 949
692 812
692 889
692 856
692 249
692 828
692 852
740 949
740 990
740 148
740 387
740 424
740 745
740 783
740 889
745 804
745 959
745 936
745 949
745 771
745 856
745 649
745 853
746 742
746 768
746 949
746 889
746 856
746 281
746 665
771 949
771 90
771 465
771 529
771 647
771 665
771 753
771 856
821 947
821 990
821 964
821 410
821 856
821 728
821 304
821 339
827 6
827 630
827 278
827 410
827 412
827 453
827 523
827 602
827 667
827 736
827 857
827 875
827 934
827 976
849 778
849 996
849 958
849 968
849 78
849 123
849 370
849 387
849 444
849 545
849 611
849 638
849 786
849 911
849 917
856 969
856 846
856 482
856 949
856 917
856 889
856 852
889 896
889 184
889 999
889 873
889 230
889 949
889 895
889 438
889 300
889 268
889 573
902 985
902 971
902 23
902 187
902 200
902 208
902 215
902 258
902 312
902 345
902 351
902 492
902 560
902 563
902 578
902 585
902 713
902 834
902 872
902 972
909 804
909 946
909 977
909 873
909 559
909 990
909 92
909 120
909 249
909 409
909 443
909 496
909 555
909 614
909 642
909 754
909 802
909 851
909 874
909 944
909 965
949 489
949 972
949 688
949 230
949 83
949 189
949 224
949 256
949 363
949 497
949 508
949 547
949 613
949 654
949 700
949 874
949 944
389 971
389 975
389 930
389 793
438 112
438 665
438 867
489 12
489 87
489 547
489 996
547 977
547 727
547 310
557 922
557 925
557 890
557 840
557 393
576 999
576 974
576 955
576 929
576 192
576 662
578 674
578 727
578 708
665 986
665 788
665 723
665 801
732 987
732 282
732 515
732 998
732 915
732 577
732 743
732 800
760 999
760 959
760 693
760 32
760 165
760 238
760 263
760 448
760 502
760 731
760 798
818 969
818 804
818 960
818 855
818 48
818 236
818 313
818 386
818 409
818 474
818 691
818 817
818 852
917 778
917 985
917 609
917 622
917 936
917 893
917 911
917 123
917 274
917 370
917 373
917 387
917 500
917 527
917 545
917 617
917 638
917 654
917 871
983 985
983 16
983 47
983 66
983 135
983 145
983 211
983 228
983 276
983 330
983 336
983 343
983 458
983 546
983 575
983 583
983 636
983 639
983 674
983 677
983 757
983 767
983 773
983 822
983 857
983 894
983 899
983 900
983 958
983 974
983 979
83 958
83 583
157 941
157 951
189 956
224 973
224 847
363 838
363 923
363 268
512 650
512 952
512 974
512 435
512 420
512 619
718 28
718 254
718 495
718 560
718 615
718 624
718 631
718 648
718 879
766 976
766 699
766 810
766 237
766 325
766 410
766 472
766 784
766 786
766 937
835 985
835 995
835 938
835 579
835 135
835 895
835 101
835 250
835 459
835 481
835 592
835 755
835 797
835 882
851 905
851 946
851 977
851 933
851 974
851 888
851 965
851 850
851 754
851 874
851 832
851 563
851 854
851 618
877 553
877 778
877 945
877 49
877 72
877 91
877 127
877 131
877 284
877 382
877 394
877 536
877 555
877 603
877 652
877 671
877 794
884 941
884 79
884 128
884 209
884 226
884 327
884 702
884 727
884 815
884 893
922 454
922 24
922 52
922 171
922 212
922 368
922 411
922 511
922 544
922 562
922 598
922 649
922 681
922 765
922 781
922 890
922 907
922 925
922 944
985 15
985 19
985 66
985 135
985 145
985 196
985 211
985 259
985 278
985 294
985 314
985 324
985 444
985 445
985 501
985 556
985 604
985 646
985 674
985 678
985 684
985 696
985 757
985 758
985 767
985 773
985 793
985 901
985 915
985 975
985 999
46 140
46 622
46 900
87 952
87 968
177 261
177 652
192 960
192 963
279 971
279 975
279 930
279 758
323 973
323 944
323 751
341 968
341 495
341 791
369 963
369 968
369 930
369 681
412 830
412 505
412 744
422 694
422 777
422 963
422 894
422 791
426 272
426 963
426 809
426 998
426 757
494 887
494 963
494 968
494 80
494 131
494 750
505 928
505 963
505 354
505 879
505 568
508 437
508 963
508 968
508 502
508 791
552 963
552 968
552 830
552 829
552 411
552 678
568 963
568 968
568 724
568 588
568 814
568 529
638 900
638 583
638 893
638 871
638 440
638 470
652 898
652 963
652 968
652 936
652 809
652 791
689 873
689 859
689 803
689 329
689 802
689 720
689 600
689 607
750 634
750 968
750 809
750 495
750 830
750 198
750 523
750 814
750 915
777 655
777 40
777 243
777 346
777 731
777 809
777 814
777 830
777 837
777 963
777 968
791 963
791 968
791 809
791 785
791 814
791 370
809 963
809 968
809 96
809 139
809 504
809 613
809 830
809 871
814 939
814 986
814 996
814 963
814 968
814 830
814 850
814 198
814 366
814 376
830 650
830 918
830 963
830 968
830 121
830 417
830 707
830 852
830 998
833 962
833 927
833 908
833 532
833 894
833 911
833 799
833 403
833 442
833 633
833 296
833 362
833 594
857 979
857 19
857 145
857 278
857 293
857 294
857 320
857 445
857 458
857 757
857 767
857 794
935 947
935 641
935 686
935 939
935 612
935 78
935 281
935 327
935 337
935 408
935 414
935 424
935 490
935 627
935 664
935 687
935 722
935 772
935 788
935 799
935 822
935 836
935 944
935 970
938 404
938 952
938 891
938 564
938 59
938 995
938 290
938 353
938 355
938 476
938 550
938 573
938 574
938 579
938 735
938 797
938 824
938 841
938 882
938 895
963 978
963 42
963 243
963 257
963 487
963 615
963 749
963 805
963 895
963 897
963 915
963 968
968 962
968 920
968 995
968 42
968 104
968 198
968 243
968 420
968 548
968 671
968 722
968 802
968 879
968 970
978 776
978 896
978 223
978 25
978 54
978 154
978 271
978 304
978 306
978 388
978 399
978 546
978 554
978 561
978 584
978 660
978 696
978 702
978 704
978 723
978 739
978 744
978 795
978 829
978 847
978 881
978 890
978 945
2 404
2 831
2 904
2 956
404 432
404 741
404 904
404 912
831 105
831 601
831 675
831 680
831 683
831 716
831 726
831 729
831 783
831 805
831 829
831 901
831 904
831 995
904 10
904 381
904 392
904 423
904 529
904 601
904 603
904 668
904 683
904 716
904 729
904 794
904 797
904 805
904 822
904 965
904 977
956 159
956 223
956 237
956 291
956 343
956 354
956 357
956 359
956 409
956 454
956 509
956 571
956 640
956 693
956 736
956 852
956 855
956 866
956 883
956 898
956 919
956 945
956 964
956 971
956 973
956 998
432 986
432 39
432 569
432 716
432 805
741 905
741 888
741 944
741 112
741 235
741 370
741 480
741 548
741 668
741 683
741 822
912 924
912 962
912 939
912 855
912 838
912 58
912 299
912 338
912 398
912 455
912 464
912 570
912 627
912 654
912 703
912 734
912 875
912 881
912 914
912 933
912 936
912 937
105 960
105 474
601 927
601 266
601 136
601 175
601 629
601 726
675 920
675 987
675 140
675 990
675 156
675 239
675 800
675 915
680 701
680 899
680 99
680 136
680 480
680 529
680 729
680 799
680 822
683 925
683 934
683 548
683 726
683 733
683 805
716 873
716 879
716 726
716 421
716 492
716 805
716 529
716 710
726 630
726 927
726 817
726 275
726 761
726 822
729 945
729 266
729 136
729 442
729 677
729 822
783 941
783 971
783 975
783 930
783 901
783 936
783 837
783 861
783 684
783 841
783 565
805 474
805 803
805 713
805 998
805 392
805 480
805 529
829 776
829 896
829 843
829 130
829 271
829 306
829 584
829 702
829 704
829 744
829 847
829 871
901 61
901 676
901 971
901 999
901 976
901 975
901 930
901 108
901 175
901 194
901 462
901 536
901 565
901 684
901 685
901 710
901 861
901 893
995 924
995 952
995 344
995 891
995 641
995 976
995 333
995 975
995 38
995 626
995 101
995 106
995 134
995 179
995 186
995 229
995 290
995 375
995 429
995 442
995 462
995 538
995 574
995 579
995 594
995 600
995 700
995 724
995 735
995 770
995 797
995 841
995 868
995 882
995 895
995 951
10 454
10 887
10 947
381 972
381 772
381 713
381 707
392 890
392 259
392 492
423 928
423 897
423 881
423 618
603 907
603 635
603 910
603 127
603 521
668 918
668 947
668 865
668 442
668 822
668 418
668 480
794 907
794 635
794 60
794 91
794 127
794 209
794 254
794 382
794 465
794 734
797 891
797 955
797 724
797 343
797 882
797 335
797 594
797 600
822 866
822 442
822 548
822 720
822 365
822 400
965 742
965 927
965 804
965 657
965 905
965 946
965 977
965 966
965 873
965 233
965 114
965 200
965 249
965 312
965 417
965 435
965 443
965 496
965 528
965 549
965 618
965 633
965 647
965 792
965 842
965 850
965 874
965 940
977 297
977 804
977 813
977 609
977 35
977 905
977 946
977 48
977 57
977 216
977 219
977 233
977 301
977 417
977 427
977 528
977 545
977 614
977 618
977 621
977 682
977 763
977 842
977 850
977 858
977 873
977 874
977 888
159 945
159 910
159 712
223 12
223 499
237 931
237 410
237 199
291 960
291 883
291 973
291 893
343 674
343 211
354 898
354 74
354 509
357 15
357 207
357 919
357 940
359 590
359 973
359 152
359 509
409 905
409 946
409 888
454 883
454 898
509 973
509 903
509 765
509 427
571 898
571 986
571 973
571 919
571 944
571 418
640 973
640 820
640 919
640 811
640 852
640 853
693 993
693 620
693 772
693 883
693 919
693 973
736 630
736 51
736 987
736 976
736 304
736 446
736 453
736 934
736 951
852 898
852 778
852 945
852 973
852 919
852 531
852 573
852 753
852 722
855 960
855 34
855 81
855 88
855 253
855 405
855 566
855 691
855 706
855 817
855 836
855 930
866 825
866 553
866 960
866 834
866 845
866 133
866 286
866 379
866 518
866 644
866 758
866 761
866 784
866 807
866 940
883 898
883 960
883 28
883 76
883 161
883 181
883 688
883 712
883 731
883 780
883 930
883 931
883 945
883 973
898 12
898 339
898 350
898 390
898 516
898 698
898 710
898 712
898 786
898 842
898 919
898 945
898 976
919 896
919 947
919 941
919 516
919 945
919 838
919 973
919 90
919 181
919 217
919 538
919 573
919 753
919 795
919 837
945 952
945 999
945 33
945 76
945 95
945 181
945 310
945 384
945 452
945 528
945 531
945 581
945 585
945 620
945 682
945 753
945 973
964 993
964 887
964 272
964 890
964 210
964 669
964 128
964 173
964 304
964 386
964 394
964 401
964 644
964 970
971 676
971 18
971 37
971 43
971 108
971 125
971 180
971 185
971 194
971 268
971 307
971 320
971 385
971 567
971 623
971 684
971 685
971 710
971 837
971 861
971 872
971 905
971 911
971 933
971 975
971 990
973 918
973 993
973 960
973 516
973 345
973 56
973 158
973 207
973 247
973 384
973 476
973 531
973 570
973 573
973 620
973 712
973 753
973 908
973 940
998 924
998 960
998 205
998 920
998 987
998 319
998 907
998 531
998 895
998 451
998 474
998 287
998 397
998 170
998 513
998 196
998 203
998 219
998 239
998 267
998 269
998 288
998 289
998 305
998 327
998 351
998 378
998 386
998 468
998 481
998 719
998 743
998 800
998 815
998 836
998 848
998 915
998 940
3 61
3 437
3 776
3 825
61 266
61 930
437 35
437 70
437 825
437 940
776 29
776 152
776 548
776 704
776 723
776 795
776 847
776 961
776 974
825 99
825 133
825 421
825 520
825 553
825 682
825 807
825 858
825 897
825 933
825 940
266 39
266 788
930 676
930 609
930 975
930 43
930 73
930 385
930 425
930 536
930 565
930 685
930 710
930 727
930 754
930 837
930 861
35 905
35 946
70 768
70 681
70 897
940 630
940 553
940 834
940 845
940 897
940 888
940 506
940 227
940 758
940 302
940 400
940 421
940 460
940 483
940 761
940 792
940 807
29 920
29 987
152 118
152 713
548 987
548 275
704 993
704 972
704 499
704 847
704 798
704 723
723 986
723 920
723 561
723 847
723 306
795 896
795 979
795 908
795 322
795 499
795 702
795 847
795 382
795 744
795 790
847 896
847 975
847 322
847 850
847 702
847 316
847 486
847 739
847 876
961 7
961 927
961 110
961 158
961 349
961 365
961 415
961 418
961 448
961 478
961 530
961 540
961 575
961 604
961 614
961 647
961 649
961 659
961 714
961 749
961 785
961 790
961 931
961 936
961 937
961 958
961 969
974 999
974 865
974 900
974 934
974 63
974 933
974 193
974 288
974 320
974 375
974 525
974 549
974 551
974 613
974 659
974 660
974 738
974 763
974 774
974 853
974 885
974 895
974 929
974 944
974 955
99 506
99 682
133 75
133 300
421 681
421 708
421 324
520 952
520 634
520 711
520 236
520 400
553 11
553 300
553 979
682 834
682 560
682 761
682 792
682 807
807 865
807 834
807 506
807 840
807 867
807 792
807 264
807 276
807 468
807 761
858 924
858 742
858 918
858 962
858 993
858 903
858 875
858 611
858 172
858 388
858 395
858 463
858 616
858 801
858 828
858 876
897 887
897 969
897 651
897 959
897 996
897 928
897 768
897 138
897 156
897 231
897 539
897 586
897 785
897 796
897 820
933 999
933 865
933 813
933 63
933 94
933 104
933 220
933 660
933 662
933 715
933 751
933 774
933 786
933 885
933 929
933 944
933 955
4 610
4 650
4 924
4 952
610 497
610 629
610 673
610 674
610 711
610 952
610 979
650 30
650 184
650 353
650 504
650 515
650 629
924 58
924 250
924 271
924 464
924 487
924 570
924 655
924 703
924 734
924 747
924 838
924 854
924 868
924 885
924 899
924 910
924 936
924 937
924 996
952 9
952 30
952 130
952 142
952 236
952 339
952 347
952 394
952 400
952 420
952 470
952 497
952 504
952 545
952 619
952 629
952 634
952 711
952 755
952 987
497 141
497 504
497 755
497 914
629 634
629 838
629 191
629 711
673 969
673 996
673 966
673 951
673 234
673 639
673 769
673 841
674 19
674 77
674 767
674 955
711 184
711 947
711 911
711 181
711 267
711 577
711 619
979 507
979 18
979 23
979 47
979 90
979 150
979 173
979 259
979 263
979 276
979 314
979 324
979 330
979 445
979 458
979 501
979 516
979 542
979 546
979 639
979 696
979 757
979 767
979 773
979 970
30 609
30 976
184 9
353 972
353 826
353 872
504 303
504 142
504 566
515 993
515 986
515 122
515 923
58 905
58 450
250 101
250 803
271 154
464 910
464 899
487 846
487 910
487 936
487 937
570 890
570 910
570 936
570 868
570 540
655 8
655 17
655 55
655 298
655 899
655 936
655 937
703 661
703 910
703 899
703 936
703 951
703 937
703 483
703 493
734 838
734 910
734 899
734 915
734 937
734 720
734 744
747 918
747 962
747 507
747 987
747 780
747 364
747 915
747 738
747 876
747 801
838 958
838 55
838 298
838 854
838 868
838 899
838 936
838 937
854 975
854 899
854 936
854 700
854 895
854 850
854 868
854 213
854 248
854 273
854 311
854 455
854 654
854 937
868 319
868 946
868 910
868 899
868 936
868 216
868 146
868 273
868 311
868 398
868 402
868 937
868 970
885 918
885 543
885 999
885 881
885 903
885 944
885 970
885 256
885 458
885 549
885 663
885 774
885 853
899 804
899 910
899 248
899 402
899 802
899 839
899 853
899 936
899 937
899 990
910 962
910 996
910 865
910 55
910 252
910 338
910 391
910 398
910 607
910 654
910 874
910 936
910 937
936 826
936 79
936 162
936 220
936 226
936 298
936 455
936 654
936 700
936 937
937 947
937 345
937 636
937 477
937 273
937 311
937 402
937 654
937 687
937 739
996 969
996 941
996 24
996 308
996 27
996 109
996 120
996 234
996 255
996 274
996 367
996 368
996 397
996 399
996 476
996 511
996 538
996 542
996 577
996 591
996 624
996 667
996 698
996 715
996 733
996 769
996 839
996 840
996 861
996 862
996 867
996 951
996 966
9 507
130 634
130 976
142 850
142 294
236 755
347 843
347 990
347 803
347 882
394 671
394 131
400 905
400 755
420 755
420 448
420 839
470 804
470 905
470 842
470 743
545 958
545 893
545 911
619 634
619 951
619 643
619 755
634 993
634 27
755 141
755 378
755 841
987 178
987 920
987 92
987 239
987 267
987 269
987 289
987 301
987 319
987 351
987 378
987 397
987 451
987 513
987 580
987 581
987 606
987 710
987 743
987 800
987 815
987 915
987 966
987 972
5 240
5 742
5 918
5 962
240 537
240 832
240 970
742 102
742 155
742 780
742 785
742 801
742 903
742 962
918 50
918 117
918 153
918 217
918 230
918 283
918 314
918 391
918 456
918 597
918 621
918 759
918 828
918 876
918 903
918 955
918 962
962 17
962 50
962 126
962 172
962 174
962 388
962 507
962 521
962 541
962 636
962 697
962 719
962 759
962 780
962 790
962 828
962 925
962 929
962 955
537 699
537 900
537 788
537 931
537 556
537 784
832 694
832 958
832 484
832 182
832 811
832 840
832 970
832 824
832 307
832 335
832 648
832 763
970 699
970 958
970 558
970 811
970 257
970 148
970 218
970 246
970 251
970 299
970 307
970 313
970 331
970 335
970 366
970 436
970 493
970 521
970 763
970 780
970 824
970 914
102 969
102 623
155 697
155 903
155 287
780 558
780 597
780 174
780 367
780 801
780 828
780 876
785 887
785 947
785 701
785 928
785 156
785 586
785 796
801 661
801 955
801 636
801 513
801 753
801 621
801 371
801 828
903 697
903 456
903 76
903 125
903 126
903 463
903 471
903 478
903 493
903 621
903 636
903 759
903 781
903 840
903 876
903 951
50 182
50 346
117 597
117 669
153 507
153 450
153 874
217 660
217 753
230 75
283 793
283 415
283 616
314 813
314 767
391 976
391 875
391 206
391 523
456 25
456 712
456 719
456 811
597 234
597 365
597 719
597 828
621 876
621 334
621 719
621 841
759 507
759 845
759 727
759 471
759 923
759 252
759 719
759 828
828 893
828 471
828 660
828 733
828 371
828 542
876 947
876 697
876 636
876 471
876 802
876 268
876 371
876 377
876 388
876 585
955 543
955 969
955 941
955 999
955 813
955 85
955 121
955 242
955 295
955 417
955 500
955 589
955 642
955 774
955 853
955 929
955 944
17 697
17 941
126 925
126 303
172 896
172 174
174 180
388 792
521 907
521 635
521 671
521 485
541 701
541 925
541 890
541 765
541 336
636 160
636 714
697 368
697 549
697 861
697 894
719 708
719 395
719 565
719 744
790 927
790 891
790 846
790 530
790 478
790 714
790 574
790 493
925 891
925 40
925 52
925 113
925 116
925 164
925 171
925 210
925 377
925 544
925 598
925 649
925 761
925 765
925 890
929 927
929 999
929 865
929 813
929 767
929 94
929 121
929 167
929 485
929 513
929 659
929 660
929 774
929 871
6 519
6 630
519 98
519 480
519 774
519 859
519 914
519 990
630 190
630 840
630 867
630 976
98 45
98 233
98 257
480 492
480 707
774 999
774 686
774 642
774 424
774 751
774 691
859 891
859 787
859 817
859 119
859 875
859 700
859 843
859 990
859 125
859 413
859 453
859 556
859 773
859 803
914 959
914 484
914 787
914 845
914 532
914 700
914 843
914 990
914 608
914 643
914 562
914 754
914 518
914 176
914 802
914 567
914 613
914 720
914 781
990 205
990 333
990 975
990 484
990 346
990 197
990 89
990 843
990 100
990 137
990 160
990 176
990 183
990 203
990 244
990 335
990 350
990 380
990 413
990 474
990 518
990 582
990 607
990 613
990 663
990 669
990 802
990 803
990 824
190 969
190 976
190 696
840 941
840 966
840 506
840 951
840 120
840 577
840 698
840 769
840 867
867 966
867 907
867 951
867 862
867 195
867 367
867 463
867 577
867 769
867 784
976 86
976 169
976 202
976 206
976 232
976 303
976 317
976 425
976 433
976 446
976 523
976 567
976 569
976 586
976 602
976 631
976 667
976 733
976 842
976 875
976 879
976 888
976 934
278 501
278 483
410 931
410 176
453 202
453 301
523 303
523 449
602 939
602 934
602 875
602 643
602 149
667 875
667 207
667 232
667 402
667 433
667 569
875 986
875 934
875 86
875 169
875 202
875 248
875 317
875 446
875 861
934 941
934 986
934 865
934 57
934 86
934 91
934 149
934 206
934 214
934 232
934 317
934 371
934 425
934 446
934 569
934 639
934 724
68 969
68 908
79 532
128 608
151 661
151 137
151 754
255 231
255 234
255 738
616 626
616 793
616 637
618 873
618 754
618 684
661 8
661 788
691 817
691 582
691 556
691 386
691 566
708 767
708 727
708 188
714 530
714 688
714 241
714 575
727 106
751 999
751 928
751 944
751 874
751 728
761 845
761 681
761 758
761 334
761 465
834 60
834 114
834 219
834 227
834 463
834 483
834 681
834 758
834 792
834 845
850 804
850 905
850 873
850 888
850 894
850 134
850 435
850 443
850 874
7 896
7 927
7 993
896 25
896 54
896 154
896 554
896 596
896 769
896 773
896 810
896 887
927 349
927 448
927 478
927 493
927 511
927 530
927 540
927 649
927 662
927 688
927 749
927 846
927 975
993 67
993 75
993 124
993 129
993 164
993 175
993 247
993 285
993 340
993 380
993 395
993 396
993 411
993 449
993 482
993 592
993 612
993 677
993 707
993 781
993 812
993 820
993 836
993 846
993 848
993 923
993 944
993 947
993 972
993 986
25 865
54 690
54 51
554 939
554 584
554 615
554 739
596 959
596 322
596 872
596 739
596 584
596 744
596 853
769 891
769 941
769 951
769 944
769 584
769 511
773 270
773 696
773 196
773 298
773 606
773 646
773 728
773 757
810 699
810 900
810 77
810 559
810 261
810 606
810 706
810 915
810 923
810 931
810 951
887 21
887 65
887 138
887 141
887 231
887 476
887 506
887 539
887 620
887 678
887 679
887 701
887 728
887 881
887 928
349 249
349 365
349 488
448 688
448 881
478 846
478 150
493 688
511 966
511 951
511 743
530 49
530 575
530 585
540 254
540 318
540 427
649 544
649 923
662 543
662 575
662 647
662 500
688 72
688 81
688 800
749 846
749 59
749 110
749 427
749 620
749 824
846 14
846 158
846 318
846 647
846 931
975 676
975 37
975 43
975 108
975 125
975 144
975 180
975 194
975 269
975 465
975 536
975 561
975 565
975 669
975 684
975 685
975 710
975 837
975 841
975 861
110 82
158 518
415 657
415 447
415 245
415 637
418 959
418 647
575 403
575 839
604 622
604 907
604 706
604 784
604 360
604 566
614 920
614 946
614 216
614 754
614 402
647 947
647 635
659 999
659 944
659 242
659 245
659 462
931 959
931 972
931 559
931 93
931 163
931 261
931 325
931 328
931 337
931 356
931 360
931 374
931 441
931 477
931 706
931 784
931 879
958 676
958 33
958 148
958 218
958 246
958 251
958 257
958 264
958 299
958 331
958 366
958 436
958 488
958 558
958 763
958 811
958 812
958 824
969 13
969 139
969 263
969 280
969 286
969 296
969 393
969 403
969 440
969 490
969 592
969 611
969 617
969 623
969 684
969 698
969 709
969 768
969 799
969 894
969 908
67 845
124 986
124 253
129 986
129 820
129 671
164 986
175 836
247 986
247 455
247 923
285 986
285 923
285 642
340 986
340 286
340 502
380 165
380 731
380 879
395 738
395 440
395 377
396 986
396 687
411 900
411 890
449 999
482 19
482 959
482 986
592 923
592 539
612 641
612 56
612 118
612 401
677 657
677 252
677 446
677 479
677 502
677 631
677 798
707 986
707 401
707 812
707 874
707 923
707 848
781 986
781 836
781 280
781 242
781 848
781 923
812 960
812 986
812 820
812 413
812 149
812 326
812 848
812 923
820 986
820 84
820 108
820 458
820 582
820 824
820 923
836 986
836 813
836 590
836 633
836 654
836 923
848 939
848 986
848 951
848 498
848 923
848 709
848 441
848 598
923 960
923 986
923 907
923 559
923 753
944 999
944 865
944 104
944 258
944 375
944 525
944 539
944 551
944 589
944 642
944 853
947 31
947 37
947 74
947 96
947 188
947 486
947 586
947 588
947 678
947 679
947 701
947 768
947 796
947 881
947 928
947 966
972 946
972 44
972 53
972 132
972 162
972 200
972 202
972 208
972 215
972 258
972 486
972 528
972 550
972 560
972 563
972 585
972 590
972 627
972 713
972 772
972 792
972 815
972 826
972 872
986 23
986 84
986 206
986 207
986 316
986 743
986 839
8 543
543 999
999 18
999 56
999 63
999 121
999 122
999 193
999 213
999 241
999 261
999 315
999 379
999 444
999 522
999 527
999 549
999 555
999 589
999 642
999 660
999 724
999 792
999 811
999 813
999 853
999 865
999 872
999 894
55 358
788 939
788 82
788 118
788 663
788 678
788 722
550 891
550 179
550 715
817 960
817 73
817 186
817 405
817 407
817 663
88 960
21 641
21 686
21 939
65 74
65 119
65 679
138 951
138 643
141 401
231 881
231 244
476 738
506 845
539 928
539 318
539 678
620 95
620 248
678 701
678 881
678 544
678 486
679 928
679 188
679 238
679 398
679 879
679 881
679 908
701 31
701 360
701 881
728 297
728 905
728 873
728 888
728 754
728 874
728 842
881 928
881 768
881 74
881 228
881 525
881 586
881 796
928 31
928 96
928 486
928 503
928 586
928 588
928 637
928 758
928 768
928 796
928 798
928 862
928 905
31 699
37 768
188 588
486 939
486 796
586 888
586 815
588 768
588 796
588 753
768 939
768 334
768 436
768 796
796 895
796 770
796 156
796 642
796 763
966 941
966 308
966 39
966 103
966 107
966 120
966 281
966 293
966 390
966 538
966 577
966 709
966 715
966 738
966 753
966 837
966 839
966 862
966 951
11 344
11 690
344 492
344 841
344 891
690 577
690 908
492 526
841 891
841 626
841 879
841 429
841 488
841 594
891 13
891 39
891 229
891 579
891 735
891 770
891 815
891 882
300 845
300 713
577 862
908 920
908 199
908 305
908 336
908 362
908 371
908 403
908 490
908 611
908 633
908 709
908 799
908 894
499 559
499 123
499 744
350 686
350 627
350 664
390 531
390 265
516 33
516 842
516 882
698 941
698 951
698 839
698 600
710 837
710 861
710 637
710 536
712 905
712 243
712 310
712 573
786 583
786 893
786 911
786 127
786 488
786 565
786 739
786 871
842 905
842 946
842 428
842 170
842 249
842 301
842 433
842 496
161 895
161 397
310 527
635 907
635 52
635 436
635 671
685 676
685 837
685 193
753 384
959 22
959 651
959 32
959 165
959 235
959 238
959 252
959 265
959 439
959 484
959 502
959 615
959 624
959 631
959 648
959 731
959 798
959 802
959 879
13 178
178 447
447 498
447 527
229 608
229 185
579 81
579 123
579 600
579 888
735 66
735 429
735 462
735 472
735 895
770 900
770 895
770 106
770 244
770 441
770 594
770 600
770 882
770 915
815 920
815 671
815 915
815 288
815 606
815 743
882 895
882 534
882 265
882 317
882 330
882 462
882 574
882 639
139 611
263 623
263 894
280 226
280 286
280 440
286 633
296 294
296 522
393 342
393 894
403 221
440 894
490 960
490 787
490 894
611 331
611 799
617 778
617 609
617 893
617 871
623 566
623 731
684 837
684 498
684 320
709 532
709 894
709 644
709 299
709 526
799 532
799 894
799 173
799 199
799 251
799 501
799 526
894 95
894 311
894 336
894 477
894 633
44 345
245 498
245 260
277 401
277 644
277 739
362 361
526 633
526 800
526 385
532 890
633 907
893 778
893 941
893 609
893 97
893 276
893 475
893 488
893 871
893 911
14 51
14 676
14 778
676 657
676 861
676 946
778 387
778 583
778 643
778 699
778 871
778 911
657 28
657 624
657 648
657 798
657 879
861 837
861 185
861 193
861 402
861 465
861 565
861 581
946 804
946 905
946 57
946 163
946 251
946 273
946 428
946 443
946 528
946 739
946 798
946 873
946 874
946 907
583 356
583 594
643 669
643 608
643 213
699 180
699 332
699 356
699 441
871 609
871 845
871 911
871 137
871 488
871 500
871 600
911 609
911 97
911 267
911 274
911 288
911 370
911 444
911 488
911 500
318 862
318 427
15 564
564 259
564 332
564 361
564 639
564 767
564 837
332 803
332 706
332 556
361 97
361 150
361 646
639 501
639 646
767 73
767 445
767 536
837 91
837 320
837 637
837 888
562 787
562 700
562 147
562 518
613 802
613 720
787 45
787 208
787 346
787 475
787 514
787 551
787 873
802 197
802 176
802 567
802 687
135 90
145 702
211 811
294 228
324 337
444 724
444 274
445 317
445 463
501 696
501 232
556 622
556 784
646 284
646 276
646 744
646 853
696 546
757 845
757 228
757 546
757 549
757 569
758 681
758 179
758 305
758 460
758 792
793 45
793 293
793 498
793 527
793 637
793 888
793 915
915 920
915 451
915 513
915 221
915 468
915 481
915 522
915 581
16 270
16 297
270 338
270 374
297 301
297 398
338 226
338 275
374 900
374 472
398 731
215 132
315 813
315 212
378 920
439 879
439 479
439 624
862 941
862 626
862 951
862 754
862 169
862 513
862 591
862 715
862 733
862 839
228 459
330 890
330 546
458 824
900 94
900 163
900 261
900 264
900 328
900 360
900 441
900 472
900 706
900 784
941 195
941 367
941 399
941 715
941 733
941 738
941 839
941 951
368 890
195 724
195 477
367 686
399 364
399 591
399 281
715 451
715 637
715 839
715 663
733 951
733 307
733 542
733 839
738 872
738 477
738 306
839 951
839 765
839 477
951 308
951 103
951 542
43 428
185 686
385 465
567 700
567 582
567 563
872 590
872 826
872 772
872 713
872 187
872 258
872 435
872 446
872 560
872 585
905 496
905 528
905 720
905 888
167 162
256 534
295 584
377 364
525 865
525 813
589 608
589 221
591 183
591 281
642 920
660 214
743 920
743 800
813 865
813 27
813 462
813 853
853 865
853 845
865 38
865 873
890 52
890 210
890 544
890 565
890 598
890 713
890 765
122 826
213 608
379 450
379 681
379 334
522 920
522 282
522 606
527 459
527 260
555 907
555 671
555 485
724 895
724 534
724 166
792 826
792 845
792 246
792 334
792 483
811 95
811 218
811 264
811 299
811 598
811 824
77 622
77 559
293 450
293 637
20 342
20 804
20 960
342 784
342 960
804 34
804 435
804 873
804 888
960 48
960 186
960 243
960 253
960 309
960 313
960 386
960 405
960 428
960 503
960 566
960 582
784 309
784 706
784 800
784 373
34 309
435 233
873 57
873 71
873 754
873 874
873 888
888 92
888 443
888 754
888 874
309 606
313 198
322 94
503 694
503 474
503 551
503 566
744 702
744 739
428 874
582 484
582 100
582 551
641 328
641 407
641 472
641 939
686 316
686 407
686 663
686 722
939 85
939 166
939 407
939 408
939 414
939 424
939 495
939 627
939 663
939 664
939 687
939 826
328 325
328 408
407 687
316 424
316 687
663 664
663 722
722 495
722 627
722 471
722 311
85 197
166 471
408 372
408 496
408 327
414 763
414 239
414 327
424 337
495 118
495 687
627 134
627 664
664 233
664 290
664 375
664 687
687 460
826 53
826 132
826 162
826 585
826 713
826 772
22 205
22 651
22 694
651 235
651 581
651 648
651 731
651 798
694 71
694 358
235 731
581 580
648 479
648 624
731 502
731 879
798 252
798 265
798 502
32 28
32 319
165 534
238 302
238 879
265 615
484 45
484 302
615 879
615 607
615 631
624 879
631 879
631 569
631 598
879 479
580 920
580 739
187 772
187 573
200 351
208 563
312 874
312 433
312 417
345 590
560 772
560 874
563 326
585 713
713 569
84 772
24 40
24 308
171 824
212 514
598 765
681 845
681 584
765 116
765 763
907 49
907 60
907 72
907 131
907 254
907 326
907 485
109 42
109 282
109 450
538 147
538 168
38 626
561 702
702 169
772 590
772 260
772 895
146 413
356 441
376 481
590 53
607 333
607 536
920 203
920 305
920 319
920 594
920 626
254 671
626 59
92 531
239 366
269 669
289 455
451 100
513 170
606 481
800 843
800 287
800 452
800 288
287 720
468 843
86 216
232 706
303 433
425 214
384 100
452 763
452 251
452 331
528 134
218 763
246 824
257 436
264 824
331 329
436 763
558 53
558 335
763 824
706 559
706 460
496 284
496 382
720 843
720 669
720 475
720 551
163 191
273 479
443 803
874 355
427 843
36 59
36 333
333 183
183 244
144 78
144 82
669 700
669 843
93 895
372 895
372 275
372 574
895 534
895 600
442 275
574 534
700 89
346 803
113 210
113 227
116 214
302 845
302 460
475 608
475 329
551 803
498 220
498 260
622 325
622 573
72 284
284 485
382 485
326 485
89 843
182 355
182 364
355 463
803 843
803 137
803 242
455 248
227 147
483 460
845 147
845 843
843 119
843 608
329 160
197 518
518 244
160 413
