0 975
0 985
0 986
0 993
975 11
975 22
975 87
975 123
975 174
975 260
975 302
975 322
975 414
975 495
975 541
975 559
975 609
975 647
975 677
975 690
975 733
975 759
975 790
975 795
975 797
975 825
975 828
975 856
975 867
975 882
975 885
975 905
975 908
975 938
975 952
975 985
975 986
975 990
975 993
985 11
985 22
985 28
985 47
985 54
985 58
985 100
985 101
985 146
985 174
985 302
985 495
985 541
985 559
985 609
985 627
985 629
985 677
985 690
985 733
985 759
985 790
985 795
985 797
985 825
985 828
985 856
985 867
985 882
985 885
985 905
985 908
985 938
985 952
985 986
985 990
985 993
986 22
986 28
986 54
986 100
986 101
986 146
986 251
986 260
986 322
986 403
986 414
986 495
986 541
986 609
986 627
986 629
986 647
986 677
986 690
986 733
986 759
986 790
986 795
986 797
986 825
986 828
986 856
986 867
986 882
986 885
986 905
986 908
986 938
986 952
986 990
986 993
993 11
993 22
993 28
993 47
993 54
993 58
993 87
993 100
993 101
993 123
993 146
993 174
993 236
993 251
993 260
993 302
993 322
993 403
993 414
993 495
993 541
993 559
993 627
993 629
993 647
993 677
993 690
993 733
993 759
993 790
993 795
993 797
993 825
993 828
993 856
993 867
993 882
993 885
993 905
993 908
993 938
993 952
993 990
11 990
87 990
87 952
123 990
123 938
174 990
260 990
260 952
302 952
302 905
322 990
322 938
414 990
414 938
414 905
495 990
495 938
541 990
541 905
541 882
559 990
559 952
559 908
559 905
609 990
609 952
609 908
609 885
609 790
647 990
647 952
647 938
647 905
647 882
647 856
677 990
677 952
677 938
677 908
677 856
690 990
690 952
690 938
690 908
690 795
690 828
733 990
733 952
733 908
733 905
733 882
733 867
733 856
759 990
759 952
759 938
759 885
759 905
759 882
759 867
759 828
790 990
790 952
790 938
790 885
790 905
790 882
790 797
790 867
795 990
795 952
795 938
795 908
795 885
795 905
795 882
795 828
797 990
797 952
797 938
797 908
797 885
797 905
797 882
797 867
825 990
825 952
825 938
825 908
825 236
825 403
825 828
825 856
825 882
825 885
825 905
828 990
828 952
828 938
828 905
828 882
828 867
828 856
856 990
856 952
856 938
856 908
856 885
856 905
856 882
856 867
867 990
867 952
867 938
867 908
867 885
867 905
867 882
867 629
882 990
882 952
882 938
882 908
882 885
882 627
885 990
885 952
885 938
885 908
885 251
885 627
885 629
885 905
905 990
905 952
905 938
905 908
908 990
908 952
908 938
908 101
908 627
908 629
938 990
938 952
938 47
938 627
938 629
952 990
952 28
952 58
952 100
952 403
990 47
990 54
990 58
990 146
990 236
990 251
990 403
990 627
990 629
1 874
1 981
1 989
1 991
874 64
874 254
874 303
874 335
874 366
874 532
874 574
874 712
874 723
874 767
874 839
874 849
874 872
874 917
874 946
874 981
874 989
874 991
981 5
981 6
981 39
981 53
981 81
981 89
981 97
981 102
981 188
981 189
981 254
981 266
981 297
981 303
981 329
981 335
981 366
981 374
981 389
981 416
981 444
981 467
981 479
981 524
981 574
981 596
981 712
981 723
981 767
981 839
981 849
981 872
981 917
981 946
981 989
981 991
989 5
989 6
989 39
989 53
989 64
989 81
989 97
989 188
989 189
989 208
989 226
989 254
989 266
989 297
989 303
989 329
989 335
989 366
989 374
989 389
989 416
989 444
989 467
989 479
989 524
989 532
989 574
989 596
989 712
989 723
989 767
989 839
989 849
989 872
989 917
989 946
989 991
991 5
991 6
991 39
991 53
991 64
991 81
991 89
991 97
991 102
991 188
991 189
991 208
991 226
991 254
991 266
991 297
991 303
991 329
991 335
991 366
991 374
991 389
991 416
991 444
991 467
991 479
991 524
991 532
991 574
991 596
991 712
991 723
991 767
991 839
991 849
991 872
991 917
991 946
64 917
303 946
335 917
366 946
532 946
532 917
532 872
532 767
574 946
574 872
574 849
712 946
712 917
712 872
712 767
712 849
712 723
723 946
723 917
723 872
723 839
723 849
723 524
767 946
767 917
767 872
767 226
767 467
767 839
839 946
839 917
839 872
839 266
839 297
839 444
839 467
839 524
839 596
839 849
849 946
849 917
849 872
849 329
849 374
849 389
849 524
849 596
872 946
872 917
872 89
872 102
872 329
872 416
872 467
872 596
917 946
917 39
917 81
917 97
917 188
917 189
917 226
917 416
917 444
917 479
917 596
946 5
946 6
946 53
946 89
946 102
946 208
946 266
946 297
946 374
946 416
946 444
946 479
946 524
946 596
389 479
2 815
2 818
2 888
2 931
815 269
815 287
815 364
815 435
815 471
815 480
815 698
815 758
815 818
815 871
815 901
815 927
815 931
818 51
818 269
818 287
818 289
818 301
818 364
818 517
818 698
818 758
818 871
818 888
818 901
818 931
888 166
888 203
888 289
888 321
888 347
888 364
888 373
888 394
888 415
888 435
888 474
888 480
888 504
888 698
888 758
888 871
888 901
888 927
888 931
931 51
931 203
931 269
931 287
931 289
931 301
931 321
931 347
931 373
931 394
931 415
931 435
931 471
931 474
931 480
931 504
931 506
931 517
931 758
931 871
931 901
931 927
269 927
269 758
287 871
287 927
364 474
364 927
435 901
435 927
435 758
471 901
471 517
471 504
471 506
480 901
480 927
480 394
698 871
698 901
698 927
698 65
698 301
698 373
698 415
758 871
758 901
758 927
758 166
758 415
758 506
871 7
871 51
871 65
871 289
871 301
871 321
871 347
871 394
871 504
871 517
871 901
871 927
901 7
901 65
901 166
901 203
901 301
901 321
901 347
901 373
901 415
901 504
901 506
901 517
901 927
927 7
927 474
927 51
927 65
927 166
927 203
927 289
927 321
927 373
927 394
927 415
927 504
927 506
927 517
517 347
474 7
474 506
3 592
3 861
3 906
3 933
592 451
592 783
592 796
592 895
592 916
592 944
592 951
861 18
861 32
861 55
861 241
861 280
861 359
861 457
861 469
861 606
861 639
861 703
861 745
861 781
861 854
861 906
861 926
861 934
906 55
906 271
906 359
906 425
906 437
906 457
906 526
906 575
906 639
906 652
906 671
906 745
906 781
906 792
906 794
906 800
906 813
906 854
906 926
906 933
906 934
933 27
933 33
933 145
933 241
933 425
933 437
933 457
933 501
933 514
933 526
933 530
933 560
933 575
933 639
933 652
933 671
933 764
933 781
933 794
933 800
933 854
933 926
933 934
933 988
451 899
451 944
451 951
451 895
451 784
783 48
783 312
783 400
783 482
783 552
783 685
783 784
783 802
783 899
783 916
783 944
783 951
796 750
796 899
796 944
796 916
796 951
796 114
796 552
796 553
796 571
796 746
796 774
796 895
895 750
895 899
895 944
895 683
895 916
895 951
895 117
895 802
895 381
895 431
895 438
895 552
895 571
895 572
895 582
895 685
895 746
895 774
895 784
916 899
916 944
916 63
916 94
916 114
916 132
916 293
916 313
916 315
916 406
916 431
916 438
916 482
916 488
916 553
916 582
916 685
916 784
916 802
916 951
944 48
944 750
944 899
944 114
944 117
944 132
944 293
944 313
944 400
944 438
944 482
944 488
944 552
944 569
944 571
944 582
944 683
944 685
944 746
944 774
944 784
944 802
944 951
951 750
951 899
951 94
951 263
951 683
951 293
951 117
951 312
951 320
951 381
951 396
951 400
951 406
951 431
951 482
951 552
951 553
951 571
951 572
951 685
951 746
951 774
951 802
18 764
18 934
18 988
32 988
32 671
32 792
55 988
55 425
241 988
241 926
280 934
280 792
280 854
280 703
359 926
359 854
359 606
457 988
457 926
457 813
469 988
469 926
469 35
469 794
469 812
606 934
606 988
606 745
606 813
606 652
606 781
639 988
639 926
639 794
639 703
639 308
639 560
703 764
703 934
703 988
703 926
703 794
703 800
703 812
745 988
745 27
745 530
745 678
745 792
745 800
745 812
745 926
781 934
781 988
781 926
781 792
781 813
781 854
781 794
781 560
854 764
854 934
854 988
854 926
854 792
854 35
854 813
854 425
854 514
854 575
854 652
926 764
926 934
926 988
926 27
926 159
926 501
926 526
926 560
926 671
926 678
926 792
926 794
926 800
926 812
934 764
934 33
934 145
934 159
934 162
934 271
934 425
934 501
934 514
934 526
934 530
934 678
934 792
934 794
934 800
934 813
934 988
271 988
271 678
271 812
425 988
437 988
437 812
437 308
437 575
526 764
526 988
526 800
575 988
575 813
575 308
652 764
652 988
652 671
652 813
652 514
671 988
671 530
671 812
671 813
792 988
792 159
792 501
792 514
792 794
794 988
794 145
794 560
794 800
800 988
800 678
800 813
800 162
800 812
813 988
813 35
813 162
813 812
27 988
33 988
33 678
145 988
501 988
501 812
514 988
530 988
530 812
530 308
560 764
560 988
764 678
764 812
764 988
988 35
988 159
988 162
988 308
988 678
988 812
4 820
4 945
4 967
4 973
820 641
820 732
820 743
820 806
820 876
820 880
820 889
820 894
820 907
820 911
820 943
820 945
820 967
820 973
945 67
945 262
945 284
945 330
945 353
945 377
945 429
945 510
945 581
945 613
945 641
945 646
945 719
945 721
945 727
945 732
945 806
945 876
945 880
945 884
945 889
945 894
945 907
945 911
945 943
945 967
945 973
967 67
967 138
967 194
967 227
967 262
967 284
967 324
967 330
967 346
967 353
967 377
967 508
967 581
967 613
967 641
967 646
967 719
967 721
967 732
967 743
967 806
967 876
967 880
967 884
967 889
967 894
967 907
967 911
967 943
967 973
973 61
973 67
973 138
973 194
973 227
973 262
973 284
973 324
973 330
973 346
973 353
973 377
973 429
973 459
973 508
973 510
973 613
973 641
973 646
973 721
973 727
973 732
973 743
973 806
973 876
973 880
973 884
973 889
973 894
973 907
973 911
973 943
641 907
641 911
641 943
641 721
641 719
732 876
732 907
732 911
732 884
732 943
732 880
732 806
743 876
743 907
743 911
743 884
743 880
743 889
743 613
743 727
806 876
806 907
806 911
806 894
806 884
806 943
806 880
806 889
806 727
876 61
876 284
876 510
876 581
876 646
876 727
876 880
876 884
876 889
876 894
876 907
876 911
876 943
880 907
880 911
880 894
880 884
880 943
880 324
880 377
880 429
880 459
880 510
880 719
880 721
880 889
889 907
889 911
889 894
889 884
889 943
889 721
889 353
889 459
889 508
889 510
889 646
889 719
889 727
894 907
894 911
894 67
894 194
894 227
894 262
894 353
894 459
894 581
894 646
894 719
894 721
894 884
894 943
907 61
907 324
907 330
907 346
907 429
907 646
907 719
907 727
907 884
907 911
907 943
911 61
911 194
911 429
911 459
911 581
911 646
911 719
911 721
911 727
911 884
911 943
943 138
943 884
943 227
943 284
943 330
943 377
943 429
943 459
943 508
943 510
943 613
943 646
943 719
943 721
943 727
262 884
581 884
581 613
613 884
613 727
719 884
719 508
721 346
721 508
727 884
884 138
884 324
884 346
8 835
8 853
8 980
8 987
835 205
835 258
835 410
835 449
835 631
835 680
835 699
835 708
835 718
835 749
835 841
835 853
835 860
835 980
835 987
853 338
853 363
853 527
853 529
853 542
853 665
853 699
853 718
853 754
853 778
853 827
853 860
853 892
853 980
853 987
980 24
980 36
980 70
980 77
980 225
980 338
980 343
980 349
980 363
980 410
980 449
980 456
980 496
980 497
980 498
980 515
980 527
980 529
980 542
980 657
980 665
980 680
980 699
980 708
980 718
980 731
980 749
980 754
980 778
980 827
980 841
980 860
980 892
980 987
987 24
987 36
987 70
987 77
987 115
987 156
987 205
987 258
987 323
987 338
987 343
987 349
987 363
987 410
987 446
987 449
987 456
987 497
987 515
987 527
987 542
987 631
987 657
987 665
987 680
987 699
987 708
987 718
987 731
987 749
987 754
987 778
987 827
987 841
987 860
987 892
205 827
205 449
258 892
258 156
258 498
410 680
410 860
449 841
449 70
631 841
631 156
631 446
631 527
631 665
631 731
680 892
680 77
680 156
680 542
680 860
699 892
699 70
699 496
699 665
699 749
699 778
708 225
708 498
708 529
708 657
708 731
708 749
708 860
718 827
718 497
718 115
718 323
718 527
718 749
718 860
749 892
749 778
749 754
749 860
749 243
841 827
841 892
841 36
841 323
841 338
841 343
841 498
841 515
841 529
841 754
841 860
860 827
860 892
860 497
860 225
860 243
860 363
860 657
860 731
338 827
363 892
527 498
527 456
529 892
529 778
529 657
542 731
542 657
542 515
665 225
665 349
665 498
665 657
754 827
754 892
754 778
754 115
754 343
754 496
778 892
778 77
778 323
778 446
778 456
827 24
827 243
827 446
827 456
827 731
827 892
892 24
892 115
892 343
892 349
892 496
892 515
892 657
892 731
36 497
349 323
456 496
496 446
497 731
515 731
657 446
731 243
9 819
9 941
9 970
9 977
819 91
819 283
819 475
819 543
819 576
819 605
819 668
819 689
819 785
819 798
819 886
819 919
819 941
819 977
941 31
941 91
941 125
941 160
941 235
941 283
941 376
941 458
941 475
941 502
941 521
941 543
941 576
941 605
941 614
941 622
941 668
941 785
941 798
941 830
941 846
941 850
941 886
941 919
941 970
941 977
970 14
970 29
970 31
970 91
970 120
970 125
970 171
970 211
970 235
970 250
970 267
970 283
970 345
970 376
970 458
970 475
970 502
970 521
970 543
970 576
970 605
970 616
970 622
970 689
970 785
970 798
970 830
970 846
970 850
970 886
970 919
970 977
977 14
977 29
977 31
977 91
977 120
977 125
977 160
977 171
977 211
977 250
977 267
977 283
977 345
977 376
977 458
977 475
977 502
977 521
977 543
977 576
977 605
977 614
977 616
977 622
977 668
977 689
977 785
977 798
977 830
977 846
977 850
977 886
977 919
283 850
475 886
475 919
543 886
543 919
543 850
576 919
576 850
576 250
605 798
605 846
605 616
605 689
668 919
668 785
668 830
668 458
668 689
668 846
689 886
689 919
689 850
689 830
689 846
785 886
785 919
785 29
785 376
785 458
785 622
785 846
785 850
798 886
798 614
798 160
798 211
798 376
798 622
798 830
798 846
886 14
886 211
886 458
886 502
886 521
886 614
886 616
886 622
886 830
886 846
886 850
886 919
919 14
919 29
919 120
919 125
919 160
919 171
919 502
919 521
919 614
919 616
919 622
919 830
919 846
919 850
31 614
235 850
235 830
502 846
521 830
521 846
614 846
614 850
622 846
830 171
830 267
830 345
830 616
830 846
846 616
850 120
850 267
850 345
850 616
267 345
10 950
10 955
10 957
10 995
950 129
950 147
950 153
950 197
950 265
950 275
950 326
950 372
950 423
950 493
950 603
950 713
950 724
950 760
950 763
950 768
950 805
950 821
950 824
950 878
950 915
950 923
950 932
950 942
950 955
950 957
950 960
950 971
950 995
955 37
955 230
955 277
955 372
955 423
955 476
955 493
955 534
955 590
955 636
955 713
955 724
955 756
955 760
955 763
955 768
955 771
955 805
955 821
955 878
955 898
955 915
955 923
955 932
955 942
955 957
955 960
955 971
955 995
957 37
957 50
957 129
957 198
957 219
957 275
957 277
957 281
957 476
957 590
957 636
957 713
957 724
957 756
957 760
957 763
957 771
957 805
957 821
957 824
957 878
957 898
957 915
957 923
957 932
957 942
957 960
957 971
957 995
995 37
995 50
995 68
995 129
995 147
995 149
995 153
995 197
995 198
995 219
995 230
995 233
995 265
995 275
995 277
995 281
995 326
995 372
995 378
995 423
995 476
995 493
995 534
995 590
995 603
995 636
995 713
995 724
995 756
995 760
995 763
995 768
995 771
995 805
995 821
995 824
995 878
995 898
995 915
995 923
995 932
995 942
995 960
995 971
129 960
147 932
147 824
153 971
153 960
197 942
197 960
265 942
265 960
265 768
275 971
275 960
326 915
326 923
326 636
372 923
372 898
423 923
423 942
423 878
493 971
493 942
493 878
603 971
603 942
603 960
603 878
603 898
603 821
713 971
713 915
713 932
713 942
713 878
713 898
724 971
724 915
724 923
724 932
724 824
724 898
724 763
760 971
760 915
760 923
760 942
760 960
760 824
760 878
760 763
763 971
763 915
763 932
763 960
763 898
763 821
768 971
768 915
768 923
768 932
768 942
768 960
768 898
768 277
805 971
805 915
805 923
805 932
805 942
805 960
805 878
805 898
805 821
805 756
821 971
821 915
821 932
821 942
821 960
821 771
821 878
821 898
824 915
824 932
824 942
824 960
824 219
824 378
824 756
824 878
824 898
878 971
878 915
878 923
878 932
878 942
878 960
878 149
878 756
915 971
915 50
915 636
915 756
915 771
915 898
915 923
915 932
915 942
915 960
923 971
923 50
923 68
923 378
923 534
923 636
923 756
923 771
923 898
923 932
923 942
923 960
932 971
932 68
932 281
932 378
932 476
932 534
932 590
932 771
932 898
932 942
932 960
942 971
942 68
942 198
942 219
942 534
942 590
942 771
942 898
942 960
960 971
960 198
960 230
960 233
960 281
960 476
960 534
960 590
960 756
960 771
960 898
971 37
971 149
971 233
971 277
971 281
971 378
971 476
971 534
971 590
971 636
971 756
971 771
971 898
590 898
636 898
756 771
756 898
771 149
898 233
12 847
12 935
12 937
12 982
847 133
847 316
847 319
847 385
847 537
847 686
847 710
847 715
847 776
847 868
847 891
847 910
847 937
847 964
847 982
935 76
935 96
935 154
935 179
935 270
935 306
935 319
935 385
935 393
935 460
935 520
935 537
935 600
935 686
935 696
935 715
935 765
935 776
935 816
935 817
935 868
935 891
935 910
935 937
935 964
935 982
937 96
937 140
937 158
937 210
937 253
937 285
937 306
937 319
937 428
937 460
937 566
937 600
937 623
937 672
937 686
937 696
937 710
937 752
937 765
937 776
937 816
937 817
937 891
937 964
937 982
982 76
982 108
982 133
982 140
982 154
982 158
982 169
982 179
982 253
982 270
982 276
982 285
982 306
982 357
982 428
982 460
982 520
982 537
982 566
982 600
982 672
982 686
982 696
982 710
982 715
982 752
982 765
982 776
982 816
982 817
982 868
982 891
982 910
982 964
133 910
133 868
316 964
316 154
316 445
316 686
319 285
319 686
385 964
385 891
385 752
537 964
537 891
537 623
537 817
686 868
686 891
686 432
686 765
710 910
710 964
710 428
710 891
710 817
710 672
710 776
715 910
715 964
715 816
715 891
715 752
715 765
715 696
776 910
776 964
776 868
776 891
776 600
776 520
776 696
868 910
868 964
868 816
868 140
868 210
868 357
868 520
868 600
868 623
868 752
868 765
868 891
891 964
891 816
891 179
891 253
891 270
891 332
891 393
891 445
891 520
891 672
891 765
910 76
910 140
910 154
910 158
910 169
910 306
910 332
910 393
910 432
910 445
910 520
910 623
910 696
910 752
910 765
910 816
964 76
964 96
964 108
964 158
964 169
964 179
964 270
964 285
964 332
964 393
964 428
964 445
964 460
964 566
964 600
964 623
964 672
964 696
964 765
964 816
964 817
96 108
270 210
306 600
393 817
460 566
460 432
520 817
600 357
696 752
696 765
696 672
765 428
765 817
816 108
816 253
816 357
816 445
816 623
816 752
816 817
817 566
817 623
817 445
817 432
817 752
210 357
285 276
428 169
566 276
566 672
623 276
672 432
672 752
752 332
13 862
13 900
13 918
13 924
862 19
862 122
862 172
862 214
862 239
862 386
862 421
862 441
862 455
862 545
862 556
862 687
862 842
862 893
862 900
862 918
862 924
900 19
900 109
900 134
900 217
900 294
900 386
900 421
900 441
900 455
900 468
900 490
900 494
900 540
900 545
900 556
900 687
900 842
900 893
900 918
900 924
918 122
918 134
918 172
918 184
918 214
918 217
918 239
918 294
918 386
918 421
918 441
918 455
918 468
918 490
918 494
918 540
918 556
918 687
918 842
918 893
918 924
924 19
924 109
924 122
924 134
924 172
924 184
924 214
924 217
924 239
924 386
924 421
924 441
924 455
924 468
924 490
924 494
924 540
924 545
924 556
924 687
924 842
924 893
19 893
122 893
172 893
214 545
239 842
386 842
421 893
421 842
441 893
441 842
455 893
455 842
545 893
545 468
545 842
556 893
556 842
556 494
687 893
687 109
687 294
687 490
687 494
687 842
842 893
842 217
842 294
842 540
893 109
893 134
893 184
893 294
893 468
893 490
893 494
893 540
468 540
490 540
15 832
15 956
15 966
15 974
832 25
832 408
832 799
832 843
832 870
832 897
832 904
832 912
832 921
832 953
832 956
832 959
832 966
832 974
956 38
956 71
956 139
956 141
956 155
956 204
956 255
956 419
956 424
956 464
956 492
956 561
956 579
956 599
956 673
956 674
956 702
956 706
956 762
956 799
956 809
956 870
956 879
956 904
956 912
956 921
956 953
956 959
956 966
956 974
966 21
966 38
966 45
966 71
966 130
966 141
966 383
966 384
966 408
966 413
966 419
966 464
966 561
966 579
966 599
966 702
966 755
966 762
966 799
966 809
966 843
966 870
966 879
966 897
966 904
966 912
966 921
966 953
966 959
966 974
974 21
974 25
974 45
974 155
974 232
974 252
974 255
974 408
974 413
974 419
974 424
974 464
974 492
974 561
974 579
974 599
974 673
974 674
974 702
974 755
974 762
974 799
974 809
974 843
974 870
974 879
974 897
974 904
974 912
974 921
974 953
974 959
25 921
25 959
408 921
408 879
799 904
799 921
799 959
799 870
799 897
799 674
799 702
799 252
799 706
843 21
843 139
843 443
843 561
843 599
843 673
843 809
843 897
843 904
843 912
843 921
843 953
843 959
870 904
870 921
870 959
870 38
870 561
870 674
870 706
870 755
870 762
870 809
870 879
870 897
870 912
870 953
897 904
897 921
897 959
897 953
897 45
897 384
897 443
897 464
897 579
897 599
897 673
897 755
897 762
897 809
897 879
897 912
904 21
904 383
904 413
904 443
904 599
904 673
904 706
904 755
904 762
904 809
904 879
904 912
904 921
904 953
904 959
912 921
912 959
912 953
912 674
912 130
912 702
912 139
912 383
912 443
912 492
912 673
912 706
912 755
912 762
912 809
912 879
921 155
921 182
921 204
921 419
921 424
921 492
921 599
921 673
921 674
921 702
921 706
921 953
921 959
953 959
953 38
953 130
953 141
953 182
953 204
953 232
953 252
953 255
953 383
953 384
953 413
953 464
953 492
953 579
953 673
953 702
953 706
953 762
953 809
953 879
959 45
959 71
959 141
959 204
959 252
959 255
959 383
959 384
959 424
959 561
959 599
959 673
959 674
959 702
959 706
959 755
959 762
959 809
959 879
71 674
139 755
155 232
255 879
419 879
419 424
424 762
464 809
492 702
561 182
579 755
579 879
674 879
702 130
706 384
706 809
762 879
762 443
809 755
809 879
879 755
879 182
879 413
879 443
16 992
16 996
16 998
16 999
992 46
992 73
992 86
992 95
992 151
992 167
992 176
992 180
992 190
992 191
992 192
992 264
992 344
992 392
992 411
992 417
992 448
992 487
992 519
992 523
992 544
992 547
992 591
992 595
992 604
992 638
992 659
992 676
992 688
992 692
992 701
992 704
992 736
992 772
992 833
992 840
992 848
992 857
992 954
992 996
992 998
992 999
996 23
996 46
996 69
996 73
996 86
996 95
996 99
996 119
996 151
996 167
996 176
996 190
996 191
996 192
996 212
996 264
996 304
996 344
996 379
996 392
996 411
996 417
996 448
996 487
996 519
996 523
996 544
996 547
996 591
996 595
996 604
996 638
996 659
996 676
996 688
996 692
996 701
996 704
996 736
996 772
996 833
996 840
996 848
996 857
996 954
996 998
996 999
998 23
998 46
998 69
998 73
998 86
998 95
998 99
998 119
998 151
998 167
998 176
998 180
998 190
998 192
998 212
998 264
998 304
998 344
998 379
998 392
998 411
998 417
998 448
998 487
998 519
998 523
998 544
998 547
998 591
998 595
998 604
998 638
998 659
998 676
998 688
998 692
998 701
998 704
998 736
998 772
998 833
998 840
998 848
998 857
998 954
998 999
999 23
999 46
999 69
999 73
999 86
999 95
999 99
999 119
999 151
999 167
999 176
999 180
999 190
999 191
999 192
999 212
999 264
999 304
999 344
999 379
999 392
999 411
999 417
999 448
999 487
999 519
999 523
999 544
999 547
999 591
999 595
999 604
999 638
999 659
999 676
999 688
999 692
999 701
999 704
999 736
999 772
999 833
999 840
999 848
999 857
999 954
180 688
191 954
264 840
344 638
392 954
411 954
417 692
417 676
448 954
448 736
487 954
487 833
519 954
519 833
519 772
523 954
523 736
523 704
544 954
544 119
544 840
547 688
547 857
547 595
591 954
591 833
591 840
591 736
595 954
595 701
595 848
604 954
604 840
604 848
604 659
638 954
638 840
638 736
638 848
659 954
659 857
659 704
659 848
676 954
676 857
676 692
676 736
688 833
688 772
688 840
688 848
692 954
692 840
692 379
692 848
701 954
701 833
701 857
701 840
701 848
704 954
704 833
704 857
704 772
736 954
736 857
772 954
772 833
772 857
772 840
772 848
833 954
833 99
833 848
833 857
840 954
840 857
840 848
848 954
848 857
857 954
857 212
857 304
954 23
954 69
954 304
954 379
17 711
17 965
17 983
17 984
711 199
711 439
711 618
711 793
711 864
711 873
711 965
711 983
711 984
965 62
965 105
965 111
965 112
965 144
965 202
965 256
965 292
965 299
965 309
965 336
965 375
965 430
965 439
965 470
965 472
965 585
965 602
965 618
965 628
965 632
965 650
965 660
965 786
965 793
965 807
965 864
965 873
965 903
965 983
965 984
983 62
983 98
983 105
983 111
983 112
983 124
983 127
983 144
983 199
983 256
983 282
983 292
983 299
983 309
983 336
983 348
983 375
983 439
983 470
983 472
983 577
983 585
983 593
983 602
983 618
983 628
983 632
983 650
983 660
983 770
983 786
983 807
983 864
983 873
983 903
983 984
984 62
984 98
984 111
984 112
984 124
984 127
984 144
984 181
984 202
984 256
984 282
984 292
984 309
984 336
984 348
984 375
984 430
984 439
984 470
984 472
984 577
984 585
984 593
984 602
984 618
984 628
984 650
984 660
984 770
984 786
984 793
984 807
984 864
984 873
984 903
199 864
199 903
439 903
439 144
618 864
618 181
618 632
618 770
793 62
793 412
793 577
793 628
793 650
793 786
793 807
793 864
793 873
793 903
864 873
864 105
864 299
864 470
864 602
864 628
864 632
864 650
864 770
864 786
864 807
873 98
873 202
873 256
873 430
873 470
873 585
873 593
873 602
873 628
873 632
873 770
873 786
873 903
105 585
111 903
112 807
202 903
256 348
292 903
292 375
299 807
299 770
309 903
309 770
336 98
336 786
375 282
430 412
430 127
430 770
470 807
472 660
472 593
472 602
585 593
585 632
602 903
602 786
628 786
628 650
632 807
632 770
650 903
650 348
650 577
660 903
660 282
660 577
660 593
660 770
786 903
786 807
786 181
786 770
807 903
807 412
807 593
807 770
903 124
903 127
903 181
903 282
903 412
903 577
903 593
124 412
348 577
678 812
20 751
20 972
20 976
20 979
751 588
751 681
751 739
751 831
751 851
751 887
751 936
751 972
751 976
751 979
972 60
972 72
972 79
972 221
972 278
972 328
972 356
972 360
972 422
972 436
972 440
972 513
972 522
972 531
972 535
972 538
972 567
972 635
972 643
972 666
972 681
972 695
972 697
972 707
972 739
972 741
972 780
972 831
972 851
972 887
972 936
972 961
972 976
972 979
976 30
976 60
976 72
976 104
976 221
976 278
976 328
976 356
976 360
976 370
976 395
976 422
976 440
976 513
976 535
976 538
976 588
976 630
976 635
976 643
976 666
976 667
976 681
976 695
976 697
976 707
976 739
976 741
976 780
976 851
976 887
976 936
976 961
976 979
979 72
979 79
979 221
979 278
979 300
979 356
979 360
979 370
979 395
979 436
979 440
979 513
979 522
979 531
979 538
979 567
979 588
979 630
979 635
979 643
979 666
979 667
979 681
979 695
979 697
979 707
979 739
979 741
979 831
979 851
979 887
979 936
979 961
588 961
588 887
588 851
588 707
681 936
681 961
681 887
681 531
681 522
739 936
739 961
739 887
739 643
739 370
739 741
739 780
831 30
831 221
831 328
831 422
831 538
831 667
831 695
831 697
831 741
831 887
831 936
831 961
851 936
851 961
851 72
851 278
851 300
851 360
851 535
851 538
851 667
851 697
851 707
851 780
887 961
887 60
887 104
887 436
887 522
887 538
887 567
887 630
887 635
887 643
887 666
887 695
887 707
936 30
936 104
936 300
936 395
936 422
936 436
936 440
936 513
936 522
936 630
936 635
936 643
936 666
936 667
936 695
936 707
936 741
936 780
936 961
60 961
79 961
79 328
278 422
328 961
356 961
356 643
360 697
422 961
436 961
436 780
440 961
440 780
513 630
513 695
522 961
522 697
531 961
531 667
531 370
531 780
535 961
535 370
535 567
535 780
538 630
567 961
567 643
567 635
635 741
635 780
643 707
666 961
666 104
666 707
666 741
695 961
695 741
695 630
697 961
697 667
697 780
707 961
741 961
741 395
780 961
961 30
961 300
961 395
961 630
961 667
667 300
26 608
26 694
26 777
26 925
608 143
608 387
608 507
608 586
608 587
608 735
608 925
694 286
694 369
694 584
694 587
694 720
694 730
694 777
694 779
694 925
777 121
777 387
777 578
777 584
777 649
777 717
777 720
777 730
777 735
777 925
925 66
925 93
925 121
925 136
925 143
925 286
925 369
925 387
925 477
925 507
925 578
925 584
925 586
925 587
925 649
925 679
925 717
925 720
925 725
925 730
925 735
925 779
143 779
143 725
387 578
387 717
507 779
507 649
507 578
507 587
586 286
586 679
586 725
586 735
586 717
587 779
587 720
587 717
735 477
735 584
735 649
735 730
735 136
735 369
735 717
286 66
286 720
369 477
369 779
584 66
584 477
584 779
720 679
720 779
720 649
720 730
720 725
720 717
730 679
730 779
730 121
730 136
730 717
730 725
779 93
779 679
779 725
121 649
578 679
578 649
578 725
649 679
649 725
717 477
717 725
66 477
93 679
136 725
679 725
34 621
34 826
34 858
34 940
621 427
621 491
621 814
621 858
621 920
621 930
621 940
826 206
826 350
826 390
826 478
826 500
826 503
826 548
826 558
826 814
826 836
826 858
826 920
826 930
826 940
858 150
858 206
858 341
858 350
858 355
858 478
858 558
858 645
858 814
858 836
858 838
858 920
858 930
858 940
940 78
940 83
940 135
940 150
940 183
940 206
940 317
940 341
940 342
940 355
940 390
940 407
940 427
940 491
940 500
940 503
940 548
940 558
940 645
940 814
940 836
940 838
940 920
940 930
427 920
427 930
427 838
427 836
491 645
491 920
491 930
491 838
814 920
814 930
814 135
814 339
814 350
814 355
814 478
814 500
814 836
814 838
920 78
920 83
920 135
920 150
920 183
920 206
920 317
920 339
920 341
920 342
920 390
920 478
920 500
920 548
920 558
920 836
920 838
920 930
930 78
930 645
930 83
930 135
930 173
930 317
930 339
930 342
930 350
930 355
930 407
930 478
930 500
930 503
930 548
930 558
930 836
930 838
350 407
390 183
390 355
478 838
500 836
503 548
503 838
503 836
548 83
548 173
558 645
558 838
836 645
836 838
836 173
836 407
836 317
836 339
836 341
150 838
341 645
645 78
645 838
838 317
838 339
838 342
183 342
407 173
40 651
40 656
40 714
40 949
651 240
651 484
651 512
651 564
651 714
651 775
651 949
651 963
656 640
656 740
656 775
656 791
656 810
656 866
656 949
656 963
714 216
714 240
714 550
714 634
714 729
714 782
714 949
714 963
949 56
949 168
949 185
949 201
949 249
949 268
949 450
949 462
949 484
949 512
949 549
949 550
949 564
949 634
949 640
949 729
949 740
949 775
949 782
949 791
949 810
949 829
949 852
949 866
949 963
240 963
240 791
484 549
484 829
484 268
484 634
512 963
512 168
512 450
512 829
564 963
564 866
564 116
564 640
564 829
775 852
775 963
775 782
775 740
775 116
775 216
775 234
775 450
775 528
963 56
963 462
963 852
963 57
963 90
963 92
963 116
963 185
963 201
963 216
963 231
963 234
963 450
963 465
963 516
963 528
963 550
963 640
963 729
963 740
963 782
963 791
963 810
963 829
963 866
640 852
640 866
640 791
640 337
640 634
740 852
740 866
740 92
740 168
740 465
740 729
740 829
791 866
791 92
791 116
791 234
791 249
791 268
791 549
791 829
810 462
810 852
810 57
810 201
810 268
810 516
810 528
810 549
810 729
810 782
810 866
866 852
866 550
866 90
866 782
866 337
866 465
866 516
866 528
866 634
866 829
216 782
550 57
550 465
550 829
634 852
634 528
634 729
729 852
729 782
729 549
729 829
729 516
782 852
782 90
782 92
782 249
782 528
56 462
56 852
168 549
185 462
185 829
201 852
249 231
268 829
450 829
450 465
462 829
549 516
829 852
852 90
852 337
852 516
852 528
41 611
41 709
41 968
41 969
611 207
611 365
611 388
611 398
611 823
611 968
611 969
709 368
709 461
709 481
709 620
709 661
709 769
709 928
709 968
709 969
968 42
968 52
968 164
968 193
968 207
968 296
968 305
968 311
968 314
968 340
968 351
968 358
968 365
968 368
968 388
968 398
968 401
968 461
968 481
968 483
968 555
968 570
968 597
968 610
968 620
968 661
968 757
968 769
968 823
968 928
968 969
969 42
969 52
969 164
969 193
969 207
969 296
969 305
969 311
969 314
969 340
969 351
969 358
969 365
969 368
969 388
969 398
969 401
969 461
969 481
969 483
969 555
969 570
969 597
969 610
969 620
969 661
969 757
969 769
969 823
969 928
207 928
365 928
365 358
388 928
388 461
398 928
398 757
823 928
823 164
823 305
823 314
823 358
823 401
823 481
823 483
823 555
823 570
823 661
823 757
368 769
368 555
461 928
461 757
481 769
481 193
620 928
620 769
620 296
620 610
620 570
661 928
661 769
661 311
661 555
661 757
769 52
769 928
769 311
769 340
769 757
928 42
928 164
928 193
928 296
928 314
928 340
928 351
928 358
928 401
928 483
928 555
928 570
928 597
928 757
42 52
296 610
305 401
305 597
311 757
314 340
351 610
351 597
483 597
483 757
555 757
570 610
570 597
597 610
610 757
43 726
43 958
43 994
43 997
726 242
726 557
726 568
726 633
726 675
726 822
726 869
726 922
726 994
726 997
958 118
958 223
958 248
958 261
958 333
958 354
958 361
958 362
958 405
958 409
958 426
958 433
958 466
958 533
958 557
958 594
958 607
958 653
958 655
958 662
958 670
958 682
958 761
958 808
958 845
958 869
958 875
958 922
958 939
958 994
958 997
994 74
994 82
994 128
994 165
994 178
994 223
994 228
994 242
994 248
994 261
994 318
994 333
994 354
994 361
994 362
994 405
994 409
994 426
994 433
994 466
994 485
994 486
994 533
994 557
994 568
994 594
994 607
994 624
994 633
994 653
994 655
994 662
994 670
994 675
994 682
994 761
994 808
994 822
994 845
994 869
994 875
994 922
994 939
994 997
997 74
997 82
997 118
997 128
997 165
997 178
997 213
997 223
997 228
997 242
997 248
997 261
997 318
997 333
997 354
997 361
997 362
997 405
997 409
997 426
997 433
997 466
997 485
997 486
997 533
997 557
997 568
997 594
997 607
997 624
997 633
997 653
997 655
997 662
997 670
997 675
997 682
997 761
997 808
997 822
997 845
997 869
997 875
997 922
997 939
242 939
557 939
557 922
557 662
568 939
568 761
568 869
568 466
633 939
633 822
633 761
633 922
633 466
675 939
675 761
675 607
675 922
675 318
675 653
822 845
822 875
822 939
822 118
822 178
822 248
822 354
822 362
822 485
822 662
822 922
869 845
869 875
869 939
869 655
869 761
869 607
869 922
869 361
869 486
869 653
869 662
869 670
869 682
922 845
922 875
922 939
922 655
922 761
922 213
922 808
922 333
922 361
922 533
922 594
922 624
922 653
922 662
922 670
922 682
118 845
223 213
261 875
261 939
333 939
354 533
362 939
405 939
405 433
409 939
409 670
426 939
426 655
426 486
433 594
433 624
466 875
533 939
533 808
594 845
594 939
594 318
607 875
607 178
607 808
653 845
653 875
653 670
655 875
655 128
655 761
662 624
662 682
670 939
670 682
682 939
682 808
761 939
761 128
761 808
808 845
808 875
808 939
808 213
808 228
808 486
845 74
845 165
845 485
845 624
845 875
845 939
875 74
875 82
875 165
875 228
875 485
875 624
939 82
939 485
939 486
939 624
44 863
44 890
44 902
44 947
863 137
863 218
863 247
863 511
863 518
863 580
863 612
863 625
863 644
863 684
863 744
863 773
863 804
863 811
863 890
863 902
863 947
890 110
890 157
890 187
890 218
890 222
890 288
890 380
890 391
890 505
890 518
890 612
890 625
890 644
890 684
890 773
890 804
890 811
890 902
890 947
902 103
902 110
902 222
902 246
902 288
902 310
902 380
902 505
902 511
902 518
902 580
902 612
902 625
902 644
902 684
902 744
902 773
902 804
902 811
902 947
947 103
947 110
947 137
947 157
947 187
947 218
947 222
947 246
947 247
947 288
947 310
947 380
947 391
947 505
947 511
947 518
947 580
947 612
947 625
947 644
947 684
947 744
947 773
947 804
947 811
137 518
137 804
218 380
247 644
247 804
511 110
511 391
511 518
518 744
580 744
580 804
580 811
580 684
612 644
612 804
612 288
612 684
625 804
625 811
625 187
625 773
644 103
644 310
644 811
684 804
684 811
684 773
744 103
744 310
744 391
744 505
744 804
744 811
773 804
773 811
773 187
773 310
773 391
773 505
804 288
804 811
811 157
811 246
811 380
157 222
505 246
48 750
48 899
750 312
750 320
750 381
750 746
750 774
750 899
899 114
899 315
899 320
899 396
899 438
899 488
899 569
899 572
899 683
899 685
899 746
899 784
899 802
312 313
312 571
320 396
320 381
381 802
746 802
746 784
746 569
746 774
746 315
774 313
774 784
774 400
774 438
774 488
774 572
400 263
482 802
482 315
552 683
552 582
685 784
685 569
685 553
685 572
784 132
784 315
784 406
784 582
802 263
802 117
802 396
802 488
802 553
396 293
438 582
488 582
569 263
569 406
569 431
572 571
572 553
683 63
683 406
683 431
683 571
132 313
293 94
49 691
49 787
49 962
49 978
691 80
691 499
691 753
691 766
691 787
691 801
691 834
691 962
691 978
787 88
787 473
787 562
787 700
787 748
787 834
787 837
787 881
787 896
787 962
787 978
962 59
962 80
962 106
962 107
962 209
962 244
962 274
962 290
962 325
962 367
962 371
962 382
962 418
962 442
962 452
962 499
962 509
962 562
962 615
962 619
962 637
962 748
962 766
962 801
962 834
962 837
962 881
962 896
962 978
978 80
978 84
978 88
978 106
978 107
978 209
978 237
978 238
978 244
978 274
978 325
978 367
978 371
978 382
978 399
978 418
978 452
978 473
978 499
978 509
978 562
978 615
978 619
978 637
978 700
978 748
978 753
978 766
978 801
978 834
978 837
978 881
978 896
80 801
499 59
499 837
499 881
753 896
753 452
753 881
753 619
753 834
753 238
753 399
753 473
753 615
766 896
766 801
766 748
766 88
766 244
766 325
766 619
766 834
766 881
801 896
801 325
801 371
801 418
801 473
801 509
801 619
801 834
834 896
834 700
834 237
834 274
834 290
834 399
834 442
834 473
88 881
473 615
562 896
562 700
562 637
562 418
700 837
700 896
700 748
700 881
700 107
700 509
748 837
748 896
748 84
748 238
748 637
748 881
837 59
837 237
837 367
837 382
837 399
837 452
837 509
837 615
837 881
837 896
881 896
881 106
881 209
881 238
881 325
881 367
881 371
881 382
881 442
881 615
881 619
896 59
896 84
896 107
896 244
896 274
896 382
896 418
896 442
896 452
896 637
106 619
274 637
290 637
290 371
290 442
367 615
418 615
442 509
452 84
619 237
637 399
337 231
337 516
57 231
234 465
63 94
63 263
431 553
75 196
75 913
75 929
75 948
196 554
196 883
196 913
913 113
913 131
913 142
913 200
913 259
913 273
913 298
913 352
913 573
913 589
913 617
913 658
913 663
913 669
913 716
913 728
913 742
913 803
913 844
913 883
913 929
913 948
929 113
929 131
929 186
929 195
929 215
929 259
929 273
929 279
929 298
929 420
929 573
929 589
929 617
929 658
929 663
929 669
929 705
929 716
929 728
929 742
929 803
929 844
929 883
929 948
948 113
948 131
948 142
948 186
948 195
948 200
948 215
948 259
948 273
948 279
948 298
948 352
948 420
948 573
948 589
948 617
948 658
948 663
948 669
948 705
948 716
948 728
948 742
948 803
948 844
948 883
554 883
554 195
554 352
554 617
554 658
554 705
883 113
883 215
883 259
883 273
883 352
883 573
883 589
883 658
883 663
883 669
883 705
883 716
883 728
883 742
883 803
883 844
131 728
142 663
142 716
200 803
200 669
259 617
273 742
298 742
298 844
352 844
573 728
573 742
573 844
589 716
589 742
589 844
589 658
617 663
617 705
617 844
658 716
658 705
658 844
663 728
663 803
663 844
669 803
669 195
669 420
669 844
716 728
716 279
716 844
728 186
728 803
728 844
742 803
742 420
742 705
803 186
803 215
803 279
803 705
803 844
844 420
279 705
420 705
332 432
85 788
85 789
85 909
85 914
788 397
788 434
788 453
788 546
788 642
788 693
788 737
788 747
788 789
788 865
788 909
788 914
789 291
789 434
789 565
789 598
789 642
789 693
789 737
789 747
789 865
789 909
789 914
909 152
909 163
909 175
909 220
909 272
909 291
909 295
909 307
909 331
909 434
909 453
909 463
909 546
909 565
909 598
909 601
909 642
909 737
909 747
909 865
909 914
914 152
914 175
914 220
914 272
914 291
914 295
914 331
914 397
914 434
914 453
914 463
914 546
914 565
914 598
914 601
914 642
914 693
914 737
914 747
914 865
397 865
397 565
397 546
434 307
434 601
453 307
453 565
453 245
546 865
546 693
546 245
642 865
642 747
642 295
642 331
642 598
693 865
693 737
693 175
693 291
693 331
693 747
737 272
737 865
737 163
737 175
737 463
737 598
747 865
747 220
747 245
747 295
747 598
865 152
865 220
865 245
865 307
865 463
865 551
865 598
865 601
291 601
565 163
565 295
598 601
152 272
163 307
272 463
331 601
463 601
126 563
126 664
126 855
126 877
563 536
563 539
563 648
563 654
563 855
563 877
664 170
664 583
664 626
664 654
664 722
664 738
664 859
664 877
855 402
855 404
855 454
855 525
855 536
855 539
855 551
855 583
855 626
855 648
855 654
855 722
855 734
855 859
855 877
877 148
877 170
877 177
877 229
877 257
877 334
877 402
877 447
877 454
877 626
877 648
877 654
877 722
877 734
877 738
877 859
536 654
536 648
536 734
536 224
536 722
539 648
539 734
539 327
539 229
539 722
648 654
648 859
648 161
648 447
654 148
654 161
654 722
170 859
170 738
583 738
583 229
583 404
583 525
583 551
626 734
626 224
626 334
626 447
626 722
722 257
722 327
722 525
722 551
738 257
738 859
738 734
738 177
738 404
738 454
738 525
859 148
859 257
859 177
859 229
859 327
859 334
859 402
859 447
859 489
859 525
859 551
402 161
402 525
404 489
404 454
454 734
454 525
551 327
551 489
734 161
734 177
734 334
734 489
148 257
334 447
447 489
327 224
489 224
