1	185
1	954
1	961
1	987
2	4
2	303
2	682
2	926
3	683
3	771
3	986
3	1000
4	2
4	188
4	737
4	957
5	747
5	790
5	803
5	887
6	483
6	500
6	589
6	901
7	381
7	660
7	784
7	986
8	447
8	821
8	864
8	958
9	457
9	465
9	774
9	788
10	435
10	851
10	904
10	930
11	308
11	522
11	535
11	968
12	287
12	732
12	804
12	967
13	182
13	651
13	839
13	942
14	64
14	865
14	917
14	976
15	444
15	821
15	865
15	984
16	506
16	677
16	697
16	999
17	638
17	896
17	974
17	983
18	681
18	917
18	945
18	960
19	207
19	471
19	480
19	591
20	518
20	528
20	874
20	928
21	247
21	904
21	922
21	923
22	66
22	288
22	618
22	997
23	326
23	788
23	794
23	798
24	50
24	322
24	782
24	975
25	537
25	612
25	677
25	948
26	55
26	586
26	847
26	996
27	430
27	707
27	956
27	960
28	242
28	818
28	837
28	996
29	336
29	762
29	913
29	950
30	597
30	622
30	813
30	935
31	497
31	672
31	801
31	886
32	309
32	784
32	830
32	855
33	168
33	288
33	947
33	977
34	801
34	859
34	981
34	991
35	577
35	649
35	775
35	955
36	577
36	627
36	953
36	995
37	477
37	747
37	868
37	917
38	296
38	949
38	975
38	985
39	201
39	228
39	833
39	962
40	445
40	635
40	661
40	896
41	172
41	792
41	812
41	913
42	322
42	480
42	913
42	995
43	115
43	300
43	547
43	942
44	269
44	489
44	604
44	975
45	373
45	423
45	593
45	935
46	258
46	507
46	900
46	983
47	292
47	357
47	868
47	964
48	198
48	627
48	808
48	1000
49	290
49	755
49	857
49	940
50	24
50	521
50	531
50	549
51	332
51	429
51	903
51	987
52	333
52	415
52	797
52	924
53	609
53	635
53	918
53	1000
54	307
54	888
54	914
54	991
55	26
55	141
55	840
55	976
56	859
56	968
56	983
56	995
57	249
57	811
57	879
57	880
58	237
58	495
58	656
58	938
59	492
59	709
59	864
59	953
60	599
60	766
60	895
60	953
61	515
61	697
61	698
61	959
62	452
62	863
62	892
62	928
63	751
63	826
63	890
63	927
64	14
64	591
64	805
64	981
65	123
65	573
65	684
65	989
66	22
66	729
66	751
66	904
67	869
67	888
67	892
67	988
68	606
68	743
68	906
68	952
69	283
69	301
69	756
69	907
70	793
70	819
70	932
70	950
71	148
71	933
71	948
71	974
72	77
72	968
72	982
72	984
73	490
73	835
73	938
73	984
74	572
74	884
74	890
74	904
75	532
75	533
75	746
75	945
76	595
76	661
76	754
76	837
77	72
77	174
77	914
77	978
78	133
78	829
78	960
78	988
79	192
79	410
79	526
79	944
80	529
80	696
80	963
80	992
81	524
81	600
81	963
81	986
82	809
82	864
82	903
82	976
83	548
83	816
83	852
83	884
84	352
84	774
84	908
84	958
85	135
85	351
85	920
85	922
86	617
86	753
86	757
86	847
87	679
87	870
87	953
87	987
88	725
88	740
88	823
88	908
89	150
89	827
89	861
89	865
90	598
90	790
90	976
90	990
91	339
91	621
91	704
91	752
92	742
92	838
92	920
92	932
93	163
93	718
93	848
93	893
94	540
94	836
94	845
94	902
95	560
95	832
95	851
95	958
96	308
96	471
96	554
96	985
97	351
97	911
97	931
97	942
98	832
98	958
98	983
98	999
99	446
99	678
99	906
99	972
100	394
100	831
100	938
100	989
101	180
101	286
101	947
101	990
102	371
102	459
102	618
102	693
103	595
103	779
103	820
103	853
104	771
104	925
104	988
104	999
105	300
105	915
105	937
105	989
106	511
106	932
106	952
106	980
107	556
107	832
107	937
107	995
108	417
108	811
108	967
108	986
109	311
109	692
109	867
109	974
110	907
110	943
110	964
110	993
111	661
111	837
111	902
111	913
112	837
112	860
112	980
112	995
113	523
113	919
113	951
113	988
114	370
114	760
114	800
114	983
115	43
115	805
115	969
115	989
116	837
116	846
116	926
116	972
117	308
117	786
117	828
117	976
118	653
118	929
118	950
118	995
119	154
119	185
119	864
119	954
120	166
120	175
120	901
120	950
121	604
121	695
121	781
121	990
122	319
122	715
122	880
122	977
123	65
123	533
123	872
123	994
124	394
124	561
124	713
124	895
125	754
125	814
125	862
125	892
126	712
126	788
126	970
126	997
127	186
127	585
127	901
127	928
128	386
128	845
128	922
128	989
129	419
129	604
129	842
129	934
130	387
130	551
130	637
130	799
131	673
131	754
131	781
131	936
132	577
132	853
132	868
132	996
133	78
133	849
133	945
133	969
134	290
134	604
134	705
134	730
135	85
135	324
135	630
135	742
136	756
136	844
136	906
136	993
137	566
137	774
137	839
137	864
138	178
138	919
138	994
138	998
139	156
139	173
139	977
139	981
140	367
140	674
140	860
140	953
141	55
141	818
141	975
141	989
142	232
142	960
142	985
142	998
143	145
143	506
143	809
143	988
144	519
144	561
144	898
144	994
145	143
145	774
145	934
145	992
146	594
146	889
146	966
146	998
147	773
147	778
147	862
147	896
148	71
148	256
148	948
148	980
149	591
149	772
149	918
149	951
150	89
150	273
150	646
150	826
151	533
151	772
151	912
151	974
152	443
152	802
152	834
152	839
153	329
153	555
153	825
153	996
154	119
154	421
154	463
154	940
155	211
155	771
155	968
155	981
156	139
156	791
156	874
156	906
157	839
157	897
157	906
157	983
158	531
158	762
158	797
158	834
159	306
159	597
159	886
159	917
160	167
160	487
160	681
160	980
161	449
161	536
161	842
161	922
162	420
162	532
162	647
162	941
163	93
163	354
163	902
163	952
164	225
164	434
164	972
164	978
165	598
165	772
165	866
165	971
166	120
166	601
166	916
166	962
167	160
167	619
167	633
167	720
168	33
168	218
168	770
168	939
169	474
169	719
169	884
169	955
170	692
170	725
170	828
170	930
171	599
171	784
171	950
171	964
172	41
172	509
172	974
172	982
173	139
173	665
173	670
173	961
174	77
174	234
174	879
174	907
175	120
175	469
175	540
175	856
176	523
176	898
176	953
176	992
177	392
177	863
177	879
177	885
178	138
178	293
178	339
178	747
179	205
179	415
179	911
179	923
180	101
180	881
180	933
180	978
181	552
181	874
181	944
181	987
182	13
182	477
182	568
182	782
183	493
183	611
183	669
183	994
184	254
184	272
184	688
184	945
185	1
185	119
185	187
185	560
186	127
186	326
186	912
186	982
187	185
187	191
187	516
187	920
188	4
188	589
188	771
188	984
189	450
189	913
189	931
189	948
190	659
190	705
190	916
190	968
191	187
191	748
191	804
191	944
192	79
192	638
192	852
192	999
193	469
193	780
193	891
193	994
194	716
194	738
194	882
194	967
195	805
195	902
195	964
195	981
196	504
196	700
196	922
196	979
197	740
197	935
197	955
197	999
198	48
198	408
198	940
198	979
199	261
199	743
199	960
199	980
200	645
200	854
200	878
200	900
201	39
201	227
201	475
201	973
202	213
202	515
202	821
202	859
203	496
203	887
203	903
203	955
204	453
204	611
204	772
204	992
205	179
205	781
205	873
205	897
206	245
206	671
206	909
206	915
207	19
207	861
207	991
207	995
208	661
208	759
208	810
208	980
209	220
209	241
209	757
209	815
210	321
210	631
210	917
210	920
211	155
211	361
211	384
211	981
212	781
212	840
212	947
212	996
213	202
213	461
213	576
213	600
214	382
214	655
214	833
214	835
215	838
215	840
215	851
215	995
216	749
216	867
216	888
216	968
217	715
217	889
217	931
217	1000
218	168
218	865
218	968
218	971
219	381
219	594
219	858
219	938
220	209
220	696
220	970
220	999
221	260
221	912
221	954
221	967
222	612
222	736
222	943
222	969
223	397
223	447
223	836
223	995
224	317
224	517
224	690
224	946
225	164
225	837
225	897
225	911
226	450
226	577
226	875
226	1000
227	201
227	596
227	631
227	948
228	39
228	899
228	953
228	985
229	407
229	623
229	848
229	940
230	315
230	474
230	781
230	881
231	599
231	655
231	777
231	999
232	142
232	914
232	916
232	982
233	536
233	824
233	832
233	987
234	174
234	283
234	773
234	978
235	355
235	581
235	912
235	933
236	307
236	486
236	593
236	909
237	58
237	831
237	865
237	959
238	532
238	803
238	885
238	931
239	243
239	822
239	974
239	997
240	623
240	691
240	833
240	987
241	209
241	893
241	947
241	974
242	28
242	794
242	967
242	974
243	239
243	724
243	939
243	947
244	328
244	845
244	951
244	968
245	206
245	268
245	412
245	849
246	377
246	950
246	968
246	975
247	21
247	316
247	872
247	964
248	340
248	894
248	953
248	967
249	57
249	496
249	894
249	971
250	336
250	656
250	862
250	889
251	304
251	402
251	743
251	998
252	294
252	345
252	544
252	717
252	923
253	313
253	338
253	373
253	985
253	988
254	184
254	720
254	785
254	856
254	970
255	581
255	625
255	806
255	977
255	979
256	148
256	494
256	567
256	919
256	947
257	379
257	643
257	762
257	958
257	962
258	46
258	365
258	740
258	911
258	956
259	807
259	853
259	885
259	944
259	966
260	221
260	578
260	710
260	902
260	966
261	199
261	822
261	829
261	973
261	993
262	735
262	747
262	814
262	836
262	985
263	275
263	516
263	865
263	926
263	981
264	451
264	574
264	628
264	731
264	929
265	353
265	575
265	716
265	883
265	961
266	467
266	641
266	908
266	981
266	983
267	498
267	744
267	850
267	878
267	959
268	245
268	301
268	810
268	907
268	927
269	44
269	350
269	839
269	923
269	987
270	368
270	634
270	772
270	983
270	999
271	390
271	971
271	976
271	990
271	999
272	184
272	517
272	812
272	843
272	865
273	150
273	362
273	589
273	628
273	907
274	292
274	755
274	903
274	964
274	987
275	263
275	417
275	471
275	762
275	766
276	677
276	749
276	876
276	916
276	957
277	569
277	693
277	714
277	760
277	968
278	391
278	607
278	613
278	768
278	970
279	500
279	846
279	921
279	931
279	985
280	432
280	588
280	687
280	745
280	996
281	354
281	573
281	631
281	940
281	954
282	631
282	833
282	855
282	891
282	963
283	69
283	234
283	439
283	542
283	860
284	285
284	327
284	728
284	941
284	989
285	284
285	677
285	772
285	868
285	981
286	101
286	649
286	737
286	849
286	888
287	12
287	610
287	853
287	882
287	997
288	22
288	33
288	844
288	943
288	996
289	525
289	540
289	702
289	869
289	922
290	49
290	134
290	462
290	573
290	989
291	821
291	849
291	974
291	997
291	1000
292	47
292	274
292	312
292	987
292	993
293	178
293	404
293	862
293	892
293	986
294	252
294	962
294	966
294	972
294	995
295	578
295	824
295	879
295	888
295	899
296	38
296	739
296	951
296	984
296	986
297	420
297	833
297	907
297	966
297	998
298	718
298	738
298	868
298	955
298	956
299	388
299	601
299	607
299	625
299	940
300	43
300	105
300	587
300	679
300	984
301	69
301	268
301	332
301	849
301	924
302	453
302	467
302	597
302	787
302	886
303	2
303	473
303	731
303	793
303	963
304	251
304	369
304	468
304	904
304	935
305	506
305	775
305	825
305	948
305	984
306	159
306	355
306	476
306	974
306	992
307	54
307	236
307	465
307	854
307	962
308	11
308	96
308	117
308	963
308	973
309	32
309	363
309	877
309	895
309	925
310	369
310	459
310	653
310	943
310	977
311	109
311	600
311	800
311	936
311	964
312	292
312	408
312	564
312	659
312	761
313	253
313	678
313	687
313	810
313	837
314	608
314	624
314	689
314	780
314	870
315	230
315	735
315	895
315	940
315	976
316	247
316	636
316	928
316	970
316	999
317	224
317	777
317	783
317	794
317	835
318	422
318	499
318	550
318	667
318	892
319	122
319	603
319	625
319	959
319	974
320	509
320	782
320	785
320	822
320	867
321	210
321	776
321	820
321	882
321	951
322	24
322	42
322	678
322	679
322	987
323	540
323	831
323	905
323	959
323	970
324	135
324	606
324	919
324	958
324	967
325	436
325	596
325	799
325	938
325	960
326	23
326	186
326	574
326	994
326	998
327	284
327	698
327	812
327	976
327	987
328	244
328	699
328	743
328	795
328	924
329	153
329	698
329	905
329	947
329	984
330	648
330	902
330	930
330	944
330	979
331	376
331	530
331	822
331	918
331	945
332	51
332	301
332	750
332	893
332	938
333	52
333	691
333	844
333	915
333	964
334	711
334	909
334	927
334	965
334	997
335	394
335	601
335	772
335	797
335	876
336	29
336	250
336	409
336	965
336	987
337	571
337	801
337	843
337	863
337	967
338	253
338	420
338	760
338	831
338	930
339	91
339	178
339	570
339	951
339	958
340	248
340	415
340	773
340	789
340	988
341	524
341	645
341	847
341	939
341	947
342	725
342	889
342	909
342	986
342	1000
343	579
343	798
343	870
343	924
343	983
344	773
344	866
344	957
344	973
344	979
345	252
345	616
345	722
345	933
345	970
346	578
346	618
346	683
346	786
346	961
347	640
347	685
347	903
347	935
347	985
348	489
348	594
348	595
348	788
348	866
349	608
349	880
349	903
349	961
349	965
350	269
350	419
350	482
350	859
350	997
351	85
351	97
351	816
351	878
351	895
352	84
352	406
352	432
352	831
352	981
353	265
353	407
353	613
353	830
353	895
354	163
354	281
354	638
354	639
354	758
355	235
355	306
355	637
355	688
355	813
356	464
356	501
356	763
356	966
356	999
357	47
357	500
357	613
357	858
357	987
358	743
358	843
358	895
358	957
358	995
359	411
359	437
359	485
359	636
359	925
360	609
360	728
360	810
360	948
360	963
361	211
361	928
361	941
361	953
361	973
362	273
362	458
362	552
362	771
362	995
363	309
363	654
363	717
363	885
363	909
364	768
364	803
364	854
364	960
364	990
365	258
365	796
365	874
365	882
365	931
366	645
366	733
366	929
366	935
366	959
367	140
367	530
367	788
367	822
367	974
368	270
368	750
368	760
368	830
368	999
369	304
369	310
369	726
369	774
369	930
370	114
370	613
370	652
370	684
370	830
371	102
371	430
371	851
371	985
371	993
372	441
372	668
372	898
372	921
372	928
373	45
373	253
373	589
373	973
373	980
374	483
374	948
374	961
374	974
374	986
375	539
375	731
375	796
375	825
375	965
376	331
376	555
376	898
376	994
376	999
377	246
377	697
377	779
377	854
377	936
378	725
378	970
378	975
378	991
378	994
379	257
379	579
379	833
379	932
379	941
380	642
380	655
380	766
380	819
380	996
381	7
381	219
381	568
381	610
381	973
382	214
382	785
382	850
382	920
382	993
383	631
383	875
383	933
383	936
383	942
384	211
384	390
384	656
384	874
384	875
385	611
385	886
385	923
385	994
385	995
386	128
386	589
386	854
386	904
386	920
387	130
387	597
387	704
387	755
387	946
388	299
388	887
388	901
388	941
388	985
389	574
389	877
389	942
389	975
389	981
390	271
390	384
390	450
390	582
390	805
391	278
391	455
391	610
391	862
391	977
392	177
392	628
392	884
392	963
392	974
393	399
393	634
393	921
393	953
393	956
394	100
394	124
394	335
394	478
394	828
395	452
395	657
395	959
395	971
395	984
396	662
396	728
396	813
396	909
396	939
397	223
397	855
397	890
397	922
397	956
398	562
398	864
398	969
398	991
398	998
399	393
399	486
399	529
399	930
399	960
400	465
400	861
400	872
400	947
400	993
401	767
401	819
401	842
401	922
401	999
402	251
402	617
402	914
402	962
402	963
403	421
403	568
403	694
403	743
403	995
404	293
404	505
404	950
404	978
404	987
404	995
405	581
405	674
405	782
405	792
405	839
405	875
406	352
406	526
406	569
406	765
406	931
406	973
407	229
407	353
407	910
407	920
407	935
407	992
408	198
408	312
408	677
408	923
408	952
408	970
409	336
409	529
409	808
409	831
409	871
409	905
410	79
410	654
410	794
410	867
410	868
410	924
411	359
411	717
411	965
411	966
411	994
411	999
412	245
412	481
412	559
412	573
412	750
412	854
413	441
413	481
413	649
413	783
413	788
413	994
414	664
414	682
414	791
414	797
414	876
414	962
415	52
415	179
415	340
415	610
415	830
415	883
416	436
416	716
416	745
416	936
416	940
416	997
417	108
417	275
417	736
417	789
417	939
417	945
418	664
418	735
418	829
418	838
418	927
418	979
419	129
419	350
419	789
419	800
419	856
419	972
420	162
420	297
420	338
420	669
420	787
420	976
421	154
421	403
421	423
421	521
421	652
421	944
422	318
422	495
422	619
422	629
422	790
422	831
423	45
423	421
423	534
423	872
423	983
423	987
424	636
424	752
424	762
424	903
424	926
424	995
425	522
425	717
425	781
425	896
425	901
425	930
426	468
426	680
426	809
426	846
426	889
426	989
427	638
427	827
427	846
427	913
427	938
427	969
428	620
428	824
428	930
428	944
428	968
428	982
429	51
429	585
429	867
429	949
429	961
429	981
430	27
430	371
430	623
430	721
430	924
430	987
431	590
431	811
431	829
431	865
431	875
431	959
432	280
432	352
432	519
432	938
432	971
432	998
433	451
433	576
433	752
433	821
433	934
433	973
434	164
434	817
434	862
434	928
434	930
434	999
435	10
435	844
435	853
435	939
435	941
435	991
436	325
436	416
436	526
436	759
436	880
436	923
437	359
437	484
437	494
437	554
437	715
437	992
438	755
438	771
438	860
438	884
438	956
438	984
439	283
439	653
439	769
439	847
439	862
439	1000
440	551
440	714
440	866
440	920
440	979
440	992
441	372
441	413
441	830
441	877
441	884
441	926
442	521
442	740
442	760
442	855
442	869
442	929
443	152
443	520
443	539
443	579
443	824
443	847
444	15
444	524
444	748
444	870
444	960
444	1000
445	40
445	474
445	703
445	781
445	944
445	947
446	99
446	643
446	684
446	722
446	882
446	995
447	8
447	223
447	559
447	900
447	932
447	957
448	729
448	762
448	858
448	888
448	902
448	954
449	161
449	565
449	807
449	910
449	918
449	996
450	189
450	226
450	390
450	555
450	945
450	993
451	264
451	433
451	869
451	905
451	922
451	929
452	62
452	395
452	876
452	973
452	980
452	993
453	204
453	302
453	716
453	833
453	973
453	993
454	586
454	714
454	835
454	898
454	946
454	957
455	391
455	792
455	815
455	869
455	885
455	959
456	594
456	706
456	758
456	902
456	929
456	988
457	9
457	701
457	781
457	805
457	814
457	943
458	362
458	696
458	923
458	944
458	955
458	969
459	102
459	310
459	779
459	867
459	951
459	982
460	629
460	722
460	814
460	884
460	986
460	994
461	213
461	700
461	851
461	941
461	984
461	998
462	290
462	718
462	761
462	869
462	885
462	957
463	154
463	491
463	761
463	870
463	892
463	977
464	356
464	567
464	710
464	769
464	937
464	955
465	9
465	307
465	400
465	733
465	816
465	998
466	706
466	833
466	849
466	903
466	927
466	984
467	266
467	302
467	686
467	858
467	874
467	993
468	304
468	426
468	823
468	931
468	957
468	983
469	175
469	193
469	807
469	820
469	901
469	990
470	615
470	724
470	925
470	949
470	977
470	983
471	19
471	96
471	275
471	477
471	635
471	948
472	643
472	683
472	751
472	910
472	972
472	991
473	303
473	820
473	840
473	890
473	924
473	954
474	169
474	230
474	445
474	707
474	927
474	978
475	201
475	925
475	945
475	954
475	971
475	985
476	306
476	580
476	648
476	835
476	971
476	1000
477	37
477	182
477	471
477	523
477	695
477	966
478	394
478	527
478	601
478	706
478	916
478	990
479	606
479	777
479	943
479	950
479	994
479	999
480	19
480	42
480	590
480	593
480	985
480	989
481	412
481	413
481	902
481	910
481	945
481	971
482	350
482	587
482	827
482	904
482	907
482	932
483	6
483	374
483	634
483	687
483	882
483	949
484	437
484	665
484	851
484	899
484	967
484	994
485	359
485	823
485	826
485	873
485	897
485	997
486	236
486	399
486	510
486	539
486	964
486	974
487	160
487	838
487	908
487	914
487	962
487	974
488	537
488	677
488	782
488	989
488	990
488	1000
489	44
489	348
489	590
489	873
489	875
489	989
490	73
490	657
490	805
490	828
490	992
490	1000
491	463
491	762
491	850
491	944
491	982
491	988
492	59
492	585
492	669
492	849
492	959
492	964
493	183
493	665
493	707
493	962
493	985
493	997
494	256
494	437
494	632
494	836
494	942
494	943
495	58
495	422
495	530
495	936
495	988
495	992
496	203
496	249
496	706
496	814
496	902
496	914
497	31
497	701
497	705
497	766
497	821
497	957
498	267
498	651
498	774
498	926
498	979
498	1000
499	318
499	544
499	673
499	794
499	926
499	952
500	6
500	279
500	357
500	754
500	839
500	921
501	356
501	617
501	840
501	888
501	898
501	913
502	607
502	667
502	668
502	782
502	950
502	997
503	673
503	718
503	747
503	838
503	863
503	978
504	196
504	605
504	647
504	758
504	793
504	918
505	404
505	601
505	756
505	868
505	972
505	987
506	16
506	143
506	305
506	936
506	987
506	993
507	46
507	641
507	780
507	826
507	893
507	913
508	646
508	759
508	825
508	911
508	940
508	983
509	172
509	320
509	605
509	776
509	954
509	976
509	988
510	486
510	640
510	745
510	782
510	783
510	846
510	848
511	106
511	565
511	594
511	748
511	850
511	995
511	997
512	515
512	655
512	819
512	853
512	912
512	998
512	1000
513	552
513	605
513	741
513	742
513	958
513	961
513	965
514	607
514	851
514	913
514	917
514	954
514	957
514	989
515	61
515	202
515	512
515	699
515	931
515	977
515	990
516	187
516	263
516	539
516	845
516	887
516	914
516	916
517	224
517	272
517	593
517	803
517	887
517	952
517	987
518	20
518	651
518	696
518	719
518	907
518	931
518	940
519	144
519	432
519	626
519	855
519	971
519	979
519	991
520	443
520	525
520	856
520	874
520	976
520	991
520	995
521	50
521	421
521	442
521	866
521	939
521	989
521	993
522	11
522	425
522	541
522	557
522	667
522	923
522	972
523	113
523	176
523	477
523	756
523	862
523	869
523	930
524	81
524	341
524	444
524	906
524	949
524	978
524	982
525	289
525	520
525	542
525	646
525	939
525	965
525	988
526	79
526	406
526	436
526	545
526	877
526	919
526	963
527	478
527	546
527	769
527	851
527	879
527	943
527	1000
528	20
528	719
528	842
528	859
528	900
528	926
528	989
529	80
529	399
529	409
529	727
529	737
529	931
529	979
530	331
530	367
530	495
530	562
530	632
530	931
530	956
531	50
531	158
531	783
531	847
531	862
531	872
531	992
532	75
532	162
532	238
532	627
532	744
532	788
532	946
533	75
533	123
533	151
533	846
533	871
533	937
533	979
534	423
534	671
534	737
534	833
534	846
534	868
534	933
535	11
535	597
535	752
535	773
535	847
535	897
535	937
536	161
536	233
536	658
536	798
536	908
536	926
536	990
537	25
537	488
537	590
537	770
537	775
537	915
537	953
538	578
538	788
538	851
538	928
538	976
538	994
538	995
539	375
539	443
539	486
539	516
539	653
539	830
539	926
540	94
540	175
540	289
540	323
540	745
540	874
540	967
541	522
541	751
541	754
541	768
541	856
541	873
541	990
542	283
542	525
542	726
542	896
542	906
542	950
542	975
543	610
543	666
543	711
543	799
543	843
543	926
543	951
544	252
544	499
544	649
544	768
544	837
544	932
544	954
545	526
545	669
545	730
545	867
545	870
545	898
545	995
546	527
546	598
546	652
546	743
546	896
546	919
546	981
547	43
547	551
547	593
547	595
547	663
547	910
547	933
548	83
548	671
548	803
548	811
548	890
548	960
548	992
549	50
549	705
549	797
549	891
549	941
549	976
549	980
550	318
550	601
550	941
550	954
550	964
550	981
550	990
551	130
551	440
551	547
551	843
551	885
551	929
551	994
552	181
552	362
552	513
552	576
552	586
552	887
552	994
553	692
553	746
553	761
553	942
553	946
553	952
553	960
554	96
554	437
554	637
554	840
554	948
554	960
554	974
555	153
555	376
555	450
555	827
555	828
555	944
555	947
556	107
556	706
556	786
556	901
556	907
556	926
556	995
557	522
557	566
557	910
557	937
557	939
557	956
557	962
558	560
558	571
558	790
558	802
558	809
558	966
558	968
559	412
559	447
559	620
559	673
559	935
559	936
559	942
560	95
560	185
560	558
560	710
560	948
560	980
560	986
561	124
561	144
561	563
561	621
561	713
561	901
561	938
562	398
562	530
562	580
562	675
562	699
562	917
562	956
563	561
563	738
563	744
563	845
563	919
563	977
563	994
564	312
564	746
564	749
564	890
564	927
564	943
564	963
565	449
565	511
565	787
565	828
565	919
565	935
565	996
566	137
566	557
566	601
566	870
566	933
566	939
566	973
567	256
567	464
567	715
567	827
567	836
567	937
567	946
568	182
568	381
568	403
568	758
568	839
568	871
568	934
569	277
569	406
569	590
569	626
569	791
569	878
569	999
570	339
570	611
570	752
570	758
570	802
570	811
570	971
571	337
571	558
571	702
571	813
571	896
571	910
571	917
572	74
572	652
572	741
572	853
572	880
572	886
572	983
573	65
573	281
573	290
573	412
573	609
573	745
573	924
574	264
574	326
574	389
574	659
574	662
574	913
574	942
574	957
575	265
575	633
575	682
575	865
575	895
575	900
575	902
575	933
576	213
576	433
576	552
576	581
576	668
576	844
576	949
576	958
577	35
577	36
577	132
577	226
577	853
577	915
577	971
577	977
578	260
578	295
578	346
578	538
578	829
578	836
578	928
578	988
579	343
579	379
579	443
579	753
579	756
579	797
579	805
579	925
580	476
580	562
580	832
580	929
580	979
580	982
580	988
580	997
581	235
581	255
581	405
581	576
581	713
581	956
581	966
581	973
582	390
582	679
582	742
582	876
582	937
582	964
582	979
582	986
583	792
583	846
583	872
583	882
583	908
583	936
583	967
583	992
584	585
584	588
584	809
584	815
584	838
584	849
584	898
584	962
585	127
585	429
585	492
585	584
585	602
585	756
585	777
585	877
586	26
586	454
586	552
586	706
586	744
586	750
586	848
586	929
587	300
587	482
587	776
587	842
587	850
587	870
587	922
587	987
588	280
588	584
588	735
588	896
588	920
588	963
588	982
588	986
589	6
589	188
589	273
589	373
589	386
589	628
589	685
589	927
590	431
590	480
590	489
590	537
590	569
590	739
590	824
590	918
591	19
591	64
591	149
591	622
591	800
591	840
591	954
591	985
592	654
592	683
592	864
592	894
592	946
592	952
592	974
592	979
593	45
593	236
593	480
593	517
593	547
593	610
593	988
593	998
594	146
594	219
594	348
594	456
594	511
594	602
594	881
594	884
595	76
595	103
595	348
595	547
595	794
595	845
595	989
595	998
596	227
596	325
596	688
596	785
596	891
596	895
596	917
596	998
597	30
597	159
597	302
597	387
597	535
597	602
597	857
597	962
598	90
598	165
598	546
598	640
598	658
598	818
598	895
598	958
599	60
599	171
599	231
599	720
599	731
599	875
599	977
599	992
600	81
600	213
600	311
600	612
600	664
600	777
600	933
600	978
601	166
601	299
601	335
601	478
601	505
601	550
601	566
601	827
602	585
602	594
602	597
602	624
602	635
602	827
602	938
602	950
603	319
603	755
603	881
603	924
603	949
603	969
603	984
603	994
604	44
604	121
604	129
604	134
604	661
604	685
604	800
604	914
605	504
605	509
605	513
605	847
605	882
605	942
605	990
605	992
606	68
606	324
606	479
606	712
606	788
606	931
606	970
606	1000
607	278
607	299
607	502
607	514
607	790
607	869
607	892
607	935
608	314
608	349
608	694
608	837
608	867
608	872
608	873
608	947
609	53
609	360
609	573
609	618
609	625
609	734
609	756
609	949
610	287
610	381
610	391
610	415
610	543
610	593
610	701
610	919
611	183
611	204
611	385
611	570
611	691
611	712
611	879
611	961
612	25
612	222
612	600
612	630
612	637
612	751
612	980
612	998
613	278
613	353
613	357
613	370
613	849
613	951
613	978
613	980
614	685
614	753
614	817
614	821
614	879
614	923
614	931
614	978
615	470
615	705
615	732
615	820
615	855
615	917
615	961
615	982
616	345
616	721
616	724
616	826
616	938
616	993
616	994
616	996
617	86
617	402
617	501
617	775
617	862
617	906
617	947
617	953
618	22
618	102
618	346
618	609
618	684
618	822
618	830
618	963
619	167
619	422
619	713
619	719
619	777
619	949
619	966
619	976
620	428
620	559
620	719
620	741
620	941
620	958
620	967
620	994
621	91
621	561
621	732
621	773
621	808
621	814
621	928
621	965
622	30
622	591
622	670
622	793
622	838
622	932
622	946
622	1000
623	229
623	240
623	430
623	698
623	734
623	835
623	899
623	987
624	314
624	602
624	755
624	809
624	876
624	946
624	973
624	983
625	255
625	299
625	319
625	609
625	629
625	728
625	856
625	918
626	519
626	569
626	690
626	774
626	903
626	904
626	950
626	958
627	36
627	48
627	532
627	640
627	698
627	753
627	871
627	884
628	264
628	273
628	392
628	589
628	667
628	792
628	809
628	992
629	422
629	460
629	625
629	705
629	899
629	913
629	929
629	941
630	135
630	612
630	713
630	714
630	729
630	768
630	900
630	989
631	210
631	227
631	281
631	282
631	383
631	701
631	742
631	871
632	494
632	530
632	861
632	926
632	929
632	955
632	970
632	988
633	167
633	575
633	707
633	757
633	792
633	879
633	903
633	918
633	990
634	270
634	393
634	483
634	861
634	878
634	951
634	981
634	989
634	993
635	40
635	53
635	471
635	602
635	927
635	948
635	986
635	992
635	997
636	316
636	359
636	424
636	779
636	808
636	841
636	925
636	970
636	976
637	130
637	355
637	554
637	612
637	793
637	859
637	887
637	969
637	985
638	17
638	192
638	354
638	427
638	787
638	859
638	865
638	959
638	989
639	354
639	657
639	762
639	863
639	879
639	962
639	989
639	997
639	1000
640	347
640	510
640	598
640	627
640	876
640	888
640	941
640	984
640	987
641	266
641	507
641	671
641	730
641	794
641	847
641	910
641	945
641	996
642	380
642	742
642	757
642	836
642	863
642	910
642	945
642	958
642	973
643	257
643	446
643	472
643	734
643	794
643	864
643	902
643	986
643	988
644	744
644	830
644	880
644	894
644	950
644	961
644	967
644	973
644	980
645	200
645	341
645	366
645	796
645	816
645	904
645	911
645	964
645	968
646	150
646	508
646	525
646	772
646	852
646	864
646	892
646	900
646	976
647	162
647	504
647	696
647	707
647	812
647	824
647	849
647	879
647	889
648	330
648	476
648	718
648	779
648	784
648	899
648	952
648	978
648	993
649	35
649	286
649	413
649	544
649	731
649	740
649	809
649	871
649	903
650	709
650	868
650	886
650	916
650	921
650	975
650	992
650	997
650	1000
651	13
651	498
651	518
651	692
651	802
651	859
651	864
651	937
651	950
652	370
652	421
652	546
652	572
652	657
652	867
652	951
652	993
652	999
653	118
653	310
653	439
653	539
653	659
653	820
653	886
653	909
653	996
654	363
654	410
654	592
654	703
654	738
654	767
654	907
654	978
654	988
655	214
655	231
655	380
655	512
655	662
655	674
655	984
655	990
655	991
656	58
656	250
656	384
656	762
656	769
656	866
656	936
656	939
656	973
657	395
657	490
657	639
657	652
657	776
657	947
657	959
657	982
657	995
658	536
658	598
658	699
658	736
658	877
658	950
658	979
658	989
658	991
659	190
659	312
659	574
659	653
659	808
659	870
659	904
659	982
659	989
660	7
660	694
660	734
660	791
660	870
660	915
660	933
660	943
660	970
661	40
661	76
661	111
661	208
661	604
661	831
661	879
661	934
661	984
662	396
662	574
662	655
662	889
662	932
662	934
662	965
662	975
662	982
663	547
663	685
663	871
663	881
663	890
663	915
663	919
663	920
663	993
664	414
664	418
664	600
664	689
664	705
664	708
664	711
664	880
664	948
665	173
665	484
665	493
665	776
665	827
665	837
665	934
665	988
665	998
666	543
666	690
666	797
666	833
666	845
666	893
666	908
666	962
666	991
667	318
667	502
667	522
667	628
667	811
667	835
667	861
667	928
667	949
668	372
668	502
668	576
668	695
668	798
668	832
668	848
668	908
668	914
669	183
669	420
669	492
669	545
669	751
669	898
669	965
669	971
669	994
670	173
670	622
670	686
670	792
670	841
670	859
670	870
670	932
670	988
671	206
671	534
671	548
671	641
671	715
671	765
671	926
671	978
671	996
672	31
672	777
672	886
672	891
672	894
672	933
672	965
672	973
672	977
673	131
673	499
673	503
673	559
673	707
673	935
673	944
673	972
673	975
674	140
674	405
674	655
674	868
674	903
674	916
674	920
674	933
674	955
675	562
675	712
675	869
675	892
675	916
675	922
675	936
675	946
675	955
676	789
676	796
676	900
676	917
676	941
676	956
676	967
676	981
676	996
677	16
677	25
677	276
677	285
677	408
677	488
677	697
677	815
677	995
678	99
678	313
678	322
678	857
678	874
678	899
678	925
678	963
678	999
679	87
679	300
679	322
679	582
679	894
679	917
679	959
679	971
679	1000
680	426
680	749
680	894
680	938
680	942
680	982
680	983
680	993
680	1000
681	18
681	160
681	785
681	822
681	850
681	861
681	954
681	960
681	972
682	2
682	414
682	575
682	826
682	837
682	858
682	921
682	977
682	978
683	3
683	346
683	472
683	592
683	731
683	851
683	900
683	927
683	945
683	989
684	65
684	370
684	446
684	618
684	896
684	914
684	936
684	946
684	961
684	969
685	347
685	589
685	604
685	614
685	663
685	776
685	817
685	833
685	836
685	908
686	467
686	670
686	807
686	811
686	879
686	885
686	902
686	927
686	934
686	940
687	280
687	313
687	483
687	737
687	877
687	916
687	923
687	928
687	952
687	963
688	184
688	355
688	596
688	721
688	796
688	835
688	904
688	915
688	962
688	988
689	314
689	664
689	727
689	759
689	767
689	813
689	821
689	907
689	924
689	934
690	224
690	626
690	666
690	814
690	863
690	875
690	896
690	897
690	952
690	955
691	240
691	333
691	611
691	908
691	935
691	938
691	949
691	958
691	985
691	991
692	109
692	170
692	553
692	651
692	699
692	768
692	870
692	909
692	937
692	974
693	102
693	277
693	702
693	718
693	780
693	782
693	966
693	983
693	992
693	993
694	403
694	608
694	660
694	703
694	847
694	872
694	876
694	889
694	918
694	980
695	121
695	477
695	668
695	711
695	898
695	911
695	920
695	924
695	946
695	986
696	80
696	220
696	458
696	518
696	647
696	786
696	790
696	832
696	956
696	977
697	16
697	61
697	377
697	677
697	716
697	738
697	741
697	881
697	959
697	971
698	61
698	327
698	329
698	623
698	627
698	699
698	804
698	812
698	883
698	897
699	328
699	515
699	562
699	658
699	692
699	698
699	949
699	951
699	967
699	996
700	196
700	461
700	709
700	715
700	865
700	907
700	908
700	948
700	956
700	997
701	457
701	497
701	610
701	631
701	743
701	751
701	824
701	925
701	957
701	1000
702	289
702	571
702	693
702	786
702	826
702	833
702	926
702	938
702	955
702	994
703	445
703	654
703	694
703	730
703	770
703	856
703	871
703	947
703	969
703	977
704	91
704	387
704	761
704	773
704	880
704	895
704	924
704	926
704	953
704	977
705	134
705	190
705	497
705	549
705	615
705	629
705	664
705	751
705	789
705	897
706	456
706	466
706	478
706	496
706	556
706	586
706	888
706	924
706	979
706	986
707	27
707	474
707	493
707	633
707	647
707	673
707	737
707	826
707	887
707	944
708	664
708	757
708	806
708	863
708	888
708	936
708	941
708	964
708	972
708	990
709	59
709	650
709	700
709	735
709	746
709	771
709	794
709	939
709	990
709	995
710	260
710	464
710	560
710	829
710	875
710	916
710	965
710	973
710	986
710	989
711	334
711	543
711	664
711	695
711	854
711	867
711	917
711	957
711	960
711	965
712	126
712	606
712	611
712	675
712	720
712	855
712	934
712	961
712	982
712	995
713	124
713	561
713	581
713	619
713	630
713	714
713	782
713	861
713	979
713	980
714	277
714	440
714	454
714	630
714	713
714	757
714	869
714	949
714	954
714	998
715	122
715	217
715	437
715	567
715	671
715	700
715	846
715	854
715	891
715	923
716	194
716	265
716	416
716	453
716	697
716	801
716	927
716	930
716	933
716	997
717	252
717	363
717	411
717	425
717	752
717	769
717	885
717	910
717	936
717	941
718	93
718	298
718	462
718	503
718	648
718	693
718	837
718	881
718	913
718	919
718	971
719	169
719	518
719	528
719	619
719	620
719	773
719	797
719	922
719	944
719	968
719	991
720	167
720	254
720	599
720	712
720	800
720	810
720	849
720	957
720	982
720	983
720	994
721	430
721	616
721	688
721	863
721	877
721	910
721	954
721	979
721	981
721	987
721	996
722	345
722	446
722	460
722	778
722	810
722	819
722	905
722	927
722	984
722	991
722	995
723	739
723	784
723	873
723	907
723	938
723	947
723	969
723	972
723	986
723	991
723	998
724	243
724	470
724	616
724	753
724	799
724	826
724	877
724	893
724	894
724	914
724	997
725	88
725	170
725	342
725	378
725	779
725	819
725	890
725	911
725	941
725	956
725	964
726	369
726	542
726	737
726	796
726	824
726	834
726	910
726	964
726	977
726	997
726	998
727	529
727	689
727	734
727	792
727	859
727	866
727	867
727	875
727	925
727	948
727	1000
728	284
728	360
728	396
728	625
728	763
728	902
728	928
728	968
728	986
728	996
728	998
729	66
729	448
729	630
729	769
729	797
729	875
729	884
729	894
729	913
729	955
729	971
730	134
730	545
730	641
730	703
730	791
730	848
730	860
730	944
730	965
730	976
730	990
731	264
731	303
731	375
731	599
731	649
731	683
731	916
731	943
731	947
731	951
731	987
732	12
732	615
732	621
732	739
732	757
732	857
732	869
732	896
732	931
732	957
732	965
733	366
733	465
733	764
733	804
733	858
733	865
733	915
733	924
733	941
733	964
733	997
734	609
734	623
734	643
734	660
734	727
734	892
734	899
734	923
734	935
734	976
734	980
735	262
735	315
735	418
735	588
735	709
735	778
735	795
735	852
735	867
735	933
735	986
736	222
736	417
736	658
736	741
736	843
736	892
736	930
736	982
736	988
736	997
736	1000
737	4
737	286
737	529
737	534
737	687
737	707
737	726
737	845
737	893
737	979
737	985
738	194
738	298
738	563
738	654
738	697
738	818
738	843
738	867
738	902
738	928
738	993
739	296
739	590
739	723
739	732
739	855
739	889
739	893
739	931
739	953
739	971
739	993
740	88
740	197
740	258
740	442
740	649
740	766
740	806
740	856
740	951
740	996
740	999
741	513
741	572
741	620
741	697
741	736
741	783
741	901
741	929
741	937
741	956
741	967
742	92
742	135
742	513
742	582
742	631
742	642
742	784
742	870
742	965
742	968
742	987
743	68
743	199
743	251
743	328
743	358
743	403
743	546
743	701
743	860
743	882
743	1000
744	267
744	532
744	563
744	586
744	644
744	808
744	829
744	840
744	881
744	970
744	984
745	280
745	416
745	510
745	540
745	573
745	887
745	916
745	921
745	935
745	948
745	980
746	75
746	553
746	564
746	709
746	778
746	911
746	917
746	930
746	932
746	948
746	991
747	5
747	37
747	178
747	262
747	503
747	766
747	801
747	820
747	834
747	846
747	850
747	997
748	191
748	444
748	511
748	835
748	851
748	909
748	911
748	963
748	967
748	978
748	982
748	991
749	216
749	276
749	564
749	680
749	793
749	813
749	815
749	844
749	852
749	886
749	972
749	983
750	332
750	368
750	412
750	586
750	755
750	798
750	821
750	912
750	951
750	956
750	977
750	989
751	63
751	66
751	472
751	541
751	612
751	669
751	701
751	705
751	857
751	905
751	946
751	979
752	91
752	424
752	433
752	535
752	570
752	717
752	798
752	930
752	955
752	958
752	970
752	996
753	86
753	579
753	614
753	627
753	724
753	784
753	826
753	854
753	870
753	971
753	980
753	984
754	76
754	125
754	131
754	500
754	541
754	795
754	824
754	836
754	848
754	876
754	904
754	950
755	49
755	274
755	387
755	438
755	603
755	624
755	750
755	826
755	864
755	876
755	889
755	904
756	69
756	136
756	505
756	523
756	579
756	585
756	609
756	814
756	870
756	901
756	916
756	980
757	86
757	209
757	633
757	642
757	708
757	714
757	732
757	793
757	856
757	866
757	880
757	995
758	354
758	456
758	504
758	568
758	570
758	777
758	804
758	818
758	824
758	943
758	945
758	984
759	208
759	436
759	508
759	689
759	766
759	856
759	878
759	904
759	916
759	928
759	945
759	962
760	114
760	277
760	338
760	368
760	442
760	883
760	912
760	915
760	983
760	989
760	999
760	1000
761	312
761	462
761	463
761	553
761	704
761	818
761	829
761	840
761	893
761	941
761	951
761	971
762	29
762	158
762	257
762	275
762	424
762	448
762	491
762	639
762	656
762	786
762	863
762	908
763	356
763	728
763	767
763	778
763	795
763	827
763	880
763	889
763	940
763	945
763	963
763	985
764	733
764	776
764	792
764	818
764	820
764	834
764	857
764	916
764	926
764	936
764	990
764	996
765	406
765	671
765	796
765	808
765	816
765	842
765	854
765	869
765	977
765	984
765	998
765	999
766	60
766	275
766	380
766	497
766	740
766	747
766	759
766	780
766	882
766	914
766	952
766	974
767	401
767	654
767	689
767	763
767	806
767	881
767	924
767	925
767	933
767	937
767	952
767	968
768	278
768	364
768	541
768	544
768	630
768	692
768	790
768	855
768	960
768	972
768	979
768	980
769	439
769	464
769	527
769	656
769	717
769	729
769	792
769	897
769	935
769	959
769	976
769	988
770	168
770	537
770	703
770	805
770	850
770	853
770	864
770	866
770	895
770	918
770	997
770	1000
771	3
771	104
771	155
771	188
771	362
771	438
771	709
771	801
771	871
771	884
771	887
771	985
771	993
772	149
772	151
772	165
772	204
772	270
772	285
772	335
772	646
772	776
772	919
772	920
772	983
772	990
773	147
773	234
773	340
773	344
773	535
773	621
773	704
773	719
773	811
773	840
773	852
773	907
773	981
774	9
774	84
774	137
774	145
774	369
774	498
774	626
774	865
774	912
774	920
774	933
774	938
774	997
775	35
775	305
775	537
775	617
775	812
775	817
775	891
775	903
775	927
775	934
775	972
775	973
775	986
776	321
776	509
776	587
776	657
776	665
776	685
776	764
776	772
776	814
776	819
776	834
776	912
776	946
777	231
777	317
777	479
777	585
777	600
777	619
777	672
777	758
777	800
777	930
777	969
777	978
777	999
778	147
778	722
778	735
778	746
778	763
778	815
778	819
778	835
778	914
778	965
778	993
778	997
778	999
779	103
779	377
779	459
779	636
779	648
779	725
779	816
779	820
779	877
779	888
779	905
779	909
779	946
780	193
780	314
780	507
780	693
780	766
780	803
780	855
780	856
780	884
780	937
780	951
780	952
780	956
781	121
781	131
781	205
781	212
781	230
781	425
781	445
781	457
781	899
781	900
781	953
781	969
781	975
782	24
782	182
782	320
782	405
782	488
782	502
782	510
782	693
782	713
782	811
782	833
782	922
782	946
783	317
783	413
783	510
783	531
783	741
783	848
783	867
783	885
783	942
783	953
783	960
783	977
783	998
784	7
784	32
784	171
784	648
784	723
784	742
784	753
784	788
784	812
784	982
784	994
784	996
784	999
785	254
785	320
785	382
785	596
785	681
785	847
785	849
785	917
785	927
785	965
785	982
785	992
785	997
786	117
786	346
786	556
786	696
786	702
786	762
786	856
786	863
786	891
786	897
786	930
786	969
786	971
787	302
787	420
787	565
787	638
787	807
787	842
787	885
787	902
787	920
787	921
787	927
787	991
787	995
788	9
788	23
788	126
788	348
788	367
788	413
788	532
788	538
788	606
788	784
788	818
788	935
788	992
789	340
789	417
789	419
789	676
789	705
789	823
789	847
789	866
789	876
789	928
789	940
789	993
789	998
790	5
790	90
790	422
790	558
790	607
790	696
790	768
790	821
790	874
790	921
790	925
790	967
790	997
791	156
791	414
791	569
791	660
791	730
791	860
791	875
791	937
791	940
791	961
791	968
791	983
791	988
791	989
792	41
792	405
792	455
792	583
792	628
792	633
792	670
792	727
792	764
792	769
792	865
792	939
792	976
792	986
793	70
793	303
793	504
793	622
793	637
793	749
793	757
793	842
793	867
793	892
793	924
793	947
793	959
793	1000
794	23
794	242
794	317
794	410
794	499
794	595
794	641
794	643
794	709
794	944
794	977
794	982
794	987
794	995
795	328
795	735
795	754
795	763
795	857
795	880
795	888
795	889
795	899
795	908
795	918
795	948
795	962
795	993
796	365
796	375
796	645
796	676
796	688
796	726
796	765
796	800
796	805
796	873
796	900
796	939
796	941
796	972
797	52
797	158
797	335
797	414
797	549
797	579
797	666
797	719
797	729
797	802
797	862
797	921
797	957
797	968
798	23
798	343
798	536
798	668
798	750
798	752
798	825
798	839
798	880
798	945
798	949
798	952
798	955
798	971
799	130
799	325
799	543
799	724
799	809
799	848
799	905
799	917
799	944
799	947
799	953
799	970
799	996
799	998
800	114
800	311
800	419
800	591
800	604
800	720
800	777
800	796
800	813
800	821
800	844
800	917
800	995
800	998
801	31
801	34
801	337
801	716
801	747
801	771
801	823
801	921
801	948
801	966
801	969
801	974
801	987
801	988
802	152
802	558
802	570
802	651
802	797
802	879
802	908
802	911
802	931
802	946
802	975
802	983
802	987
802	991
803	5
803	238
803	364
803	517
803	548
803	780
803	815
803	842
803	847
803	936
803	966
803	968
803	974
803	993
804	12
804	191
804	698
804	733
804	758
804	840
804	867
804	878
804	927
804	959
804	960
804	969
804	971
804	993
805	64
805	115
805	195
805	390
805	457
805	490
805	579
805	770
805	796
805	879
805	887
805	891
805	997
805	998
806	255
806	708
806	740
806	767
806	838
806	841
806	881
806	923
806	957
806	964
806	966
806	973
806	993
806	999
807	259
807	449
807	469
807	686
807	787
807	826
807	871
807	934
807	937
807	942
807	976
807	980
807	989
807	991
808	48
808	409
808	621
808	636
808	659
808	744
808	765
808	824
808	845
808	898
808	906
808	932
808	959
808	989
809	82
809	143
809	426
809	558
809	584
809	624
809	628
809	649
809	799
809	832
809	850
809	895
809	980
809	984
810	208
810	268
810	313
810	360
810	720
810	722
810	836
810	850
810	873
810	894
810	938
810	939
810	944
810	957
810	962
811	57
811	108
811	431
811	548
811	570
811	667
811	686
811	773
811	782
811	828
811	873
811	878
811	940
811	947
811	993
812	41
812	272
812	327
812	647
812	698
812	775
812	784
812	825
812	841
812	853
812	955
812	966
812	973
812	977
812	982
813	30
813	355
813	396
813	571
813	689
813	749
813	800
813	870
813	882
813	891
813	911
813	931
813	941
813	961
813	1000
814	125
814	262
814	457
814	460
814	496
814	621
814	690
814	756
814	776
814	826
814	922
814	932
814	966
814	970
814	978
815	209
815	455
815	584
815	677
815	749
815	778
815	803
815	836
815	842
815	858
815	919
815	934
815	945
815	978
815	990
816	83
816	351
816	465
816	645
816	765
816	779
816	859
816	891
816	913
816	935
816	970
816	981
816	983
816	990
816	991
817	434
817	614
817	685
817	775
817	824
817	843
817	887
817	895
817	906
817	919
817	938
817	942
817	958
817	980
817	985
818	28
818	141
818	598
818	738
818	758
818	761
818	764
818	788
818	822
818	848
818	897
818	903
818	959
818	967
818	979
819	70
819	380
819	401
819	512
819	722
819	725
819	776
819	778
819	898
819	918
819	957
819	963
819	970
819	987
819	994
820	103
820	321
820	469
820	473
820	615
820	653
820	747
820	764
820	779
820	942
820	946
820	951
820	978
820	994
820	1000
821	8
821	15
821	202
821	291
821	433
821	497
821	614
821	689
821	750
821	790
821	800
821	954
821	968
821	969
821	980
822	239
822	261
822	320
822	331
822	367
822	618
822	681
822	818
822	835
822	868
822	897
822	905
822	964
822	986
822	996
823	88
823	468
823	485
823	789
823	801
823	850
823	852
823	880
823	883
823	913
823	915
823	918
823	933
823	966
823	967
824	233
824	295
824	428
824	443
824	590
824	647
824	701
824	726
824	754
824	758
824	808
824	817
824	882
824	936
824	979
825	153
825	305
825	375
825	508
825	798
825	812
825	850
825	862
825	889
825	895
825	896
825	929
825	937
825	950
825	963
825	998
826	63
826	150
826	485
826	507
826	616
826	682
826	702
826	707
826	724
826	753
826	755
826	807
826	814
826	899
826	925
826	956
827	89
827	427
827	482
827	555
827	567
827	601
827	602
827	665
827	763
827	861
827	951
827	990
827	991
827	995
827	996
827	1000
828	117
828	170
828	394
828	490
828	555
828	565
828	811
828	854
828	910
828	927
828	936
828	957
828	968
828	976
828	986
828	994
829	78
829	261
829	418
829	431
829	578
829	710
829	744
829	761
829	845
829	863
829	948
829	952
829	954
829	965
829	996
829	997
830	32
830	353
830	368
830	370
830	415
830	441
830	539
830	618
830	644
830	832
830	918
830	953
830	984
830	991
830	997
830	999
831	100
831	237
831	323
831	338
831	352
831	409
831	422
831	661
831	843
831	913
831	921
831	938
831	941
831	959
831	986
831	994
832	95
832	98
832	107
832	233
832	580
832	668
832	696
832	809
832	830
832	843
832	863
832	881
832	944
832	967
832	989
832	1000
833	39
833	214
833	240
833	282
833	297
833	379
833	453
833	466
833	534
833	666
833	685
833	702
833	782
833	861
833	932
833	935
834	152
834	158
834	726
834	747
834	764
834	776
834	858
834	880
834	881
834	905
834	909
834	933
834	948
834	990
834	992
834	995
835	73
835	214
835	317
835	454
835	476
835	623
835	667
835	688
835	748
835	778
835	822
835	923
835	934
835	971
835	976
835	998
836	94
836	223
836	262
836	494
836	567
836	578
836	642
836	685
836	754
836	810
836	815
836	890
836	903
836	953
836	956
836	963
836	967
837	28
837	76
837	111
837	112
837	116
837	225
837	313
837	544
837	608
837	665
837	682
837	718
837	873
837	882
837	919
837	932
837	997
838	92
838	215
838	418
838	487
838	503
838	584
838	622
838	806
838	849
838	884
838	895
838	897
838	912
838	958
838	990
838	993
838	996
839	13
839	137
839	152
839	157
839	269
839	405
839	500
839	568
839	798
839	858
839	868
839	894
839	914
839	920
839	954
839	965
839	984
840	55
840	212
840	215
840	473
840	501
840	554
840	591
840	744
840	761
840	773
840	804
840	842
840	949
840	963
840	966
840	987
840	993
841	636
841	670
841	806
841	812
841	849
841	861
841	875
841	893
841	907
841	934
841	965
841	977
841	983
841	990
841	994
841	998
841	1000
842	129
842	161
842	401
842	528
842	587
842	765
842	787
842	793
842	803
842	815
842	840
842	873
842	910
842	956
842	972
842	994
842	1000
843	272
843	337
843	358
843	543
843	551
843	736
843	738
843	817
843	831
843	832
843	870
843	890
843	935
843	948
843	974
843	977
843	988
844	136
844	288
844	333
844	435
844	576
844	749
844	800
844	869
844	892
844	911
844	946
844	955
844	958
844	964
844	974
844	976
844	991
845	94
845	128
845	244
845	516
845	563
845	595
845	666
845	737
845	808
845	829
845	900
845	905
845	925
845	938
845	952
845	958
845	963
846	116
846	279
846	426
846	427
846	510
846	533
846	534
846	583
846	715
846	747
846	853
846	859
846	874
846	899
846	943
846	953
846	1000
847	26
847	86
847	341
847	439
847	443
847	531
847	535
847	605
847	641
847	694
847	785
847	789
847	803
847	926
847	954
847	972
847	983
848	93
848	229
848	510
848	586
848	668
848	730
848	754
848	783
848	799
848	818
848	869
848	888
848	929
848	931
848	945
848	975
848	996
849	133
849	245
849	286
849	291
849	301
849	466
849	492
849	584
849	613
849	647
849	720
849	785
849	838
849	841
849	867
849	872
849	972
849	984
850	267
850	382
850	491
850	511
850	587
850	681
850	747
850	770
850	809
850	810
850	823
850	825
850	857
850	911
850	955
850	979
850	981
850	990
851	10
851	95
851	215
851	371
851	461
851	484
851	514
851	527
851	538
851	683
851	748
851	857
851	860
851	924
851	982
851	986
851	990
851	991
852	83
852	192
852	646
852	735
852	749
852	773
852	823
852	889
852	917
852	956
852	958
852	960
852	969
852	972
852	994
852	996
852	997
852	998
853	103
853	132
853	259
853	287
853	435
853	512
853	572
853	577
853	770
853	812
853	846
853	889
853	898
853	902
853	907
853	934
853	963
853	965
853	974
854	200
854	307
854	364
854	377
854	386
854	412
854	711
854	715
854	753
854	765
854	828
854	881
854	884
854	886
854	908
854	914
854	921
854	954
854	978
855	32
855	282
855	397
855	442
855	519
855	615
855	712
855	739
855	768
855	780
855	860
855	864
855	887
855	889
855	891
855	902
855	903
855	909
855	912
856	175
856	254
856	419
856	520
856	541
856	625
856	703
856	740
856	757
856	759
856	780
856	786
856	859
856	875
856	901
856	925
856	936
856	955
856	978
857	49
857	597
857	678
857	732
857	751
857	764
857	795
857	850
857	851
857	895
857	897
857	945
857	948
857	959
857	969
857	985
857	989
857	994
857	998
858	219
858	357
858	448
858	467
858	682
858	733
858	815
858	834
858	839
858	873
858	876
858	891
858	906
858	919
858	922
858	958
858	971
858	982
858	985
859	34
859	56
859	202
859	350
859	528
859	637
859	638
859	651
859	670
859	727
859	816
859	846
859	856
859	896
859	947
859	972
859	981
859	997
859	998
860	112
860	140
860	283
860	438
860	730
860	743
860	791
860	851
860	855
860	886
860	915
860	939
860	941
860	959
860	961
860	969
860	975
860	989
860	992
861	89
861	207
861	400
861	632
861	634
861	667
861	681
861	713
861	827
861	833
861	841
861	872
861	894
861	925
861	972
861	984
861	991
861	998
861	999
862	125
862	147
862	250
862	293
862	391
862	434
862	439
862	523
862	531
862	617
862	797
862	825
862	873
862	943
862	949
862	952
862	981
862	992
862	996
863	62
863	177
863	337
863	503
863	639
863	642
863	690
863	708
863	721
863	762
863	786
863	829
863	832
863	893
863	959
863	972
863	985
863	991
863	997
864	8
864	59
864	82
864	119
864	137
864	398
864	592
864	643
864	646
864	651
864	755
864	770
864	855
864	893
864	898
864	907
864	909
864	922
864	949
864	955
865	14
865	15
865	89
865	218
865	237
865	263
865	272
865	431
865	575
865	638
865	700
865	733
865	774
865	792
865	950
865	958
865	959
865	978
865	992
865	996
866	165
866	344
866	348
866	440
866	521
866	656
866	727
866	757
866	770
866	789
866	872
866	906
866	911
866	918
866	942
866	947
866	965
866	976
866	991
866	996
867	109
867	216
867	320
867	410
867	429
867	459
867	545
867	608
867	652
867	711
867	727
867	735
867	738
867	783
867	793
867	804
867	849
867	891
867	969
867	985
868	37
868	47
868	132
868	285
868	298
868	410
868	505
868	534
868	650
868	674
868	822
868	839
868	878
868	882
868	885
868	895
868	898
868	960
868	975
868	985
869	67
869	289
869	442
869	451
869	455
869	462
869	523
869	607
869	675
869	714
869	732
869	765
869	844
869	848
869	921
869	931
869	949
869	955
869	996
869	998
870	87
870	314
870	343
870	444
870	463
870	545
870	566
870	587
870	659
870	660
870	670
870	692
870	742
870	753
870	756
870	813
870	843
870	921
870	940
870	994
871	409
871	533
871	568
871	627
871	631
871	649
871	663
871	703
871	771
871	807
871	874
871	922
871	943
871	954
871	960
871	964
871	966
871	974
871	978
871	982
872	123
872	247
872	400
872	423
872	531
872	583
872	608
872	694
872	849
872	861
872	866
872	885
872	929
872	956
872	958
872	965
872	969
872	972
872	984
872	990
873	205
873	485
873	489
873	541
873	608
873	723
873	796
873	810
873	811
873	837
873	842
873	858
873	862
873	876
873	892
873	895
873	929
873	942
873	971
873	977
874	20
874	156
874	181
874	365
874	384
874	467
874	520
874	540
874	678
874	790
874	846
874	871
874	887
874	917
874	919
874	938
874	941
874	974
874	983
874	994
875	226
875	383
875	384
875	405
875	431
875	489
875	599
875	690
875	710
875	727
875	729
875	791
875	841
875	856
875	925
875	979
875	980
875	991
875	993
875	997
876	276
876	335
876	414
876	452
876	582
876	624
876	640
876	694
876	754
876	755
876	789
876	858
876	873
876	939
876	941
876	943
876	951
876	960
876	980
876	992
877	309
877	389
877	441
877	526
877	585
877	658
877	687
877	721
877	724
877	779
877	882
877	883
877	903
877	926
877	936
877	949
877	969
877	979
877	995
877	1000
878	200
878	267
878	351
878	569
878	634
878	759
878	804
878	811
878	868
878	886
878	910
878	928
878	944
878	948
878	958
878	960
878	963
878	966
878	985
878	999
879	57
879	174
879	177
879	295
879	527
879	611
879	614
879	633
879	639
879	647
879	661
879	686
879	802
879	805
879	901
879	909
879	976
879	978
879	983
879	984
880	57
880	122
880	349
880	436
880	572
880	644
880	664
880	704
880	757
880	763
880	795
880	798
880	823
880	834
880	902
880	924
880	971
880	976
880	977
880	994
880	998
881	180
881	230
881	594
881	603
881	663
881	697
881	718
881	744
881	767
881	806
881	832
881	834
881	854
881	891
881	901
881	929
881	939
881	962
881	974
881	993
881	999
882	194
882	287
882	321
882	365
882	446
882	483
882	583
882	605
882	743
882	766
882	813
882	824
882	837
882	868
882	877
882	884
882	887
882	890
882	911
882	920
882	961
883	265
883	415
883	698
883	760
883	823
883	877
883	893
883	894
883	937
883	949
883	962
883	969
883	970
883	975
883	981
883	987
883	988
883	990
883	995
883	998
883	1000
884	74
884	83
884	169
884	392
884	438
884	441
884	460
884	594
884	627
884	729
884	771
884	780
884	838
884	854
884	882
884	885
884	920
884	936
884	949
884	950
884	993
885	177
885	238
885	259
885	363
885	455
885	462
885	551
885	686
885	717
885	783
885	787
885	868
885	872
885	884
885	897
885	901
885	940
885	962
885	969
885	977
885	984
886	31
886	159
886	302
886	385
886	572
886	650
886	653
886	672
886	749
886	854
886	860
886	878
886	889
886	894
886	942
886	978
886	979
886	983
886	990
886	994
886	1000
887	5
887	203
887	388
887	516
887	517
887	552
887	637
887	707
887	745
887	771
887	805
887	817
887	855
887	874
887	882
887	905
887	913
887	920
887	927
887	933
887	978
888	54
888	67
888	216
888	286
888	295
888	448
888	501
888	640
888	706
888	708
888	779
888	795
888	848
888	893
888	905
888	949
888	955
888	958
888	981
888	992
888	999
889	146
889	217
889	250
889	342
889	426
889	647
889	662
889	694
889	739
889	755
889	763
889	795
889	825
889	852
889	853
889	855
889	886
889	940
889	942
889	958
889	960
890	63
890	74
890	397
890	473
890	548
890	564
890	663
890	725
890	836
890	843
890	882
890	937
890	940
890	945
890	953
890	964
890	965
890	982
890	994
890	995
890	998
891	193
891	282
891	549
891	596
891	672
891	715
891	775
891	786
891	805
891	813
891	816
891	855
891	858
891	867
891	881
891	921
891	933
891	964
891	970
891	987
891	994
892	62
892	67
892	125
892	293
892	318
892	463
892	607
892	646
892	675
892	734
892	736
892	793
892	844
892	873
892	893
892	901
892	912
892	946
892	968
892	970
892	980
893	93
893	241
893	332
893	507
893	666
893	724
893	737
893	739
893	761
893	841
893	863
893	864
893	883
893	888
893	892
893	946
893	947
893	952
893	975
893	986
893	990
894	248
894	249
894	592
894	644
894	672
894	679
894	680
894	724
894	729
894	810
894	839
894	861
894	883
894	886
894	899
894	953
894	966
894	967
894	980
894	992
894	997
895	60
895	124
895	309
895	315
895	351
895	353
895	358
895	575
895	596
895	598
895	704
895	770
895	809
895	817
895	825
895	838
895	857
895	868
895	873
895	905
895	944
895	984
896	17
896	40
896	147
896	425
896	542
896	546
896	571
896	588
896	684
896	690
896	732
896	825
896	859
896	899
896	921
896	926
896	945
896	977
896	985
896	991
896	994
896	998
897	157
897	205
897	225
897	485
897	535
897	690
897	698
897	705
897	769
897	786
897	818
897	822
897	838
897	857
897	885
897	903
897	918
897	930
897	949
897	959
897	962
897	995
898	144
898	176
898	372
898	376
898	454
898	501
898	545
898	584
898	669
898	695
898	808
898	819
898	853
898	864
898	868
898	912
898	916
898	950
898	963
898	973
898	984
898	998
899	228
899	295
899	484
899	623
899	629
899	648
899	678
899	734
899	781
899	795
899	826
899	846
899	894
899	896
899	900
899	925
899	930
899	959
899	970
899	975
899	989
899	993
900	46
900	200
900	447
900	528
900	575
900	630
900	646
900	676
900	683
900	781
900	796
900	845
900	899
900	921
900	956
900	961
900	972
900	973
900	975
900	980
900	989
900	996
901	6
901	120
901	127
901	388
901	425
901	469
901	556
901	561
901	741
901	756
901	856
901	879
901	881
901	885
901	892
901	913
901	915
901	932
901	956
901	957
901	986
901	992
902	94
902	111
902	163
902	195
902	260
902	330
902	448
902	456
902	481
902	496
902	575
902	643
902	686
902	728
902	738
902	787
902	853
902	855
902	880
902	977
902	981
902	996
903	51
903	82
903	203
903	274
903	347
903	349
903	424
903	466
903	626
903	633
903	649
903	674
903	775
903	818
903	836
903	855
903	877
903	897
903	912
903	913
903	920
903	999
904	10
904	21
904	66
904	74
904	304
904	386
904	482
904	626
904	645
904	659
904	688
904	754
904	755
904	759
904	918
904	934
904	940
904	943
904	951
904	972
904	990
904	997
905	323
905	329
905	409
905	451
905	722
905	751
905	779
905	799
905	822
905	834
905	845
905	887
905	888
905	895
905	912
905	921
905	927
905	934
905	951
905	963
905	972
905	996
906	68
906	99
906	136
906	156
906	157
906	524
906	542
906	617
906	808
906	817
906	858
906	866
906	920
906	935
906	945
906	951
906	958
906	967
906	974
906	975
906	992
906	999
907	69
907	110
907	174
907	268
907	273
907	297
907	482
907	518
907	556
907	654
907	689
907	700
907	723
907	773
907	841
907	853
907	864
907	941
907	966
907	988
907	989
907	997
908	84
908	88
908	266
908	487
908	536
908	583
908	666
908	668
908	685
908	691
908	700
908	762
908	795
908	802
908	854
908	930
908	932
908	942
908	951
908	953
908	982
908	991
908	992
909	206
909	236
909	334
909	342
909	363
909	396
909	653
909	692
909	748
909	779
909	834
909	855
909	864
909	879
909	923
909	930
909	946
909	949
909	953
909	967
909	986
909	995
909	999
910	407
910	449
910	472
910	481
910	547
910	557
910	571
910	641
910	642
910	717
910	721
910	726
910	828
910	842
910	878
910	913
910	945
910	946
910	956
910	968
910	981
910	985
910	999
911	97
911	179
911	225
911	258
911	508
911	645
911	695
911	725
911	746
911	748
911	802
911	813
911	844
911	850
911	866
911	882
911	947
911	979
911	980
911	983
911	986
911	993
911	997
912	151
912	186
912	221
912	235
912	512
912	750
912	760
912	774
912	776
912	838
912	855
912	892
912	898
912	903
912	905
912	915
912	927
912	935
912	949
912	969
912	991
912	993
912	996
913	29
913	41
913	42
913	111
913	189
913	427
913	501
913	507
913	514
913	574
913	629
913	718
913	729
913	816
913	823
913	831
913	887
913	901
913	903
913	910
913	956
913	984
913	998
914	54
914	77
914	232
914	402
914	487
914	496
914	516
914	604
914	668
914	684
914	724
914	766
914	778
914	839
914	854
914	919
914	942
914	956
914	961
914	965
914	967
914	973
914	978
915	105
915	206
915	333
915	537
915	577
915	660
915	663
915	688
915	733
915	760
915	823
915	860
915	901
915	912
915	929
915	939
915	967
915	973
915	980
915	981
915	984
915	986
915	988
916	166
916	190
916	232
916	276
916	478
916	516
916	650
916	674
916	675
916	687
916	710
916	731
916	745
916	756
916	759
916	764
916	898
916	918
916	928
916	943
916	950
916	972
916	988
917	14
917	18
917	37
917	159
917	210
917	514
917	562
917	571
917	596
917	615
917	676
917	679
917	711
917	746
917	785
917	799
917	800
917	852
917	874
917	922
917	958
917	973
917	982
918	53
918	149
918	331
918	449
918	504
918	590
918	625
918	633
918	694
918	770
918	795
918	819
918	823
918	830
918	866
918	897
918	904
918	916
918	919
918	946
918	950
918	963
918	967
918	986
919	113
919	138
919	256
919	324
919	526
919	546
919	563
919	565
919	610
919	663
919	718
919	772
919	815
919	817
919	837
919	858
919	874
919	914
919	918
919	960
919	964
919	966
919	968
919	990
920	85
920	92
920	187
920	210
920	382
920	386
920	407
920	440
920	588
920	663
920	674
920	695
920	772
920	774
920	787
920	839
920	882
920	884
920	887
920	903
920	906
920	938
920	966
920	985
921	279
921	372
921	393
921	500
921	650
921	682
921	745
921	787
921	790
921	797
921	801
921	831
921	854
921	869
921	870
921	891
921	896
921	900
921	905
921	928
921	938
921	969
921	974
921	979
922	21
922	85
922	128
922	161
922	196
922	289
922	397
922	401
922	451
922	587
922	675
922	719
922	782
922	814
922	858
922	864
922	871
922	917
922	924
922	931
922	962
922	975
922	992
922	998
923	21
923	179
923	252
923	269
923	385
923	408
923	436
923	458
923	522
923	614
923	687
923	715
923	734
923	806
923	835
923	909
923	937
923	960
923	963
923	964
923	985
923	991
923	993
923	994
923	1000
924	52
924	301
924	328
924	343
924	410
924	430
924	473
924	573
924	603
924	689
924	695
924	704
924	706
924	733
924	767
924	793
924	851
924	880
924	922
924	925
924	932
924	973
924	978
924	986
924	992
925	104
925	309
925	359
925	470
925	475
925	579
925	636
925	678
925	701
925	727
925	767
925	790
925	826
925	845
925	856
925	861
925	875
925	899
925	924
925	932
925	935
925	954
925	964
925	986
925	987
925	999
926	2
926	116
926	263
926	424
926	441
926	498
926	499
926	528
926	536
926	539
926	543
926	556
926	632
926	671
926	702
926	704
926	764
926	847
926	877
926	896
926	936
926	947
926	959
926	979
926	987
926	989
927	63
927	268
927	334
927	418
927	466
927	474
927	564
927	589
927	635
927	683
927	686
927	716
927	722
927	775
927	785
927	787
927	804
927	828
927	887
927	905
927	912
927	943
927	972
927	981
927	987
927	995
928	20
928	62
928	127
928	316
928	361
928	372
928	434
928	538
928	578
928	621
928	667
928	687
928	728
928	738
928	759
928	789
928	878
928	916
928	921
928	940
928	962
928	971
928	974
928	977
928	980
928	991
929	118
929	264
929	366
929	442
929	451
929	456
929	551
929	580
929	586
929	629
929	632
929	741
929	825
929	848
929	872
929	873
929	881
929	915
929	930
929	939
929	952
929	961
929	971
929	972
929	980
929	996
930	10
930	170
930	330
930	338
930	369
930	399
930	425
930	428
930	434
930	523
930	716
930	736
930	746
930	752
930	777
930	786
930	897
930	899
930	908
930	909
930	929
930	933
930	962
930	976
930	980
930	982
930	993
931	97
931	189
931	217
931	238
931	279
931	365
931	406
931	468
931	515
931	518
931	529
931	530
931	606
931	614
931	732
931	739
931	802
931	813
931	848
931	869
931	922
931	937
931	953
931	955
931	957
931	992
931	999
932	70
932	92
932	106
932	379
932	447
932	482
932	544
932	622
932	662
932	670
932	746
932	808
932	814
932	833
932	837
932	901
932	908
932	924
932	925
932	942
932	945
932	946
932	954
932	962
932	971
932	975
932	985
933	71
933	180
933	235
933	345
933	383
933	534
933	547
933	566
933	575
933	600
933	660
933	672
933	674
933	716
933	735
933	767
933	774
933	823
933	834
933	887
933	891
933	930
933	940
933	951
933	955
933	970
933	975
934	129
934	145
934	433
934	568
934	661
934	662
934	665
934	686
934	689
934	712
934	775
934	807
934	815
934	835
934	841
934	853
934	904
934	905
934	958
934	968
934	975
934	978
934	983
934	984
934	987
934	991
934	996
935	30
935	45
935	197
935	304
935	347
935	366
935	407
935	559
935	565
935	607
935	673
935	691
935	734
935	745
935	769
935	788
935	816
935	833
935	843
935	906
935	912
935	925
935	968
935	970
935	982
935	990
935	992
935	999
936	131
936	311
936	377
936	383
936	416
936	495
936	506
936	559
936	583
936	656
936	675
936	684
936	708
936	717
936	764
936	803
936	824
936	828
936	856
936	877
936	884
936	926
936	944
936	949
936	973
936	979
936	998
936	1000
937	105
937	107
937	464
937	533
937	535
937	557
937	567
937	582
937	651
937	692
937	741
937	767
937	780
937	791
937	807
937	825
937	883
937	890
937	923
937	931
937	951
937	952
937	958
937	965
937	976
937	980
937	983
937	1000
938	58
938	73
938	100
938	219
938	325
938	332
938	427
938	432
938	561
938	602
938	616
938	680
938	691
938	702
938	723
938	774
938	810
938	817
938	831
938	845
938	874
938	920
938	921
938	952
938	960
938	970
938	985
938	989
939	168
939	243
939	341
939	396
939	417
939	435
939	521
939	525
939	557
939	566
939	656
939	709
939	792
939	796
939	810
939	860
939	876
939	881
939	915
939	929
939	950
939	951
939	970
939	979
939	983
939	986
939	990
939	1000
940	49
940	154
940	198
940	229
940	281
940	299
940	315
940	416
940	508
940	518
940	686
940	763
940	789
940	791
940	811
940	870
940	885
940	889
940	890
940	904
940	928
940	933
940	946
940	947
940	949
940	965
940	975
940	984
941	162
941	284
941	361
941	379
941	388
941	435
941	461
941	549
941	550
941	620
941	629
941	640
941	676
941	708
941	717
941	725
941	733
941	761
941	796
941	813
941	831
941	860
941	874
941	876
941	907
941	985
941	986
941	997
941	1000
942	13
942	43
942	97
942	383
942	389
942	494
942	553
942	559
942	574
942	605
942	680
942	783
942	807
942	817
942	820
942	866
942	873
942	886
942	889
942	908
942	914
942	932
942	943
942	956
942	964
942	966
942	976
942	981
942	994
943	110
943	222
943	288
943	310
943	457
943	479
943	494
943	527
943	564
943	660
943	731
943	758
943	846
943	862
943	871
943	876
943	904
943	916
943	927
943	942
943	944
943	950
943	967
943	972
943	984
943	989
943	991
943	992
943	996
944	79
944	181
944	191
944	259
944	330
944	421
944	428
944	445
944	458
944	491
944	555
944	673
944	707
944	719
944	730
944	794
944	799
944	810
944	832
944	878
944	895
944	936
944	943
944	948
944	958
944	972
944	974
944	978
944	982
945	18
945	75
945	133
945	184
945	331
945	417
945	450
945	475
945	481
945	641
945	642
945	683
945	758
945	759
945	763
945	798
945	815
945	848
945	857
945	890
945	896
945	906
945	910
945	932
945	948
945	966
945	975
945	982
945	992
945	999
946	224
946	387
946	454
946	532
946	553
946	567
946	592
946	622
946	624
946	675
946	684
946	695
946	751
946	776
946	779
946	782
946	802
946	820
946	844
946	892
946	893
946	909
946	910
946	918
946	932
946	940
946	955
946	969
946	983
946	984
947	33
947	101
947	212
947	241
947	243
947	256
947	329
947	341
947	400
947	445
947	555
947	608
947	617
947	657
947	703
947	723
947	731
947	793
947	799
947	811
947	859
947	866
947	893
947	911
947	926
947	940
947	954
947	981
947	984
947	988
948	25
948	71
948	148
948	189
948	227
948	305
948	360
948	374
948	471
948	554
948	560
948	635
948	664
948	700
948	727
948	745
948	746
948	795
948	801
948	829
948	834
948	843
948	857
948	878
948	944
948	945
948	949
948	952
948	976
948	982
949	38
949	429
949	470
949	483
949	524
949	576
949	603
949	609
949	619
949	667
949	691
949	699
949	714
949	798
949	840
949	862
949	864
949	869
949	877
949	883
949	884
949	888
949	897
949	909
949	912
949	936
949	940
949	948
949	950
949	957
949	986
950	29
950	70
950	118
950	120
950	171
950	246
950	404
950	479
950	502
950	542
950	602
950	626
950	644
950	651
950	658
950	754
950	825
950	865
950	884
950	898
950	916
950	918
950	939
950	943
950	949
950	954
950	956
950	960
950	970
950	990
950	994
951	113
951	149
951	244
951	296
951	321
951	339
951	459
951	543
951	613
951	634
951	652
951	699
951	731
951	740
951	750
951	761
951	780
951	820
951	827
951	876
951	904
951	905
951	906
951	908
951	933
951	937
951	939
951	968
951	981
951	990
951	998
952	68
952	106
952	163
952	408
952	499
952	517
952	553
952	592
952	648
952	687
952	690
952	766
952	767
952	780
952	798
952	829
952	845
952	862
952	893
952	929
952	937
952	938
952	948
952	953
952	954
952	965
952	975
952	977
952	981
952	989
952	1000
953	36
953	59
953	60
953	87
953	140
953	176
953	228
953	248
953	361
953	393
953	537
953	617
953	704
953	739
953	781
953	783
953	799
953	830
953	836
953	846
953	890
953	894
953	908
953	909
953	931
953	952
953	957
953	962
953	982
953	996
953	999
954	1
954	119
954	221
954	281
954	448
954	473
954	475
954	509
954	514
954	544
954	550
954	591
954	681
954	714
954	721
954	821
954	829
954	839
954	847
954	854
954	871
954	925
954	932
954	947
954	950
954	952
954	970
954	972
954	977
954	981
954	996
954	998
955	35
955	169
955	197
955	203
955	298
955	458
955	464
955	632
955	674
955	675
955	690
955	702
955	729
955	752
955	798
955	812
955	844
955	850
955	856
955	864
955	869
955	888
955	931
955	933
955	946
955	958
955	967
955	970
955	975
955	979
955	989
955	993
956	27
956	258
956	298
956	393
956	397
956	438
956	530
956	557
956	562
956	581
956	676
956	696
956	700
956	725
956	741
956	750
956	780
956	826
956	836
956	842
956	852
956	872
956	900
956	901
956	910
956	913
956	914
956	942
956	950
956	957
956	991
956	994
957	4
957	276
957	344
957	358
957	447
957	454
957	462
957	468
957	497
957	514
957	574
957	701
957	711
957	720
957	732
957	797
957	806
957	810
957	819
957	828
957	901
957	931
957	949
957	953
957	956
957	959
957	961
957	963
957	982
957	986
957	993
957	998
958	8
958	84
958	95
958	98
958	257
958	324
958	339
958	513
958	576
958	598
958	620
958	626
958	642
958	691
958	752
958	817
958	838
958	844
958	845
958	852
958	858
958	865
958	872
958	878
958	888
958	889
958	906
958	917
958	934
958	937
958	944
958	955
958	994
959	61
959	237
959	267
959	319
959	323
959	366
959	395
959	431
959	455
959	492
959	638
959	657
959	679
959	697
959	769
959	793
959	804
959	808
959	818
959	831
959	857
959	860
959	863
959	865
959	897
959	899
959	926
959	957
959	961
959	978
959	988
959	989
959	997
960	18
960	27
960	78
960	142
960	199
960	325
960	364
960	399
960	444
960	548
960	553
960	554
960	681
960	711
960	768
960	783
960	804
960	852
960	868
960	871
960	876
960	878
960	889
960	919
960	923
960	938
960	950
960	976
960	982
960	987
960	988
960	996
960	998
961	1
961	173
961	265
961	346
961	349
961	374
961	429
961	513
961	611
961	615
961	644
961	684
961	712
961	791
961	813
961	860
961	882
961	900
961	914
961	929
961	957
961	959
961	962
961	969
961	973
961	975
961	978
961	980
961	985
961	986
961	988
961	998
961	1000
962	39
962	166
962	257
962	294
962	307
962	402
962	414
962	487
962	493
962	557
962	584
962	597
962	639
962	666
962	688
962	759
962	795
962	810
962	881
962	883
962	885
962	897
962	922
962	928
962	930
962	932
962	953
962	961
962	969
962	978
962	987
962	991
962	995
963	80
963	81
963	282
963	303
963	308
963	360
963	392
963	402
963	526
963	564
963	588
963	618
963	678
963	687
963	748
963	763
963	819
963	825
963	836
963	840
963	845
963	853
963	878
963	898
963	905
963	918
963	923
963	957
963	967
963	979
963	981
963	987
963	988
963	989
964	47
964	110
964	171
964	195
964	247
964	274
964	311
964	333
964	486
964	492
964	550
964	582
964	645
964	708
964	725
964	726
964	733
964	806
964	822
964	844
964	871
964	890
964	891
964	919
964	923
964	925
964	942
964	966
964	968
964	970
964	977
964	978
964	981
964	990
964	992
965	334
965	336
965	349
965	375
965	411
965	513
965	525
965	621
965	662
965	669
965	672
965	710
965	711
965	730
965	732
965	742
965	778
965	785
965	829
965	839
965	841
965	853
965	866
965	872
965	890
965	914
965	937
965	940
965	952
965	966
965	967
965	973
965	979
965	982
965	992
965	1000
966	146
966	259
966	260
966	294
966	297
966	356
966	411
966	477
966	558
966	581
966	619
966	693
966	801
966	803
966	806
966	812
966	814
966	823
966	840
966	871
966	878
966	894
966	907
966	919
966	920
966	942
966	945
966	964
966	965
966	970
966	971
966	975
966	976
966	985
966	986
966	992
967	12
967	108
967	194
967	221
967	242
967	248
967	324
967	337
967	484
967	540
967	583
967	620
967	644
967	676
967	699
967	741
967	748
967	790
967	818
967	823
967	832
967	836
967	894
967	906
967	909
967	914
967	915
967	918
967	943
967	955
967	963
967	965
967	969
967	973
967	981
967	987
968	11
968	56
968	72
968	155
968	190
968	216
968	218
968	244
968	246
968	277
968	428
968	558
968	645
968	719
968	728
968	742
968	767
968	791
968	797
968	803
968	821
968	828
968	892
968	910
968	919
968	934
968	935
968	951
968	964
968	974
968	976
968	980
968	981
968	982
968	988
968	999
969	115
969	133
969	222
969	398
969	427
969	458
969	603
969	637
969	684
969	703
969	723
969	777
969	781
969	786
969	801
969	804
969	821
969	852
969	857
969	860
969	867
969	872
969	877
969	883
969	885
969	912
969	921
969	946
969	961
969	962
969	967
969	979
969	983
969	988
969	991
969	1000
970	126
970	220
970	254
970	278
970	316
970	323
970	345
970	378
970	408
970	606
970	632
970	636
970	660
970	744
970	752
970	799
970	814
970	816
970	819
970	883
970	891
970	892
970	899
970	933
970	935
970	938
970	939
970	950
970	954
970	955
970	964
970	966
970	977
970	984
970	991
970	996
971	165
971	218
971	249
971	271
971	395
971	432
971	475
971	476
971	481
971	519
971	570
971	577
971	669
971	679
971	697
971	718
971	729
971	739
971	753
971	761
971	786
971	798
971	804
971	835
971	858
971	873
971	880
971	928
971	929
971	932
971	966
971	979
971	980
971	988
971	990
971	999
972	99
972	116
972	164
972	294
972	419
972	472
972	505
972	522
972	673
972	681
972	708
972	723
972	749
972	768
972	775
972	796
972	842
972	847
972	849
972	852
972	859
972	861
972	863
972	872
972	900
972	904
972	905
972	916
972	927
972	929
972	943
972	944
972	954
972	974
972	991
972	996
973	201
973	261
973	308
973	344
973	361
973	373
973	381
973	406
973	433
973	452
973	453
973	566
973	581
973	624
973	642
973	644
973	656
973	672
973	710
973	775
973	806
973	812
973	898
973	900
973	914
973	915
973	917
973	924
973	936
973	961
973	965
973	967
973	974
973	977
973	978
973	979
973	989
973	992
974	17
974	71
974	109
974	151
974	172
974	239
974	241
974	242
974	291
974	306
974	319
974	367
974	374
974	392
974	486
974	487
974	554
974	592
974	692
974	766
974	801
974	803
974	843
974	844
974	853
974	871
974	874
974	881
974	906
974	921
974	928
974	944
974	968
974	972
974	973
974	976
974	988
974	997
975	24
975	38
975	44
975	141
975	246
975	378
975	389
975	542
975	650
975	662
975	673
975	781
975	802
975	848
975	860
975	868
975	883
975	893
975	899
975	900
975	906
975	922
975	932
975	933
975	934
975	940
975	945
975	952
975	955
975	961
975	966
975	976
975	983
975	985
975	987
975	993
975	995
975	999
975	1000
976	14
976	55
976	82
976	90
976	117
976	271
976	315
976	327
976	420
976	509
976	520
976	538
976	549
976	619
976	636
976	646
976	730
976	734
976	769
976	792
976	807
976	828
976	835
976	844
976	866
976	879
976	880
976	930
976	937
976	942
976	948
976	960
976	966
976	968
976	974
976	975
976	988
976	993
976	1000
977	33
977	122
977	139
977	255
977	310
977	391
977	463
977	470
977	515
977	563
977	577
977	599
977	672
977	682
977	696
977	703
977	704
977	726
977	750
977	765
977	783
977	794
977	812
977	841
977	843
977	873
977	880
977	885
977	896
977	902
977	928
977	952
977	954
977	964
977	970
977	973
977	990
977	995
977	998
978	77
978	164
978	180
978	234
978	404
978	474
978	503
978	524
978	600
978	613
978	614
978	648
978	654
978	671
978	682
978	748
978	777
978	814
978	815
978	820
978	854
978	856
978	865
978	871
978	879
978	886
978	887
978	914
978	924
978	934
978	944
978	959
978	961
978	962
978	964
978	973
978	989
978	995
978	997
978	999
979	196
979	198
979	255
979	330
979	344
979	418
979	440
979	498
979	519
979	529
979	533
979	580
979	582
979	592
979	658
979	706
979	713
979	721
979	737
979	751
979	768
979	818
979	824
979	850
979	875
979	877
979	886
979	911
979	921
979	926
979	936
979	939
979	955
979	963
979	965
979	969
979	971
979	973
979	991
979	999
980	106
980	112
980	148
980	160
980	199
980	208
980	373
980	452
980	549
980	560
980	612
980	613
980	644
980	694
980	713
980	734
980	745
980	753
980	756
980	768
980	807
980	809
980	817
980	821
980	875
980	876
980	892
980	894
980	900
980	911
980	915
980	928
980	929
980	930
980	937
980	961
980	968
980	971
980	991
980	993
981	34
981	64
981	139
981	155
981	195
981	211
981	263
981	266
981	285
981	352
981	389
981	429
981	546
981	550
981	634
981	676
981	721
981	773
981	816
981	850
981	859
981	862
981	883
981	888
981	902
981	910
981	915
981	927
981	942
981	947
981	951
981	952
981	954
981	963
981	964
981	967
981	968
981	990
981	992
981	994
981	997
982	72
982	172
982	186
982	232
982	428
982	459
982	491
982	524
982	580
982	588
982	615
982	657
982	659
982	662
982	680
982	712
982	720
982	736
982	748
982	784
982	785
982	794
982	812
982	851
982	858
982	871
982	890
982	908
982	917
982	930
982	935
982	944
982	945
982	948
982	953
982	957
982	960
982	965
982	968
982	996
982	997
983	17
983	46
983	56
983	98
983	114
983	157
983	266
983	270
983	343
983	423
983	468
983	470
983	508
983	572
983	624
983	680
983	693
983	720
983	749
983	760
983	772
983	791
983	802
983	816
983	841
983	847
983	874
983	879
983	886
983	911
983	934
983	937
983	939
983	946
983	969
983	975
983	985
983	990
983	995
983	999
983	1000
984	15
984	72
984	73
984	188
984	296
984	300
984	305
984	329
984	395
984	438
984	461
984	466
984	603
984	640
984	655
984	661
984	722
984	744
984	753
984	758
984	765
984	809
984	830
984	839
984	849
984	861
984	872
984	879
984	885
984	895
984	898
984	913
984	915
984	934
984	940
984	943
984	946
984	947
984	970
984	985
984	990
985	38
985	96
985	142
985	228
985	253
985	262
985	279
985	347
985	371
985	388
985	475
985	480
985	493
985	591
985	637
985	691
985	737
985	763
985	771
985	817
985	857
985	858
985	863
985	867
985	868
985	878
985	896
985	910
985	920
985	923
985	932
985	938
985	941
985	961
985	966
985	975
985	983
985	984
985	986
985	989
985	992
985	998
986	3
986	7
986	81
986	108
986	293
986	296
986	342
986	374
986	460
986	560
986	582
986	588
986	635
986	643
986	695
986	706
986	710
986	723
986	728
986	735
986	775
986	792
986	822
986	828
986	831
986	851
986	893
986	901
986	909
986	911
986	915
986	918
986	924
986	925
986	939
986	941
986	949
986	957
986	961
986	966
986	985
986	993
987	1
987	51
987	87
987	181
987	233
987	240
987	269
987	274
987	292
987	322
987	327
987	336
987	357
987	404
987	423
987	430
987	505
987	506
987	517
987	587
987	623
987	640
987	721
987	731
987	742
987	794
987	801
987	802
987	819
987	840
987	883
987	891
987	925
987	926
987	927
987	934
987	960
987	962
987	963
987	967
987	975
987	997
988	67
988	78
988	104
988	113
988	143
988	253
988	340
988	456
988	491
988	495
988	509
988	525
988	578
988	580
988	593
988	632
988	643
988	654
988	665
988	670
988	688
988	736
988	769
988	791
988	801
988	843
988	883
988	907
988	915
988	916
988	947
988	959
988	960
988	961
988	963
988	968
988	969
988	971
988	974
988	976
988	991
988	996
988	997
989	65
989	100
989	105
989	115
989	128
989	141
989	284
989	290
989	426
989	480
989	488
989	489
989	514
989	521
989	528
989	595
989	630
989	634
989	638
989	639
989	658
989	659
989	683
989	710
989	750
989	760
989	791
989	807
989	808
989	832
989	857
989	860
989	899
989	900
989	907
989	926
989	938
989	943
989	952
989	955
989	959
989	963
989	973
989	978
989	985
990	90
990	101
990	121
990	271
990	364
990	469
990	478
990	488
990	515
990	536
990	541
990	550
990	605
990	633
990	655
990	708
990	709
990	730
990	764
990	772
990	815
990	816
990	827
990	834
990	838
990	841
990	850
990	851
990	872
990	883
990	886
990	893
990	904
990	919
990	935
990	939
990	950
990	951
990	964
990	971
990	977
990	981
990	983
990	984
990	992
990	999
991	34
991	54
991	207
991	378
991	398
991	435
991	472
991	519
991	520
991	655
991	658
991	666
991	691
991	719
991	722
991	723
991	746
991	748
991	787
991	802
991	807
991	816
991	827
991	830
991	844
991	851
991	861
991	863
991	866
991	875
991	896
991	908
991	912
991	923
991	928
991	934
991	943
991	956
991	962
991	969
991	970
991	972
991	979
991	980
991	988
991	999
992	80
992	145
992	176
992	204
992	306
992	407
992	437
992	440
992	490
992	495
992	531
992	548
992	583
992	599
992	605
992	628
992	635
992	650
992	693
992	785
992	788
992	834
992	860
992	862
992	865
992	876
992	888
992	894
992	901
992	906
992	908
992	922
992	924
992	931
992	935
992	943
992	945
992	964
992	965
992	966
992	973
992	981
992	985
992	990
992	996
992	999
993	110
993	136
993	261
993	292
993	371
993	382
993	400
993	450
993	452
993	453
993	467
993	506
993	521
993	616
993	634
993	648
993	652
993	663
993	680
993	693
993	738
993	739
993	771
993	778
993	789
993	795
993	803
993	804
993	806
993	811
993	838
993	840
993	875
993	881
993	884
993	899
993	911
993	912
993	923
993	930
993	955
993	957
993	975
993	976
993	980
993	986
994	123
994	138
994	144
994	183
994	193
994	326
994	376
994	378
994	385
994	411
994	413
994	460
994	479
994	484
994	538
994	551
994	552
994	563
994	603
994	616
994	620
994	669
994	702
994	720
994	784
994	819
994	820
994	828
994	831
994	841
994	842
994	852
994	857
994	870
994	874
994	880
994	886
994	890
994	891
994	896
994	923
994	942
994	950
994	956
994	958
994	981
995	36
995	42
995	56
995	107
995	112
995	118
995	207
995	215
995	223
995	294
995	358
995	362
995	385
995	403
995	404
995	424
995	446
995	511
995	520
995	538
995	545
995	556
995	657
995	677
995	709
995	712
995	722
995	757
995	787
995	794
995	800
995	827
995	834
995	877
995	883
995	890
995	897
995	909
995	927
995	962
995	975
995	977
995	978
995	983
995	996
995	997
995	998
996	26
996	28
996	132
996	153
996	212
996	280
996	288
996	380
996	449
996	565
996	616
996	641
996	653
996	671
996	676
996	699
996	721
996	728
996	740
996	752
996	764
996	784
996	799
996	822
996	827
996	829
996	838
996	848
996	852
996	862
996	865
996	866
996	869
996	900
996	902
996	905
996	912
996	929
996	934
996	943
996	953
996	954
996	960
996	970
996	972
996	982
996	988
996	992
996	995
997	22
997	126
997	239
997	287
997	291
997	334
997	350
997	416
997	485
997	493
997	502
997	511
997	580
997	635
997	639
997	650
997	700
997	716
997	724
997	726
997	733
997	736
997	747
997	770
997	774
997	778
997	785
997	790
997	805
997	829
997	830
997	837
997	852
997	859
997	863
997	875
997	894
997	904
997	907
997	911
997	941
997	959
997	974
997	978
997	981
997	982
997	987
997	988
997	995
998	138
998	142
998	146
998	251
998	297
998	326
998	398
998	432
998	461
998	465
998	512
998	593
998	595
998	596
998	612
998	665
998	714
998	723
998	726
998	728
998	765
998	783
998	789
998	799
998	800
998	805
998	825
998	835
998	841
998	852
998	857
998	859
998	861
998	869
998	880
998	883
998	890
998	896
998	898
998	913
998	922
998	936
998	951
998	954
998	957
998	960
998	961
998	977
998	985
998	995
999	16
999	98
999	104
999	192
999	197
999	220
999	231
999	270
999	271
999	316
999	356
999	368
999	376
999	401
999	411
999	434
999	479
999	569
999	652
999	678
999	740
999	760
999	765
999	777
999	778
999	784
999	806
999	830
999	861
999	878
999	881
999	888
999	903
999	906
999	909
999	910
999	925
999	931
999	935
999	945
999	953
999	968
999	971
999	975
999	978
999	979
999	983
999	990
999	991
999	992
1000	3
1000	48
1000	53
1000	217
1000	226
1000	291
1000	342
1000	439
1000	444
1000	476
1000	488
1000	490
1000	498
1000	512
1000	527
1000	606
1000	622
1000	639
1000	650
1000	679
1000	680
1000	701
1000	727
1000	736
1000	743
1000	760
1000	770
1000	793
1000	813
1000	820
1000	827
1000	832
1000	841
1000	842
1000	846
1000	877
1000	883
1000	886
1000	923
1000	936
1000	937
1000	939
1000	941
1000	952
1000	961
1000	965
1000	969
1000	975
1000	976
1000	983
