1	421
1	445
1	771
1	897
2	778
2	937
2	943
2	944
3	997
3	998
3	999
3	1000
4	782
4	916
4	917
4	923
5	394
5	648
5	878
5	950
6	507
6	762
6	855
6	887
7	961
7	964
7	970
7	991
8	111
8	550
8	632
8	897
9	921
9	928
9	930
9	933
10	102
10	290
10	728
10	822
11	988
11	992
11	995
11	996
12	329
12	708
12	737
12	743
13	660
13	916
13	917
13	923
14	48
14	687
14	693
14	819
15	997
15	998
15	999
15	1000
16	203
16	593
16	687
16	908
17	947
17	957
17	981
17	986
18	948
18	967
18	982
18	985
19	829
19	921
19	928
19	930
20	921
20	928
20	930
20	933
21	121
21	813
21	886
21	955
22	860
22	894
22	950
22	956
23	82
23	316
23	643
23	861
24	601
24	678
24	812
24	861
25	266
25	721
25	903
25	926
26	997
26	998
26	999
26	1000
27	46
27	82
27	805
27	812
28	562
28	819
28	851
28	908
29	683
29	882
29	936
29	958
30	689
30	760
30	903
30	926
31	48
31	687
31	819
31	851
32	559
32	628
32	890
32	926
33	854
33	977
33	983
33	984
34	888
34	937
34	943
34	944
35	490
35	826
35	888
35	943
36	509
36	796
36	830
36	901
37	988
37	990
37	992
37	996
38	924
38	973
38	981
38	986
39	565
39	826
39	888
39	944
40	767
40	808
40	814
40	943
41	921
41	928
41	930
41	933
42	66
42	377
42	582
42	879
43	123
43	626
43	702
43	822
44	387
44	429
44	907
44	932
45	886
45	918
45	949
45	955
46	27
46	133
46	805
46	861
47	468
47	577
47	723
47	840
48	14
48	31
48	693
48	908
49	794
49	814
49	826
49	943
50	843
50	882
50	936
50	966
51	942
51	962
51	963
51	965
52	988
52	990
52	992
52	996
53	778
53	937
53	943
53	944
54	988
54	992
54	995
54	996
55	512
55	513
55	582
55	879
56	976
56	977
56	983
56	984
57	653
57	843
57	939
57	958
58	214
58	796
58	830
58	901
59	245
59	547
59	583
59	664
60	589
60	602
60	651
60	909
61	489
61	683
61	708
61	840
62	89
62	702
62	728
62	822
63	188
63	468
63	723
63	743
64	997
64	998
64	999
64	1000
65	905
65	967
65	982
65	985
66	42
66	501
66	774
66	879
67	611
67	729
67	859
67	876
68	279
68	520
68	762
68	855
69	274
69	509
69	804
69	901
70	400
70	620
70	862
70	909
71	924
71	957
71	968
71	986
72	947
72	957
72	973
72	981
73	627
73	640
73	834
73	852
74	229
74	462
74	762
74	887
75	451
75	749
75	834
75	852
76	934
76	936
76	958
76	966
77	915
77	967
77	982
77	985
78	205
78	582
78	774
78	879
79	988
79	990
79	995
79	996
80	595
80	687
80	851
80	908
81	670
81	673
81	868
81	881
82	23
82	27
82	812
82	861
83	124
83	611
83	859
83	876
84	778
84	794
84	937
84	943
85	924
85	968
85	981
85	986
86	838
86	921
86	928
86	930
87	865
87	936
87	939
87	966
88	624
88	827
88	835
88	868
89	62
89	575
89	739
89	822
90	652
90	697
90	922
90	972
91	938
91	977
91	983
91	984
92	644
92	871
92	917
92	923
93	719
93	801
93	850
93	877
94	997
94	998
94	999
94	1000
95	960
95	961
95	991
96	892
96	895
96	971
96	972
97	959
97	962
97	963
97	965
98	847
98	882
98	958
98	966
99	951
99	967
99	982
99	985
100	904
100	934
100	939
100	966
101	959
101	962
101	963
101	965
102	10
102	733
102	784
102	828
103	214
103	378
103	804
103	901
104	209
104	579
104	777
104	821
105	961
105	970
105	978
105	991
106	813
106	918
106	949
106	955
107	997
107	998
107	999
107	1000
108	550
108	666
108	836
108	897
109	964
109	970
109	978
109	991
110	898
110	918
110	949
110	955
111	8
111	771
111	836
111	897
112	976
112	977
112	983
112	984
113	871
113	916
113	917
113	923
114	448
114	749
114	793
114	852
115	331
115	442
115	567
115	908
116	997
116	998
116	999
116	1000
117	412
117	766
117	859
117	876
118	258
118	671
118	753
118	868
119	947
119	968
119	981
119	986
120	230
120	888
120	937
120	944
121	21
121	780
121	898
121	955
122	824
122	916
122	917
122	923
123	43
123	784
123	822
123	828
124	83
124	701
124	729
124	876
125	189
125	411
125	774
125	879
126	924
126	973
126	981
126	986
127	677
127	827
127	868
127	881
128	845
128	918
128	949
128	955
129	443
129	670
129	827
129	835
130	997
130	998
130	999
130	1000
131	997
131	998
131	999
131	1000
132	632
132	771
132	836
132	897
133	46
133	564
133	805
133	812
134	990
134	992
134	995
134	996
135	509
135	756
135	804
135	830
136	469
136	672
136	863
136	885
137	945
137	976
137	977
137	984
138	968
138	973
138	981
138	986
139	545
139	708
139	723
139	840
140	845
140	898
140	949
140	955
141	960
141	964
141	978
141	991
142	780
142	813
142	886
142	898
143	203
143	548
143	593
143	819
144	527
144	636
144	747
144	901
145	585
145	643
145	712
145	861
146	997
146	998
146	999
146	1000
147	679
147	895
147	971
147	972
148	747
148	756
148	830
148	901
149	936
149	939
149	958
149	966
150	215
150	646
150	876
151	898
151	918
151	949
151	955
152	253
152	827
152	868
152	881
153	330
153	450
153	451
153	852
154	679
154	772
154	892
154	972
155	952
155	967
155	982
155	985
156	959
156	962
156	963
156	965
157	886
157	918
157	949
157	955
158	988
158	990
158	995
158	996
159	513
159	594
159	774
159	879
160	873
160	911
160	971
160	972
161	462
161	583
161	855
161	887
162	905
162	967
162	982
162	985
163	896
163	951
163	982
163	985
164	948
164	951
164	982
164	985
165	606
165	720
165	863
165	885
166	794
166	937
166	943
166	944
167	959
167	962
167	963
167	965
168	247
168	825
168	878
168	950
169	742
169	895
169	971
169	972
170	423
170	649
170	806
170	966
171	990
171	992
171	995
171	996
172	625
172	771
172	836
172	897
173	951
173	952
173	982
173	985
174	988
174	990
174	992
174	995
175	988
175	990
175	995
175	996
176	988
176	992
176	995
176	996
177	443
177	827
177	868
177	881
178	997
178	998
178	999
178	1000
179	938
179	976
179	983
179	984
180	659
180	853
180	872
180	877
181	990
181	992
181	995
181	996
182	818
182	871
182	916
182	923
183	727
183	936
183	939
183	958
184	831
184	872
184	877
185	960
185	964
185	978
185	991
186	329
186	683
186	737
186	840
187	915
187	952
187	982
187	985
188	63
188	577
188	743
188	840
189	125
189	512
189	582
189	879
190	322
190	668
190	863
190	885
191	957
191	973
191	981
191	986
192	794
192	888
192	943
192	944
193	914
193	968
193	973
193	986
194	511
194	813
194	949
194	955
195	560
195	624
195	753
195	881
196	990
196	992
196	995
196	996
197	731
197	756
197	804
197	901
198	333
198	539
198	664
198	762
199	845
199	918
199	949
199	955
200	516
200	647
200	937
200	944
201	825
201	878
201	950
201	956
202	408
202	544
202	769
202	887
203	16
203	143
203	562
203	693
204	581
204	662
204	907
204	932
205	78
205	556
205	774
205	879
206	555
206	820
206	833
206	862
207	761
207	884
207	907
207	932
208	544
208	762
208	769
208	855
209	104
209	553
209	703
209	811
210	865
210	882
210	934
210	966
211	321
211	581
211	907
211	932
212	929
212	959
212	963
212	965
213	728
213	759
213	784
213	822
214	58
214	103
214	830
214	901
215	150
215	535
215	859
215	876
216	377
216	501
216	774
216	879
217	287
217	455
217	625
217	897
218	794
218	808
218	943
218	944
219	947
219	957
219	981
219	986
220	309
220	451
220	622
220	627
221	976
221	977
221	983
221	984
222	486
222	510
222	672
222	885
223	997
223	998
223	999
223	1000
224	886
224	898
224	949
224	955
225	666
225	836
225	897
226	472
226	853
226	872
226	877
227	938
227	976
227	983
227	984
228	902
228	973
228	981
228	986
229	74
229	514
229	699
229	887
230	120
230	888
230	937
230	944
231	695
231	720
231	863
231	885
232	871
232	916
232	917
232	923
233	968
233	973
233	981
233	986
234	948
234	967
234	982
234	985
235	450
235	692
235	834
235	852
236	607
236	744
236	812
236	861
237	466
237	666
237	771
237	897
238	383
238	878
238	950
238	956
239	888
239	937
239	943
239	944
240	841
240	890
240	903
240	926
241	976
241	977
241	983
241	984
242	945
242	977
242	983
242	984
243	990
243	992
243	995
243	996
244	309
244	640
244	661
244	834
245	59
245	464
245	539
245	769
246	266
246	332
246	875
246	890
247	168
247	790
247	950
247	956
248	959
248	962
248	963
248	965
249	951
249	952
249	982
249	985
250	304
250	396
250	641
250	887
251	317
251	505
251	956
252	806
252	843
252	904
252	958
252	966
253	152
253	753
253	835
253	868
253	881
254	790
254	825
254	894
254	950
254	956
255	915
255	948
255	951
255	952
255	985
256	957
256	968
256	973
256	981
256	986
257	675
257	703
257	765
257	785
257	821
258	118
258	560
258	835
258	868
258	881
259	669
259	726
259	747
259	804
259	901
260	606
260	615
260	668
260	863
260	885
261	269
261	646
261	766
261	859
261	876
262	790
262	878
262	894
262	950
262	956
263	711
263	831
263	850
263	853
263	872
264	987
264	988
264	992
264	995
264	996
265	433
265	860
265	894
265	950
265	956
266	25
266	246
266	841
266	903
266	926
267	988
267	990
267	992
267	995
267	996
268	333
268	997
268	998
268	999
268	1000
269	261
269	535
269	646
269	766
269	876
270	760
270	841
270	890
270	903
270	926
271	994
271	997
271	998
271	999
271	1000
272	847
272	934
272	939
272	958
272	966
273	929
273	959
273	962
273	963
273	965
274	69
274	509
274	756
274	830
274	901
275	938
275	976
275	977
275	983
275	984
276	806
276	934
276	936
276	939
276	966
277	661
277	692
277	749
277	834
277	852
278	687
278	693
278	819
278	851
278	908
279	68
279	393
279	514
279	823
279	887
280	455
280	625
280	771
280	836
280	897
281	803
281	844
281	921
281	928
281	933
282	380
282	483
282	760
282	841
282	926
283	532
283	764
283	862
283	869
283	909
284	914
284	947
284	968
284	981
284	986
285	882
285	934
285	939
285	958
285	966
286	895
286	911
286	922
286	971
286	972
287	217
287	550
287	625
287	836
287	897
288	806
288	904
288	936
288	958
288	966
289	957
289	968
289	973
289	981
289	986
290	10
290	575
290	733
290	822
290	828
291	795
291	921
291	928
291	930
291	933
292	626
292	728
292	739
292	784
292	822
293	988
293	990
293	992
293	995
293	996
294	994
294	997
294	998
294	999
294	1000
295	818
295	871
295	916
295	917
295	923
296	816
296	829
296	921
296	930
296	933
297	824
297	871
297	916
297	917
297	923
298	941
298	946
298	964
298	970
298	991
299	953
299	964
299	970
299	978
299	991
300	502
300	612
300	890
300	903
300	926
301	433
301	825
301	860
301	878
301	956
302	441
302	790
302	825
302	894
302	956
303	994
303	997
303	998
303	999
303	1000
304	250
304	464
304	514
304	583
304	823
305	572
305	628
305	721
305	875
305	903
306	311
306	367
306	555
306	820
306	869
307	604
307	803
307	844
307	930
307	933
308	845
308	886
308	898
308	918
308	949
309	220
309	244
309	596
309	661
309	852
310	394
310	878
310	894
310	950
310	956
311	306
311	618
311	820
311	862
311	909
312	340
312	548
312	819
312	908
313	961
313	964
313	970
313	978
313	991
314	717
314	816
314	928
314	930
314	933
315	942
315	959
315	962
315	963
315	965
316	23
316	712
316	744
316	805
316	861
317	251
317	790
317	860
317	950
317	956
318	783
318	873
318	892
318	971
318	972
319	913
319	948
319	967
319	982
319	985
320	854
320	976
320	977
320	983
320	984
321	211
321	430
321	884
321	907
321	932
322	190
322	695
322	706
322	863
322	885
323	395
323	434
323	793
323	834
323	852
324	360
324	416
324	606
324	672
324	720
325	492
325	599
325	669
325	747
325	804
326	331
326	498
326	595
326	819
326	851
327	580
327	818
327	916
327	917
327	923
328	816
328	844
328	928
328	930
328	933
329	12
329	186
329	341
329	468
329	743
330	153
330	434
330	749
330	793
330	834
331	115
331	326
331	363
331	567
331	908
332	246
332	841
332	890
332	903
332	926
333	198
333	268
333	418
333	641
333	887
334	924
334	957
334	968
334	973
334	986
335	946
335	960
335	961
335	970
335	991
336	988
336	990
336	992
336	995
336	996
337	575
337	728
337	739
337	759
337	784
338	905
338	913
338	967
338	982
338	985
339	608
339	772
339	873
339	911
339	971
340	312
340	427
340	460
340	567
340	908
341	329
341	577
341	737
341	743
341	840
342	707
342	760
342	890
342	903
342	926
343	778
343	814
343	937
343	943
343	944
344	454
344	711
344	831
344	850
344	877
345	637
345	790
345	894
345	950
345	956
346	593
346	595
346	819
346	851
346	908
347	913
347	948
347	967
347	982
347	985
348	816
348	838
348	921
348	928
348	933
349	581
349	623
349	789
349	884
349	932
350	691
350	824
350	916
350	917
350	923
351	359
351	366
351	799
351	833
351	909
352	506
352	553
352	698
352	725
352	807
353	511
353	845
353	918
353	949
353	955
354	938
354	976
354	977
354	983
354	984
355	882
355	936
355	939
355	958
355	966
356	873
356	892
356	922
356	971
356	972
357	535
357	646
357	729
357	859
357	876
358	801
358	831
358	850
358	853
358	872
359	351
359	435
359	651
359	820
359	862
360	324
360	510
360	672
360	863
360	885
361	938
361	945
361	976
361	983
361	984
362	938
362	945
362	976
362	983
362	984
363	331
363	548
363	819
363	851
363	908
364	941
364	960
364	964
364	978
364	991
365	767
365	814
365	937
365	943
365	944
366	351
366	493
366	524
366	820
366	862
367	306
367	617
367	799
367	833
367	909
368	597
368	701
368	729
368	859
368	876
369	673
369	677
369	835
369	868
369	881
370	569
370	575
370	728
370	784
370	822
371	953
371	961
371	964
371	978
371	991
372	942
372	959
372	962
372	963
372	965
373	945
373	976
373	977
373	983
373	984
374	994
374	997
374	998
374	999
374	1000
375	442
375	460
375	819
375	851
375	908
376	942
376	959
376	962
376	963
376	965
377	42
377	216
377	399
377	411
377	879
378	103
378	747
378	756
378	796
378	901
379	410
379	709
379	765
379	807
379	821
380	282
380	414
380	529
380	760
380	875
381	394
381	878
381	894
381	950
381	956
382	941
382	960
382	964
382	978
382	991
383	238
383	648
383	894
383	950
383	956
384	947
384	968
384	973
384	981
384	986
385	424
385	707
385	721
385	841
385	926
386	701
386	729
386	766
386	859
386	876
387	44
387	662
387	761
387	907
387	932
388	941
388	946
388	953
388	960
388	991
389	534
389	733
389	784
389	822
389	828
390	825
390	860
390	894
390	950
390	956
391	947
391	957
391	968
391	973
391	981
391	986
392	667
392	705
392	718
392	884
392	907
392	932
393	279
393	464
393	507
393	539
393	544
393	823
394	5
394	310
394	381
394	648
394	860
394	956
395	323
395	596
395	640
395	692
395	793
395	852
396	250
396	552
396	633
396	699
396	769
396	855
397	697
397	783
397	911
397	922
397	971
397	972
398	492
398	527
398	731
398	756
398	796
398	901
399	377
399	501
399	582
399	594
399	774
399	879
400	70
400	618
400	620
400	797
400	862
400	909
401	914
401	947
401	968
401	973
401	981
401	986
402	520
402	552
402	769
402	823
402	855
402	887
403	993
403	994
403	997
403	998
403	999
403	1000
404	838
404	844
404	921
404	928
404	930
404	933
405	772
405	873
405	892
405	911
405	971
405	972
406	768
406	824
406	871
406	916
406	917
406	923
407	545
407	683
407	708
407	737
407	743
407	840
408	202
408	426
408	462
408	514
408	633
408	887
409	848
409	938
409	976
409	977
409	983
409	984
410	379
410	506
410	725
410	785
410	807
410	817
411	125
411	377
411	439
411	594
411	774
411	879
412	117
412	440
412	646
412	766
412	859
412	876
413	854
413	938
413	976
413	977
413	983
413	984
414	380
414	483
414	707
414	841
414	875
414	890
415	883
415	945
415	976
415	977
415	983
415	984
416	324
416	554
416	695
416	706
416	863
416	885
417	913
417	915
417	952
417	967
417	982
417	985
418	333
418	462
418	699
418	769
418	855
418	887
419	896
419	913
419	951
419	952
419	982
419	985
420	655
420	722
420	886
420	898
420	949
420	955
421	1
421	445
421	625
421	771
421	836
421	897
422	883
422	938
422	945
422	977
422	983
422	984
423	170
423	847
423	882
423	934
423	958
423	966
424	385
424	572
424	612
424	875
424	890
424	926
425	948
425	951
425	952
425	967
425	982
425	985
426	408
426	507
426	544
426	633
426	823
426	887
427	340
427	460
427	498
427	687
427	851
427	908
428	680
428	845
428	898
428	918
428	949
428	955
429	44
429	546
429	667
429	718
429	761
429	932
430	321
430	662
430	789
430	884
430	907
430	932
431	948
431	951
431	952
431	967
431	982
431	985
432	941
432	960
432	961
432	964
432	978
432	991
433	265
433	301
433	614
433	894
433	950
433	956
434	323
434	330
434	448
434	640
434	793
434	852
435	359
435	617
435	799
435	820
435	862
435	869
436	806
436	865
436	934
436	936
436	958
436	966
437	837
437	946
437	953
437	961
437	970
437	991
438	722
438	886
438	898
438	918
438	949
438	955
439	411
439	501
439	512
439	556
439	774
439	879
440	412
440	535
440	701
440	766
440	859
440	876
441	302
441	825
441	860
441	894
441	950
441	956
442	115
442	375
442	498
442	562
442	851
442	908
443	129
443	177
443	495
443	827
443	835
443	881
444	738
444	904
444	934
444	939
444	958
444	966
445	1
445	421
445	632
445	666
445	836
445	897
446	953
446	960
446	961
446	970
446	978
446	991
447	806
447	882
447	904
447	934
447	936
447	966
448	114
448	434
448	450
448	692
448	793
448	852
449	790
449	825
449	860
449	878
449	950
449	956
450	153
450	235
450	448
450	596
450	622
450	661
451	75
451	153
451	220
451	640
451	834
451	852
452	929
452	942
452	959
452	962
452	963
452	965
453	621
453	719
453	801
453	853
453	872
453	877
454	344
454	831
454	850
454	853
454	872
454	877
455	217
455	280
455	632
455	771
455	836
455	897
456	466
456	550
456	632
456	666
456	836
456	897
457	993
457	994
457	997
457	998
457	999
457	1000
458	738
458	865
458	882
458	904
458	934
458	939
459	993
459	994
459	997
459	998
459	999
459	1000
460	340
460	375
460	427
460	693
460	851
460	908
461	679
461	873
461	911
461	922
461	971
461	972
462	74
462	161
462	408
462	418
462	769
462	855
463	914
463	924
463	957
463	973
463	981
463	986
464	245
464	304
464	393
464	583
464	664
464	823
465	532
465	589
465	797
465	799
465	833
465	909
466	237
466	456
466	625
466	771
466	836
466	897
467	929
467	942
467	959
467	962
467	963
467	965
468	47
468	63
468	329
468	708
468	723
468	840
469	136
469	486
469	510
469	672
469	863
469	885
470	914
470	947
470	968
470	973
470	981
470	986
471	497
471	533
471	585
471	678
471	805
471	861
472	226
472	659
472	801
472	850
472	872
472	877
473	993
473	994
473	997
473	998
473	999
473	1000
474	924
474	957
474	968
474	973
474	981
474	986
475	662
475	705
475	714
475	789
475	884
475	932
476	946
476	953
476	960
476	961
476	978
476	991
477	987
477	988
477	990
477	992
477	995
477	996
478	987
478	988
478	990
478	992
478	995
478	996
479	570
479	581
479	761
479	884
479	907
479	932
480	791
480	867
480	895
480	911
480	971
480	972
481	489
481	545
481	577
481	683
481	723
481	840
482	637
482	825
482	860
482	878
482	950
482	956
483	282
483	414
483	841
483	875
483	890
483	926
484	717
484	795
484	838
484	921
484	930
484	933
485	953
485	961
485	964
485	970
485	978
485	991
486	222
486	469
486	695
486	706
486	863
486	885
487	530
487	799
487	820
487	833
487	862
487	869
488	569
488	733
488	739
488	759
488	822
488	828
489	61
489	481
489	577
489	683
489	708
489	737
489	840
490	35
490	516
490	808
490	888
490	937
490	943
490	944
491	778
491	808
491	814
491	826
491	937
491	943
491	944
492	325
492	398
492	636
492	726
492	731
492	747
492	796
493	366
493	532
493	617
493	820
493	862
493	869
493	909
494	941
494	946
494	953
494	960
494	970
494	978
494	991
495	443
495	671
495	677
495	753
495	835
495	868
495	881
496	652
496	742
496	783
496	873
496	911
496	971
496	972
497	471
497	564
497	678
497	712
497	744
497	805
497	861
498	326
498	427
498	442
498	593
498	819
498	851
498	908
499	980
499	987
499	988
499	990
499	992
499	995
499	996
500	644
500	818
500	824
500	871
500	916
500	917
500	923
501	66
501	216
501	399
501	439
501	513
501	594
501	879
502	300
502	616
502	689
502	875
502	890
502	903
502	926
503	914
503	924
503	947
503	957
503	968
503	981
503	986
504	848
504	938
504	945
504	976
504	977
504	983
504	984
505	251
505	522
505	648
505	790
505	860
505	894
505	950
506	352
506	410
506	698
506	777
506	785
506	817
506	821
507	6
507	393
507	426
507	633
507	641
507	762
507	887
508	989
508	993
508	994
508	997
508	998
508	999
508	1000
509	36
509	69
509	135
509	274
509	669
509	726
509	796
510	222
510	360
510	469
510	695
510	706
510	863
510	885
511	194
511	353
511	680
511	780
511	918
511	949
511	955
512	55
512	189
512	439
512	513
512	556
512	594
512	879
513	55
513	159
513	501
513	512
513	582
513	774
513	879
514	229
514	279
514	304
514	408
514	664
514	823
514	887
515	929
515	931
515	942
515	959
515	962
515	963
515	965
516	200
516	490
516	767
516	888
516	937
516	943
516	944
517	915
517	948
517	951
517	952
517	967
517	982
517	985
518	711
518	719
518	831
518	850
518	853
518	872
518	877
519	842
519	854
519	945
519	976
519	977
519	983
519	984
520	68
520	402
520	539
520	566
520	664
520	823
520	855
521	980
521	987
521	988
521	990
521	992
521	995
521	996
522	505
522	614
522	860
522	878
522	894
522	950
522	956
523	736
523	780
523	845
523	886
523	918
523	949
523	955
524	366
524	651
524	764
524	797
524	833
524	869
524	909
525	914
525	947
525	957
525	968
525	973
525	981
525	986
526	738
526	865
526	904
526	934
526	939
526	958
526	966
527	144
527	398
527	747
527	796
527	804
527	830
527	901
528	570
528	623
528	705
528	718
528	761
528	907
528	932
529	380
529	612
529	689
529	721
529	875
529	890
529	926
530	487
530	589
530	602
530	797
530	833
530	869
530	909
531	803
531	816
531	829
531	921
531	928
531	930
531	933
532	283
532	465
532	493
532	602
532	618
532	799
532	909
533	471
533	601
533	643
533	678
533	805
533	812
533	861
534	389
534	626
534	702
534	739
534	759
534	784
534	828
535	215
535	269
535	357
535	440
535	611
535	766
535	859
536	989
536	993
536	994
536	997
536	998
536	999
536	1000
537	989
537	993
537	994
537	997
537	998
537	999
537	1000
538	842
538	883
538	945
538	976
538	977
538	983
538	984
539	198
539	245
539	393
539	520
539	762
539	823
539	855
540	624
540	671
540	673
540	753
540	827
540	868
540	881
541	896
541	905
541	948
541	952
541	967
541	982
541	985
542	980
542	987
542	988
542	990
542	992
542	995
542	996
543	980
543	987
543	988
543	990
543	992
543	995
543	996
544	202
544	208
544	393
544	426
544	566
544	855
544	887
545	139
545	407
545	481
545	577
545	723
545	743
545	840
546	429
546	570
546	705
546	714
546	884
546	907
546	932
547	59
547	583
547	641
547	769
547	823
547	855
547	887
548	143
548	312
548	363
548	562
548	595
548	851
548	908
549	679
549	754
549	781
549	895
549	922
549	971
549	972
550	8
550	108
550	287
550	456
550	771
550	836
550	897
551	842
551	938
551	945
551	976
551	977
551	983
551	984
552	396
552	402
552	633
552	699
552	762
552	823
552	855
553	209
553	352
553	675
553	765
553	807
553	811
553	821
554	416
554	615
554	668
554	706
554	720
554	863
554	885
555	206
555	306
555	764
555	797
555	799
555	862
555	869
556	205
556	439
556	512
556	582
556	594
556	774
556	879
557	915
557	948
557	951
557	952
557	967
557	982
557	985
558	941
558	953
558	960
558	964
558	970
558	978
558	991
559	32
559	616
559	707
559	721
559	875
559	890
559	903
560	195
560	258
560	670
560	673
560	753
560	835
560	881
561	768
561	818
561	824
561	871
561	916
561	917
561	923
562	28
562	203
562	442
562	548
562	693
562	819
562	908
563	929
563	931
563	942
563	959
563	962
563	963
563	965
564	133
564	497
564	601
564	607
564	678
564	812
564	861
565	39
565	794
565	814
565	826
565	888
565	937
565	944
566	520
566	544
566	641
566	664
566	762
566	769
566	887
567	115
567	331
567	340
567	593
567	595
567	851
567	908
568	647
568	690
568	794
568	888
568	937
568	943
568	944
569	370
569	488
569	702
569	733
569	759
569	822
569	828
570	479
570	528
570	546
570	714
570	761
570	884
570	932
571	673
571	677
571	753
571	827
571	835
571	868
571	881
572	305
572	424
572	612
572	628
572	841
572	903
572	926
573	842
573	883
573	938
573	945
573	976
573	977
573	983
573	984
574	736
574	780
574	813
574	886
574	898
574	918
574	949
574	955
575	89
575	290
575	337
575	370
575	739
575	759
575	784
575	828
576	665
576	711
576	801
576	831
576	850
576	853
576	872
576	877
577	47
577	188
577	341
577	481
577	489
577	545
577	737
577	840
578	919
578	929
578	931
578	942
578	959
578	962
578	963
578	965
579	104
579	587
579	698
579	777
579	785
579	807
579	811
579	817
580	327
580	660
580	768
580	818
580	871
580	916
580	917
580	923
581	204
581	211
581	349
581	479
581	789
581	884
581	907
581	932
582	42
582	55
582	78
582	189
582	399
582	513
582	556
582	879
583	59
583	161
583	304
583	464
583	547
583	762
583	769
583	887
584	914
584	924
584	947
584	957
584	968
584	973
584	981
584	986
585	145
585	471
585	601
585	607
585	744
585	805
585	812
585	861
586	914
586	924
586	947
586	957
586	968
586	973
586	981
586	986
587	579
587	675
587	681
587	725
587	777
587	807
587	811
587	817
588	975
588	989
588	993
588	994
588	997
588	998
588	999
588	1000
589	60
589	465
589	530
589	618
589	797
589	799
589	833
589	909
590	848
590	854
590	883
590	945
590	976
590	977
590	983
590	984
591	914
591	924
591	947
591	957
591	968
591	973
591	981
591	986
592	681
592	698
592	765
592	777
592	785
592	811
592	817
592	821
593	16
593	143
593	346
593	498
593	567
593	687
593	693
593	819
594	159
594	399
594	411
594	501
594	512
594	556
594	774
594	879
595	80
595	326
595	346
595	548
595	567
595	693
595	851
595	908
596	309
596	395
596	450
596	622
596	692
596	749
596	793
596	834
597	368
597	611
597	646
597	701
597	729
597	766
597	859
597	876
598	941
598	946
598	953
598	960
598	961
598	970
598	978
598	991
599	325
599	726
599	731
599	756
599	796
599	804
599	830
599	901
600	644
600	660
600	768
600	818
600	871
600	916
600	917
600	923
601	24
601	533
601	564
601	585
601	712
601	744
601	805
601	812
602	60
602	530
602	532
602	764
602	797
602	820
602	833
602	909
603	979
603	980
603	987
603	988
603	990
603	992
603	995
603	996
604	307
604	776
604	795
604	838
604	921
604	928
604	930
604	933
605	946
605	953
605	960
605	961
605	964
605	970
605	978
605	991
606	165
606	260
606	324
606	615
606	668
606	695
606	720
606	885
607	236
607	564
607	585
607	643
607	678
607	712
607	744
607	861
608	339
608	754
608	892
608	895
608	911
608	922
608	971
608	972
609	754
609	867
609	873
609	892
609	911
609	922
609	971
609	972
610	914
610	924
610	947
610	957
610	968
610	973
610	981
610	986
611	67
611	83
611	535
611	597
611	701
611	729
611	859
611	876
612	300
612	424
612	529
612	572
612	875
612	890
612	903
612	926
613	691
613	768
613	818
613	824
613	871
613	916
613	917
613	923
614	433
614	522
614	790
614	825
614	860
614	878
614	950
614	956
615	260
615	554
615	606
615	672
615	706
615	720
615	863
615	885
616	502
616	559
616	707
616	760
616	841
616	875
616	903
616	926
617	367
617	435
617	493
617	651
617	764
617	862
617	869
617	909
618	311
618	400
618	532
618	589
618	620
618	797
618	820
618	869
619	842
619	883
619	938
619	945
619	976
619	977
619	983
619	984
620	70
620	400
620	618
620	764
620	797
620	833
620	862
620	869
621	453
621	659
621	719
621	801
621	831
621	850
621	853
621	872
621	877
622	220
622	450
622	596
622	627
622	640
622	692
622	749
622	793
622	852
623	349
623	528
623	650
623	714
623	718
623	789
623	884
623	907
623	932
624	88
624	195
624	540
624	673
624	677
624	753
624	827
624	835
624	868
625	172
625	217
625	280
625	287
625	421
625	466
625	632
625	666
625	897
626	43
626	292
626	534
626	728
626	733
626	739
626	784
626	822
626	828
627	73
627	220
627	622
627	640
627	661
627	749
627	793
627	834
627	852
628	32
628	305
628	572
628	689
628	721
628	841
628	875
628	903
628	926
629	954
629	975
629	989
629	993
629	994
629	997
629	998
629	999
629	1000
630	696
630	727
630	843
630	847
630	882
630	904
630	934
630	939
630	966
631	941
631	946
631	953
631	960
631	961
631	964
631	970
631	978
631	991
632	8
632	132
632	445
632	455
632	456
632	625
632	771
632	836
632	897
633	396
633	408
633	426
633	507
633	552
633	664
633	699
633	762
633	823
634	974
634	979
634	980
634	987
634	988
634	990
634	992
634	995
634	996
635	727
635	748
635	843
635	847
635	882
635	904
635	939
635	958
635	966
636	144
636	492
636	669
636	726
636	731
636	756
636	804
636	830
636	901
637	345
637	482
637	790
637	825
637	860
637	878
637	894
637	950
637	956
638	716
638	751
638	848
638	883
638	945
638	976
638	977
638	983
638	984
639	974
639	979
639	980
639	987
639	988
639	990
639	992
639	995
639	996
640	73
640	244
640	395
640	434
640	451
640	622
640	627
640	692
640	834
641	250
641	333
641	507
641	547
641	566
641	699
641	769
641	823
641	855
642	954
642	975
642	989
642	993
642	994
642	997
642	998
642	999
642	1000
643	23
643	145
643	533
643	607
643	712
643	744
643	805
643	812
643	861
644	92
644	500
644	600
644	768
644	824
644	871
644	916
644	917
644	923
645	954
645	975
645	989
645	993
645	994
645	997
645	998
645	999
645	1000
646	150
646	261
646	269
646	357
646	412
646	597
646	766
646	859
646	876
647	200
647	568
647	808
647	814
647	826
647	888
647	937
647	943
647	944
648	5
648	383
648	394
648	505
648	860
648	878
648	894
648	950
648	956
649	170
649	696
649	748
649	847
649	934
649	936
649	939
649	958
649	966
650	623
650	662
650	667
650	705
650	761
650	789
650	884
650	907
650	932
651	60
651	359
651	524
651	617
651	764
651	797
651	862
651	869
651	909
652	90
652	496
652	772
652	867
652	895
652	911
652	922
652	971
652	972
653	57
653	696
653	843
653	865
653	882
653	904
653	936
653	939
653	958
654	742
654	791
654	867
654	892
654	895
654	911
654	922
654	971
654	972
655	420
655	722
655	730
655	813
655	886
655	898
655	918
655	949
655	955
656	902
656	914
656	924
656	947
656	957
656	968
656	973
656	981
656	986
657	954
657	975
657	989
657	993
657	994
657	997
657	998
657	999
657	1000
658	954
658	975
658	989
658	993
658	994
658	997
658	998
658	999
658	1000
659	180
659	472
659	621
659	801
659	831
659	850
659	853
659	872
659	877
660	13
660	580
660	600
660	691
660	818
660	824
660	916
660	917
660	923
661	244
661	277
661	309
661	450
661	627
661	749
661	793
661	834
661	852
662	204
662	387
662	430
662	475
662	650
662	718
662	884
662	907
662	932
663	919
663	925
663	929
663	931
663	942
663	959
663	962
663	963
663	965
664	59
664	198
664	464
664	514
664	520
664	566
664	633
664	699
664	855
665	576
665	711
665	719
665	801
665	831
665	850
665	853
665	872
665	877
666	108
666	225
666	237
666	445
666	456
666	625
666	771
666	836
666	897
667	392
667	429
667	650
667	714
667	761
667	789
667	884
667	907
667	932
668	190
668	260
668	554
668	606
668	672
668	695
668	720
668	863
668	885
669	259
669	325
669	509
669	636
669	726
669	731
669	756
669	796
669	830
670	81
670	129
670	560
670	671
670	677
670	753
670	827
670	835
670	868
670	881
671	118
671	495
671	540
671	670
671	677
671	753
671	827
671	835
671	868
671	881
672	136
672	222
672	324
672	360
672	469
672	615
672	668
672	706
672	863
672	885
673	81
673	369
673	540
673	560
673	571
673	624
673	753
673	827
673	868
673	881
674	810
674	902
674	914
674	924
674	947
674	957
674	968
674	973
674	981
674	986
675	257
675	553
675	587
675	681
675	698
675	709
675	785
675	811
675	817
675	821
676	697
676	781
676	791
676	867
676	873
676	892
676	895
676	922
676	971
676	972
677	127
677	369
677	495
677	571
677	624
677	670
677	671
677	827
677	835
677	881
678	24
678	471
678	497
678	533
678	564
678	607
678	744
678	805
678	812
678	861
679	147
679	154
679	461
679	549
679	754
679	781
679	911
679	922
679	971
679	972
680	428
680	511
680	736
680	813
680	845
680	886
680	898
680	918
680	949
680	955
681	587
681	592
681	675
681	698
681	703
681	725
681	765
681	807
681	811
681	817
682	920
682	954
682	975
682	989
682	993
682	994
682	997
682	998
682	999
682	1000
683	29
683	61
683	186
683	407
683	481
683	489
683	723
683	737
683	743
683	840
684	776
684	803
684	816
684	829
684	838
684	844
684	921
684	928
684	930
684	933
685	832
685	941
685	946
685	953
685	960
685	961
685	964
685	970
685	978
685	991
686	920
686	954
686	975
686	989
686	993
686	994
686	997
686	998
686	999
686	1000
687	14
687	16
687	31
687	80
687	278
687	427
687	593
687	693
687	851
687	908
688	899
688	919
688	925
688	929
688	931
688	942
688	959
688	962
688	963
688	965
689	30
689	502
689	529
689	628
689	707
689	721
689	760
689	875
689	903
689	926
690	568
690	767
690	778
690	794
690	808
690	826
690	888
690	937
690	943
690	944
691	350
691	613
691	660
691	768
691	818
691	824
691	871
691	916
691	917
691	923
692	235
692	277
692	395
692	448
692	596
692	622
692	640
692	749
692	793
692	834
693	14
693	48
693	203
693	278
693	460
693	562
693	593
693	595
693	687
693	819
694	842
694	848
694	854
694	883
694	938
694	945
694	976
694	977
694	983
694	984
695	231
695	322
695	416
695	486
695	510
695	606
695	668
695	720
695	863
695	885
696	630
696	649
696	653
696	847
696	865
696	904
696	936
696	939
696	958
696	966
697	90
697	397
697	676
697	710
697	867
697	895
697	911
697	922
697	971
697	972
698	352
698	506
698	579
698	592
698	675
698	681
698	703
698	777
698	807
698	817
699	229
699	396
699	418
699	552
699	633
699	641
699	664
699	769
699	855
699	887
700	920
700	954
700	975
700	989
700	993
700	994
700	997
700	998
700	999
700	1000
701	124
701	368
701	386
701	440
701	597
701	611
701	729
701	766
701	859
701	876
702	43
702	62
702	534
702	569
702	733
702	739
702	759
702	784
702	822
702	828
703	209
703	257
703	681
703	698
703	725
703	765
703	785
703	811
703	817
703	821
704	899
704	919
704	925
704	929
704	931
704	942
704	959
704	962
704	963
704	965
705	392
705	475
705	528
705	546
705	650
705	718
705	789
705	884
705	907
705	932
706	322
706	416
706	486
706	510
706	554
706	615
706	672
706	720
706	863
706	885
707	342
707	385
707	414
707	559
707	616
707	689
707	841
707	875
707	890
707	903
708	12
708	61
708	139
708	407
708	468
708	489
708	723
708	737
708	743
708	840
709	379
709	675
709	725
709	765
709	777
709	785
709	807
709	811
709	817
709	821
710	697
710	754
710	781
710	783
710	791
710	867
710	892
710	922
710	971
710	972
711	263
711	344
711	518
711	576
711	665
711	801
711	850
711	853
711	872
711	877
712	145
712	316
712	497
712	601
712	607
712	643
712	744
712	805
712	812
712	861
713	899
713	919
713	925
713	929
713	931
713	942
713	959
713	962
713	963
713	965
714	475
714	546
714	570
714	623
714	667
714	718
714	761
714	789
714	884
714	907
714	932
715	788
715	832
715	846
715	856
715	941
715	946
715	961
715	964
715	970
715	978
715	991
716	638
716	740
716	752
716	848
716	883
716	938
716	945
716	976
716	977
716	983
716	984
717	314
717	484
717	732
717	795
717	803
717	829
717	844
717	921
717	928
717	930
717	933
718	392
718	429
718	528
718	623
718	662
718	705
718	714
718	789
718	884
718	907
718	932
719	93
719	453
719	518
719	621
719	665
719	801
719	831
719	850
719	853
719	872
719	877
720	165
720	231
720	324
720	554
720	606
720	615
720	668
720	695
720	706
720	863
720	885
721	25
721	305
721	385
721	529
721	559
721	628
721	689
721	875
721	890
721	903
721	926
722	420
722	438
722	655
722	730
722	780
722	813
722	845
722	898
722	918
722	949
722	955
723	47
723	63
723	139
723	468
723	481
723	545
723	683
723	708
723	737
723	743
723	840
724	782
724	810
724	902
724	914
724	924
724	947
724	957
724	968
724	973
724	981
724	986
725	352
725	410
725	587
725	681
725	703
725	709
725	777
725	785
725	807
725	817
725	821
726	259
726	492
726	509
726	599
726	636
726	669
726	747
726	796
726	804
726	830
726	901
727	183
727	630
727	635
727	748
727	806
727	843
727	865
727	934
727	936
727	958
727	966
728	10
728	62
728	213
728	292
728	337
728	370
728	626
728	733
728	739
728	784
728	828
729	67
729	124
729	357
729	368
729	386
729	597
729	611
729	701
729	766
729	859
729	876
730	655
730	722
730	736
730	780
730	813
730	845
730	886
730	898
730	918
730	949
730	955
731	197
731	398
731	492
731	599
731	636
731	669
731	747
731	796
731	804
731	830
731	901
732	717
732	776
732	795
732	816
732	829
732	838
732	844
732	921
732	928
732	930
732	933
733	102
733	290
733	389
733	488
733	569
733	626
733	702
733	728
733	739
733	759
733	828
734	940
734	969
734	974
734	979
734	980
734	987
734	988
734	990
734	992
734	995
734	996
735	940
735	969
735	974
735	979
735	980
735	987
735	988
735	990
735	992
735	995
735	996
736	523
736	574
736	680
736	730
736	780
736	845
736	886
736	898
736	918
736	949
736	955
737	12
737	186
737	341
737	407
737	489
737	577
737	683
737	708
737	723
737	743
737	840
738	444
738	458
738	526
738	847
738	865
738	882
738	904
738	934
738	936
738	939
738	958
738	966
739	89
739	292
739	337
739	488
739	534
739	575
739	626
739	702
739	728
739	733
739	759
739	828
740	716
740	751
740	842
740	848
740	854
740	883
740	938
740	945
740	976
740	977
740	983
740	984
741	832
741	837
741	856
741	941
741	946
741	953
741	960
741	961
741	964
741	970
741	978
741	991
742	169
742	496
742	654
742	772
742	783
742	867
742	873
742	892
742	895
742	922
742	971
742	972
743	12
743	63
743	188
743	329
743	341
743	407
743	545
743	683
743	708
743	723
743	737
743	840
744	236
744	316
744	497
744	585
744	601
744	607
744	643
744	678
744	712
744	805
744	812
744	861
745	870
745	893
745	896
745	905
745	913
745	915
745	948
745	951
745	952
745	967
745	982
745	985
746	832
746	846
746	856
746	941
746	946
746	953
746	960
746	961
746	964
746	970
746	978
746	991
747	144
747	148
747	259
747	325
747	378
747	492
747	527
747	726
747	731
747	756
747	804
747	901
748	635
748	649
748	727
748	806
748	865
748	882
748	904
748	934
748	936
748	939
748	958
748	966
749	75
749	114
749	277
749	330
749	596
749	622
749	627
749	661
749	692
749	793
749	834
749	852
750	935
750	940
750	969
750	974
750	979
750	980
750	987
750	988
750	990
750	992
750	995
750	996
751	638
751	740
751	752
751	848
751	854
751	883
751	938
751	945
751	976
751	977
751	983
751	984
752	716
752	751
752	842
752	848
752	854
752	883
752	938
752	945
752	976
752	977
752	983
752	984
753	118
753	195
753	253
753	495
753	540
753	560
753	571
753	624
753	670
753	671
753	673
753	881
754	549
754	608
754	609
754	679
754	710
754	772
754	867
754	892
754	911
754	922
754	971
754	972
755	782
755	810
755	902
755	914
755	924
755	947
755	957
755	968
755	973
755	981
755	986
756	135
756	148
756	197
756	274
756	378
756	398
756	599
756	636
756	669
756	747
756	830
756	901
757	935
757	940
757	969
757	974
757	979
757	980
757	987
757	988
757	990
757	992
757	995
757	996
758	880
758	899
758	900
758	919
758	925
758	929
758	931
758	942
758	959
758	962
758	963
758	965
759	213
759	337
759	488
759	534
759	569
759	575
759	702
759	733
759	739
759	784
759	822
759	828
760	30
760	270
760	282
760	342
760	380
760	616
760	689
760	841
760	875
760	890
760	903
760	926
761	207
761	387
761	429
761	479
761	528
761	570
761	650
761	667
761	714
761	789
761	884
761	907
761	932
762	6
762	68
762	74
762	198
762	208
762	507
762	539
762	552
762	566
762	583
762	633
762	855
762	887
763	858
763	870
763	893
763	896
763	905
763	913
763	915
763	948
763	951
763	952
763	967
763	982
763	985
764	283
764	524
764	555
764	602
764	617
764	620
764	651
764	799
764	820
764	833
764	862
764	869
764	909
765	257
765	379
765	553
765	592
765	681
765	703
765	709
765	777
765	785
765	807
765	811
765	817
765	821
766	117
766	261
766	269
766	386
766	412
766	440
766	535
766	597
766	646
766	701
766	729
766	859
766	876
767	40
767	365
767	516
767	690
767	778
767	794
767	808
767	814
767	826
767	888
767	937
767	943
767	944
768	406
768	561
768	580
768	600
768	613
768	644
768	691
768	818
768	824
768	871
768	916
768	917
768	923
769	202
769	208
769	245
769	396
769	402
769	418
769	462
769	547
769	566
769	583
769	641
769	699
769	823
770	927
770	935
770	940
770	969
770	974
770	979
770	980
770	987
770	988
770	990
770	992
770	995
770	996
771	1
771	111
771	132
771	172
771	237
771	280
771	421
771	455
771	466
771	550
771	632
771	666
771	897
772	154
772	339
772	405
772	652
772	742
772	754
772	781
772	791
772	867
772	911
772	922
772	971
772	972
773	866
773	880
773	899
773	900
773	919
773	925
773	929
773	931
773	942
773	959
773	962
773	963
773	965
774	66
774	78
774	125
774	159
774	205
774	216
774	399
774	411
774	439
774	513
774	556
774	594
774	879
775	779
775	788
775	846
775	856
775	941
775	946
775	953
775	960
775	961
775	964
775	970
775	978
775	991
776	604
776	684
776	732
776	795
776	803
776	816
776	829
776	838
776	844
776	921
776	928
776	930
776	933
777	104
777	506
777	579
777	587
777	592
777	698
777	709
777	725
777	765
777	807
777	811
777	817
777	821
778	2
778	53
778	84
778	343
778	491
778	690
778	767
778	808
778	814
778	826
778	888
778	937
778	943
778	944
779	775
779	792
779	832
779	837
779	846
779	941
779	946
779	953
779	960
779	961
779	964
779	970
779	978
779	991
780	121
780	142
780	511
780	523
780	574
780	722
780	730
780	736
780	813
780	845
780	886
780	918
780	949
780	955
781	549
781	676
781	679
781	710
781	772
781	791
781	867
781	873
781	892
781	895
781	911
781	922
781	971
781	972
782	4
782	724
782	755
782	810
782	902
782	914
782	924
782	947
782	957
782	968
782	973
782	981
782	986
783	318
783	397
783	496
783	710
783	742
783	791
783	867
783	873
783	892
783	895
783	911
783	922
783	971
783	972
784	102
784	123
784	213
784	292
784	337
784	370
784	389
784	534
784	575
784	626
784	702
784	728
784	759
784	828
785	257
785	410
785	506
785	579
785	592
785	675
785	703
785	709
785	725
785	765
785	807
785	811
785	817
785	821
786	839
786	858
786	870
786	893
786	896
786	905
786	913
786	915
786	948
786	951
786	952
786	967
786	982
786	985
787	864
787	927
787	935
787	940
787	969
787	974
787	979
787	980
787	987
787	988
787	990
787	992
787	995
787	996
788	715
788	775
788	792
788	837
788	846
788	856
788	946
788	953
788	960
788	961
788	964
788	970
788	978
788	991
789	349
789	430
789	475
789	581
789	623
789	650
789	667
789	705
789	714
789	718
789	761
789	884
789	907
789	932
790	247
790	254
790	262
790	302
790	317
790	345
790	449
790	505
790	614
790	637
790	878
790	894
790	950
790	956
791	480
791	654
791	676
791	710
791	772
791	781
791	783
791	873
791	892
791	895
791	911
791	922
791	971
791	972
792	779
792	788
792	837
792	846
792	856
792	941
792	946
792	953
792	960
792	961
792	964
792	970
792	978
792	991
793	114
793	323
793	330
793	395
793	434
793	448
793	596
793	622
793	627
793	661
793	692
793	749
793	834
793	852
794	49
794	84
794	166
794	192
794	218
794	565
794	568
794	690
794	767
794	808
794	826
794	937
794	943
794	944
795	291
795	484
795	604
795	717
795	732
795	776
795	803
795	829
795	838
795	844
795	921
795	928
795	930
795	933
796	36
796	58
796	378
796	398
796	492
796	509
796	527
796	599
796	669
796	726
796	731
796	804
796	830
796	901
797	400
797	465
797	524
797	530
797	555
797	589
797	602
797	618
797	620
797	651
797	799
797	833
797	869
797	909
798	839
798	858
798	870
798	893
798	896
798	905
798	913
798	915
798	948
798	951
798	952
798	967
798	982
798	985
799	351
799	367
799	435
799	465
799	487
799	532
799	555
799	589
799	764
799	797
799	820
799	833
799	862
799	869
799	909
800	802
800	839
800	858
800	870
800	893
800	896
800	905
800	913
800	915
800	948
800	951
800	952
800	967
800	982
800	985
801	93
801	358
801	453
801	472
801	576
801	621
801	659
801	665
801	711
801	719
801	831
801	850
801	853
801	872
801	877
802	800
802	839
802	858
802	870
802	893
802	896
802	905
802	913
802	915
802	948
802	951
802	952
802	967
802	982
802	985
803	281
803	307
803	531
803	684
803	717
803	776
803	795
803	816
803	829
803	838
803	844
803	921
803	928
803	930
803	933
804	69
804	103
804	135
804	197
804	259
804	325
804	527
804	599
804	636
804	726
804	731
804	747
804	796
804	830
804	901
805	27
805	46
805	133
805	316
805	471
805	497
805	533
805	585
805	601
805	643
805	678
805	712
805	744
805	812
805	861
806	170
806	252
806	276
806	288
806	436
806	447
806	727
806	748
806	843
806	865
806	904
806	934
806	936
806	939
806	958
807	352
807	379
807	410
807	553
807	579
807	587
807	681
807	698
807	709
807	725
807	765
807	777
807	785
807	811
807	821
808	40
808	218
808	490
808	491
808	647
808	690
808	767
808	778
808	794
808	814
808	826
808	888
808	937
808	943
808	944
809	889
809	891
809	906
809	910
809	912
809	920
809	954
809	975
809	989
809	993
809	994
809	997
809	998
809	999
809	1000
810	674
810	724
810	755
810	782
810	902
810	914
810	924
810	947
810	957
810	968
810	973
810	981
810	986
811	209
811	553
811	579
811	587
811	592
811	675
811	681
811	703
811	709
811	765
811	777
811	785
811	807
811	817
811	821
812	24
812	27
812	82
812	133
812	236
812	533
812	564
812	585
812	601
812	643
812	678
812	712
812	744
812	805
812	861
813	21
813	106
813	142
813	194
813	574
813	655
813	680
813	722
813	730
813	780
813	886
813	898
813	918
813	949
813	955
814	40
814	49
814	343
814	365
814	491
814	565
814	647
814	767
814	778
814	808
814	826
814	888
814	937
814	943
814	944
815	866
815	880
815	899
815	900
815	919
815	925
815	929
815	931
815	942
815	959
815	962
815	963
815	965
816	296
816	314
816	328
816	348
816	531
816	684
816	732
816	776
816	803
816	829
816	838
816	844
816	921
816	928
816	930
816	933
817	410
817	506
817	579
817	587
817	592
817	675
817	681
817	698
817	703
817	709
817	725
817	765
817	777
817	785
817	811
817	821
818	182
818	295
818	327
818	500
818	561
818	580
818	600
818	613
818	660
818	691
818	768
818	824
818	871
818	916
818	917
818	923
819	14
819	28
819	31
819	143
819	278
819	312
819	326
819	346
819	363
819	375
819	498
819	562
819	593
819	693
819	851
819	908
820	206
820	306
820	311
820	359
820	366
820	435
820	487
820	493
820	602
820	618
820	764
820	799
820	833
820	862
820	869
820	909
821	104
821	257
821	379
821	506
821	553
821	592
821	675
821	703
821	709
821	725
821	765
821	777
821	785
821	807
821	811
821	817
822	10
822	43
822	62
822	89
822	123
822	213
822	290
822	292
822	370
822	389
822	488
822	569
822	626
822	702
822	759
822	828
823	279
823	304
823	393
823	402
823	426
823	464
823	514
823	520
823	539
823	547
823	552
823	633
823	641
823	769
823	855
823	887
824	122
824	297
824	350
824	406
824	500
824	561
824	613
824	644
824	660
824	691
824	768
824	818
824	871
824	916
824	917
824	923
825	168
825	201
825	254
825	301
825	302
825	390
825	441
825	449
825	482
825	614
825	637
825	860
825	878
825	894
825	950
825	956
826	35
826	39
826	49
826	491
826	565
826	647
826	690
826	767
826	778
826	794
826	808
826	814
826	888
826	937
826	943
826	944
827	88
827	127
827	129
827	152
827	177
827	443
827	540
827	571
827	624
827	670
827	671
827	673
827	677
827	835
827	868
827	881
828	102
828	123
828	290
828	389
828	488
828	534
828	569
828	575
828	626
828	702
828	728
828	733
828	739
828	759
828	784
828	822
829	19
829	296
829	531
829	684
829	717
829	732
829	776
829	795
829	803
829	816
829	838
829	844
829	921
829	928
829	930
829	933
830	36
830	58
830	135
830	148
830	214
830	274
830	527
830	599
830	636
830	669
830	726
830	731
830	756
830	796
830	804
830	901
831	184
831	263
831	344
831	358
831	454
831	518
831	576
831	621
831	659
831	665
831	719
831	801
831	850
831	853
831	872
831	877
832	685
832	715
832	741
832	746
832	779
832	837
832	856
832	941
832	946
832	953
832	960
832	961
832	964
832	970
832	978
832	991
833	206
833	351
833	367
833	465
833	487
833	524
833	530
833	589
833	602
833	620
833	764
833	797
833	799
833	820
833	869
833	909
834	73
834	75
834	235
834	244
834	277
834	323
834	330
834	451
834	596
834	627
834	640
834	661
834	692
834	749
834	793
834	852
835	88
835	129
835	253
835	258
835	369
835	443
835	495
835	560
835	571
835	624
835	670
835	671
835	677
835	827
835	868
835	881
836	108
836	111
836	132
836	172
836	225
836	280
836	287
836	421
836	445
836	455
836	456
836	466
836	550
836	632
836	666
836	897
837	437
837	741
837	779
837	788
837	792
837	832
837	846
837	856
837	941
837	946
837	953
837	960
837	961
837	964
837	970
837	978
837	991
838	86
838	348
838	404
838	484
838	604
838	684
838	732
838	776
838	795
838	803
838	816
838	829
838	844
838	921
838	928
838	930
838	933
839	786
839	798
839	800
839	802
839	858
839	870
839	893
839	896
839	905
839	913
839	915
839	948
839	951
839	952
839	967
839	982
839	985
840	47
840	61
840	139
840	186
840	188
840	341
840	407
840	468
840	481
840	489
840	545
840	577
840	683
840	708
840	723
840	737
840	743
841	240
841	266
841	270
841	282
841	332
841	385
841	414
841	483
841	572
841	616
841	628
841	707
841	760
841	875
841	890
841	903
841	926
842	519
842	538
842	551
842	573
842	619
842	694
842	740
842	752
842	848
842	854
842	883
842	938
842	945
842	976
842	977
842	983
842	984
843	50
843	57
843	252
843	630
843	635
843	653
843	727
843	806
843	847
843	865
843	882
843	904
843	934
843	936
843	939
843	958
843	966
844	281
844	307
844	328
844	404
844	684
844	717
844	732
844	776
844	795
844	803
844	816
844	829
844	838
844	921
844	928
844	930
844	933
845	128
845	140
845	199
845	308
845	353
845	428
845	523
845	680
845	722
845	730
845	736
845	780
845	886
845	898
845	918
845	949
845	955
846	715
846	746
846	775
846	779
846	788
846	792
846	837
846	856
846	941
846	946
846	953
846	960
846	961
846	964
846	970
846	978
846	991
847	98
847	272
847	423
847	630
847	635
847	649
847	696
847	738
847	843
847	865
847	882
847	904
847	934
847	936
847	939
847	958
847	966
848	409
848	504
848	590
848	638
848	694
848	716
848	740
848	751
848	752
848	842
848	854
848	883
848	938
848	945
848	976
848	977
848	983
848	984
849	857
849	864
849	927
849	935
849	940
849	969
849	974
849	979
849	980
849	987
849	988
849	990
849	992
849	995
849	996
850	93
850	263
850	344
850	358
850	454
850	472
850	518
850	576
850	621
850	659
850	665
850	711
850	719
850	801
850	831
850	853
850	872
850	877
851	28
851	31
851	80
851	278
851	326
851	346
851	363
851	375
851	427
851	442
851	460
851	498
851	548
851	567
851	595
851	687
851	819
851	908
852	73
852	75
852	114
852	153
852	235
852	277
852	309
852	323
852	395
852	434
852	448
852	451
852	622
852	627
852	661
852	749
852	793
852	834
853	180
853	226
853	263
853	358
853	453
853	454
853	518
853	576
853	621
853	659
853	665
853	711
853	719
853	801
853	831
853	850
853	872
853	877
854	33
854	320
854	413
854	519
854	590
854	694
854	740
854	751
854	752
854	842
854	848
854	883
854	938
854	945
854	976
854	977
854	983
854	984
855	6
855	68
855	161
855	208
855	396
855	402
855	418
855	462
855	520
855	539
855	544
855	547
855	552
855	641
855	664
855	699
855	762
855	823
856	715
856	741
856	746
856	775
856	788
856	792
856	832
856	837
856	846
856	941
856	946
856	953
856	960
856	961
856	964
856	970
856	978
856	991
857	849
857	864
857	927
857	935
857	940
857	969
857	974
857	979
857	980
857	987
857	988
857	990
857	992
857	995
857	996
858	763
858	786
858	798
858	800
858	802
858	839
858	870
858	893
858	896
858	905
858	913
858	915
858	948
858	951
858	952
858	967
858	982
858	985
859	67
859	83
859	117
859	215
859	261
859	357
859	368
859	386
859	412
859	440
859	535
859	597
859	611
859	646
859	701
859	729
859	766
859	876
860	22
860	265
860	301
860	317
860	390
860	394
860	441
860	449
860	482
860	505
860	522
860	614
860	637
860	648
860	825
860	878
860	894
860	950
860	956
861	23
861	24
861	46
861	82
861	145
861	236
861	316
861	471
861	497
861	533
861	564
861	585
861	607
861	643
861	678
861	712
861	744
861	805
861	812
862	70
862	206
862	283
862	311
862	359
862	366
862	400
862	435
862	487
862	493
862	555
862	617
862	620
862	651
862	764
862	799
862	820
862	869
862	909
863	136
863	165
863	190
863	231
863	260
863	322
863	360
863	416
863	469
863	486
863	510
863	554
863	615
863	668
863	672
863	695
863	706
863	720
863	885
864	787
864	849
864	857
864	927
864	935
864	940
864	969
864	974
864	979
864	980
864	987
864	988
864	990
864	992
864	995
864	996
865	87
865	210
865	436
865	458
865	526
865	653
865	696
865	727
865	738
865	748
865	806
865	843
865	847
865	904
865	934
865	936
865	939
865	958
865	966
866	773
866	815
866	880
866	899
866	900
866	919
866	925
866	929
866	931
866	942
866	959
866	962
866	963
866	965
867	480
867	609
867	652
867	654
867	676
867	697
867	710
867	742
867	754
867	772
867	781
867	783
867	873
867	892
867	895
867	911
867	922
867	971
867	972
868	81
868	88
868	118
868	127
868	152
868	177
868	253
868	258
868	369
868	495
868	540
868	571
868	624
868	670
868	671
868	673
868	827
868	835
868	881
869	283
869	306
869	435
869	487
869	493
869	524
869	530
869	555
869	617
869	618
869	620
869	651
869	764
869	797
869	799
869	820
869	833
869	862
869	909
870	745
870	763
870	786
870	798
870	800
870	802
870	839
870	858
870	893
870	896
870	905
870	913
870	915
870	948
870	951
870	952
870	967
870	982
870	985
871	92
871	113
871	182
871	232
871	295
871	297
871	406
871	500
871	561
871	580
871	600
871	613
871	644
871	691
871	768
871	818
871	824
871	916
871	917
871	923
872	180
872	184
872	226
872	263
872	358
872	453
872	454
872	472
872	518
872	576
872	621
872	659
872	665
872	711
872	719
872	801
872	831
872	850
872	853
872	877
873	160
873	318
873	339
873	356
873	405
873	461
873	496
873	609
873	676
873	742
873	781
873	783
873	791
873	867
873	892
873	895
873	911
873	922
873	971
873	972
874	889
874	891
874	906
874	910
874	912
874	920
874	954
874	975
874	989
874	993
874	994
874	997
874	998
874	999
874	1000
875	246
875	305
875	380
875	414
875	424
875	483
875	502
875	529
875	559
875	612
875	616
875	628
875	689
875	707
875	721
875	760
875	841
875	890
875	903
875	926
876	67
876	83
876	117
876	124
876	150
876	215
876	261
876	269
876	357
876	368
876	386
876	412
876	440
876	597
876	611
876	646
876	701
876	729
876	766
876	859
877	93
877	180
877	184
877	226
877	344
877	453
877	454
877	472
877	518
877	576
877	621
877	659
877	665
877	711
877	719
877	801
877	831
877	850
877	853
877	872
878	5
878	168
878	201
878	238
878	262
878	301
878	310
878	381
878	449
878	482
878	522
878	614
878	637
878	648
878	790
878	825
878	860
878	894
878	950
878	956
879	42
879	55
879	66
879	78
879	125
879	159
879	189
879	205
879	216
879	377
879	399
879	411
879	439
879	501
879	512
879	513
879	556
879	582
879	594
879	774
880	758
880	773
880	815
880	866
880	899
880	900
880	919
880	925
880	929
880	931
880	942
880	959
880	962
880	963
880	965
881	81
881	127
881	152
881	177
881	195
881	253
881	258
881	369
881	443
881	495
881	540
881	560
881	571
881	670
881	671
881	673
881	677
881	753
881	827
881	835
881	868
882	29
882	50
882	98
882	210
882	285
882	355
882	423
882	447
882	458
882	630
882	635
882	653
882	738
882	748
882	843
882	847
882	904
882	934
882	936
882	958
882	966
883	415
883	422
883	538
883	573
883	590
883	619
883	638
883	694
883	716
883	740
883	751
883	752
883	842
883	848
883	854
883	938
883	945
883	976
883	977
883	983
883	984
884	207
884	321
884	349
884	392
884	430
884	475
884	479
884	546
884	570
884	581
884	623
884	650
884	662
884	667
884	705
884	714
884	718
884	761
884	789
884	907
884	932
885	136
885	165
885	190
885	222
885	231
885	260
885	322
885	360
885	416
885	469
885	486
885	510
885	554
885	606
885	615
885	668
885	672
885	695
885	706
885	720
885	863
886	21
886	45
886	142
886	157
886	224
886	308
886	420
886	438
886	523
886	574
886	655
886	680
886	730
886	736
886	780
886	813
886	845
886	898
886	918
886	949
886	955
887	6
887	74
887	161
887	202
887	229
887	250
887	279
887	333
887	402
887	408
887	418
887	426
887	507
887	514
887	544
887	547
887	566
887	583
887	699
887	762
887	823
888	34
888	35
888	39
888	120
888	192
888	230
888	239
888	490
888	516
888	565
888	568
888	647
888	690
888	767
888	778
888	808
888	814
888	826
888	937
888	943
888	944
889	809
889	874
889	891
889	906
889	910
889	912
889	920
889	954
889	975
889	989
889	993
889	994
889	997
889	998
889	999
889	1000
890	32
890	240
890	246
890	270
890	300
890	332
890	342
890	414
890	424
890	483
890	502
890	529
890	559
890	612
890	707
890	721
890	760
890	841
890	875
890	903
890	926
891	809
891	874
891	889
891	906
891	910
891	912
891	920
891	954
891	975
891	989
891	993
891	994
891	997
891	998
891	999
891	1000
892	96
892	154
892	318
892	356
892	405
892	608
892	609
892	654
892	676
892	710
892	742
892	754
892	781
892	783
892	791
892	867
892	873
892	895
892	922
892	971
892	972
893	745
893	763
893	786
893	798
893	800
893	802
893	839
893	858
893	870
893	896
893	905
893	913
893	915
893	948
893	951
893	952
893	967
893	982
893	985
894	22
894	254
894	262
894	265
894	302
894	310
894	345
894	381
894	383
894	390
894	433
894	441
894	505
894	522
894	637
894	648
894	790
894	825
894	860
894	878
894	950
894	956
895	96
895	147
895	169
895	286
895	480
895	549
895	608
895	652
895	654
895	676
895	697
895	742
895	781
895	783
895	791
895	867
895	873
895	892
895	911
895	922
895	971
895	972
896	163
896	419
896	541
896	745
896	763
896	786
896	798
896	800
896	802
896	839
896	858
896	870
896	893
896	905
896	913
896	915
896	948
896	951
896	952
896	967
896	982
896	985
897	1
897	8
897	108
897	111
897	132
897	172
897	217
897	225
897	237
897	280
897	287
897	421
897	445
897	455
897	456
897	466
897	550
897	625
897	632
897	666
897	771
897	836
898	110
898	121
898	140
898	142
898	151
898	224
898	308
898	420
898	428
898	438
898	574
898	655
898	680
898	722
898	730
898	736
898	813
898	845
898	886
898	918
898	949
898	955
899	688
899	704
899	713
899	758
899	773
899	815
899	866
899	880
899	900
899	919
899	925
899	929
899	931
899	942
899	959
899	962
899	963
899	965
900	758
900	773
900	815
900	866
900	880
900	899
900	919
900	925
900	929
900	931
900	942
900	959
900	962
900	963
900	965
901	36
901	58
901	69
901	103
901	144
901	148
901	197
901	214
901	259
901	274
901	378
901	398
901	527
901	599
901	636
901	726
901	731
901	747
901	756
901	796
901	804
901	830
902	228
902	656
902	674
902	724
902	755
902	782
902	810
902	914
902	924
902	947
902	957
902	968
902	973
902	981
902	986
903	25
903	30
903	240
903	266
903	270
903	300
903	305
903	332
903	342
903	502
903	559
903	572
903	612
903	616
903	628
903	689
903	707
903	721
903	760
903	841
903	875
903	890
903	926
904	100
904	252
904	288
904	444
904	447
904	458
904	526
904	630
904	635
904	653
904	696
904	738
904	748
904	806
904	843
904	847
904	865
904	882
904	934
904	936
904	939
904	958
904	966
905	65
905	162
905	338
905	541
905	745
905	763
905	786
905	798
905	800
905	802
905	839
905	858
905	870
905	893
905	896
905	913
905	915
905	948
905	951
905	952
905	967
905	982
905	985
906	809
906	874
906	889
906	891
906	910
906	912
906	920
906	954
906	975
906	989
906	993
906	994
906	997
906	998
906	999
906	1000
907	44
907	204
907	207
907	211
907	321
907	387
907	392
907	430
907	479
907	528
907	546
907	581
907	623
907	650
907	662
907	667
907	705
907	714
907	718
907	761
907	789
907	884
907	932
908	16
908	28
908	48
908	80
908	115
908	278
908	312
908	331
908	340
908	346
908	363
908	375
908	427
908	442
908	460
908	498
908	548
908	562
908	567
908	595
908	687
908	819
908	851
909	60
909	70
909	283
909	311
909	351
909	367
909	400
909	465
909	493
909	524
909	530
909	532
909	589
909	602
909	617
909	651
909	764
909	797
909	799
909	820
909	833
909	862
909	869
910	809
910	874
910	889
910	891
910	906
910	912
910	920
910	954
910	975
910	989
910	993
910	994
910	997
910	998
910	999
910	1000
911	160
911	286
911	339
911	397
911	405
911	461
911	480
911	496
911	608
911	609
911	652
911	654
911	679
911	697
911	754
911	772
911	781
911	783
911	791
911	867
911	873
911	895
911	971
911	972
912	809
912	874
912	889
912	891
912	906
912	910
912	920
912	954
912	975
912	989
912	993
912	994
912	997
912	998
912	999
912	1000
913	319
913	338
913	347
913	417
913	419
913	745
913	763
913	786
913	798
913	800
913	802
913	839
913	858
913	870
913	893
913	896
913	905
913	915
913	948
913	951
913	952
913	967
913	982
913	985
914	193
914	284
914	401
914	463
914	470
914	503
914	525
914	584
914	586
914	591
914	610
914	656
914	674
914	724
914	755
914	782
914	810
914	902
914	924
914	947
914	957
914	968
914	973
914	981
914	986
915	77
915	187
915	255
915	417
915	517
915	557
915	745
915	763
915	786
915	798
915	800
915	802
915	839
915	858
915	870
915	893
915	896
915	905
915	913
915	948
915	951
915	952
915	967
915	982
915	985
916	4
916	13
916	113
916	122
916	182
916	232
916	295
916	297
916	327
916	350
916	406
916	500
916	561
916	580
916	600
916	613
916	644
916	660
916	691
916	768
916	818
916	824
916	871
916	917
916	923
917	4
917	13
917	92
917	113
917	122
917	232
917	295
917	297
917	327
917	350
917	406
917	500
917	561
917	580
917	600
917	613
917	644
917	660
917	691
917	768
917	818
917	824
917	871
917	916
917	923
918	45
918	106
918	110
918	128
918	151
918	157
918	199
918	308
918	353
918	428
918	438
918	511
918	523
918	574
918	655
918	680
918	722
918	730
918	736
918	780
918	813
918	845
918	886
918	898
918	949
918	955
919	578
919	663
919	688
919	704
919	713
919	758
919	773
919	815
919	866
919	880
919	899
919	900
919	925
919	929
919	931
919	942
919	959
919	962
919	963
919	965
920	682
920	686
920	700
920	809
920	874
920	889
920	891
920	906
920	910
920	912
920	954
920	975
920	989
920	993
920	994
920	997
920	998
920	999
920	1000
921	9
921	19
921	20
921	41
921	86
921	281
921	291
921	296
921	348
921	404
921	484
921	531
921	604
921	684
921	717
921	732
921	776
921	795
921	803
921	816
921	829
921	838
921	844
921	928
921	930
921	933
922	90
922	286
922	356
922	397
922	461
922	549
922	608
922	609
922	652
922	654
922	676
922	679
922	697
922	710
922	742
922	754
922	772
922	781
922	783
922	791
922	867
922	873
922	892
922	895
922	971
922	972
923	4
923	13
923	92
923	113
923	122
923	182
923	232
923	295
923	297
923	327
923	350
923	406
923	500
923	561
923	580
923	600
923	613
923	644
923	660
923	691
923	768
923	818
923	824
923	871
923	916
923	917
924	38
924	71
924	85
924	126
924	334
924	463
924	474
924	503
924	584
924	586
924	591
924	610
924	656
924	674
924	724
924	755
924	782
924	810
924	902
924	914
924	947
924	957
924	968
924	973
924	981
924	986
925	663
925	688
925	704
925	713
925	758
925	773
925	815
925	866
925	880
925	899
925	900
925	919
925	929
925	931
925	942
925	959
925	962
925	963
925	965
926	25
926	30
926	32
926	240
926	266
926	270
926	282
926	300
926	332
926	342
926	385
926	424
926	483
926	502
926	529
926	572
926	612
926	616
926	628
926	689
926	721
926	760
926	841
926	875
926	890
926	903
927	770
927	787
927	849
927	857
927	864
927	935
927	940
927	969
927	974
927	979
927	980
927	987
927	988
927	990
927	992
927	995
927	996
928	9
928	19
928	20
928	41
928	86
928	281
928	291
928	314
928	328
928	348
928	404
928	531
928	604
928	684
928	717
928	732
928	776
928	795
928	803
928	816
928	829
928	838
928	844
928	921
928	930
928	933
929	212
929	273
929	452
929	467
929	515
929	563
929	578
929	663
929	688
929	704
929	713
929	758
929	773
929	815
929	866
929	880
929	899
929	900
929	919
929	925
929	931
929	942
929	959
929	962
929	963
929	965
930	9
930	19
930	20
930	41
930	86
930	291
930	296
930	307
930	314
930	328
930	404
930	484
930	531
930	604
930	684
930	717
930	732
930	776
930	795
930	803
930	816
930	829
930	838
930	844
930	921
930	928
930	933
931	515
931	563
931	578
931	663
931	688
931	704
931	713
931	758
931	773
931	815
931	866
931	880
931	899
931	900
931	919
931	925
931	929
931	942
931	959
931	962
931	963
931	965
932	44
932	204
932	207
932	211
932	321
932	349
932	387
932	392
932	429
932	430
932	475
932	479
932	528
932	546
932	570
932	581
932	623
932	650
932	662
932	667
932	705
932	714
932	718
932	761
932	789
932	884
932	907
933	9
933	20
933	41
933	281
933	291
933	296
933	307
933	314
933	328
933	348
933	404
933	484
933	531
933	604
933	684
933	717
933	732
933	776
933	795
933	803
933	816
933	829
933	838
933	844
933	921
933	928
933	930
934	76
934	100
934	210
934	272
934	276
934	285
934	423
934	436
934	444
934	447
934	458
934	526
934	630
934	649
934	727
934	738
934	748
934	806
934	843
934	847
934	865
934	882
934	904
934	936
934	939
934	958
934	966
935	750
935	757
935	770
935	787
935	849
935	857
935	864
935	927
935	940
935	969
935	974
935	979
935	980
935	987
935	988
935	990
935	992
935	995
935	996
936	29
936	50
936	76
936	87
936	149
936	183
936	276
936	288
936	355
936	436
936	447
936	649
936	653
936	696
936	727
936	738
936	748
936	806
936	843
936	847
936	865
936	882
936	904
936	934
936	939
936	958
936	966
937	2
937	34
937	53
937	84
937	120
937	166
937	200
937	230
937	239
937	343
937	365
937	490
937	491
937	516
937	565
937	568
937	647
937	690
937	767
937	778
937	794
937	808
937	814
937	826
937	888
937	943
937	944
938	91
938	179
938	227
938	275
938	354
938	361
938	362
938	409
938	413
938	422
938	504
938	551
938	573
938	619
938	694
938	716
938	740
938	751
938	752
938	842
938	848
938	854
938	883
938	945
938	976
938	977
938	983
938	984
939	57
939	87
939	100
939	149
939	183
939	272
939	276
939	285
939	355
939	444
939	458
939	526
939	630
939	635
939	649
939	653
939	696
939	738
939	748
939	806
939	843
939	847
939	865
939	904
939	934
939	936
939	958
939	966
940	734
940	735
940	750
940	757
940	770
940	787
940	849
940	857
940	864
940	927
940	935
940	969
940	974
940	979
940	980
940	987
940	988
940	990
940	992
940	995
940	996
941	298
941	364
941	382
941	388
941	432
941	494
941	558
941	598
941	631
941	685
941	715
941	741
941	746
941	775
941	779
941	792
941	832
941	837
941	846
941	856
941	946
941	953
941	960
941	961
941	964
941	970
941	978
941	991
942	51
942	315
942	372
942	376
942	452
942	467
942	515
942	563
942	578
942	663
942	688
942	704
942	713
942	758
942	773
942	815
942	866
942	880
942	899
942	900
942	919
942	925
942	929
942	931
942	959
942	962
942	963
942	965
943	2
943	34
943	35
943	40
943	49
943	53
943	84
943	166
943	192
943	218
943	239
943	343
943	365
943	490
943	491
943	516
943	568
943	647
943	690
943	767
943	778
943	794
943	808
943	814
943	826
943	888
943	937
943	944
944	2
944	34
944	39
944	53
944	120
944	166
944	192
944	200
944	218
944	230
944	239
944	343
944	365
944	490
944	491
944	516
944	565
944	568
944	647
944	690
944	767
944	778
944	794
944	808
944	814
944	826
944	888
944	937
944	943
945	137
945	242
945	361
945	362
945	373
945	415
945	422
945	504
945	519
945	538
945	551
945	573
945	590
945	619
945	638
945	694
945	716
945	740
945	751
945	752
945	842
945	848
945	854
945	883
945	938
945	976
945	977
945	983
945	984
946	298
946	335
946	388
946	437
946	476
946	494
946	598
946	605
946	631
946	685
946	715
946	741
946	746
946	775
946	779
946	788
946	792
946	832
946	837
946	846
946	856
946	941
946	953
946	960
946	961
946	964
946	970
946	978
946	991
947	17
947	72
947	119
947	219
947	284
947	384
947	391
947	401
947	470
947	503
947	525
947	584
947	586
947	591
947	610
947	656
947	674
947	724
947	755
947	782
947	810
947	902
947	914
947	924
947	957
947	968
947	973
947	981
947	986
948	18
948	164
948	234
948	255
948	319
948	347
948	425
948	431
948	517
948	541
948	557
948	745
948	763
948	786
948	798
948	800
948	802
948	839
948	858
948	870
948	893
948	896
948	905
948	913
948	915
948	951
948	952
948	967
948	982
948	985
949	45
949	106
949	110
949	128
949	140
949	151
949	157
949	194
949	199
949	224
949	308
949	353
949	420
949	428
949	438
949	511
949	523
949	574
949	655
949	680
949	722
949	730
949	736
949	780
949	813
949	845
949	886
949	898
949	918
949	955
950	5
950	22
950	168
950	201
950	238
950	247
950	254
950	262
950	265
950	310
950	317
950	345
950	381
950	383
950	390
950	433
950	441
950	449
950	482
950	505
950	522
950	614
950	637
950	648
950	790
950	825
950	860
950	878
950	894
950	956
951	99
951	163
951	164
951	173
951	249
951	255
951	419
951	425
951	431
951	517
951	557
951	745
951	763
951	786
951	798
951	800
951	802
951	839
951	858
951	870
951	893
951	896
951	905
951	913
951	915
951	948
951	952
951	967
951	982
951	985
952	155
952	173
952	187
952	249
952	255
952	417
952	419
952	425
952	431
952	517
952	541
952	557
952	745
952	763
952	786
952	798
952	800
952	802
952	839
952	858
952	870
952	893
952	896
952	905
952	913
952	915
952	948
952	951
952	967
952	982
952	985
953	299
953	371
953	388
953	437
953	446
953	476
953	485
953	494
953	558
953	598
953	605
953	631
953	685
953	741
953	746
953	775
953	779
953	788
953	792
953	832
953	837
953	846
953	856
953	941
953	946
953	960
953	961
953	964
953	970
953	978
953	991
954	629
954	642
954	645
954	657
954	658
954	682
954	686
954	700
954	809
954	874
954	889
954	891
954	906
954	910
954	912
954	920
954	975
954	989
954	993
954	994
954	997
954	998
954	999
954	1000
955	21
955	45
955	106
955	110
955	121
955	128
955	140
955	151
955	157
955	194
955	199
955	224
955	353
955	420
955	428
955	438
955	511
955	523
955	574
955	655
955	680
955	722
955	730
955	736
955	780
955	813
955	845
955	886
955	898
955	918
955	949
956	22
956	201
956	238
956	247
956	251
956	254
956	262
956	265
956	301
956	302
956	310
956	317
956	345
956	381
956	383
956	390
956	394
956	433
956	441
956	449
956	482
956	522
956	614
956	637
956	648
956	790
956	825
956	860
956	878
956	894
956	950
957	17
957	71
957	72
957	191
957	219
957	256
957	289
957	334
957	391
957	463
957	474
957	503
957	525
957	584
957	586
957	591
957	610
957	656
957	674
957	724
957	755
957	782
957	810
957	902
957	914
957	924
957	947
957	968
957	973
957	981
957	986
958	29
958	57
958	76
958	98
958	149
958	183
958	252
958	272
958	285
958	288
958	355
958	423
958	436
958	444
958	526
958	635
958	649
958	653
958	696
958	727
958	738
958	748
958	806
958	843
958	847
958	865
958	882
958	904
958	934
958	936
958	939
958	966
959	97
959	101
959	156
959	167
959	212
959	248
959	273
959	315
959	372
959	376
959	452
959	467
959	515
959	563
959	578
959	663
959	688
959	704
959	713
959	758
959	773
959	815
959	866
959	880
959	899
959	900
959	919
959	925
959	929
959	931
959	942
959	962
959	963
959	965
960	95
960	141
960	185
960	335
960	364
960	382
960	388
960	432
960	446
960	476
960	494
960	558
960	598
960	605
960	631
960	685
960	741
960	746
960	775
960	779
960	788
960	792
960	832
960	837
960	846
960	856
960	941
960	946
960	953
960	961
960	964
960	970
960	978
960	991
961	7
961	95
961	105
961	313
961	335
961	371
961	432
961	437
961	446
961	476
961	485
961	598
961	605
961	631
961	685
961	715
961	741
961	746
961	775
961	779
961	788
961	792
961	832
961	837
961	846
961	856
961	941
961	946
961	953
961	960
961	964
961	970
961	978
961	991
962	51
962	97
962	101
962	156
962	167
962	248
962	273
962	315
962	372
962	376
962	452
962	467
962	515
962	563
962	578
962	663
962	688
962	704
962	713
962	758
962	773
962	815
962	866
962	880
962	899
962	900
962	919
962	925
962	929
962	931
962	942
962	959
962	963
962	965
963	51
963	97
963	101
963	156
963	167
963	212
963	248
963	273
963	315
963	372
963	376
963	452
963	467
963	515
963	563
963	578
963	663
963	688
963	704
963	713
963	758
963	773
963	815
963	866
963	880
963	899
963	900
963	919
963	925
963	929
963	931
963	942
963	959
963	962
963	965
964	7
964	109
964	141
964	185
964	298
964	299
964	313
964	364
964	371
964	382
964	432
964	485
964	558
964	605
964	631
964	685
964	715
964	741
964	746
964	775
964	779
964	788
964	792
964	832
964	837
964	846
964	856
964	941
964	946
964	953
964	960
964	961
964	970
964	978
964	991
965	51
965	97
965	101
965	156
965	167
965	212
965	248
965	273
965	315
965	372
965	376
965	452
965	467
965	515
965	563
965	578
965	663
965	688
965	704
965	713
965	758
965	773
965	815
965	866
965	880
965	899
965	900
965	919
965	925
965	929
965	931
965	942
965	959
965	962
965	963
966	50
966	76
966	87
966	98
966	100
966	149
966	170
966	210
966	252
966	272
966	276
966	285
966	288
966	355
966	423
966	436
966	444
966	447
966	526
966	630
966	635
966	649
966	696
966	727
966	738
966	748
966	843
966	847
966	865
966	882
966	904
966	934
966	936
966	939
966	958
967	18
967	65
967	77
967	99
967	155
967	162
967	234
967	319
967	338
967	347
967	417
967	425
967	431
967	517
967	541
967	557
967	745
967	763
967	786
967	798
967	800
967	802
967	839
967	858
967	870
967	893
967	896
967	905
967	913
967	915
967	948
967	951
967	952
967	982
967	985
968	71
968	85
968	119
968	138
968	193
968	233
968	256
968	284
968	289
968	334
968	384
968	391
968	401
968	470
968	474
968	503
968	525
968	584
968	586
968	591
968	610
968	656
968	674
968	724
968	755
968	782
968	810
968	902
968	914
968	924
968	947
968	957
968	973
968	981
968	986
969	734
969	735
969	750
969	757
969	770
969	787
969	849
969	857
969	864
969	927
969	935
969	940
969	974
969	979
969	980
969	987
969	988
969	990
969	992
969	995
969	996
970	7
970	105
970	109
970	298
970	299
970	313
970	335
970	437
970	446
970	485
970	494
970	558
970	598
970	605
970	631
970	685
970	715
970	741
970	746
970	775
970	779
970	788
970	792
970	832
970	837
970	846
970	856
970	941
970	946
970	953
970	960
970	961
970	964
970	978
970	991
971	96
971	147
971	160
971	169
971	286
971	318
971	339
971	356
971	397
971	405
971	461
971	480
971	496
971	549
971	608
971	609
971	652
971	654
971	676
971	679
971	697
971	710
971	742
971	754
971	772
971	781
971	783
971	791
971	867
971	873
971	892
971	895
971	911
971	922
971	972
972	90
972	96
972	147
972	154
972	160
972	169
972	286
972	318
972	356
972	397
972	405
972	461
972	480
972	496
972	549
972	608
972	609
972	652
972	654
972	676
972	679
972	697
972	710
972	742
972	754
972	772
972	781
972	783
972	791
972	867
972	873
972	892
972	895
972	911
972	922
972	971
973	38
973	72
973	126
973	138
973	191
973	193
973	228
973	233
973	256
973	289
973	334
973	384
973	391
973	401
973	463
973	470
973	474
973	525
973	584
973	586
973	591
973	610
973	656
973	674
973	724
973	755
973	782
973	810
973	902
973	914
973	924
973	947
973	957
973	968
973	981
973	986
974	634
974	639
974	734
974	735
974	750
974	757
974	770
974	787
974	849
974	857
974	864
974	927
974	935
974	940
974	969
974	979
974	980
974	987
974	988
974	990
974	992
974	995
974	996
975	588
975	629
975	642
975	645
975	657
975	658
975	682
975	686
975	700
975	809
975	874
975	889
975	891
975	906
975	910
975	912
975	920
975	954
975	989
975	993
975	994
975	997
975	998
975	999
975	1000
976	56
976	112
976	137
976	179
976	221
976	227
976	241
976	275
976	320
976	354
976	361
976	362
976	373
976	409
976	413
976	415
976	504
976	519
976	538
976	551
976	573
976	590
976	619
976	638
976	694
976	716
976	740
976	751
976	752
976	842
976	848
976	854
976	883
976	938
976	945
976	977
976	983
976	984
977	33
977	56
977	91
977	112
977	137
977	221
977	241
977	242
977	275
977	320
977	354
977	373
977	409
977	413
977	415
977	422
977	504
977	519
977	538
977	551
977	573
977	590
977	619
977	638
977	694
977	716
977	740
977	751
977	752
977	842
977	848
977	854
977	883
977	938
977	945
977	976
977	983
977	984
978	105
978	109
978	141
978	185
978	299
978	313
978	364
978	371
978	382
978	432
978	446
978	476
978	485
978	494
978	558
978	598
978	605
978	631
978	685
978	715
978	741
978	746
978	775
978	779
978	788
978	792
978	832
978	837
978	846
978	856
978	941
978	946
978	953
978	960
978	961
978	964
978	970
978	991
979	603
979	634
979	639
979	734
979	735
979	750
979	757
979	770
979	787
979	849
979	857
979	864
979	927
979	935
979	940
979	969
979	974
979	980
979	987
979	988
979	990
979	992
979	995
979	996
980	499
980	521
980	542
980	543
980	603
980	634
980	639
980	734
980	735
980	750
980	757
980	770
980	787
980	849
980	857
980	864
980	927
980	935
980	940
980	969
980	974
980	979
980	987
980	988
980	990
980	992
980	995
980	996
981	17
981	38
981	72
981	85
981	119
981	126
981	138
981	191
981	219
981	228
981	233
981	256
981	284
981	289
981	384
981	391
981	401
981	463
981	470
981	474
981	503
981	525
981	584
981	586
981	591
981	610
981	656
981	674
981	724
981	755
981	782
981	810
981	902
981	914
981	924
981	947
981	957
981	968
981	973
981	986
982	18
982	65
982	77
982	99
982	155
982	162
982	163
982	164
982	173
982	187
982	234
982	249
982	319
982	338
982	347
982	417
982	419
982	425
982	431
982	517
982	541
982	557
982	745
982	763
982	786
982	798
982	800
982	802
982	839
982	858
982	870
982	893
982	896
982	905
982	913
982	915
982	948
982	951
982	952
982	967
982	985
983	33
983	56
983	91
983	112
983	179
983	221
983	227
983	241
983	242
983	275
983	320
983	354
983	361
983	362
983	373
983	409
983	413
983	415
983	422
983	504
983	519
983	538
983	551
983	573
983	590
983	619
983	638
983	694
983	716
983	740
983	751
983	752
983	842
983	848
983	854
983	883
983	938
983	945
983	976
983	977
983	984
984	33
984	56
984	91
984	112
984	137
984	179
984	221
984	227
984	241
984	242
984	275
984	320
984	354
984	361
984	362
984	373
984	409
984	413
984	415
984	422
984	504
984	519
984	538
984	551
984	573
984	590
984	619
984	638
984	694
984	716
984	740
984	751
984	752
984	842
984	848
984	854
984	883
984	938
984	945
984	976
984	977
984	983
985	18
985	65
985	77
985	99
985	155
985	162
985	163
985	164
985	173
985	187
985	234
985	249
985	255
985	319
985	338
985	347
985	417
985	419
985	425
985	431
985	517
985	541
985	557
985	745
985	763
985	786
985	798
985	800
985	802
985	839
985	858
985	870
985	893
985	896
985	905
985	913
985	915
985	948
985	951
985	952
985	967
985	982
986	17
986	38
986	71
986	85
986	119
986	126
986	138
986	191
986	193
986	219
986	228
986	233
986	256
986	284
986	289
986	334
986	384
986	391
986	401
986	463
986	470
986	474
986	503
986	525
986	584
986	586
986	591
986	610
986	656
986	674
986	724
986	755
986	782
986	810
986	902
986	914
986	924
986	947
986	957
986	968
986	973
986	981
987	264
987	477
987	478
987	499
987	521
987	542
987	543
987	603
987	634
987	639
987	734
987	735
987	750
987	757
987	770
987	787
987	849
987	857
987	864
987	927
987	935
987	940
987	969
987	974
987	979
987	980
987	988
987	990
987	992
987	995
987	996
988	11
988	37
988	52
988	54
988	79
988	158
988	174
988	175
988	176
988	264
988	267
988	293
988	336
988	477
988	478
988	499
988	521
988	542
988	543
988	603
988	634
988	639
988	734
988	735
988	750
988	757
988	770
988	787
988	849
988	857
988	864
988	927
988	935
988	940
988	969
988	974
988	979
988	980
988	987
988	990
988	992
988	995
988	996
989	508
989	536
989	537
989	588
989	629
989	642
989	645
989	657
989	658
989	682
989	686
989	700
989	809
989	874
989	889
989	891
989	906
989	910
989	912
989	920
989	954
989	975
989	993
989	994
989	997
989	998
989	999
989	1000
990	37
990	52
990	79
990	134
990	158
990	171
990	174
990	175
990	181
990	196
990	243
990	267
990	293
990	336
990	477
990	478
990	499
990	521
990	542
990	543
990	603
990	634
990	639
990	734
990	735
990	750
990	757
990	770
990	787
990	849
990	857
990	864
990	927
990	935
990	940
990	969
990	974
990	979
990	980
990	987
990	988
990	992
990	995
990	996
991	7
991	95
991	105
991	109
991	141
991	185
991	298
991	299
991	313
991	335
991	364
991	371
991	382
991	388
991	432
991	437
991	446
991	476
991	485
991	494
991	558
991	598
991	605
991	631
991	685
991	715
991	741
991	746
991	775
991	779
991	788
991	792
991	832
991	837
991	846
991	856
991	941
991	946
991	953
991	960
991	961
991	964
991	970
991	978
992	11
992	37
992	52
992	54
992	134
992	171
992	174
992	176
992	181
992	196
992	243
992	264
992	267
992	293
992	336
992	477
992	478
992	499
992	521
992	542
992	543
992	603
992	634
992	639
992	734
992	735
992	750
992	757
992	770
992	787
992	849
992	857
992	864
992	927
992	935
992	940
992	969
992	974
992	979
992	980
992	987
992	988
992	990
992	995
992	996
993	403
993	457
993	459
993	473
993	508
993	536
993	537
993	588
993	629
993	642
993	645
993	657
993	658
993	682
993	686
993	700
993	809
993	874
993	889
993	891
993	906
993	910
993	912
993	920
993	954
993	975
993	989
993	994
993	997
993	998
993	999
993	1000
994	271
994	294
994	303
994	374
994	403
994	457
994	459
994	473
994	508
994	536
994	537
994	588
994	629
994	642
994	645
994	657
994	658
994	682
994	686
994	700
994	809
994	874
994	889
994	891
994	906
994	910
994	912
994	920
994	954
994	975
994	989
994	993
994	997
994	998
994	999
994	1000
995	11
995	54
995	79
995	134
995	158
995	171
995	174
995	175
995	176
995	181
995	196
995	243
995	264
995	267
995	293
995	336
995	477
995	478
995	499
995	521
995	542
995	543
995	603
995	634
995	639
995	734
995	735
995	750
995	757
995	770
995	787
995	849
995	857
995	864
995	927
995	935
995	940
995	969
995	974
995	979
995	980
995	987
995	988
995	990
995	992
995	996
996	11
996	37
996	52
996	54
996	79
996	134
996	158
996	171
996	175
996	176
996	181
996	196
996	243
996	264
996	267
996	293
996	336
996	477
996	478
996	499
996	521
996	542
996	543
996	603
996	634
996	639
996	734
996	735
996	750
996	757
996	770
996	787
996	849
996	857
996	864
996	927
996	935
996	940
996	969
996	974
996	979
996	980
996	987
996	988
996	990
996	992
996	995
997	3
997	15
997	26
997	64
997	94
997	107
997	116
997	130
997	131
997	146
997	178
997	223
997	268
997	271
997	294
997	303
997	374
997	403
997	457
997	459
997	473
997	508
997	536
997	537
997	588
997	629
997	642
997	645
997	657
997	658
997	682
997	686
997	700
997	809
997	874
997	889
997	891
997	906
997	910
997	912
997	920
997	954
997	975
997	989
997	993
997	994
997	998
997	999
997	1000
998	3
998	15
998	26
998	64
998	94
998	107
998	116
998	130
998	131
998	146
998	178
998	223
998	268
998	271
998	294
998	303
998	374
998	403
998	457
998	459
998	473
998	508
998	536
998	537
998	588
998	629
998	642
998	645
998	657
998	658
998	682
998	686
998	700
998	809
998	874
998	889
998	891
998	906
998	910
998	912
998	920
998	954
998	975
998	989
998	993
998	994
998	997
998	999
998	1000
999	3
999	15
999	26
999	64
999	94
999	107
999	116
999	130
999	131
999	146
999	178
999	223
999	268
999	271
999	294
999	303
999	374
999	403
999	457
999	459
999	473
999	508
999	536
999	537
999	588
999	629
999	642
999	645
999	657
999	658
999	682
999	686
999	700
999	809
999	874
999	889
999	891
999	906
999	910
999	912
999	920
999	954
999	975
999	989
999	993
999	994
999	997
999	998
999	1000
1000	3
1000	15
1000	26
1000	64
1000	94
1000	107
1000	116
1000	130
1000	131
1000	146
1000	178
1000	223
1000	268
1000	271
1000	294
1000	303
1000	374
1000	403
1000	457
1000	459
1000	473
1000	508
1000	536
1000	537
1000	588
1000	629
1000	642
1000	645
1000	657
1000	658
1000	682
1000	686
1000	700
1000	809
1000	874
1000	889
1000	891
1000	906
1000	910
1000	912
1000	920
1000	954
1000	975
1000	989
1000	993
1000	994
1000	997
1000	998
1000	999
