1	146
1	343
1	813
1	992
2	92
2	461
2	675
2	941
3	444
3	486
3	638
3	909
4	396
4	812
4	898
4	912
5	524
5	730
5	781
5	981
6	113
6	550
6	892
6	911
7	396
7	426
7	531
7	963
8	789
8	851
8	857
8	914
9	135
9	827
9	850
9	1000
10	358
10	713
10	916
10	919
11	493
11	777
11	901
11	957
12	151
12	250
12	351
12	999
13	186
13	256
13	341
13	609
14	476
14	915
14	921
14	960
15	308
15	437
15	600
15	962
16	355
16	862
16	902
16	912
17	726
17	838
17	905
17	909
18	266
18	847
18	941
18	979
19	122
19	747
19	900
19	1000
20	76
20	158
20	474
20	519
21	25
21	701
21	918
21	969
22	718
22	864
22	897
22	942
23	80
23	658
23	980
23	995
24	263
24	755
24	780
24	952
25	21
25	736
25	788
25	958
26	244
26	395
26	426
26	997
27	489
27	794
27	847
27	984
28	76
28	191
28	850
28	992
29	183
29	320
29	734
29	956
30	108
30	454
30	745
30	850
31	468
31	605
31	658
31	808
32	399
32	465
32	921
32	996
33	157
33	459
33	926
33	994
34	273
34	715
34	869
34	993
35	292
35	749
35	975
35	991
36	96
36	677
36	908
36	954
37	635
37	962
37	965
37	987
38	535
38	582
38	967
38	989
39	884
39	898
39	938
39	969
40	307
40	506
40	836
40	939
41	642
41	866
41	927
41	947
42	708
42	746
42	893
42	981
43	295
43	582
43	732
43	930
44	256
44	450
44	860
44	919
45	146
45	177
45	528
45	917
46	54
46	861
46	925
46	946
47	392
47	502
47	703
47	938
48	221
48	689
48	970
48	994
49	151
49	947
49	977
49	994
50	179
50	734
50	854
50	920
51	183
51	511
51	953
51	968
52	327
52	867
52	933
52	947
53	563
53	719
53	888
53	940
54	46
54	278
54	639
54	887
55	574
55	929
55	982
55	1000
56	532
56	855
56	919
56	946
57	310
57	698
57	872
57	974
58	499
58	756
58	796
58	943
59	933
59	978
59	990
59	995
60	532
60	809
60	927
60	981
61	301
61	476
61	690
61	917
62	632
62	717
62	960
62	979
63	464
63	760
63	869
63	925
64	616
64	625
64	694
64	787
65	498
65	785
65	807
65	927
66	567
66	591
66	875
66	965
67	456
67	545
67	671
67	940
68	189
68	922
68	984
68	997
69	469
69	592
69	817
69	886
70	540
70	696
70	812
70	890
71	187
71	252
71	437
71	996
72	757
72	846
72	943
72	967
73	301
73	713
73	962
73	978
74	594
74	743
74	783
74	943
75	246
75	572
75	989
75	998
76	20
76	28
76	674
76	692
77	538
77	766
77	990
77	993
78	455
78	983
78	988
78	989
79	366
79	833
79	913
79	968
80	23
80	895
80	967
80	972
81	388
81	457
81	898
81	978
82	691
82	693
82	879
82	887
83	431
83	500
83	677
83	768
84	412
84	699
84	893
84	960
85	216
85	745
85	883
85	979
86	647
86	740
86	927
86	973
87	910
87	948
87	973
87	979
88	270
88	696
88	781
88	972
89	280
89	426
89	857
89	984
90	152
90	884
90	984
90	998
91	594
91	609
91	910
91	984
92	2
92	334
92	830
92	1000
93	479
93	602
93	825
93	873
94	155
94	629
94	846
94	998
95	462
95	475
95	632
95	986
96	36
96	341
96	799
96	917
97	230
97	599
97	703
97	998
98	99
98	375
98	483
98	922
99	98
99	160
99	639
99	728
100	278
100	686
100	861
100	989
101	183
101	494
101	537
101	627
102	319
102	554
102	630
102	934
103	206
103	637
103	669
103	688
104	348
104	461
104	857
104	983
105	242
105	862
105	918
105	973
106	295
106	433
106	455
106	579
107	728
107	974
107	989
107	998
108	30
108	478
108	521
108	955
109	291
109	737
109	795
109	973
110	121
110	761
110	867
110	995
111	175
111	847
111	963
111	985
112	192
112	857
112	951
112	974
113	6
113	483
113	775
113	988
114	323
114	350
114	730
114	807
115	325
115	624
115	777
115	887
116	592
116	615
116	798
116	939
117	324
117	384
117	829
117	1000
118	223
118	723
118	869
118	961
119	195
119	224
119	814
119	977
120	180
120	398
120	483
120	715
121	110
121	942
121	954
121	1000
122	19
122	406
122	575
122	813
123	787
123	906
123	931
123	998
124	838
124	928
124	935
124	979
125	470
125	774
125	900
125	939
126	810
126	910
126	976
126	990
127	294
127	459
127	546
127	979
128	590
128	717
128	890
128	977
129	142
129	603
129	921
129	998
130	666
130	667
130	968
130	979
131	382
131	839
131	892
131	977
132	136
132	954
132	977
132	983
133	140
133	313
133	751
133	970
134	333
134	575
134	614
134	674
135	9
135	926
135	937
135	961
136	132
136	662
136	858
136	946
137	677
137	827
137	963
137	979
138	373
138	574
138	874
138	876
139	366
139	578
139	628
139	989
140	133
140	743
140	856
140	935
141	672
141	806
141	939
141	998
142	129
142	194
142	759
142	885
143	481
143	710
143	859
143	970
144	587
144	673
144	710
144	809
145	434
145	642
145	767
145	999
146	1
146	45
146	683
146	786
147	470
147	676
147	885
147	995
148	730
148	762
148	803
148	973
149	302
149	704
149	824
149	929
150	505
150	756
150	789
150	790
151	12
151	49
151	739
151	872
152	90
152	883
152	936
152	975
153	364
153	735
153	814
153	986
154	662
154	683
154	840
154	985
155	94
155	237
155	282
155	930
156	717
156	721
156	882
156	946
157	33
157	881
157	900
157	978
158	20
158	580
158	923
158	979
159	432
159	841
159	922
159	961
160	99
160	460
160	634
160	996
161	179
161	324
161	911
161	972
162	256
162	851
162	882
162	987
163	759
163	778
163	943
163	987
164	346
164	455
164	477
164	964
165	173
165	502
165	785
165	944
166	460
166	721
166	939
166	969
167	884
167	933
167	953
167	982
168	347
168	901
168	940
168	942
169	568
169	698
169	754
169	774
170	409
170	570
170	575
170	978
171	297
171	436
171	813
171	955
172	240
172	282
172	838
172	923
173	165
173	778
173	829
173	930
174	259
174	379
174	772
174	921
175	111
175	376
175	848
175	951
176	655
176	714
176	945
176	991
177	45
177	368
177	748
177	852
178	500
178	601
178	878
178	962
179	50
179	161
179	433
179	945
180	120
180	660
180	910
180	995
181	382
181	391
181	608
181	937
182	762
182	919
182	976
182	982
183	29
183	51
183	101
183	994
184	746
184	773
184	845
184	937
185	367
185	428
185	666
185	891
186	13
186	767
186	907
186	935
187	71
187	745
187	912
187	958
188	321
188	639
188	914
188	985
189	68
189	241
189	853
189	951
190	311
190	370
190	787
190	1000
191	28
191	725
191	928
191	964
192	112
192	643
192	694
192	934
193	465
193	755
193	904
193	964
194	142
194	769
194	838
194	903
195	119
195	257
195	614
195	660
196	436
196	689
196	731
196	779
197	533
197	833
197	859
197	997
198	514
198	525
198	757
198	941
199	512
199	743
199	967
199	984
200	512
200	924
200	927
200	970
201	514
201	874
201	902
201	981
202	581
202	719
202	840
202	979
203	593
203	793
203	888
203	975
204	321
204	819
204	838
204	894
205	291
205	344
205	924
205	993
206	103
206	951
206	961
206	978
207	745
207	769
207	919
207	990
208	274
208	294
208	766
208	996
209	557
209	604
209	782
209	993
210	685
210	758
210	837
210	990
211	352
211	648
211	704
211	974
212	511
212	744
212	874
212	998
213	317
213	493
213	549
213	589
214	918
214	925
214	941
214	996
215	754
215	810
215	895
215	958
216	85
216	226
216	651
216	897
217	423
217	891
217	918
217	985
218	387
218	488
218	988
218	995
219	386
219	658
219	776
219	933
220	297
220	889
220	945
220	969
221	48
221	897
221	930
221	983
222	326
222	515
222	601
222	899
223	118
223	408
223	725
223	764
224	119
224	544
224	848
224	983
225	490
225	580
225	804
225	943
226	216
226	409
226	798
226	972
227	395
227	695
227	888
227	972
228	657
228	799
228	866
228	951
229	312
229	415
229	791
229	981
230	97
230	669
230	750
230	842
231	336
231	494
231	601
231	722
232	591
232	660
232	908
232	925
233	285
233	856
233	860
233	992
234	251
234	920
234	927
234	990
235	384
235	698
235	774
235	933
236	823
236	871
236	899
236	997
237	155
237	452
237	673
237	752
238	304
238	743
238	848
238	982
239	248
239	249
239	490
239	915
239	993
240	172
240	527
240	931
240	937
240	990
241	189
241	543
241	750
241	969
241	991
242	105
242	320
242	341
242	662
242	918
243	671
243	782
243	833
243	987
243	992
244	26
244	507
244	674
244	925
244	983
245	424
245	476
245	922
245	926
245	976
246	75
246	833
246	979
246	985
246	991
247	569
247	824
247	870
247	918
247	989
248	239
248	278
248	624
248	625
248	970
249	239
249	815
249	842
249	886
249	991
250	12
250	268
250	831
250	872
250	980
251	234
251	915
251	953
251	988
251	997
252	71
252	843
252	901
252	913
252	989
253	358
253	627
253	892
253	993
253	995
254	497
254	795
254	962
254	982
254	985
255	603
255	742
255	870
255	915
255	999
256	13
256	44
256	162
256	492
256	543
257	195
257	634
257	665
257	740
257	973
258	373
258	404
258	720
258	873
258	977
259	174
259	678
259	712
259	841
259	980
260	305
260	805
260	840
260	923
260	946
261	391
261	831
261	886
261	892
261	978
262	437
262	454
262	710
262	897
262	995
263	24
263	480
263	786
263	796
263	827
264	569
264	942
264	958
264	975
264	997
265	563
265	584
265	841
265	889
265	908
266	18
266	743
266	896
266	988
266	990
267	555
267	805
267	811
267	909
267	925
268	250
268	616
268	711
268	731
268	882
269	309
269	935
269	966
269	986
269	989
270	88
270	348
270	361
270	713
270	890
271	783
271	873
271	914
271	974
271	981
272	532
272	612
272	675
272	789
272	991
273	34
273	515
273	777
273	800
273	983
274	208
274	440
274	701
274	844
274	904
275	522
275	799
275	942
275	991
275	1000
276	576
276	633
276	981
276	986
276	987
277	573
277	700
277	756
277	844
277	917
278	54
278	100
278	248
278	323
278	813
279	429
279	486
279	820
279	822
279	957
280	89
280	327
280	467
280	689
280	964
281	714
281	831
281	893
281	894
281	952
282	155
282	172
282	886
282	965
282	976
283	515
283	848
283	949
283	962
283	971
284	380
284	408
284	443
284	455
284	786
285	233
285	621
285	828
285	938
285	988
286	427
286	496
286	606
286	712
286	875
287	343
287	425
287	616
287	818
287	950
288	401
288	578
288	597
288	730
288	951
289	362
289	699
289	849
289	927
289	957
290	354
290	572
290	644
290	948
290	985
291	109
291	205
291	339
291	704
291	988
292	35
292	425
292	811
292	828
292	929
293	581
293	618
293	773
293	794
293	843
294	127
294	208
294	609
294	680
294	950
295	43
295	106
295	529
295	589
295	969
296	699
296	904
296	954
296	973
296	994
297	171
297	220
297	514
297	877
297	998
298	317
298	385
298	412
298	811
298	864
299	750
299	757
299	771
299	887
299	963
300	620
300	681
300	864
300	888
300	956
301	61
301	73
301	566
301	569
301	763
302	149
302	800
302	854
302	918
302	978
303	701
303	736
303	926
303	961
303	981
304	238
304	389
304	635
304	650
304	980
305	260
305	916
305	927
305	958
305	992
306	399
306	534
306	805
306	924
306	965
307	40
307	337
307	442
307	738
307	954
308	15
308	673
308	851
308	994
308	998
309	269
309	879
309	889
309	969
309	981
310	57
310	561
310	933
310	977
310	995
311	190
311	423
311	704
311	733
311	974
312	229
312	543
312	682
312	971
312	980
313	133
313	676
313	821
313	906
313	983
314	350
314	526
314	570
314	811
314	911
315	645
315	707
315	766
315	951
315	972
316	701
316	835
316	909
316	951
316	981
317	213
317	298
317	957
317	976
317	979
318	683
318	955
318	960
318	966
318	998
319	102
319	342
319	754
319	903
319	995
320	29
320	242
320	505
320	936
320	940
321	188
321	204
321	563
321	828
321	969
322	474
322	705
322	843
322	930
322	981
323	114
323	278
323	429
323	744
323	997
324	117
324	161
324	687
324	930
324	992
325	115
325	508
325	547
325	629
325	904
326	222
326	515
326	899
326	968
326	999
327	52
327	280
327	734
327	899
327	924
328	720
328	748
328	918
328	940
328	942
329	376
329	731
329	877
329	913
329	989
330	723
330	727
330	803
330	952
330	976
331	562
331	805
331	913
331	916
331	974
332	521
332	871
332	965
332	976
332	991
333	134
333	715
333	782
333	851
333	936
334	92
334	563
334	721
334	845
334	853
335	608
335	912
335	924
335	947
335	973
336	231
336	707
336	846
336	882
336	975
337	307
337	440
337	477
337	574
337	714
338	489
338	814
338	839
338	970
338	996
339	291
339	689
339	735
339	929
339	967
340	438
340	586
340	668
340	975
340	988
341	13
341	96
341	242
341	372
341	626
342	319
342	541
342	814
342	986
342	994
343	1
343	287
343	399
343	630
343	770
344	205
344	631
344	727
344	845
344	951
345	578
345	598
345	873
345	910
345	973
346	164
346	369
346	462
346	830
346	982
347	168
347	613
347	832
347	928
347	979
348	104
348	270
348	766
348	875
348	982
349	875
349	900
349	937
349	941
349	959
350	114
350	314
350	705
350	765
350	881
351	12
351	379
351	503
351	914
351	956
352	211
352	774
352	878
352	915
352	935
353	464
353	802
353	832
353	896
353	978
354	290
354	463
354	699
354	936
354	998
355	16
355	417
355	617
355	718
355	976
356	446
356	598
356	901
356	958
356	999
357	669
357	758
357	936
357	963
357	976
358	10
358	253
358	692
358	811
358	845
359	397
359	736
359	854
359	870
359	947
360	629
360	659
360	791
360	864
360	887
361	270
361	677
361	759
361	804
361	884
362	289
362	379
362	940
362	959
362	985
363	423
363	556
363	755
363	843
363	983
364	153
364	522
364	847
364	896
364	942
365	629
365	783
365	847
365	949
365	967
366	79
366	139
366	546
366	962
366	998
367	185
367	418
367	450
367	980
367	981
368	177
368	391
368	519
368	779
368	968
369	346
369	784
369	794
369	869
369	964
370	190
370	635
370	713
370	931
370	969
371	644
371	769
371	819
371	868
371	958
372	341
372	752
372	939
372	956
372	968
373	138
373	258
373	447
373	473
373	706
374	702
374	904
374	971
374	978
374	987
375	98
375	876
375	966
375	971
375	997
376	175
376	329
376	867
376	936
376	993
377	430
377	524
377	529
377	837
377	953
378	607
378	700
378	920
378	958
378	975
379	174
379	351
379	362
379	704
379	848
380	284
380	754
380	765
380	797
380	996
381	390
381	701
381	823
381	873
381	924
382	131
382	181
382	887
382	944
382	965
383	561
383	709
383	831
383	850
383	989
384	117
384	235
384	677
384	846
384	894
385	298
385	779
385	818
385	852
385	986
386	219
386	661
386	950
386	985
386	996
387	218
387	516
387	822
387	901
387	939
388	81
388	548
388	577
388	833
388	949
389	304
389	943
389	962
389	982
389	994
390	381
390	590
390	913
390	926
390	937
391	181
391	261
391	368
391	625
391	934
392	47
392	663
392	686
392	896
392	955
393	818
393	824
393	849
393	970
393	987
394	701
394	845
394	939
394	947
394	992
395	26
395	227
395	826
395	981
395	982
396	4
396	7
396	840
396	957
396	990
397	359
397	785
397	848
397	871
397	976
398	120
398	493
398	496
398	729
398	890
399	32
399	306
399	343
399	407
399	984
400	625
400	790
400	803
400	917
400	928
401	288
401	706
401	853
401	970
401	983
402	417
402	884
402	901
402	909
402	955
403	614
403	650
403	880
403	949
403	977
404	258
404	426
404	488
404	944
404	997
405	493
405	534
405	617
405	913
405	921
406	122
406	566
406	585
406	868
406	985
407	399
407	539
407	662
407	816
407	883
408	223
408	284
408	671
408	681
408	999
409	170
409	226
409	756
409	870
409	956
410	593
410	653
410	894
410	933
410	994
411	656
411	697
411	814
411	937
411	996
412	84
412	298
412	886
412	932
412	968
413	552
413	661
413	810
413	847
413	977
414	607
414	615
414	654
414	772
414	917
415	229
415	458
415	656
415	715
415	982
416	429
416	802
416	825
416	906
416	995
417	355
417	402
417	851
417	956
417	964
418	367
418	523
418	653
418	719
418	731
419	509
419	729
419	868
419	880
419	898
420	597
420	608
420	806
420	914
420	924
420	994
421	535
421	599
421	618
421	734
421	916
421	932
422	460
422	492
422	673
422	746
422	864
422	889
423	217
423	311
423	363
423	690
423	831
423	892
424	245
424	702
424	873
424	969
424	970
424	981
425	287
425	292
425	634
425	803
425	880
425	982
426	7
426	26
426	89
426	404
426	957
426	978
427	286
427	477
427	556
427	870
427	939
427	941
428	185
428	430
428	494
428	678
428	963
428	992
429	279
429	323
429	416
429	634
429	697
429	882
430	377
430	428
430	608
430	661
430	894
430	996
431	83
431	443
431	919
431	938
431	983
431	994
432	159
432	724
432	732
432	850
432	920
432	976
433	106
433	179
433	887
433	896
433	943
433	993
434	145
434	510
434	787
434	904
434	986
434	991
435	805
435	815
435	851
435	908
435	942
435	944
436	171
436	196
436	525
436	550
436	776
436	970
437	15
437	71
437	262
437	671
437	726
437	929
438	340
438	611
438	844
438	919
438	962
438	966
439	481
439	550
439	741
439	880
439	925
439	970
440	274
440	337
440	615
440	878
440	917
440	959
441	758
441	780
441	828
441	877
441	899
441	931
442	307
442	582
442	702
442	788
442	874
442	967
443	284
443	431
443	846
443	872
443	899
443	1000
444	3
444	792
444	861
444	880
444	934
444	948
445	654
445	857
445	878
445	915
445	941
445	958
446	356
446	508
446	683
446	751
446	975
446	983
447	373
447	559
447	633
447	862
447	869
447	997
448	520
448	556
448	675
448	968
448	976
448	978
449	580
449	597
449	910
449	959
449	987
449	991
450	44
450	367
450	524
450	890
450	988
450	994
451	533
451	796
451	900
451	926
451	963
451	996
452	237
452	708
452	819
452	884
452	890
452	946
453	475
453	636
453	679
453	722
453	953
453	989
454	30
454	262
454	646
454	745
454	781
454	967
455	78
455	106
455	164
455	284
455	462
455	606
456	67
456	526
456	786
456	842
456	961
456	990
457	81
457	650
457	741
457	904
457	930
457	944
458	415
458	490
458	794
458	844
458	937
458	984
459	33
459	127
459	790
459	791
459	832
459	875
460	160
460	166
460	422
460	610
460	982
460	988
461	2
461	104
461	839
461	872
461	876
461	882
462	95
462	346
462	455
462	828
462	963
462	973
463	354
463	523
463	613
463	676
463	760
463	839
464	63
464	353
464	492
464	852
464	880
464	996
465	32
465	193
465	716
465	748
465	917
465	946
466	541
466	738
466	764
466	775
466	935
466	990
467	280
467	497
467	583
467	599
467	968
467	971
468	31
468	479
468	869
468	942
468	961
468	988
469	69
469	789
469	810
469	887
469	984
469	993
470	125
470	147
470	633
470	641
470	865
470	931
471	619
471	645
471	693
471	722
471	799
471	856
472	512
472	848
472	949
472	957
472	966
472	992
473	373
473	551
473	735
473	840
473	847
473	852
474	20
474	322
474	822
474	879
474	941
474	954
475	95
475	453
475	546
475	882
475	968
475	988
476	14
476	61
476	245
476	718
476	862
476	952
477	164
477	337
477	427
477	748
477	831
477	839
478	108
478	641
478	791
478	866
478	939
478	1000
479	93
479	468
479	686
479	768
479	909
479	985
480	263
480	758
480	789
480	926
480	946
480	956
481	143
481	439
481	729
481	773
481	941
481	970
482	572
482	691
482	696
482	803
482	930
482	947
483	98
483	113
483	120
483	895
483	953
483	968
484	744
484	779
484	821
484	874
484	890
484	979
485	596
485	709
485	891
485	915
485	945
485	972
486	3
486	279
486	716
486	817
486	952
486	985
487	547
487	728
487	747
487	904
487	990
487	998
488	218
488	404
488	553
488	568
488	832
488	878
489	27
489	338
489	822
489	840
489	933
489	994
490	225
490	239
490	458
490	812
490	945
490	984
491	663
491	887
491	929
491	954
491	986
491	1000
492	256
492	422
492	464
492	608
492	982
492	984
493	11
493	213
493	398
493	405
493	812
493	972
494	101
494	231
494	428
494	594
494	973
494	985
495	672
495	686
495	907
495	913
495	931
495	997
496	286
496	398
496	821
496	923
496	942
496	976
497	254
497	467
497	626
497	786
497	848
497	979
498	65
498	875
498	876
498	971
498	990
498	991
499	58
499	667
499	688
499	769
499	939
499	998
500	83
500	178
500	607
500	943
500	959
500	996
501	857
501	922
501	938
501	977
501	978
501	991
502	47
502	165
502	588
502	756
502	804
502	949
503	351
503	826
503	940
503	942
503	989
503	992
504	731
504	798
504	914
504	943
504	950
504	963
505	150
505	320
505	670
505	683
505	842
505	897
506	40
506	772
506	813
506	891
506	954
506	992
507	244
507	508
507	604
507	775
507	950
507	963
508	325
508	446
508	507
508	591
508	738
508	806
509	419
509	510
509	636
509	794
509	860
509	991
510	434
510	509
510	658
510	783
510	878
510	911
510	969
511	51
511	212
511	726
511	933
511	971
511	977
511	981
512	199
512	200
512	472
512	813
512	943
512	999
512	1000
513	584
513	648
513	704
513	893
513	908
513	923
513	981
514	198
514	201
514	297
514	643
514	678
514	804
514	981
515	222
515	273
515	283
515	326
515	802
515	932
515	963
516	387
516	652
516	763
516	850
516	932
516	955
516	997
517	591
517	610
517	736
517	910
517	935
517	997
517	999
518	800
518	864
518	868
518	908
518	944
518	992
518	995
519	20
519	368
519	641
519	780
519	850
519	953
519	1000
520	448
520	589
520	776
520	897
520	930
520	977
520	988
521	108
521	332
521	585
521	666
521	928
521	940
521	995
522	275
522	364
522	807
522	840
522	929
522	967
522	990
523	418
523	463
523	576
523	737
523	849
523	863
523	938
524	5
524	377
524	450
524	648
524	682
524	851
524	955
525	198
525	436
525	602
525	672
525	834
525	942
525	976
526	314
526	456
526	618
526	913
526	946
526	971
526	983
527	240
527	531
527	538
527	608
527	743
527	783
527	911
528	45
528	713
528	764
528	828
528	958
528	977
528	994
529	295
529	377
529	606
529	707
529	907
529	987
529	990
530	684
530	833
530	861
530	896
530	931
530	957
530	991
531	7
531	527
531	748
531	749
531	888
531	891
531	946
532	56
532	60
532	272
532	746
532	902
532	916
532	945
533	197
533	451
533	730
533	750
533	922
533	997
533	1000
534	306
534	405
534	577
534	578
534	874
534	935
534	988
535	38
535	421
535	628
535	781
535	816
535	868
535	928
536	659
536	896
536	907
536	952
536	956
536	960
536	983
537	101
537	836
537	848
537	925
537	931
537	945
537	972
538	77
538	527
538	562
538	663
538	696
538	847
538	951
539	407
539	575
539	753
539	808
539	917
539	971
539	996
540	70
540	727
540	730
540	784
540	806
540	880
540	991
541	342
541	466
541	609
541	739
541	785
541	825
541	934
542	761
542	788
542	790
542	809
542	846
542	949
542	998
543	241
543	256
543	312
543	585
543	935
543	958
543	983
544	224
544	584
544	742
544	888
544	890
544	916
544	940
545	67
545	690
545	718
545	881
545	883
545	980
545	999
546	127
546	366
546	475
546	587
546	878
546	911
546	942
547	325
547	487
547	758
547	899
547	923
547	925
547	999
548	388
548	613
548	653
548	715
548	742
548	958
548	978
549	213
549	685
549	830
549	881
549	944
549	951
549	976
550	6
550	436
550	439
550	716
550	736
550	849
550	894
551	473
551	881
551	960
551	961
551	972
551	996
551	998
552	413
552	765
552	906
552	919
552	934
552	939
552	979
553	488
553	569
553	647
553	751
553	860
553	905
553	955
554	102
554	559
554	630
554	911
554	957
554	976
554	999
555	267
555	730
555	867
555	946
555	965
555	977
555	996
556	363
556	427
556	448
556	665
556	779
556	963
556	978
557	209
557	855
557	884
557	926
557	928
557	989
557	994
558	720
558	795
558	849
558	887
558	907
558	919
558	980
559	447
559	554
559	621
559	733
559	784
559	825
559	995
560	647
560	743
560	781
560	800
560	823
560	931
560	976
561	310
561	383
561	648
561	768
561	815
561	919
561	979
562	331
562	538
562	579
562	723
562	822
562	937
562	941
563	53
563	265
563	321
563	334
563	754
563	796
563	894
564	615
564	744
564	788
564	936
564	951
564	982
564	995
565	651
565	668
565	885
565	968
565	970
565	972
565	999
566	301
566	406
566	690
566	889
566	907
566	984
566	996
567	66
567	590
567	612
567	786
567	847
567	909
567	988
568	169
568	488
568	630
568	770
568	851
568	877
568	963
569	247
569	264
569	301
569	553
569	611
569	780
569	990
570	170
570	314
570	634
570	817
570	957
570	984
570	993
571	603
571	810
571	847
571	931
571	982
571	993
571	994
572	75
572	290
572	482
572	861
572	873
572	918
572	954
573	277
573	710
573	724
573	859
573	882
573	915
573	1000
574	55
574	138
574	337
574	814
574	815
574	842
574	918
575	122
575	134
575	170
575	539
575	656
575	773
575	918
576	276
576	523
576	735
576	808
576	914
576	967
576	996
577	388
577	534
577	722
577	897
577	917
577	974
577	982
578	139
578	288
578	345
578	534
578	623
578	633
578	988
579	106
579	562
579	586
579	717
579	725
579	952
579	988
580	158
580	225
580	449
580	704
580	786
580	829
580	984
581	202
581	293
581	782
581	906
581	923
581	946
581	972
582	38
582	43
582	442
582	702
582	914
582	960
582	985
583	467
583	800
583	810
583	818
583	900
583	902
583	938
584	265
584	513
584	544
584	724
584	738
584	859
584	919
584	974
585	406
585	521
585	543
585	648
585	747
585	765
585	809
585	981
586	340
586	579
586	836
586	874
586	903
586	944
586	986
586	999
587	144
587	546
587	648
587	887
587	889
587	909
587	938
587	948
588	502
588	711
588	713
588	927
588	928
588	948
588	967
588	997
589	213
589	295
589	520
589	764
589	803
589	952
589	954
589	990
590	128
590	390
590	567
590	693
590	795
590	894
590	956
590	997
591	66
591	232
591	508
591	517
591	603
591	795
591	987
591	994
592	69
592	116
592	602
592	780
592	848
592	874
592	962
592	970
593	203
593	410
593	640
593	674
593	889
593	917
593	947
593	976
594	74
594	91
594	494
594	778
594	863
594	870
594	974
594	993
595	627
595	664
595	675
595	837
595	849
595	938
595	946
595	995
596	485
596	615
596	631
596	716
596	807
596	903
596	980
596	994
597	288
597	420
597	449
597	669
597	737
597	840
597	859
597	979
598	345
598	356
598	664
598	700
598	792
598	793
598	961
598	1000
599	97
599	421
599	467
599	643
599	718
599	856
599	950
599	979
600	15
600	607
600	654
600	742
600	794
600	797
600	877
600	988
601	178
601	222
601	231
601	698
601	817
601	847
601	903
601	929
602	93
602	525
602	592
602	706
602	886
602	936
602	955
602	965
603	129
603	255
603	571
603	591
603	610
603	659
603	770
603	948
604	209
604	507
604	691
604	728
604	883
604	910
604	939
604	943
605	31
605	762
605	849
605	935
605	939
605	975
605	989
605	996
606	286
606	455
606	529
606	719
606	764
606	889
606	898
606	913
607	378
607	414
607	500
607	600
607	728
607	868
607	965
607	979
608	181
608	335
608	420
608	430
608	492
608	527
608	880
608	908
609	13
609	91
609	294
609	541
609	736
609	767
609	860
609	960
610	460
610	517
610	603
610	698
610	777
610	814
610	860
610	901
611	438
611	569
611	865
611	906
611	952
611	955
611	959
611	994
612	272
612	567
612	764
612	804
612	815
612	882
612	956
612	986
613	347
613	463
613	548
613	832
613	844
613	867
613	990
613	991
614	134
614	195
614	403
614	727
614	897
614	955
614	982
614	985
615	116
615	414
615	440
615	564
615	596
615	739
615	861
615	872
616	64
616	268
616	287
616	860
616	944
616	968
616	978
616	988
617	355
617	405
617	688
617	709
617	898
617	906
617	983
617	995
618	293
618	421
618	526
618	629
618	789
618	954
618	963
618	973
619	471
619	652
619	656
619	851
619	951
619	974
619	991
619	996
620	300
620	662
620	744
620	793
620	946
620	948
620	971
620	995
621	285
621	559
621	686
621	831
621	905
621	961
621	986
621	987
622	784
622	825
622	930
622	933
622	955
622	968
622	974
622	978
623	578
623	664
623	700
623	876
623	932
623	965
623	969
623	993
624	115
624	248
624	834
624	949
624	955
624	957
624	986
624	1000
625	64
625	248
625	391
625	400
625	642
625	698
625	808
625	994
626	341
626	497
626	715
626	898
626	901
626	912
626	984
626	988
627	101
627	253
627	595
627	835
627	894
627	915
627	975
627	995
628	139
628	535
628	757
628	797
628	825
628	959
628	970
628	997
629	94
629	325
629	360
629	365
629	618
629	750
629	860
629	1000
630	102
630	343
630	554
630	568
630	648
630	673
630	790
630	974
631	344
631	596
631	641
631	820
631	919
631	962
631	989
631	991
632	62
632	95
632	764
632	837
632	928
632	949
632	967
632	972
633	276
633	447
633	470
633	578
633	644
633	794
633	872
633	982
634	160
634	257
634	425
634	429
634	570
634	636
634	704
634	972
635	37
635	304
635	370
635	642
635	800
635	805
635	830
635	973
636	453
636	509
636	634
636	726
636	839
636	876
636	928
636	993
637	103
637	792
637	842
637	900
637	910
637	925
637	927
637	992
638	3
638	831
638	927
638	935
638	956
638	973
638	975
638	997
639	54
639	99
639	188
639	652
639	675
639	812
639	856
639	995
640	593
640	682
640	761
640	790
640	846
640	878
640	932
640	978
641	470
641	478
641	519
641	631
641	784
641	884
641	915
641	972
642	41
642	145
642	625
642	635
642	669
642	673
642	831
642	977
643	192
643	514
643	599
643	733
643	763
643	766
643	825
643	999
644	290
644	371
644	633
644	722
644	872
644	948
644	958
644	969
645	315
645	471
645	761
645	782
645	876
645	881
645	911
645	965
646	454
646	712
646	763
646	780
646	811
646	852
646	893
646	940
647	86
647	553
647	560
647	747
647	807
647	895
647	909
647	987
648	211
648	513
648	524
648	561
648	585
648	587
648	630
648	905
649	792
649	854
649	860
649	889
649	901
649	929
649	940
649	959
649	981
650	304
650	403
650	457
650	818
650	871
650	873
650	936
650	962
650	977
651	216
651	565
651	666
651	690
651	831
651	832
651	891
651	928
651	992
652	516
652	619
652	639
652	809
652	852
652	854
652	913
652	952
652	1000
653	410
653	418
653	548
653	676
653	771
653	780
653	798
653	901
653	969
654	414
654	445
654	600
654	723
654	886
654	914
654	915
654	973
654	985
655	176
655	765
655	819
655	863
655	915
655	945
655	964
655	968
655	993
656	411
656	415
656	575
656	619
656	780
656	829
656	929
656	962
656	986
657	228
657	681
657	692
657	813
657	868
657	960
657	973
657	980
657	997
658	23
658	31
658	219
658	510
658	693
658	712
658	818
658	964
658	1000
659	360
659	536
659	603
659	826
659	865
659	901
659	902
659	921
659	936
660	180
660	195
660	232
660	695
660	862
660	887
660	905
660	947
660	964
661	386
661	413
661	430
661	721
661	804
661	885
661	915
661	954
661	981
662	136
662	154
662	242
662	407
662	620
662	735
662	859
662	966
662	996
663	392
663	491
663	538
663	693
663	784
663	809
663	871
663	905
663	989
664	595
664	598
664	623
664	769
664	790
664	899
664	944
664	947
664	959
665	257
665	556
665	738
665	784
665	810
665	917
665	949
665	950
665	958
666	130
666	185
666	521
666	651
666	753
666	816
666	886
666	932
666	963
667	130
667	499
667	819
667	835
667	851
667	926
667	948
667	966
667	993
668	340
668	565
668	691
668	811
668	827
668	840
668	866
668	896
668	907
669	103
669	230
669	357
669	597
669	642
669	761
669	865
669	926
669	944
670	505
670	817
670	891
670	945
670	947
670	951
670	973
670	983
670	989
671	67
671	243
671	408
671	437
671	716
671	772
671	949
671	971
671	999
672	141
672	495
672	525
672	710
672	883
672	936
672	938
672	955
672	970
673	144
673	237
673	308
673	422
673	630
673	642
673	761
673	857
673	987
674	76
674	134
674	244
674	593
674	685
674	712
674	841
674	874
674	918
675	2
675	272
675	448
675	595
675	639
675	756
675	873
675	947
675	988
676	147
676	313
676	463
676	653
676	746
676	838
676	881
676	950
676	987
677	36
677	83
677	137
677	361
677	384
677	948
677	964
677	970
677	993
678	259
678	428
678	514
678	898
678	925
678	967
678	971
678	985
678	988
679	453
679	751
679	806
679	886
679	930
679	955
679	964
679	965
679	989
680	294
680	766
680	855
680	873
680	887
680	893
680	909
680	956
680	978
681	300
681	408
681	657
681	826
681	873
681	882
681	929
681	984
681	996
682	312
682	524
682	640
682	791
682	872
682	888
682	974
682	979
682	992
683	146
683	154
683	318
683	446
683	505
683	919
683	940
683	941
683	986
684	530
684	772
684	803
684	821
684	834
684	855
684	916
684	987
684	993
685	210
685	549
685	674
685	705
685	751
685	770
685	773
685	971
685	976
686	100
686	392
686	479
686	495
686	621
686	751
686	809
686	875
686	992
687	324
687	859
687	900
687	917
687	934
687	936
687	948
687	980
687	999
688	103
688	499
688	617
688	750
688	761
688	771
688	933
688	947
688	973
689	48
689	196
689	280
689	339
689	823
689	845
689	859
689	973
689	982
690	61
690	423
690	545
690	566
690	651
690	765
690	928
690	985
690	988
691	82
691	482
691	604
691	668
691	760
691	953
691	958
691	963
691	968
692	76
692	358
692	657
692	803
692	860
692	887
692	893
692	898
692	929
693	82
693	471
693	590
693	658
693	663
693	733
693	862
693	959
693	973
694	64
694	192
694	762
694	791
694	889
694	923
694	973
694	974
694	980
695	227
695	660
695	699
695	830
695	842
695	892
695	943
695	965
695	966
696	70
696	88
696	482
696	538
696	806
696	812
696	850
696	924
696	970
697	411
697	429
697	765
697	769
697	804
697	812
697	905
697	913
697	999
698	57
698	169
698	235
698	601
698	610
698	625
698	768
698	846
698	976
699	84
699	289
699	296
699	354
699	695
699	775
699	853
699	879
699	996
700	277
700	378
700	598
700	623
700	798
700	868
700	917
700	944
700	967
701	21
701	274
701	303
701	316
701	381
701	394
701	840
701	955
701	966
701	1000
702	374
702	424
702	442
702	582
702	771
702	862
702	887
702	975
702	992
702	997
703	47
703	97
703	776
703	808
703	837
703	852
703	904
703	905
703	945
703	961
704	149
704	211
704	291
704	311
704	379
704	513
704	580
704	634
704	968
704	974
705	322
705	350
705	685
705	735
705	832
705	838
705	888
705	912
705	950
705	970
706	373
706	401
706	602
706	789
706	802
706	862
706	880
706	922
706	981
706	984
707	315
707	336
707	529
707	804
707	826
707	871
707	891
707	908
707	983
707	1000
708	42
708	452
708	725
708	798
708	938
708	944
708	957
708	988
708	996
708	999
709	383
709	485
709	617
709	740
709	791
709	794
709	796
709	894
709	928
709	974
710	143
710	144
710	262
710	573
710	672
710	768
710	778
710	850
710	921
710	984
711	268
711	588
711	739
711	753
711	877
711	892
711	894
711	898
711	994
711	998
712	259
712	286
712	646
712	658
712	674
712	755
712	783
712	874
712	925
712	957
713	10
713	73
713	270
713	370
713	528
713	588
713	866
713	912
713	982
713	994
714	176
714	281
714	337
714	744
714	785
714	815
714	827
714	948
714	991
714	992
715	34
715	120
715	333
715	415
715	548
715	626
715	777
715	879
715	885
715	945
716	465
716	486
716	550
716	596
716	671
716	926
716	935
716	961
716	966
716	973
717	62
717	128
717	156
717	579
717	796
717	815
717	826
717	827
717	863
717	868
718	22
718	355
718	476
718	545
718	599
718	860
718	885
718	932
718	948
718	981
719	53
719	202
719	418
719	606
719	891
719	904
719	921
719	926
719	964
719	975
720	258
720	328
720	558
720	795
720	935
720	961
720	962
720	967
720	992
720	993
721	156
721	166
721	334
721	661
721	735
721	863
721	869
721	907
721	960
721	987
722	231
722	453
722	471
722	577
722	644
722	772
722	843
722	899
722	947
722	994
723	118
723	330
723	562
723	654
723	760
723	770
723	787
723	914
723	982
723	990
724	432
724	573
724	584
724	789
724	846
724	883
724	973
724	976
724	983
724	998
725	191
725	223
725	579
725	708
725	804
725	838
725	860
725	930
725	936
725	996
726	17
726	437
726	511
726	636
726	748
726	842
726	867
726	869
726	946
726	988
727	330
727	344
727	540
727	614
727	765
727	767
727	884
727	898
727	947
727	975
728	99
728	107
728	487
728	604
728	607
728	739
728	852
728	877
728	975
728	999
729	398
729	419
729	481
729	785
729	817
729	825
729	839
729	869
729	888
729	945
730	5
730	114
730	148
730	288
730	533
730	540
730	555
730	857
730	937
730	959
731	196
731	268
731	329
731	418
731	504
731	833
731	942
731	970
731	995
731	997
732	43
732	432
732	829
732	869
732	889
732	931
732	949
732	969
732	979
732	995
733	311
733	559
733	643
733	693
733	738
733	818
733	885
733	891
733	919
733	989
734	29
734	50
734	327
734	421
734	853
734	866
734	868
734	926
734	932
734	994
735	153
735	339
735	473
735	576
735	662
735	705
735	721
735	989
735	991
735	1000
736	25
736	303
736	359
736	517
736	550
736	609
736	777
736	920
736	953
736	1000
737	109
737	523
737	597
737	766
737	775
737	805
737	822
737	923
737	985
737	995
738	307
738	466
738	508
738	584
738	665
738	733
738	839
738	942
738	984
738	999
739	151
739	541
739	615
739	711
739	728
739	741
739	827
739	869
739	914
739	921
739	978
740	86
740	257
740	709
740	820
740	829
740	896
740	949
740	950
740	966
740	968
740	988
741	439
741	457
741	739
741	754
741	776
741	843
741	891
741	910
741	939
741	957
741	995
742	255
742	544
742	548
742	600
742	774
742	788
742	797
742	807
742	944
742	961
742	997
743	74
743	140
743	199
743	238
743	266
743	527
743	560
743	798
743	935
743	947
743	983
744	212
744	323
744	484
744	564
744	620
744	714
744	864
744	878
744	902
744	908
744	936
745	30
745	85
745	187
745	207
745	454
745	856
745	863
745	897
745	912
745	917
745	996
746	42
746	184
746	422
746	532
746	676
746	779
746	785
746	832
746	993
746	997
746	998
747	19
747	487
747	585
747	647
747	861
747	892
747	922
747	931
747	954
747	982
747	987
748	177
748	328
748	465
748	477
748	531
748	726
748	795
748	902
748	924
748	965
748	999
749	35
749	531
749	791
749	804
749	890
749	905
749	941
749	944
749	968
749	975
749	995
750	230
750	241
750	299
750	533
750	629
750	688
750	838
750	840
750	867
750	900
750	991
751	133
751	446
751	553
751	679
751	685
751	686
751	909
751	938
751	949
751	987
751	992
752	237
752	372
752	776
752	800
752	868
752	895
752	911
752	945
752	951
752	954
752	990
753	539
753	666
753	711
753	893
753	897
753	908
753	922
753	923
753	926
753	963
753	993
754	169
754	215
754	319
754	380
754	563
754	741
754	853
754	934
754	941
754	949
754	968
755	24
755	193
755	363
755	712
755	767
755	842
755	892
755	951
755	967
755	984
755	992
756	58
756	150
756	277
756	409
756	502
756	675
756	869
756	902
756	904
756	956
756	990
757	72
757	198
757	299
757	628
757	850
757	916
757	948
757	950
757	970
757	994
757	997
758	210
758	357
758	441
758	480
758	547
758	772
758	817
758	900
758	910
758	916
758	989
759	142
759	163
759	361
759	852
759	898
759	954
759	955
759	956
759	960
759	984
759	993
760	63
760	463
760	691
760	723
760	768
760	907
760	934
760	939
760	946
760	953
760	994
761	110
761	542
761	640
761	645
761	669
761	673
761	688
761	783
761	920
761	960
761	984
762	148
762	182
762	605
762	694
762	797
762	807
762	918
762	952
762	962
762	966
762	983
763	301
763	516
763	643
763	646
763	790
763	814
763	829
763	868
763	915
763	963
763	970
763	986
764	223
764	466
764	528
764	589
764	606
764	612
764	632
764	867
764	950
764	986
764	987
764	1000
765	350
765	380
765	552
765	585
765	655
765	690
765	697
765	727
765	801
765	823
765	903
765	983
766	77
766	208
766	315
766	348
766	643
766	680
766	737
766	862
766	866
766	893
766	975
766	991
767	145
767	186
767	609
767	727
767	755
767	779
767	834
767	861
767	875
767	880
767	931
767	960
768	83
768	479
768	561
768	698
768	710
768	760
768	841
768	912
768	919
768	955
768	963
768	984
769	194
769	207
769	371
769	499
769	664
769	697
769	770
769	827
769	843
769	912
769	943
769	958
770	343
770	568
770	603
770	685
770	723
770	769
770	895
770	937
770	943
770	944
770	948
770	972
771	299
771	653
771	688
771	702
771	810
771	860
771	871
771	898
771	926
771	946
771	963
771	990
772	174
772	414
772	506
772	671
772	684
772	722
772	758
772	871
772	955
772	956
772	959
772	991
773	184
773	293
773	481
773	575
773	685
773	798
773	811
773	913
773	974
773	990
773	993
773	994
774	125
774	169
774	235
774	352
774	742
774	777
774	814
774	824
774	858
774	902
774	957
774	972
775	113
775	466
775	507
775	699
775	737
775	891
775	912
775	921
775	950
775	953
775	977
775	993
776	219
776	436
776	520
776	703
776	741
776	752
776	824
776	902
776	930
776	953
776	966
776	991
777	11
777	115
777	273
777	610
777	715
777	736
777	774
777	834
777	873
777	929
777	930
777	986
778	163
778	173
778	594
778	710
778	789
778	836
778	860
778	915
778	923
778	928
778	954
778	990
779	196
779	368
779	385
779	484
779	556
779	746
779	767
779	781
779	810
779	938
779	946
779	1000
780	24
780	441
780	519
780	569
780	592
780	646
780	653
780	656
780	805
780	838
780	932
780	977
781	5
781	88
781	454
781	535
781	560
781	779
781	798
781	957
781	971
781	985
781	994
781	999
782	209
782	243
782	333
782	581
782	645
782	843
782	882
782	924
782	953
782	963
782	974
782	977
782	998
783	74
783	271
783	365
783	510
783	527
783	712
783	761
783	945
783	974
783	976
783	983
783	989
783	992
784	369
784	540
784	559
784	622
784	641
784	663
784	665
784	862
784	911
784	938
784	958
784	989
784	995
785	65
785	165
785	397
785	541
785	714
785	729
785	746
785	801
785	851
785	881
785	901
785	960
785	1000
786	146
786	263
786	284
786	456
786	497
786	567
786	580
786	819
786	829
786	920
786	923
786	964
786	985
787	64
787	123
787	190
787	434
787	723
787	849
787	886
787	936
787	947
787	957
787	965
787	978
787	991
788	25
788	442
788	542
788	564
788	742
788	862
788	866
788	954
788	959
788	967
788	976
788	991
788	996
789	8
789	150
789	272
789	469
789	480
789	618
789	706
789	724
789	778
789	960
789	970
789	991
789	992
790	150
790	400
790	459
790	542
790	630
790	640
790	664
790	763
790	903
790	911
790	925
790	951
790	994
791	229
791	360
791	459
791	478
791	682
791	694
791	709
791	749
791	842
791	894
791	948
791	966
791	980
792	444
792	598
792	637
792	649
792	821
792	913
792	926
792	936
792	941
792	953
792	967
792	968
792	975
793	203
793	598
793	620
793	813
793	828
793	844
793	855
793	866
793	903
793	940
793	948
793	971
793	996
794	27
794	293
794	369
794	458
794	509
794	600
794	633
794	709
794	824
794	828
794	844
794	888
794	991
795	109
795	254
795	558
795	590
795	591
795	720
795	748
795	799
795	932
795	937
795	971
795	972
795	973
796	58
796	263
796	451
796	563
796	709
796	717
796	799
796	825
796	836
796	869
796	887
796	908
796	936
797	380
797	600
797	628
797	742
797	762
797	853
797	890
797	914
797	929
797	930
797	953
797	957
797	980
798	116
798	226
798	504
798	653
798	700
798	708
798	743
798	773
798	781
798	811
798	872
798	981
798	999
799	96
799	228
799	275
799	471
799	795
799	796
799	865
799	879
799	919
799	920
799	937
799	956
799	974
800	273
800	302
800	518
800	560
800	583
800	635
800	752
800	848
800	871
800	915
800	958
800	963
800	999
801	765
801	785
801	803
801	804
801	868
801	883
801	911
801	935
801	938
801	945
801	983
801	991
801	995
802	353
802	416
802	515
802	706
802	817
802	853
802	881
802	893
802	939
802	953
802	971
802	995
802	1000
803	148
803	330
803	400
803	425
803	482
803	589
803	684
803	692
803	801
803	879
803	953
803	967
803	984
804	225
804	361
804	502
804	514
804	612
804	661
804	697
804	707
804	725
804	749
804	801
804	925
804	938
805	260
805	267
805	306
805	331
805	435
805	635
805	737
805	780
805	855
805	949
805	953
805	955
805	976
806	141
806	420
806	508
806	540
806	679
806	696
806	810
806	833
806	897
806	931
806	960
806	973
806	982
807	65
807	114
807	522
807	596
807	647
807	742
807	762
807	823
807	832
807	856
807	858
807	913
807	959
808	31
808	539
808	576
808	625
808	703
808	820
808	831
808	928
808	947
808	948
808	955
808	964
808	993
809	60
809	144
809	542
809	585
809	652
809	663
809	686
809	851
809	922
809	962
809	971
809	993
809	998
810	126
810	215
810	413
810	469
810	571
810	583
810	665
810	771
810	779
810	806
810	863
810	953
810	969
810	975
811	267
811	292
811	298
811	314
811	358
811	646
811	668
811	773
811	798
811	867
811	893
811	904
811	910
811	937
812	4
812	70
812	490
812	493
812	639
812	696
812	697
812	846
812	903
812	911
812	919
812	942
812	976
812	984
813	1
813	122
813	171
813	278
813	506
813	512
813	657
813	793
813	816
813	854
813	855
813	907
813	983
813	996
814	119
814	153
814	338
814	342
814	411
814	574
814	610
814	763
814	774
814	863
814	888
814	896
814	943
814	955
815	249
815	435
815	561
815	574
815	612
815	714
815	717
815	824
815	918
815	927
815	944
815	971
815	998
815	999
816	407
816	535
816	666
816	813
816	854
816	873
816	909
816	914
816	933
816	941
816	961
816	981
816	991
816	993
817	69
817	486
817	570
817	601
817	670
817	729
817	758
817	802
817	903
817	914
817	936
817	950
817	968
817	988
818	287
818	385
818	393
818	583
818	650
818	658
818	733
818	896
818	925
818	957
818	963
818	965
818	992
818	994
819	204
819	371
819	452
819	655
819	667
819	786
819	856
819	909
819	911
819	933
819	934
819	944
819	977
819	983
820	279
820	631
820	740
820	808
820	852
820	902
820	908
820	967
820	973
820	978
820	980
820	981
820	984
820	998
821	313
821	484
821	496
821	684
821	792
821	862
821	880
821	894
821	916
821	924
821	946
821	974
821	976
821	1000
822	279
822	387
822	474
822	489
822	562
822	737
822	842
822	862
822	873
822	884
822	928
822	978
822	984
822	990
823	236
823	381
823	560
823	689
823	765
823	807
823	923
823	943
823	949
823	956
823	958
823	971
823	975
823	990
824	149
824	247
824	393
824	774
824	776
824	794
824	815
824	861
824	867
824	935
824	941
824	993
824	995
824	997
825	93
825	416
825	541
825	559
825	622
825	628
825	643
825	729
825	796
825	827
825	835
825	899
825	930
825	997
826	395
826	503
826	659
826	681
826	707
826	717
826	834
826	854
826	866
826	884
826	910
826	914
826	948
826	965
827	9
827	137
827	263
827	668
827	714
827	717
827	739
827	769
827	825
827	904
827	927
827	982
827	989
827	990
828	285
828	292
828	321
828	441
828	462
828	528
828	793
828	794
828	921
828	934
828	948
828	980
828	988
828	990
829	117
829	173
829	580
829	656
829	732
829	740
829	763
829	786
829	875
829	899
829	905
829	915
829	924
829	952
830	92
830	346
830	549
830	635
830	695
830	835
830	877
830	903
830	906
830	925
830	950
830	952
830	977
830	981
830	983
831	250
831	261
831	281
831	383
831	423
831	477
831	621
831	638
831	642
831	651
831	808
831	855
831	919
831	924
831	951
832	347
832	353
832	459
832	488
832	613
832	651
832	705
832	746
832	807
832	861
832	885
832	929
832	964
832	967
832	986
833	79
833	197
833	243
833	246
833	388
833	530
833	731
833	806
833	872
833	896
833	916
833	943
833	956
833	961
833	984
834	525
834	624
834	684
834	767
834	777
834	826
834	857
834	912
834	932
834	933
834	953
834	975
834	984
834	992
834	999
835	316
835	627
835	667
835	825
835	830
835	852
835	856
835	877
835	933
835	961
835	963
835	972
835	987
835	989
835	993
836	40
836	537
836	586
836	778
836	796
836	874
836	878
836	885
836	908
836	914
836	931
836	938
836	987
836	994
836	1000
837	210
837	377
837	595
837	632
837	703
837	868
837	873
837	901
837	924
837	939
837	952
837	960
837	975
837	980
837	988
838	17
838	124
838	172
838	194
838	204
838	676
838	705
838	725
838	750
838	780
838	903
838	950
838	982
838	983
838	986
839	131
839	338
839	461
839	463
839	477
839	636
839	729
839	738
839	933
839	937
839	969
839	978
839	985
839	996
839	997
840	154
840	202
840	260
840	396
840	473
840	489
840	522
840	597
840	668
840	701
840	750
840	940
840	946
840	986
840	987
841	159
841	259
841	265
841	674
841	768
841	861
841	863
841	876
841	923
841	962
841	964
841	973
841	987
841	993
841	995
841	998
842	230
842	249
842	456
842	505
842	574
842	637
842	695
842	726
842	755
842	791
842	822
842	909
842	910
842	960
842	970
842	973
843	252
843	293
843	322
843	363
843	722
843	741
843	769
843	782
843	867
843	918
843	931
843	938
843	940
843	959
843	992
843	995
844	274
844	277
844	438
844	458
844	613
844	793
844	794
844	848
844	880
844	905
844	914
844	934
844	937
844	995
844	998
844	999
845	184
845	334
845	344
845	358
845	394
845	689
845	856
845	895
845	903
845	914
845	929
845	962
845	968
845	987
845	996
845	999
846	72
846	94
846	336
846	384
846	443
846	542
846	640
846	698
846	724
846	812
846	850
846	886
846	905
846	925
846	956
846	982
847	18
847	27
847	111
847	364
847	365
847	413
847	473
847	538
847	567
847	571
847	601
847	871
847	876
847	891
847	903
847	977
848	175
848	224
848	238
848	283
848	379
848	397
848	472
848	497
848	537
848	592
848	800
848	844
848	936
848	947
848	987
848	992
849	289
849	393
849	523
849	550
849	558
849	595
849	605
849	787
849	852
849	858
849	903
849	920
849	924
849	945
849	994
849	997
850	9
850	28
850	30
850	383
850	432
850	516
850	519
850	696
850	710
850	757
850	846
850	948
850	956
850	957
850	962
850	985
851	8
851	162
851	308
851	333
851	417
851	435
851	524
851	568
851	619
851	667
851	785
851	809
851	929
851	952
851	984
851	987
852	177
852	385
852	464
852	473
852	646
852	652
852	703
852	728
852	759
852	820
852	835
852	849
852	960
852	971
852	992
852	995
853	189
853	334
853	401
853	699
853	734
853	754
853	797
853	802
853	876
853	903
853	923
853	924
853	955
853	987
853	995
853	998
854	50
854	302
854	359
854	649
854	652
854	813
854	816
854	826
854	871
854	882
854	885
854	899
854	916
854	957
854	959
854	1000
855	56
855	557
855	680
855	684
855	793
855	805
855	813
855	831
855	864
855	871
855	885
855	943
855	944
855	956
855	982
855	1000
856	140
856	233
856	471
856	599
856	639
856	745
856	807
856	819
856	835
856	845
856	887
856	900
856	909
856	922
856	970
856	973
857	8
857	89
857	104
857	112
857	445
857	501
857	673
857	730
857	834
857	858
857	872
857	921
857	964
857	972
857	985
857	986
858	136
858	774
858	807
858	849
858	857
858	871
858	921
858	942
858	947
858	959
858	961
858	967
858	968
858	979
858	996
858	998
859	143
859	197
859	573
859	584
859	597
859	662
859	687
859	689
859	904
859	934
859	945
859	954
859	960
859	984
859	993
859	994
860	44
860	233
860	509
860	553
860	609
860	610
860	616
860	629
860	649
860	692
860	718
860	725
860	771
860	778
860	922
860	949
860	959
861	46
861	100
861	444
861	530
861	572
861	615
861	747
861	767
861	824
861	832
861	841
861	872
861	935
861	951
861	974
861	980
861	985
862	16
862	105
862	447
862	476
862	660
862	693
862	702
862	706
862	766
862	784
862	788
862	821
862	822
862	893
862	903
862	922
862	974
863	523
863	594
863	655
863	717
863	721
863	745
863	810
863	814
863	841
863	864
863	883
863	923
863	952
863	966
863	968
863	974
863	987
864	22
864	298
864	300
864	360
864	422
864	518
864	744
864	855
864	863
864	868
864	898
864	904
864	917
864	926
864	928
864	958
864	969
865	470
865	611
865	659
865	669
865	799
865	902
865	936
865	945
865	949
865	952
865	954
865	962
865	969
865	985
865	993
865	996
865	999
866	41
866	228
866	478
866	668
866	713
866	734
866	766
866	788
866	793
866	826
866	931
866	942
866	961
866	963
866	969
866	988
866	990
867	52
867	110
867	376
867	555
867	613
867	726
867	750
867	764
867	811
867	824
867	843
867	888
867	940
867	951
867	955
867	973
867	978
868	371
868	406
868	419
868	518
868	535
868	607
868	657
868	700
868	717
868	734
868	752
868	763
868	801
868	837
868	864
868	879
868	899
869	34
869	63
869	118
869	369
869	447
869	468
869	721
869	726
869	729
869	732
869	739
869	756
869	796
869	937
869	943
869	972
869	976
870	247
870	255
870	359
870	409
870	427
870	594
870	871
870	895
870	906
870	922
870	930
870	935
870	942
870	966
870	978
870	980
870	986
871	236
871	332
871	397
871	650
871	663
871	707
871	771
871	772
871	800
871	847
871	854
871	855
871	858
871	870
871	904
871	916
871	996
871	997
872	57
872	151
872	250
872	443
872	461
872	615
872	633
872	644
872	682
872	798
872	833
872	857
872	861
872	922
872	968
872	969
872	977
872	997
873	93
873	258
873	271
873	345
873	381
873	424
873	572
873	650
873	675
873	680
873	681
873	777
873	816
873	822
873	837
873	980
873	990
873	998
874	138
874	201
874	212
874	442
874	484
874	534
874	586
874	592
874	674
874	712
874	836
874	881
874	886
874	907
874	953
874	979
874	982
874	999
875	66
875	286
875	348
875	349
875	459
875	498
875	686
875	767
875	829
875	942
875	949
875	955
875	957
875	958
875	977
875	983
875	984
875	988
876	138
876	375
876	461
876	498
876	623
876	636
876	645
876	841
876	847
876	853
876	883
876	900
876	915
876	948
876	950
876	972
876	981
876	993
877	297
877	329
877	441
877	568
877	600
877	711
877	728
877	830
877	835
877	879
877	906
877	952
877	953
877	954
877	960
877	962
877	975
877	998
878	178
878	352
878	440
878	445
878	488
878	510
878	546
878	640
878	744
878	836
878	881
878	910
878	920
878	938
878	955
878	980
878	983
878	987
879	82
879	309
879	474
879	699
879	715
879	799
879	803
879	868
879	877
879	928
879	939
879	940
879	945
879	956
879	958
879	968
879	970
879	989
880	403
880	419
880	425
880	439
880	444
880	464
880	540
880	608
880	706
880	767
880	821
880	844
880	884
880	889
880	894
880	968
880	971
880	989
881	157
881	350
881	545
881	549
881	551
881	645
881	676
881	785
881	802
881	874
881	878
881	898
881	902
881	952
881	954
881	956
881	981
881	982
882	156
882	162
882	268
882	336
882	429
882	461
882	475
882	573
882	612
882	681
882	782
882	854
882	902
882	907
882	927
882	942
882	971
882	993
882	997
883	85
883	152
883	407
883	545
883	604
883	672
883	724
883	801
883	863
883	876
883	890
883	896
883	918
883	929
883	948
883	961
883	969
883	976
883	990
884	39
884	90
884	167
884	361
884	402
884	452
884	557
884	641
884	727
884	822
884	826
884	880
884	885
884	912
884	933
884	942
884	964
884	975
884	985
885	142
885	147
885	565
885	661
885	715
885	718
885	733
885	832
885	836
885	854
885	855
885	884
885	904
885	934
885	959
885	960
885	977
885	984
885	996
886	69
886	249
886	261
886	282
886	412
886	602
886	654
886	666
886	679
886	787
886	846
886	874
886	905
886	908
886	942
886	959
886	961
886	975
886	994
887	54
887	82
887	115
887	299
887	360
887	382
887	433
887	469
887	491
887	558
887	587
887	660
887	680
887	692
887	702
887	796
887	856
887	979
887	987
888	53
888	203
888	227
888	300
888	531
888	544
888	682
888	705
888	729
888	794
888	814
888	867
888	898
888	919
888	923
888	931
888	946
888	949
888	968
889	220
889	265
889	309
889	422
889	566
889	587
889	593
889	606
889	649
889	694
889	732
889	880
889	890
889	904
889	905
889	932
889	954
889	971
889	1000
890	70
890	128
890	270
890	398
890	450
890	452
890	484
890	544
890	749
890	797
890	883
890	889
890	907
890	920
890	931
890	934
890	950
890	960
890	975
891	185
891	217
891	485
891	506
891	531
891	651
891	670
891	707
891	719
891	733
891	741
891	775
891	847
891	914
891	940
891	952
891	954
891	957
891	973
892	6
892	131
892	253
892	261
892	423
892	695
892	711
892	747
892	755
892	894
892	902
892	916
892	928
892	951
892	961
892	962
892	977
892	978
892	986
892	1000
893	42
893	84
893	281
893	513
893	646
893	680
893	692
893	753
893	766
893	802
893	811
893	862
893	901
893	926
893	934
893	949
893	977
893	988
893	992
893	995
894	204
894	281
894	384
894	410
894	430
894	550
894	563
894	590
894	627
894	709
894	711
894	791
894	821
894	880
894	892
894	936
894	947
894	951
894	997
894	999
895	80
895	215
895	483
895	647
895	752
895	770
895	845
895	870
895	898
895	910
895	961
895	964
895	969
895	976
895	978
895	987
895	991
895	992
895	994
895	1000
896	266
896	353
896	364
896	392
896	433
896	530
896	536
896	668
896	740
896	814
896	818
896	833
896	883
896	915
896	927
896	928
896	943
896	948
896	996
896	999
897	22
897	216
897	221
897	262
897	505
897	520
897	577
897	614
897	745
897	753
897	806
897	902
897	909
897	911
897	929
897	933
897	944
897	947
897	974
897	991
898	4
898	39
898	81
898	419
898	606
898	617
898	626
898	678
898	692
898	711
898	727
898	759
898	771
898	864
898	881
898	888
898	895
898	943
898	978
898	982
898	998
899	222
899	236
899	326
899	327
899	441
899	443
899	547
899	664
899	722
899	825
899	829
899	854
899	868
899	934
899	935
899	939
899	949
899	970
899	971
899	974
899	975
900	19
900	125
900	157
900	349
900	451
900	583
900	637
900	687
900	750
900	758
900	856
900	876
900	907
900	925
900	935
900	965
900	972
900	982
900	986
900	993
900	999
901	11
901	168
901	252
901	356
901	387
901	402
901	610
901	626
901	649
901	653
901	659
901	785
901	837
901	893
901	903
901	907
901	913
901	914
901	935
901	976
901	995
902	16
902	201
902	532
902	583
902	659
902	744
902	748
902	756
902	774
902	776
902	820
902	865
902	881
902	882
902	892
902	897
902	904
902	920
902	936
902	968
902	998
903	194
903	319
903	586
903	596
903	601
903	765
903	790
903	793
903	812
903	817
903	830
903	838
903	845
903	847
903	849
903	853
903	862
903	901
903	951
903	989
903	998
904	193
904	274
904	296
904	325
904	374
904	434
904	457
904	487
904	703
904	719
904	756
904	811
904	827
904	859
904	864
904	871
904	885
904	889
904	902
904	952
904	959
904	978
905	17
905	553
905	621
905	648
905	660
905	663
905	697
905	703
905	749
905	829
905	844
905	846
905	886
905	889
905	913
905	915
905	926
905	934
905	937
905	944
905	966
905	988
906	123
906	313
906	416
906	552
906	581
906	611
906	617
906	830
906	870
906	877
906	914
906	920
906	946
906	952
906	954
906	965
906	966
906	969
906	971
906	980
906	986
906	989
907	186
907	495
907	529
907	536
907	558
907	566
907	668
907	721
907	760
907	813
907	874
907	882
907	890
907	900
907	901
907	948
907	953
907	957
907	959
907	966
907	986
907	987
908	36
908	232
908	265
908	435
908	513
908	518
908	608
908	707
908	744
908	753
908	796
908	820
908	836
908	886
908	927
908	930
908	937
908	946
908	967
908	982
908	997
908	999
909	3
909	17
909	267
909	316
909	402
909	479
909	567
909	587
909	647
909	680
909	751
909	816
909	819
909	842
909	856
909	897
909	955
909	956
909	979
909	980
909	991
909	997
910	87
910	91
910	126
910	180
910	345
910	449
910	517
910	604
910	637
910	741
910	758
910	811
910	826
910	842
910	878
910	895
910	917
910	957
910	970
910	981
910	983
910	995
911	6
911	161
911	314
911	510
911	527
911	546
911	554
911	645
911	752
911	784
911	790
911	801
911	812
911	819
911	897
911	912
911	913
911	919
911	957
911	971
911	984
911	999
912	4
912	16
912	187
912	335
912	626
912	705
912	713
912	745
912	768
912	769
912	775
912	834
912	884
912	911
912	925
912	927
912	945
912	968
912	974
912	977
912	978
912	994
912	998
913	79
913	252
913	329
913	331
913	390
913	405
913	495
913	526
913	606
913	652
913	697
913	773
913	792
913	807
913	901
913	905
913	911
913	933
913	936
913	949
913	971
913	979
913	1000
914	8
914	188
914	271
914	351
914	420
914	504
914	576
914	582
914	654
914	723
914	739
914	797
914	816
914	817
914	826
914	836
914	844
914	845
914	891
914	901
914	906
914	935
914	957
915	14
915	239
915	251
915	255
915	352
915	445
915	485
915	573
915	627
915	641
915	654
915	655
915	661
915	763
915	778
915	800
915	829
915	876
915	896
915	905
915	926
915	933
915	979
916	10
916	305
916	331
916	421
916	532
916	544
916	684
916	757
916	758
916	821
916	833
916	854
916	871
916	892
916	917
916	932
916	933
916	962
916	965
916	980
916	985
916	986
916	987
917	45
917	61
917	96
917	277
917	400
917	414
917	440
917	465
917	539
917	577
917	593
917	665
917	687
917	700
917	745
917	864
917	910
917	916
917	951
917	952
917	955
917	971
917	976
918	21
918	105
918	214
918	217
918	242
918	247
918	302
918	328
918	572
918	574
918	575
918	674
918	762
918	815
918	843
918	883
918	938
918	960
918	969
918	972
918	986
918	997
918	1000
919	10
919	44
919	56
919	182
919	207
919	431
919	438
919	552
919	558
919	561
919	584
919	631
919	683
919	733
919	768
919	799
919	812
919	831
919	888
919	911
919	964
919	970
919	980
919	989
920	50
920	234
920	378
920	432
920	736
920	761
920	786
920	799
920	849
920	878
920	890
920	902
920	906
920	935
920	936
920	943
920	953
920	960
920	965
920	969
920	976
920	986
920	997
920	998
921	14
921	32
921	129
921	174
921	405
921	659
921	710
921	719
921	739
921	775
921	828
921	857
921	858
921	940
921	941
921	944
921	947
921	961
921	962
921	975
921	986
921	991
921	993
921	994
922	68
922	98
922	159
922	245
922	501
922	533
922	706
922	747
922	753
922	809
922	856
922	860
922	862
922	870
922	872
922	950
922	957
922	958
922	961
922	964
922	977
922	983
922	985
922	1000
923	158
923	172
923	260
923	496
923	513
923	547
923	581
923	694
923	737
923	753
923	778
923	786
923	823
923	841
923	853
923	863
923	888
923	924
923	934
923	937
923	959
923	975
923	987
923	993
923	998
924	200
924	205
924	306
924	327
924	335
924	381
924	420
924	696
924	748
924	782
924	821
924	829
924	831
924	837
924	849
924	853
924	923
924	925
924	926
924	939
924	940
924	965
924	972
924	992
924	1000
925	46
925	63
925	214
925	232
925	244
925	267
925	439
925	537
925	547
925	637
925	678
925	712
925	790
925	804
925	818
925	830
925	846
925	900
925	912
925	924
925	940
925	949
925	977
925	991
925	996
926	33
926	135
926	245
926	303
926	390
926	451
926	480
926	557
926	667
926	669
926	716
926	719
926	734
926	753
926	771
926	792
926	864
926	893
926	905
926	915
926	924
926	941
926	965
926	966
926	988
927	41
927	60
927	65
927	86
927	200
927	234
927	289
927	305
927	588
927	637
927	638
927	815
927	827
927	882
927	896
927	908
927	912
927	937
927	944
927	954
927	977
927	984
927	990
927	996
927	997
928	124
928	191
928	347
928	400
928	521
928	535
928	557
928	588
928	632
928	636
928	651
928	690
928	709
928	778
928	808
928	822
928	864
928	879
928	892
928	896
928	933
928	951
928	962
928	972
928	983
928	995
929	55
929	149
929	292
929	339
929	437
929	491
929	522
929	601
929	649
929	656
929	681
929	692
929	777
929	797
929	832
929	845
929	851
929	883
929	897
929	932
929	943
929	944
929	945
929	963
929	976
929	999
930	43
930	155
930	173
930	221
930	322
930	324
930	457
930	482
930	520
930	622
930	679
930	725
930	776
930	777
930	797
930	825
930	870
930	908
930	934
930	939
930	950
930	980
930	986
930	997
930	999
930	1000
931	123
931	240
931	370
931	441
931	470
931	495
931	530
931	537
931	560
931	571
931	732
931	747
931	767
931	806
931	836
931	843
931	866
931	888
931	890
931	942
931	964
931	965
931	967
931	968
931	975
931	986
932	412
932	421
932	515
932	516
932	623
932	640
932	666
932	718
932	734
932	780
932	795
932	834
932	889
932	916
932	929
932	938
932	959
932	962
932	963
932	966
932	976
932	981
932	983
932	986
932	993
932	994
933	52
933	59
933	167
933	219
933	235
933	310
933	410
933	489
933	511
933	622
933	688
933	816
933	819
933	834
933	835
933	839
933	884
933	897
933	913
933	915
933	916
933	928
933	941
933	942
933	957
933	975
933	978
934	102
934	192
934	391
934	444
934	541
934	552
934	687
934	754
934	760
934	819
934	828
934	844
934	859
934	885
934	890
934	893
934	899
934	905
934	923
934	930
934	953
934	959
934	961
934	977
934	983
934	985
934	998
935	124
935	140
935	186
935	269
935	352
935	466
935	517
935	534
935	543
935	605
935	638
935	716
935	720
935	743
935	801
935	824
935	861
935	870
935	899
935	900
935	901
935	914
935	920
935	958
935	959
935	992
935	1000
936	152
936	320
936	333
936	354
936	357
936	376
936	564
936	602
936	650
936	659
936	672
936	687
936	725
936	744
936	787
936	792
936	796
936	817
936	848
936	865
936	894
936	902
936	913
936	920
936	979
936	987
936	992
937	135
937	181
937	184
937	240
937	349
937	390
937	411
937	458
937	562
937	730
937	770
937	795
937	799
937	811
937	839
937	844
937	869
937	905
937	908
937	923
937	927
937	962
937	964
937	966
937	979
937	991
937	998
938	39
938	47
938	285
938	431
938	501
938	523
938	583
938	587
938	595
938	672
938	708
938	751
938	779
938	784
938	801
938	804
938	836
938	843
938	878
938	918
938	932
938	945
938	948
938	966
938	971
938	987
938	994
939	40
939	116
939	125
939	141
939	166
939	372
939	387
939	394
939	427
939	478
939	499
939	552
939	604
939	605
939	741
939	760
939	802
939	837
939	879
939	899
939	924
939	930
939	950
939	956
939	972
939	994
939	998
940	53
940	67
940	168
940	320
940	328
940	362
940	503
940	521
940	544
940	646
940	649
940	683
940	793
940	840
940	843
940	867
940	879
940	891
940	921
940	924
940	925
940	941
940	952
940	956
940	960
940	966
940	983
940	998
941	2
941	18
941	198
941	214
941	349
941	427
941	445
941	474
941	481
941	562
941	683
941	749
941	754
941	792
941	816
941	824
941	921
941	926
941	933
941	940
941	947
941	949
941	961
941	964
941	970
941	981
941	992
941	1000
942	22
942	121
942	168
942	264
942	275
942	328
942	364
942	435
942	468
942	496
942	503
942	525
942	546
942	731
942	738
942	812
942	858
942	866
942	870
942	875
942	882
942	884
942	886
942	931
942	933
942	984
942	985
942	991
942	993
943	58
943	72
943	74
943	163
943	225
943	389
943	433
943	500
943	504
943	512
943	604
943	695
943	769
943	770
943	814
943	823
943	833
943	855
943	869
943	896
943	898
943	920
943	929
943	945
943	948
943	950
943	953
943	980
943	989
944	165
944	382
944	404
944	435
944	457
944	518
944	549
944	586
944	616
944	664
944	669
944	700
944	708
944	742
944	749
944	770
944	815
944	819
944	855
944	897
944	905
944	921
944	927
944	929
944	960
944	980
944	991
944	995
944	999
945	176
945	179
945	220
945	485
945	490
945	532
945	537
945	655
945	670
945	703
945	715
945	729
945	752
945	783
945	801
945	849
945	859
945	865
945	879
945	912
945	929
945	938
945	943
945	957
945	965
945	966
945	972
945	989
945	990
946	46
946	56
946	136
946	156
946	260
946	452
946	465
946	480
946	526
946	531
946	555
946	581
946	595
946	620
946	726
946	760
946	771
946	779
946	821
946	840
946	888
946	906
946	908
946	957
946	980
946	981
946	989
946	990
946	997
946	999
947	41
947	49
947	52
947	335
947	359
947	394
947	482
947	593
947	660
947	664
947	670
947	675
947	688
947	722
947	727
947	743
947	787
947	808
947	848
947	858
947	894
947	897
947	921
947	941
947	952
947	958
947	960
947	962
947	979
947	996
948	87
948	290
948	444
948	587
948	588
948	603
948	620
948	644
948	667
948	677
948	687
948	714
948	718
948	757
948	770
948	791
948	793
948	808
948	826
948	828
948	850
948	876
948	883
948	896
948	907
948	938
948	943
948	952
948	958
948	964
949	283
949	365
949	388
949	403
949	472
949	502
949	542
949	624
949	632
949	665
949	671
949	732
949	740
949	751
949	754
949	805
949	823
949	860
949	865
949	875
949	888
949	893
949	899
949	913
949	925
949	941
949	961
949	965
949	970
949	991
950	287
950	294
950	386
950	504
950	507
950	599
950	665
950	676
950	705
950	740
950	757
950	764
950	775
950	817
950	830
950	838
950	876
950	890
950	922
950	930
950	939
950	943
950	952
950	962
950	986
950	987
950	992
950	995
950	999
950	1000
951	112
951	175
951	189
951	206
951	228
951	288
951	315
951	316
951	344
951	538
951	549
951	564
951	619
951	670
951	752
951	755
951	790
951	831
951	861
951	867
951	892
951	894
951	903
951	917
951	928
951	963
951	966
951	969
951	978
951	994
952	24
952	281
952	330
952	476
952	486
952	536
952	579
952	589
952	611
952	652
952	762
952	829
952	830
952	837
952	851
952	863
952	865
952	877
952	881
952	891
952	904
952	906
952	917
952	940
952	947
952	948
952	950
952	954
952	972
952	988
952	998
953	51
953	167
953	251
953	377
953	453
953	483
953	519
953	691
953	736
953	760
953	775
953	776
953	782
953	792
953	797
953	802
953	803
953	805
953	810
953	834
953	874
953	877
953	907
953	920
953	934
953	943
953	969
953	971
953	983
953	997
953	998
954	36
954	121
954	132
954	296
954	307
954	474
954	491
954	506
954	572
954	589
954	618
954	661
954	747
954	752
954	759
954	778
954	788
954	859
954	865
954	877
954	881
954	889
954	891
954	906
954	927
954	952
954	956
954	971
954	974
954	981
954	995
955	108
955	171
955	318
955	392
955	402
955	516
955	524
955	553
955	602
955	611
955	614
955	622
955	624
955	672
955	679
955	701
955	759
955	768
955	772
955	805
955	808
955	814
955	853
955	867
955	875
955	878
955	909
955	917
955	958
955	982
955	996
956	29
956	300
956	351
956	372
956	409
956	417
956	480
956	536
956	590
956	612
956	638
956	680
956	756
956	759
956	772
956	799
956	823
956	833
956	846
956	850
956	855
956	879
956	881
956	909
956	939
956	940
956	954
956	961
956	964
956	967
956	989
957	11
957	279
957	289
957	317
957	396
957	426
957	472
957	530
957	554
957	570
957	624
957	708
957	712
957	741
957	774
957	781
957	787
957	797
957	818
957	850
957	854
957	875
957	891
957	907
957	910
957	911
957	914
957	922
957	933
957	945
957	946
957	959
957	983
958	25
958	187
958	215
958	264
958	305
958	356
958	371
958	378
958	445
958	528
958	543
958	548
958	644
958	665
958	691
958	769
958	784
958	800
958	823
958	864
958	875
958	879
958	922
958	935
958	947
958	948
958	955
958	967
958	974
958	982
958	988
958	990
958	993
959	349
959	362
959	440
959	449
959	500
959	611
959	628
959	649
959	664
959	693
959	730
959	772
959	788
959	807
959	843
959	854
959	858
959	860
959	885
959	886
959	904
959	907
959	923
959	932
959	934
959	935
959	957
959	967
959	975
959	987
959	994
959	997
959	998
960	14
960	62
960	84
960	318
960	536
960	551
960	582
960	609
960	657
960	721
960	759
960	761
960	767
960	785
960	789
960	806
960	837
960	842
960	852
960	859
960	877
960	885
960	890
960	918
960	920
960	940
960	944
960	947
960	966
960	969
960	973
960	980
960	990
961	118
961	135
961	159
961	206
961	303
961	456
961	468
961	551
961	598
961	621
961	703
961	716
961	720
961	742
961	816
961	833
961	835
961	858
961	866
961	883
961	886
961	892
961	895
961	921
961	922
961	934
961	941
961	949
961	956
961	973
961	989
961	992
961	996
962	15
962	37
962	73
962	178
962	254
962	283
962	366
962	389
962	438
962	592
962	631
962	650
962	656
962	720
962	762
962	809
962	841
962	845
962	850
962	865
962	877
962	892
962	916
962	921
962	928
962	932
962	937
962	947
962	950
962	966
962	972
962	986
962	995
963	7
963	111
963	137
963	299
963	357
963	428
963	451
963	462
963	504
963	507
963	515
963	556
963	568
963	618
963	666
963	691
963	753
963	763
963	768
963	771
963	782
963	800
963	818
963	835
963	866
963	929
963	932
963	951
963	975
963	980
963	983
963	984
963	990
963	993
964	164
964	191
964	193
964	280
964	369
964	417
964	655
964	658
964	660
964	677
964	679
964	719
964	786
964	808
964	832
964	841
964	857
964	884
964	895
964	919
964	922
964	931
964	937
964	941
964	948
964	956
964	966
964	968
964	970
964	985
964	986
964	992
964	997
964	999
965	37
965	66
965	282
965	306
965	332
965	382
965	555
965	602
965	607
965	623
965	645
965	679
965	695
965	748
965	787
965	818
965	826
965	900
965	906
965	916
965	920
965	924
965	926
965	931
965	945
965	949
965	981
965	984
965	985
965	986
965	988
965	996
965	997
965	1000
966	269
966	318
966	375
966	438
966	472
966	662
966	667
966	695
966	701
966	716
966	740
966	762
966	776
966	791
966	863
966	870
966	905
966	906
966	907
966	926
966	932
966	937
966	938
966	940
966	945
966	951
966	960
966	962
966	964
966	967
966	984
966	986
966	992
966	999
967	38
967	72
967	80
967	199
967	339
967	365
967	442
967	454
967	522
967	576
967	588
967	632
967	678
967	700
967	720
967	755
967	788
967	792
967	803
967	820
967	832
967	858
967	908
967	931
967	956
967	958
967	959
967	966
967	974
967	975
967	977
967	983
967	991
967	1000
968	51
968	79
968	130
968	326
968	368
968	372
968	412
968	448
968	467
968	475
968	483
968	565
968	616
968	622
968	655
968	691
968	704
968	740
968	749
968	754
968	792
968	817
968	845
968	858
968	863
968	872
968	879
968	880
968	888
968	902
968	912
968	931
968	964
968	980
968	1000
969	21
969	39
969	166
969	220
969	241
969	295
969	309
969	321
969	370
969	424
969	510
969	623
969	644
969	653
969	732
969	810
969	839
969	864
969	865
969	866
969	872
969	883
969	895
969	906
969	918
969	920
969	951
969	953
969	960
969	974
969	979
969	983
969	985
969	998
969	999
970	48
970	133
970	143
970	200
970	248
970	338
970	393
970	401
970	424
970	436
970	439
970	481
970	565
970	592
970	628
970	672
970	677
970	696
970	705
970	731
970	757
970	763
970	789
970	842
970	856
970	879
970	899
970	910
970	919
970	941
970	949
970	964
970	973
970	979
970	985
970	994
971	283
971	312
971	374
971	375
971	467
971	498
971	511
971	526
971	539
971	620
971	671
971	678
971	685
971	781
971	793
971	795
971	802
971	809
971	815
971	823
971	852
971	880
971	882
971	889
971	899
971	906
971	911
971	913
971	917
971	938
971	953
971	954
971	975
971	981
971	999
971	1000
972	80
972	88
972	161
972	226
972	227
972	315
972	485
972	493
972	537
972	551
972	565
972	581
972	632
972	634
972	641
972	770
972	774
972	795
972	835
972	857
972	869
972	876
972	900
972	918
972	924
972	928
972	939
972	945
972	952
972	962
972	976
972	980
972	984
972	988
972	992
972	996
973	86
973	87
973	105
973	109
973	148
973	257
973	296
973	335
973	345
973	462
973	494
973	618
973	635
973	638
973	654
973	657
973	670
973	688
973	689
973	693
973	694
973	716
973	724
973	795
973	806
973	820
973	841
973	842
973	856
973	867
973	891
973	960
973	961
973	970
973	974
973	984
973	998
974	57
974	107
974	112
974	211
974	271
974	311
974	331
974	577
974	584
974	594
974	619
974	622
974	630
974	682
974	694
974	704
974	709
974	773
974	782
974	783
974	799
974	821
974	861
974	862
974	863
974	897
974	899
974	912
974	954
974	958
974	967
974	969
974	973
974	979
974	980
974	982
974	990
975	35
975	152
975	203
975	264
975	336
975	340
975	378
975	446
975	605
975	627
975	638
975	702
975	719
975	727
975	728
975	749
975	766
975	792
975	810
975	823
975	834
975	837
975	877
975	884
975	886
975	890
975	899
975	921
975	923
975	931
975	933
975	959
975	963
975	967
975	971
975	982
975	992
976	126
976	182
976	245
976	282
976	317
976	330
976	332
976	355
976	357
976	397
976	432
976	448
976	496
976	525
976	549
976	554
976	560
976	593
976	685
976	698
976	724
976	783
976	788
976	805
976	812
976	821
976	869
976	883
976	895
976	901
976	917
976	920
976	929
976	932
976	972
976	981
976	990
977	49
977	119
977	128
977	131
977	132
977	258
977	310
977	403
977	413
977	501
977	511
977	520
977	528
977	555
977	642
977	650
977	775
977	780
977	782
977	819
977	830
977	847
977	872
977	875
977	885
977	892
977	893
977	912
977	922
977	925
977	927
977	934
977	967
977	978
977	987
977	988
977	992
977	994
978	59
978	73
978	81
978	157
978	170
978	206
978	261
978	302
978	353
978	374
978	426
978	448
978	501
978	548
978	556
978	616
978	622
978	640
978	680
978	739
978	787
978	820
978	822
978	839
978	867
978	870
978	892
978	895
978	898
978	904
978	912
978	933
978	951
978	977
978	981
978	985
978	995
978	999
979	18
979	62
979	85
979	87
979	124
979	127
979	130
979	137
979	158
979	202
979	246
979	317
979	347
979	484
979	497
979	552
979	561
979	597
979	599
979	607
979	682
979	732
979	858
979	874
979	887
979	909
979	913
979	915
979	936
979	937
979	947
979	969
979	970
979	974
979	980
979	985
979	986
979	989
979	995
980	23
980	250
980	259
980	304
980	312
980	367
980	545
980	558
980	596
980	657
980	687
980	694
980	791
980	797
980	820
980	828
980	837
980	861
980	870
980	873
980	878
980	906
980	909
980	916
980	919
980	930
980	943
980	944
980	946
980	960
980	963
980	968
980	972
980	974
980	979
980	985
980	989
980	992
980	993
980	998
981	5
981	42
981	60
981	201
981	229
981	271
981	276
981	303
981	309
981	316
981	322
981	367
981	395
981	424
981	511
981	513
981	514
981	585
981	649
981	661
981	706
981	718
981	798
981	816
981	820
981	830
981	876
981	881
981	910
981	932
981	941
981	946
981	954
981	965
981	971
981	976
981	978
981	982
981	996
981	998
982	55
982	167
982	182
982	238
982	254
982	346
982	348
982	389
982	395
982	415
982	425
982	460
982	492
982	564
982	571
982	577
982	614
982	633
982	689
982	713
982	723
982	747
982	806
982	827
982	838
982	846
982	855
982	874
982	881
982	898
982	900
982	908
982	955
982	958
982	974
982	975
982	981
982	988
982	992
982	996
983	78
983	104
983	132
983	221
983	224
983	244
983	273
983	313
983	363
983	401
983	431
983	446
983	526
983	536
983	543
983	617
983	670
983	707
983	724
983	743
983	762
983	765
983	783
983	801
983	813
983	819
983	830
983	838
983	875
983	878
983	910
983	922
983	928
983	932
983	934
983	940
983	953
983	957
983	963
983	967
983	969
984	27
984	68
984	89
984	90
984	91
984	199
984	399
984	458
984	469
984	490
984	492
984	566
984	570
984	580
984	626
984	681
984	706
984	710
984	738
984	755
984	759
984	761
984	768
984	803
984	812
984	820
984	822
984	833
984	834
984	851
984	859
984	875
984	885
984	911
984	927
984	942
984	963
984	965
984	966
984	972
984	973
985	111
985	154
985	188
985	217
985	246
985	254
985	290
985	362
985	386
985	406
985	479
985	486
985	494
985	582
985	614
985	654
985	678
985	690
985	737
985	781
985	786
985	839
985	850
985	857
985	861
985	865
985	884
985	916
985	922
985	934
985	942
985	964
985	965
985	969
985	970
985	978
985	979
985	980
985	989
985	993
985	996
985	997
986	95
986	153
986	269
986	276
986	342
986	385
986	434
986	491
986	586
986	612
986	621
986	624
986	656
986	683
986	763
986	764
986	777
986	832
986	838
986	840
986	857
986	870
986	892
986	900
986	906
986	907
986	916
986	918
986	920
986	921
986	930
986	931
986	932
986	950
986	962
986	964
986	965
986	966
986	979
986	989
986	995
986	999
987	37
987	162
987	163
987	243
987	276
987	374
987	393
987	449
987	529
987	591
987	621
987	647
987	673
987	676
987	684
987	721
987	747
987	751
987	764
987	835
987	836
987	840
987	841
987	845
987	848
987	851
987	853
987	863
987	878
987	887
987	895
987	907
987	916
987	923
987	936
987	938
987	950
987	959
987	977
987	989
987	995
987	1000
988	78
988	113
988	218
988	251
988	266
988	285
988	291
988	340
988	450
988	460
988	468
988	475
988	520
988	534
988	567
988	578
988	579
988	600
988	616
988	626
988	675
988	678
988	690
988	708
988	726
988	740
988	817
988	828
988	837
988	866
988	875
988	893
988	905
988	926
988	952
988	958
988	965
988	972
988	977
988	982
988	993
988	1000
989	38
989	75
989	78
989	100
989	107
989	139
989	247
989	252
989	269
989	329
989	383
989	453
989	503
989	557
989	605
989	631
989	663
989	670
989	679
989	733
989	735
989	758
989	783
989	784
989	827
989	835
989	879
989	880
989	903
989	906
989	919
989	943
989	945
989	946
989	956
989	961
989	979
989	980
989	985
989	986
989	987
989	990
989	991
989	994
990	59
990	77
990	126
990	207
990	210
990	234
990	240
990	266
990	396
990	456
990	466
990	487
990	498
990	522
990	529
990	569
990	589
990	613
990	723
990	752
990	756
990	771
990	773
990	778
990	822
990	823
990	827
990	828
990	866
990	873
990	883
990	927
990	945
990	946
990	958
990	960
990	963
990	974
990	976
990	989
990	991
990	993
990	996
990	997
991	35
991	176
991	241
991	246
991	249
991	272
991	275
991	332
991	434
991	449
991	498
991	501
991	509
991	530
991	540
991	613
991	619
991	631
991	714
991	735
991	750
991	766
991	772
991	776
991	787
991	788
991	789
991	794
991	801
991	816
991	895
991	897
991	909
991	921
991	925
991	937
991	942
991	944
991	949
991	967
991	989
991	990
991	992
991	995
992	1
992	28
992	233
992	243
992	305
992	324
992	394
992	428
992	472
992	503
992	506
992	518
992	637
992	651
992	682
992	686
992	702
992	714
992	720
992	751
992	755
992	783
992	789
992	818
992	834
992	843
992	848
992	852
992	893
992	895
992	924
992	935
992	936
992	941
992	950
992	961
992	964
992	966
992	972
992	975
992	977
992	980
992	982
992	991
992	998
993	34
993	77
993	205
993	209
993	239
993	253
993	376
993	433
993	469
993	570
993	571
993	594
993	623
993	636
993	655
993	667
993	677
993	684
993	720
993	746
993	753
993	759
993	773
993	775
993	808
993	809
993	816
993	824
993	835
993	841
993	859
993	865
993	876
993	882
993	900
993	921
993	923
993	932
993	942
993	958
993	963
993	980
993	985
993	988
993	990
993	999
994	33
994	48
994	49
994	183
994	296
994	308
994	342
994	389
994	410
994	420
994	431
994	450
994	489
994	528
994	557
994	571
994	591
994	596
994	611
994	625
994	711
994	713
994	722
994	734
994	757
994	760
994	773
994	781
994	790
994	818
994	836
994	849
994	859
994	886
994	895
994	912
994	921
994	932
994	938
994	939
994	951
994	959
994	970
994	977
994	989
994	997
995	23
995	59
995	110
995	147
995	180
995	218
995	253
995	262
995	310
995	319
995	416
995	518
995	521
995	559
995	564
995	595
995	617
995	620
995	627
995	639
995	731
995	732
995	737
995	741
995	749
995	784
995	801
995	802
995	824
995	841
995	843
995	844
995	852
995	853
995	893
995	901
995	910
995	928
995	944
995	950
995	954
995	962
995	978
995	979
995	986
995	987
995	991
996	32
996	71
996	160
996	208
996	214
996	338
996	380
996	386
996	411
996	430
996	451
996	464
996	500
996	539
996	551
996	555
996	566
996	576
996	605
996	619
996	662
996	681
996	699
996	708
996	725
996	745
996	788
996	793
996	813
996	839
996	845
996	858
996	865
996	871
996	885
996	896
996	925
996	927
996	947
996	955
996	961
996	965
996	972
996	981
996	982
996	985
996	990
996	997
997	26
997	68
997	197
997	236
997	251
997	264
997	323
997	375
997	404
997	447
997	495
997	516
997	517
997	533
997	588
997	590
997	628
997	638
997	657
997	702
997	731
997	742
997	746
997	757
997	824
997	825
997	839
997	849
997	871
997	872
997	882
997	894
997	908
997	909
997	918
997	920
997	927
997	930
997	946
997	953
997	959
997	964
997	965
997	985
997	990
997	994
997	996
997	999
998	75
998	90
998	94
998	97
998	107
998	123
998	129
998	141
998	212
998	297
998	308
998	318
998	354
998	366
998	487
998	499
998	542
998	551
998	711
998	724
998	746
998	782
998	809
998	815
998	820
998	841
998	844
998	853
998	858
998	873
998	877
998	898
998	902
998	903
998	912
998	920
998	923
998	934
998	937
998	939
998	940
998	952
998	953
998	959
998	969
998	973
998	980
998	981
998	992
999	12
999	145
999	255
999	326
999	356
999	408
999	512
999	517
999	545
999	547
999	554
999	565
999	586
999	643
999	671
999	687
999	697
999	708
999	728
999	738
999	748
999	781
999	798
999	800
999	815
999	834
999	844
999	845
999	865
999	874
999	894
999	896
999	900
999	908
999	911
999	929
999	930
999	944
999	946
999	950
999	964
999	966
999	969
999	971
999	978
999	986
999	993
999	997
999	1000
1000	9
1000	19
1000	55
1000	92
1000	117
1000	121
1000	190
1000	275
1000	443
1000	478
1000	491
1000	512
1000	519
1000	533
1000	573
1000	598
1000	624
1000	629
1000	652
1000	658
1000	701
1000	707
1000	735
1000	736
1000	764
1000	779
1000	785
1000	802
1000	821
1000	836
1000	854
1000	855
1000	889
1000	892
1000	895
1000	913
1000	918
1000	922
1000	924
1000	930
1000	935
1000	941
1000	950
1000	965
1000	967
1000	968
1000	971
1000	987
1000	988
1000	999
