0 638
0 705
0 729
0 980
638 288
638 344
638 440
638 468
638 637
638 830
638 932
638 982
705 432
705 517
705 591
705 605
705 698
705 875
705 878
705 963
705 988
729 517
729 682
729 820
729 835
729 888
729 891
729 922
729 933
729 972
729 980
980 5
980 84
980 287
980 341
980 425
980 502
980 518
980 521
980 561
980 575
980 671
980 673
980 743
980 765
980 770
980 774
980 811
980 832
980 843
980 850
980 854
980 858
980 860
980 886
980 887
980 903
980 909
980 917
980 938
980 949
980 963
980 968
980 971
980 974
980 975
980 985
980 986
288 441
288 647
288 499
288 659
344 537
344 787
344 975
344 488
440 865
440 935
440 612
440 979
440 611
468 973
468 26
468 730
468 740
468 998
637 993
637 968
637 420
637 610
637 734
637 813
637 725
637 919
830 91
830 993
830 30
830 610
830 240
830 246
830 266
830 281
830 389
830 543
830 769
830 782
830 873
830 932
830 935
932 540
932 946
932 812
932 902
932 965
932 991
932 881
932 949
932 416
932 987
932 950
932 873
932 662
932 869
932 918
932 844
932 223
932 369
932 530
932 653
932 728
932 736
932 877
932 971
982 215
982 968
982 340
982 991
982 28
982 33
982 67
982 163
982 278
982 355
982 433
982 456
982 654
982 664
982 682
982 687
982 728
982 764
982 799
982 802
982 811
982 817
982 828
982 831
982 840
982 864
982 866
982 875
982 876
982 912
982 919
982 930
982 937
982 939
982 956
982 971
982 974
982 975
432 995
432 987
432 844
432 849
432 964
517 2
517 891
517 914
517 962
517 993
591 954
591 787
591 994
591 938
591 926
591 952
591 903
605 199
605 952
605 265
605 355
605 456
605 578
605 656
698 915
698 882
698 88
698 326
698 414
698 549
698 792
698 876
698 979
875 965
875 34
875 101
875 126
875 335
875 337
875 454
875 553
875 562
875 596
875 726
875 773
875 826
875 831
875 853
875 956
875 983
875 984
878 661
878 833
878 765
878 936
878 966
878 937
878 975
878 769
878 679
878 825
878 831
878 819
878 921
878 656
878 319
878 541
878 560
878 697
878 725
963 883
963 995
963 469
963 967
963 32
963 85
963 191
963 294
963 379
963 401
963 611
963 618
963 622
963 633
963 645
963 650
963 737
963 785
963 805
963 827
963 840
963 858
963 866
963 888
963 893
963 907
963 915
963 919
963 956
963 987
963 988
988 786
988 959
988 555
988 787
988 894
988 973
988 422
988 997
988 44
988 111
988 121
988 137
988 263
988 373
988 400
988 412
988 438
988 491
988 494
988 562
988 583
988 699
988 731
988 734
988 736
988 756
988 757
988 769
988 773
988 784
988 788
988 792
988 810
988 811
988 855
988 876
988 882
988 899
988 907
988 925
988 938
682 946
682 949
682 803
682 832
682 747
682 838
682 685
682 677
820 851
820 892
820 946
820 965
820 32
820 397
820 421
820 701
820 706
820 709
820 726
820 778
820 804
820 916
820 994
835 483
835 991
835 352
835 720
835 976
835 983
835 936
835 893
835 951
835 552
835 258
835 399
835 405
835 431
835 607
835 674
888 556
888 620
888 833
888 966
888 771
888 672
888 97
888 198
888 345
888 379
888 413
888 444
888 472
888 667
888 761
888 796
888 885
888 964
888 979
891 786
891 992
891 997
891 938
891 950
891 989
891 874
891 936
891 944
891 920
891 824
891 292
891 748
891 819
891 927
891 203
891 231
891 671
891 791
922 990
922 995
922 895
922 556
922 572
922 997
922 976
922 987
922 907
922 986
922 900
922 97
922 168
922 308
922 367
922 417
922 606
922 655
922 810
922 880
922 905
922 925
922 961
933 990
933 585
933 999
933 991
933 962
933 994
933 41
933 368
933 470
933 502
933 504
933 531
933 545
933 578
933 658
933 704
933 735
933 761
933 916
933 928
933 948
933 953
933 976
933 981
933 996
972 847
972 957
972 999
972 902
972 901
972 803
972 734
972 259
972 947
972 548
972 774
972 662
972 101
972 228
972 329
972 337
972 452
972 486
972 642
972 653
972 676
972 715
972 735
972 759
972 799
972 813
972 821
972 824
972 844
972 896
972 898
972 923
972 926
972 958
972 974
5 302
5 311
5 993
84 941
84 304
84 937
287 510
287 956
287 828
287 910
341 760
341 848
341 89
341 301
425 848
425 994
425 923
425 276
425 561
502 564
502 983
502 368
502 701
502 332
518 857
518 854
518 956
518 969
518 683
518 795
521 469
521 984
521 681
521 983
521 804
521 290
561 826
561 989
561 280
561 530
561 885
575 15
575 483
575 481
575 551
575 588
575 630
575 874
671 651
671 902
671 758
671 635
671 488
671 805
671 596
673 915
673 996
673 886
673 969
673 119
673 488
673 503
673 686
673 778
743 12
743 201
743 413
743 659
743 724
743 742
743 758
743 877
743 906
743 969
743 991
765 29
765 137
765 615
765 763
765 768
765 901
765 919
765 921
765 981
765 989
770 17
770 232
770 265
770 374
770 390
770 618
770 814
770 815
770 824
770 843
770 886
770 979
774 957
774 965
774 787
774 996
774 771
774 88
774 132
774 307
774 601
774 753
774 977
811 954
811 991
811 758
811 617
811 862
811 936
811 952
811 890
811 778
811 278
811 413
811 524
832 999
832 991
832 839
832 790
832 911
832 958
832 942
832 977
832 709
832 588
832 203
832 226
832 674
832 890
843 585
843 999
843 902
843 20
843 377
843 435
843 590
843 707
843 756
843 781
843 825
843 837
843 939
843 955
843 975
850 107
850 760
850 968
850 995
850 776
850 30
850 347
850 384
850 536
850 733
850 754
850 839
850 924
850 937
850 961
850 985
854 199
854 620
854 720
854 949
854 857
854 58
854 80
854 136
854 487
854 524
854 615
854 618
854 674
854 683
854 958
854 966
858 993
858 585
858 846
858 987
858 882
858 69
858 106
858 236
858 285
858 409
858 418
858 447
858 506
858 520
858 808
858 906
860 954
860 180
860 993
860 651
860 833
860 998
860 929
860 996
860 421
860 745
860 121
860 245
860 329
860 444
860 592
860 653
860 708
886 954
886 998
886 915
886 985
886 870
886 866
886 996
886 71
886 313
886 380
886 428
886 527
886 624
886 692
886 879
886 889
886 921
886 977
887 993
887 957
887 760
887 293
887 992
887 544
887 845
887 915
887 984
887 976
887 81
887 120
887 321
887 709
887 719
887 781
887 800
887 876
887 908
887 975
903 839
903 981
903 559
903 750
903 635
903 939
903 632
903 619
903 506
903 974
903 908
903 890
903 736
903 778
903 380
903 615
903 885
903 386
903 409
903 808
909 540
909 995
909 23
909 148
909 278
909 342
909 474
909 492
909 697
909 788
909 792
909 796
909 804
909 819
909 859
909 876
909 879
909 908
909 912
909 940
909 956
909 986
917 954
917 993
917 556
917 870
917 539
917 934
917 526
917 675
917 912
917 664
917 407
917 906
917 977
917 951
917 953
917 595
917 910
917 285
917 301
917 477
917 562
917 630
917 889
938 978
938 839
938 63
938 106
938 122
938 178
938 246
938 361
938 412
938 549
938 643
938 676
938 678
938 710
938 712
938 859
938 884
938 920
938 925
938 930
938 979
938 983
938 989
949 641
949 760
949 943
949 895
949 998
949 34
949 245
949 373
949 584
949 592
949 660
949 756
949 759
949 775
949 785
949 792
949 829
949 856
949 863
949 885
949 919
949 921
949 923
949 935
949 940
949 951
968 892
968 993
968 914
968 9
968 55
968 117
968 214
968 348
968 376
968 405
968 434
968 451
968 651
968 676
968 694
968 712
968 724
968 737
968 744
968 790
968 864
968 885
968 913
968 952
968 953
968 961
968 971
968 989
968 994
968 996
971 954
971 871
971 902
971 566
971 803
971 857
971 737
971 935
971 956
971 907
971 815
971 930
971 911
971 807
971 748
971 684
971 324
971 793
971 816
971 350
971 927
971 916
971 778
971 910
971 979
971 372
971 476
971 491
971 700
971 726
971 889
971 945
974 331
974 943
974 902
974 991
974 960
974 994
974 852
974 681
974 627
974 498
974 882
974 970
974 815
974 966
974 899
974 663
974 834
974 923
974 772
974 739
974 953
974 172
974 261
974 270
974 379
974 424
974 436
974 464
974 611
974 755
974 877
974 952
974 964
975 751
975 871
975 946
975 895
975 894
975 978
975 846
975 985
975 984
975 142
975 93
975 120
975 130
975 186
975 268
975 299
975 309
975 335
975 492
975 495
975 590
975 601
975 659
975 695
975 755
975 756
975 772
975 777
975 795
975 821
975 824
985 954
985 641
985 892
985 668
985 991
985 43
985 48
985 67
985 170
985 184
985 295
985 345
985 407
985 409
985 459
985 478
985 498
985 499
985 534
985 562
985 704
985 714
985 748
985 757
985 767
985 768
985 797
985 821
985 834
985 864
985 866
985 896
985 918
985 927
985 936
985 955
985 987
986 540
986 741
986 865
986 959
986 991
986 998
986 940
986 803
986 716
986 599
986 870
986 65
986 132
986 193
986 258
986 275
986 294
986 471
986 515
986 527
986 563
986 634
986 642
986 666
986 699
986 706
986 714
986 719
986 738
986 772
986 802
986 810
986 859
986 869
986 904
986 937
986 977
986 983
1 199
1 537
1 751
1 851
199 486
537 335
537 680
537 803
537 926
537 991
751 102
751 137
751 176
751 669
751 824
751 857
751 880
751 906
751 934
751 976
851 94
851 148
851 160
851 161
851 327
851 526
851 727
851 767
851 846
851 848
851 849
851 948
851 976
851 987
851 999
486 845
486 929
486 497
486 626
486 768
335 127
335 612
680 984
680 981
680 87
680 405
680 413
680 434
680 565
680 665
680 916
803 668
803 894
803 940
803 38
803 54
803 606
803 640
803 664
803 927
803 987
926 999
926 555
926 589
926 720
926 881
926 962
926 997
926 928
926 567
926 969
926 713
926 122
926 185
926 329
926 349
926 505
926 701
926 768
926 908
926 945
926 961
926 979
991 943
991 965
991 21
991 56
991 132
991 160
991 410
991 489
991 494
991 500
991 554
991 607
991 611
991 628
991 646
991 686
991 699
991 703
991 716
991 738
991 761
991 798
991 827
991 879
991 893
991 907
991 911
991 942
991 953
991 962
991 964
991 978
991 984
991 997
102 496
102 689
102 824
137 973
176 996
176 61
176 863
669 998
669 981
669 77
669 646
669 761
669 868
669 911
669 931
824 995
824 973
824 978
824 924
824 996
824 195
824 582
824 607
824 726
824 761
857 809
857 895
857 794
857 40
857 196
857 228
857 543
857 645
857 785
857 808
857 836
857 900
857 904
857 944
880 883
880 882
880 829
880 815
880 947
880 745
880 713
880 893
880 868
880 505
880 493
880 876
880 685
880 687
880 867
880 598
880 715
880 576
906 995
906 902
906 941
906 940
906 870
906 627
906 785
906 616
906 900
906 942
906 128
906 256
906 312
906 557
906 635
906 699
906 841
906 925
934 954
934 107
934 894
934 984
934 872
934 790
934 956
934 948
934 65
934 86
934 130
934 193
934 202
934 394
934 484
934 513
934 520
934 616
934 689
934 764
934 879
934 904
934 911
934 912
976 91
976 993
976 732
976 965
976 997
976 984
976 47
976 64
976 65
976 105
976 127
976 217
976 289
976 296
976 308
976 339
976 381
976 402
976 506
976 516
976 571
976 664
976 719
976 790
976 814
976 852
976 889
976 890
976 893
976 910
976 958
976 979
94 987
94 407
94 800
148 123
148 463
160 841
160 819
161 928
161 305
161 306
327 962
327 844
327 789
327 795
526 702
526 72
526 222
526 663
526 930
727 960
727 286
727 63
727 233
727 402
727 470
727 748
727 792
727 844
727 930
767 894
767 994
767 900
767 496
767 689
767 896
767 114
767 280
767 353
767 633
846 780
846 965
846 973
846 881
846 30
846 303
846 392
846 489
846 616
846 623
846 827
846 873
846 907
846 918
848 892
848 13
848 29
848 141
848 273
848 401
848 422
848 548
848 636
848 706
848 793
848 821
848 831
848 911
849 892
849 732
849 967
849 693
849 915
849 654
849 310
849 868
849 764
849 690
849 484
849 264
849 423
849 626
849 855
948 892
948 914
948 569
948 924
948 935
948 852
948 702
948 956
948 62
948 63
948 103
948 187
948 254
948 334
948 365
948 381
948 445
948 545
948 582
948 648
948 662
948 672
948 736
948 855
948 910
948 930
948 947
987 809
987 990
987 967
987 661
987 962
987 375
987 997
987 924
987 783
987 61
987 68
987 122
987 374
987 421
987 439
987 448
987 461
987 542
987 563
987 731
987 746
987 801
987 819
987 827
987 836
987 841
987 868
987 890
987 893
987 911
987 930
987 936
999 585
999 995
999 943
999 11
999 42
999 64
999 98
999 133
999 177
999 179
999 212
999 252
999 346
999 397
999 501
999 569
999 584
999 602
999 675
999 697
999 733
999 753
999 754
999 771
999 815
999 821
999 864
999 869
999 882
999 902
999 907
999 911
999 915
999 945
999 952
999 958
999 966
999 970
999 989
999 994
999 996
999 997
999 998
2 809
2 861
2 954
809 129
809 150
809 316
809 424
809 701
809 702
809 706
809 708
809 828
809 915
809 970
809 981
861 25
861 251
861 258
861 297
861 314
861 427
861 578
861 612
861 798
861 804
861 840
861 897
861 908
861 946
861 950
861 994
861 997
954 139
954 164
954 200
954 249
954 277
954 305
954 309
954 501
954 545
954 675
954 724
954 780
954 783
954 822
954 823
954 874
954 914
954 925
954 927
954 977
954 992
914 957
914 7
914 20
914 169
914 289
914 369
914 417
914 476
914 594
914 598
914 617
914 631
914 719
914 758
914 810
914 833
914 921
914 941
914 983
962 990
962 995
962 895
962 965
962 941
962 779
962 33
962 56
962 236
962 372
962 419
962 443
962 463
962 553
962 586
962 699
962 703
962 756
962 782
962 834
962 897
962 919
962 931
962 944
962 981
962 996
993 11
993 97
993 221
993 291
993 358
993 366
993 403
993 404
993 424
993 441
993 514
993 524
993 557
993 582
993 596
993 615
993 652
993 664
993 694
993 728
993 746
993 783
993 801
993 822
993 838
993 852
993 877
993 929
993 937
993 939
993 950
993 952
993 955
993 970
993 996
993 997
129 733
129 750
129 383
150 995
150 942
150 754
316 895
316 764
316 789
316 876
424 931
424 789
424 444
701 940
701 924
701 628
701 282
701 310
701 242
702 54
702 359
702 446
702 621
702 728
702 772
702 945
706 965
706 866
706 912
706 923
706 868
706 499
708 897
708 923
708 853
708 952
708 198
708 357
708 414
708 674
828 990
828 741
828 959
828 758
828 981
828 904
828 970
828 182
828 212
828 213
828 289
828 497
828 919
915 894
915 978
915 39
915 183
915 361
915 666
915 759
915 778
915 795
915 825
915 839
915 867
915 905
915 907
915 925
915 930
970 990
970 960
970 992
970 525
970 866
970 996
970 904
970 70
970 251
970 252
970 346
970 464
970 477
970 524
970 565
970 583
970 650
970 717
970 782
970 867
970 884
970 900
970 921
970 931
970 939
970 942
970 945
970 958
970 964
970 983
981 973
981 935
981 46
981 703
981 47
981 121
981 170
981 264
981 351
981 397
981 398
981 415
981 426
981 497
981 511
981 536
981 547
981 564
981 579
981 639
981 691
981 717
981 734
981 769
981 781
981 796
981 840
981 877
981 898
981 918
981 964
25 376
25 779
25 967
251 311
251 969
251 553
258 657
258 742
297 46
297 382
297 426
297 685
314 274
314 859
314 899
314 763
427 668
427 872
427 947
427 308
427 533
578 544
578 998
578 937
578 271
578 240
612 783
612 739
612 793
612 290
612 574
798 741
798 901
798 569
798 870
798 996
798 897
798 939
798 772
798 831
798 953
798 759
798 390
804 883
804 995
804 946
804 992
804 776
804 628
804 361
804 183
804 263
804 840
804 905
840 752
840 902
840 998
840 716
840 969
840 516
840 759
840 542
840 678
840 979
840 357
840 576
897 943
897 556
897 959
897 929
897 997
897 924
897 984
897 66
897 85
897 236
897 362
897 493
897 546
897 576
897 604
897 613
897 621
897 879
908 741
908 620
908 967
908 629
908 559
908 800
908 913
908 748
908 918
908 951
908 178
908 423
908 524
908 646
908 687
908 814
908 818
908 867
946 10
946 130
946 162
946 243
946 280
946 527
946 563
946 596
946 604
946 631
946 678
946 784
946 788
946 795
946 797
946 806
946 866
946 913
946 921
946 923
946 952
946 965
946 996
950 566
950 967
950 997
950 935
950 826
950 928
950 71
950 115
950 145
950 152
950 436
950 583
950 723
950 736
950 825
950 863
950 876
950 877
950 889
950 896
950 910
950 911
950 923
950 925
950 931
950 989
994 995
994 786
994 732
994 960
994 992
994 998
994 38
994 75
994 85
994 182
994 194
994 269
994 272
994 414
994 475
994 476
994 478
994 482
994 493
994 523
994 614
994 688
994 726
994 731
994 735
994 763
994 766
994 818
994 823
994 836
994 905
994 907
994 919
994 942
994 945
994 955
994 984
997 957
997 895
997 651
997 501
997 959
997 992
997 881
997 661
997 37
997 92
997 181
997 230
997 236
997 290
997 348
997 384
997 429
997 446
997 509
997 550
997 552
997 599
997 604
997 623
997 653
997 688
997 696
997 730
997 772
997 777
997 834
997 852
997 924
997 955
997 984
139 617
139 781
139 918
164 787
164 527
164 488
200 783
200 213
200 377
249 716
249 984
249 907
249 759
277 753
277 953
277 278
277 618
305 640
305 632
305 678
309 996
309 259
309 818
501 16
501 695
501 923
501 969
545 794
545 944
545 855
545 437
675 644
675 992
675 734
675 76
675 648
675 905
675 920
724 992
724 998
724 929
724 428
724 584
724 831
724 265
724 735
780 7
780 197
780 401
780 402
780 403
780 460
780 626
780 794
780 837
780 912
780 928
783 58
783 147
783 590
783 621
783 656
783 823
783 859
783 907
783 964
822 215
822 943
822 973
822 567
822 98
822 153
822 196
822 362
822 640
822 692
822 715
822 778
822 837
822 879
823 660
823 681
823 717
823 834
823 128
823 448
823 536
823 678
823 692
823 749
823 795
823 919
823 951
874 311
874 990
874 786
874 721
874 776
874 935
874 77
874 338
874 355
874 713
874 768
874 777
874 889
874 899
874 913
874 945
874 958
925 957
925 995
925 572
925 924
925 609
925 912
925 899
925 392
925 942
925 864
925 810
925 952
925 648
925 231
925 244
925 272
925 573
925 795
927 960
927 992
927 967
927 569
927 539
927 408
927 817
927 864
927 939
927 614
927 608
927 198
927 229
927 273
927 395
927 536
927 630
927 763
927 789
927 885
977 331
977 943
977 992
977 779
977 776
977 839
977 790
977 208
977 912
977 271
977 913
977 655
977 134
977 192
977 217
977 358
977 366
977 393
977 405
977 406
977 484
977 490
977 568
977 597
977 614
977 704
977 725
977 773
977 813
977 841
977 879
977 921
992 741
992 22
992 978
992 90
992 201
992 222
992 229
992 248
992 290
992 303
992 367
992 372
992 412
992 450
992 458
992 473
992 527
992 584
992 663
992 670
992 676
992 679
992 717
992 725
992 758
992 790
992 856
992 868
992 921
992 929
992 944
992 979
992 984
992 989
3 107
3 180
3 625
3 847
107 899
180 436
180 597
625 465
625 645
625 793
625 821
625 895
625 896
625 966
847 406
847 489
847 559
847 580
847 585
847 768
847 771
847 801
847 883
847 898
847 923
847 928
847 942
847 951
847 979
899 957
899 998
899 872
899 920
899 116
899 262
899 298
899 362
899 479
899 492
899 508
899 541
899 543
899 791
899 801
899 879
436 952
436 690
436 979
597 924
597 989
597 647
597 494
597 856
597 885
465 959
465 104
465 178
465 336
465 951
645 744
645 958
645 740
645 763
645 777
645 592
793 894
793 984
793 989
793 969
793 753
793 837
793 709
793 931
793 170
793 573
821 892
821 996
821 904
821 754
821 657
821 210
821 491
821 725
821 766
821 916
895 12
895 28
895 43
895 135
895 151
895 291
895 419
895 450
895 568
895 666
895 714
895 755
895 953
896 845
896 794
896 111
896 131
896 202
896 266
896 378
896 438
896 683
896 731
896 775
896 792
896 816
896 867
896 876
896 919
896 939
966 892
966 786
966 902
966 364
966 983
966 548
966 78
966 99
966 146
966 219
966 231
966 247
966 443
966 454
966 462
966 491
966 529
966 618
966 634
966 690
966 691
966 699
966 766
966 773
966 819
966 853
966 856
966 918
406 935
406 656
406 801
406 855
489 311
489 859
489 177
489 356
559 556
559 67
559 692
559 715
580 26
580 219
580 220
580 253
580 512
580 845
580 945
585 8
585 31
585 587
768 694
768 863
768 470
768 598
768 554
768 573
771 871
771 544
771 80
771 446
771 688
771 713
771 816
771 885
771 942
801 737
801 944
801 863
801 869
801 233
801 918
801 307
801 931
801 964
883 441
883 9
883 112
883 315
883 430
883 649
883 769
883 808
883 852
883 864
883 923
883 952
883 958
883 959
883 960
883 969
898 990
898 842
898 967
898 881
898 839
898 911
898 942
898 841
898 463
898 324
898 890
898 789
898 778
898 276
898 298
898 460
898 530
898 536
898 700
923 957
923 293
923 762
923 989
923 969
923 920
923 116
923 266
923 313
923 463
923 691
923 838
923 910
923 952
928 871
928 959
928 721
928 960
928 967
928 872
928 69
928 82
928 284
928 399
928 437
928 520
928 596
928 664
928 749
928 818
928 863
928 916
928 936
928 952
942 892
942 555
942 973
942 806
942 901
942 940
942 762
942 907
942 116
942 319
942 414
942 461
942 466
942 494
942 571
942 586
942 755
942 791
951 998
951 693
951 862
951 969
951 825
951 893
951 141
951 273
951 329
951 346
951 451
951 508
951 515
951 541
951 633
951 697
951 709
951 755
951 856
951 877
951 945
951 961
951 979
979 752
979 957
979 943
979 787
979 852
979 539
979 944
979 937
979 920
979 913
979 754
979 577
979 647
979 312
979 667
979 333
979 838
979 710
979 388
979 400
979 411
979 582
979 728
979 813
979 855
4 91
4 641
4 752
4 892
91 959
641 364
641 650
641 670
641 799
641 879
641 910
752 298
752 362
752 452
752 500
752 558
752 601
752 718
752 940
752 996
892 50
892 157
892 356
892 538
892 618
892 700
892 741
892 808
892 853
892 930
892 996
959 760
959 17
959 35
959 120
959 171
959 360
959 487
959 497
959 519
959 522
959 608
959 716
959 753
959 791
959 833
959 900
959 916
959 937
959 939
959 941
959 967
959 973
364 51
364 226
364 570
650 955
650 920
650 149
650 190
650 214
650 853
670 996
670 616
670 937
670 88
670 145
670 713
670 722
799 929
799 435
799 873
799 496
799 958
799 634
799 802
799 219
799 481
799 759
799 763
879 956
879 947
879 841
879 764
879 797
879 418
879 876
879 687
879 855
879 686
879 508
910 967
910 806
910 707
910 984
910 956
910 983
910 944
910 969
910 619
910 931
910 350
910 269
910 838
910 558
910 459
298 990
298 902
362 865
452 859
452 841
452 782
452 423
500 651
500 39
500 274
500 931
500 952
558 343
558 819
558 256
558 643
558 347
601 639
601 603
601 797
601 740
601 426
718 392
718 819
718 588
718 844
718 890
718 557
718 284
718 442
718 499
718 519
940 720
940 693
940 36
940 328
940 191
940 222
940 226
940 263
940 433
940 461
940 480
940 538
940 576
940 626
940 635
940 652
940 733
940 749
940 753
940 911
996 167
996 391
996 721
996 54
996 59
996 186
996 257
996 336
996 397
996 401
996 451
996 457
996 458
996 472
996 473
996 479
996 513
996 538
996 565
996 574
996 581
996 742
996 755
996 784
996 796
996 807
996 869
50 74
50 317
50 539
157 995
157 709
157 931
356 882
356 284
356 630
538 998
538 334
538 519
538 919
618 870
618 958
700 841
700 810
700 557
700 836
700 411
700 504
700 746
741 12
741 67
741 522
741 542
741 964
808 753
808 447
808 657
808 844
808 827
808 782
808 513
808 576
808 746
808 697
853 620
853 998
853 733
853 944
853 579
853 679
853 939
853 162
853 217
853 520
853 607
853 890
930 881
930 998
930 602
930 457
930 750
930 944
930 87
930 152
930 171
930 224
930 238
930 294
930 386
930 442
930 449
930 608
930 614
302 57
302 581
302 677
302 958
311 628
57 589
57 429
57 550
581 693
581 632
581 782
581 836
581 321
581 530
677 866
677 969
677 837
677 918
677 939
677 696
677 648
677 805
958 871
958 957
958 998
958 286
958 785
958 947
958 110
958 147
958 211
958 246
958 403
958 464
958 519
958 586
958 696
958 759
958 784
958 789
958 813
628 41
628 112
628 289
628 447
628 482
11 83
11 293
97 973
221 790
221 531
221 764
291 720
291 831
291 433
358 965
358 419
358 855
366 989
366 810
366 460
403 845
403 523
403 560
404 31
404 332
404 333
404 742
404 773
441 8
441 387
441 786
514 941
514 956
514 135
514 213
514 714
514 856
524 812
524 983
557 881
557 952
557 230
582 967
582 659
582 482
582 476
596 935
596 691
596 777
615 965
615 845
615 330
615 646
652 978
652 794
652 738
652 172
652 204
652 225
652 813
664 81
664 810
664 836
694 15
694 377
694 479
694 735
694 775
694 961
694 983
728 842
728 947
728 740
728 687
728 482
728 622
746 943
746 737
746 756
746 855
746 437
746 653
746 725
746 726
838 902
838 716
838 904
838 829
838 944
838 666
838 225
838 547
838 574
838 665
838 722
838 964
852 943
852 965
852 779
852 661
852 48
852 421
852 623
852 763
852 870
852 953
877 732
877 924
877 528
877 904
877 567
877 947
877 239
877 276
877 379
877 549
877 611
877 630
877 697
929 267
929 941
929 34
929 48
929 104
929 270
929 278
929 348
929 390
929 411
929 435
929 466
929 488
929 510
929 563
929 606
929 663
929 684
929 885
937 159
937 941
937 593
937 711
937 944
937 270
937 324
937 332
937 346
937 383
937 448
937 464
937 543
937 560
937 674
937 764
937 876
939 267
939 806
939 794
939 864
939 893
939 738
939 140
939 394
939 466
939 475
939 551
939 603
939 755
939 836
939 876
939 916
939 964
952 865
952 941
952 833
952 173
952 707
952 969
952 807
952 868
952 819
952 315
952 523
952 630
952 725
952 814
955 990
955 391
955 528
955 174
955 757
955 639
955 983
955 756
955 98
955 112
955 234
955 242
955 257
955 487
955 511
955 535
955 613
955 740
955 792
955 817
955 825
955 856
955 867
955 869
6 331
6 871
6 957
6 990
331 839
331 904
871 165
871 388
871 397
871 456
871 493
871 505
871 620
871 685
871 747
871 812
871 894
871 916
871 918
957 47
957 66
957 194
957 467
957 483
957 547
957 570
957 607
957 608
957 613
957 649
957 688
957 740
957 761
957 814
957 829
957 865
957 956
957 965
957 984
990 27
990 36
990 83
990 99
990 126
990 154
990 156
990 186
990 280
990 283
990 333
990 367
990 384
990 385
990 387
990 431
990 474
990 519
990 549
990 560
990 572
990 576
990 590
990 636
990 685
990 719
990 722
990 796
990 807
990 813
990 865
990 920
990 947
990 965
839 967
839 46
839 134
839 254
839 460
839 648
839 684
839 712
839 936
904 744
904 681
904 68
904 192
904 410
904 604
904 655
904 678
904 683
904 709
904 756
904 867
904 905
165 589
165 63
165 531
388 881
388 642
388 529
397 644
456 684
456 508
456 766
493 956
493 217
493 491
505 142
505 679
505 868
505 359
620 20
620 353
620 449
685 973
685 660
685 882
685 964
685 867
747 293
747 960
747 544
747 709
747 207
747 339
747 761
747 749
747 766
747 876
812 13
812 37
812 205
812 411
812 719
812 721
812 757
812 788
812 837
812 900
812 945
812 973
894 19
894 29
894 52
894 203
894 224
894 326
894 430
894 443
894 616
894 623
894 639
894 676
894 989
916 732
916 340
916 998
916 984
916 627
916 983
916 859
916 989
916 944
916 825
916 868
916 931
916 223
916 405
916 543
918 995
918 902
918 960
918 956
918 936
918 745
918 587
918 279
918 326
918 384
918 772
918 813
918 827
918 961
47 599
66 167
66 978
194 322
194 643
467 18
467 568
467 856
467 873
467 953
483 15
483 72
483 237
483 826
547 862
547 989
547 445
547 611
570 943
570 998
570 471
570 453
570 686
570 723
607 354
607 357
607 622
608 647
608 188
608 357
608 495
613 943
613 967
613 151
613 402
613 761
649 540
649 152
649 262
649 349
649 553
649 688
649 726
688 785
688 166
688 363
688 348
688 795
740 352
740 941
740 739
740 290
740 813
761 206
761 382
761 592
761 692
814 943
814 370
814 566
814 794
814 862
814 550
814 579
814 577
814 691
814 574
829 208
829 907
829 69
829 86
829 169
829 191
829 195
829 474
829 477
829 519
829 696
829 754
865 17
865 206
865 230
865 279
865 304
865 593
865 635
865 636
865 772
865 791
865 882
865 921
865 978
956 60
956 159
956 960
956 941
956 328
956 227
956 262
956 368
956 378
956 408
956 442
956 587
956 710
956 889
956 913
956 969
965 842
965 16
965 100
965 261
965 332
965 420
965 572
965 661
965 681
965 687
965 711
965 723
965 742
965 775
965 784
965 813
965 815
965 967
984 973
984 998
984 45
984 629
984 264
984 306
984 336
984 380
984 445
984 459
984 497
984 515
984 531
984 647
984 657
984 717
984 725
984 802
984 805
984 807
984 826
984 856
984 870
984 889
27 525
27 661
27 833
36 328
36 593
83 74
83 282
99 118
99 713
126 602
126 480
154 632
154 868
154 455
156 935
156 689
156 953
186 350
280 775
283 900
283 322
283 719
283 542
333 969
333 218
367 758
367 552
384 169
385 13
385 731
385 890
385 983
387 10
387 185
387 276
431 973
431 776
431 961
431 560
474 893
474 656
474 347
519 920
549 325
549 528
549 562
560 758
560 415
572 33
572 690
572 703
572 796
576 400
576 919
590 912
590 953
590 204
590 715
636 902
636 286
636 989
636 434
636 695
636 884
719 924
719 672
719 584
719 197
722 901
722 989
722 817
722 488
722 531
722 363
722 643
722 573
796 924
796 935
796 158
796 155
796 415
796 736
796 884
796 889
807 842
807 995
807 989
807 118
807 322
807 389
807 449
807 640
807 913
807 919
813 376
813 967
813 550
813 825
813 542
920 881
920 998
920 750
920 989
920 936
920 100
920 128
920 171
920 241
920 337
920 373
920 475
920 634
920 704
920 856
947 721
947 978
947 660
947 924
947 629
947 703
947 74
947 86
947 209
947 260
947 285
947 295
947 462
947 507
947 522
947 536
947 692
947 755
947 867
947 912
7 644
7 760
644 74
644 201
644 279
644 355
644 546
644 834
760 301
760 348
760 498
760 631
760 989
760 995
201 900
279 787
279 978
355 338
546 995
546 147
546 244
546 623
546 755
834 941
834 967
834 924
834 900
834 470
834 113
834 303
834 504
834 530
834 726
834 890
301 794
301 529
498 599
498 58
498 457
498 662
631 391
631 93
631 168
631 235
631 742
631 913
989 842
989 744
989 960
989 794
989 826
989 733
989 75
989 153
989 162
989 163
989 275
989 292
989 359
989 401
989 438
989 464
989 466
989 492
989 542
989 573
989 678
989 679
989 712
989 961
995 9
995 72
995 111
995 133
995 138
995 187
995 345
995 376
995 377
995 513
995 516
995 555
995 563
995 588
995 593
995 646
995 651
995 662
995 684
995 749
995 757
995 766
995 792
995 802
995 805
995 816
995 844
995 905
197 978
197 911
401 657
402 967
402 961
460 753
460 400
626 800
626 739
626 696
626 377
626 725
794 555
794 39
794 138
794 363
794 873
837 998
837 703
837 859
837 863
837 120
837 379
837 534
837 656
837 735
837 792
837 816
912 978
912 833
912 79
912 113
912 140
912 218
912 595
912 773
912 841
912 844
912 885
912 919
912 953
20 370
169 960
289 844
369 734
369 482
369 574
417 172
417 633
417 723
417 795
476 594
476 913
594 978
594 998
594 35
594 143
594 158
594 183
598 967
598 866
598 750
598 869
598 382
617 28
617 228
617 712
617 870
617 919
758 24
758 426
758 825
758 924
810 842
810 943
810 978
810 969
810 149
810 731
810 884
833 786
833 370
833 359
833 365
833 654
833 704
833 759
833 819
921 660
921 416
921 935
921 189
921 944
921 825
921 480
921 893
921 657
921 415
921 665
921 686
921 714
921 890
941 842
941 24
941 310
941 365
941 399
941 419
941 429
941 512
941 552
941 587
941 614
941 674
941 693
941 775
941 800
941 836
983 720
983 779
983 967
983 862
983 730
983 70
983 639
983 360
983 398
983 451
983 494
983 541
983 571
983 742
983 773
983 781
983 784
983 797
983 800
983 805
983 873
983 893
983 945
983 964
8 215
8 842
215 691
842 241
842 254
842 415
842 525
842 550
842 781
842 815
842 845
842 919
691 978
691 569
691 177
691 423
786 10
786 330
786 533
786 717
786 736
786 866
786 953
31 998
31 43
587 106
587 222
587 343
587 885
241 943
241 312
241 205
254 679
254 439
415 866
525 76
525 85
525 177
525 428
550 89
550 329
781 318
781 240
781 345
781 414
781 497
781 772
781 868
815 806
815 73
815 253
815 434
815 445
815 704
815 802
815 855
845 32
845 300
845 499
845 534
845 674
845 683
845 690
845 749
845 831
845 961
919 901
919 935
919 764
919 665
919 885
919 503
919 945
919 458
9 540
540 721
540 907
721 19
721 480
721 610
721 634
721 643
907 668
907 872
907 790
907 62
907 319
907 471
907 484
907 788
907 795
112 817
315 961
315 464
315 687
430 943
430 960
430 710
430 459
769 859
769 658
769 689
769 104
769 146
769 244
769 260
769 961
864 973
864 960
864 135
864 900
864 124
864 748
864 187
864 495
864 867
864 889
960 167
960 340
960 973
960 22
960 51
960 426
960 454
960 564
960 627
960 653
960 665
960 692
960 772
960 818
960 924
960 964
960 978
960 998
969 779
969 716
969 707
969 737
969 730
969 87
969 119
969 229
969 253
969 336
969 386
969 409
969 412
969 532
969 666
969 697
969 739
969 816
55 416
55 189
55 790
117 216
117 271
117 462
214 738
214 213
376 374
405 313
434 882
434 115
451 785
451 449
651 14
651 395
651 562
676 274
676 396
676 621
676 961
676 300
712 485
712 633
712 252
712 749
712 945
737 352
737 44
737 536
737 869
737 884
744 943
744 19
744 259
744 294
744 394
744 471
744 766
744 789
790 967
790 190
790 250
790 265
790 634
885 978
885 785
885 588
885 961
885 426
885 687
885 334
885 409
913 599
913 762
913 564
913 118
913 124
913 147
913 381
913 595
913 633
913 659
913 723
913 802
913 964
953 730
953 567
953 936
953 470
953 748
953 825
953 261
953 503
953 571
953 622
953 695
953 749
953 782
953 795
953 844
953 855
961 776
961 661
961 901
961 870
961 788
961 256
961 203
961 239
961 281
961 319
961 338
961 450
961 512
961 529
961 533
961 624
961 773
72 616
111 869
133 881
133 911
138 233
138 635
187 261
345 586
513 635
513 797
513 351
516 584
516 836
516 239
516 503
555 18
555 229
563 655
563 665
588 320
588 184
588 227
593 392
593 704
593 792
593 935
646 273
646 414
646 533
646 659
662 711
662 96
662 674
662 869
684 779
684 128
684 529
684 656
684 856
749 328
749 789
749 453
749 458
757 967
757 52
757 257
757 339
757 378
757 754
757 766
766 681
766 564
766 841
766 533
792 943
792 163
792 226
792 237
802 566
802 318
802 429
802 745
802 210
802 777
802 855
805 370
805 978
805 870
805 872
805 567
805 552
805 490
805 736
805 889
816 733
816 800
816 619
816 170
816 178
816 487
816 633
816 818
816 855
844 720
844 435
844 195
844 204
844 611
844 782
905 610
905 944
905 282
905 689
905 911
905 739
905 307
905 831
905 856
905 240
905 285
905 438
905 494
905 855
905 945
10 943
943 247
943 259
943 323
943 523
943 672
943 819
943 836
943 867
943 931
185 361
185 188
276 785
330 210
330 389
330 867
533 610
533 964
717 973
717 730
717 396
717 108
717 945
736 349
736 245
736 714
866 901
866 49
866 78
866 351
866 398
866 753
866 778
866 964
247 998
247 286
247 131
259 65
323 739
323 856
323 667
323 600
523 978
523 819
523 522
672 901
672 716
672 90
672 627
672 239
672 272
819 924
819 936
819 353
819 666
836 881
836 785
836 745
836 754
836 238
836 511
836 884
867 863
867 754
867 868
867 506
867 515
867 777
867 573
931 998
931 716
931 317
931 274
931 872
931 900
931 696
931 300
931 326
931 337
931 353
931 503
931 592
931 884
130 775
162 256
243 13
243 59
243 115
243 902
527 123
527 284
604 730
604 602
604 411
604 419
678 978
678 643
678 568
784 173
784 826
784 642
784 240
784 453
784 520
784 704
784 789
788 79
788 114
788 253
788 343
788 350
788 354
788 378
788 595
795 325
795 577
795 715
797 973
797 998
797 225
797 260
797 484
797 504
797 554
797 592
806 967
806 881
806 32
806 171
806 481
806 548
806 624
806 666
806 667
806 686
293 446
282 478
282 418
446 442
446 889
42 654
42 528
42 716
64 602
64 733
98 181
179 12
179 657
179 944
212 447
212 471
252 683
252 535
346 998
569 973
569 38
569 266
584 703
584 136
602 78
602 508
602 655
697 884
697 876
697 512
733 484
733 551
733 622
753 566
753 103
753 262
754 134
754 554
754 710
869 787
869 998
869 654
869 304
869 245
869 303
869 433
869 856
869 884
882 787
882 978
882 826
882 68
882 114
882 260
882 347
882 380
882 600
882 889
902 16
902 210
902 342
902 492
902 512
902 603
902 658
911 391
911 310
911 109
911 223
911 275
911 439
911 565
911 595
911 739
945 973
945 776
945 998
945 609
945 800
945 679
945 868
945 739
945 690
945 890
945 731
945 400
945 458
945 522
998 60
998 29
998 100
998 106
998 155
998 184
998 419
998 421
998 423
998 453
998 479
998 504
998 507
998 656
998 663
998 775
998 827
657 762
657 893
944 556
944 978
944 776
944 77
944 250
944 264
944 281
944 399
944 448
944 529
944 665
944 841
522 511
522 723
542 472
964 973
964 408
964 745
964 791
964 515
964 535
964 270
964 399
964 423
964 487
964 491
964 571
964 592
964 687
964 723
964 773
413 785
413 745
659 900
659 485
659 773
742 599
742 817
742 442
742 532
742 611
28 544
43 707
135 71
151 658
151 307
450 863
450 207
450 235
568 564
568 640
568 410
568 198
666 218
666 507
714 720
714 893
714 471
714 595
714 571
755 609
755 734
755 876
59 95
59 142
115 392
731 632
731 339
731 530
731 686
890 416
890 745
890 407
890 893
890 455
890 211
890 449
890 600
890 855
37 779
37 422
205 720
205 690
411 332
900 320
900 785
900 78
900 232
900 272
900 603
900 663
900 772
900 825
973 21
973 589
973 61
973 116
973 155
973 272
973 296
973 371
973 490
973 510
973 511
973 639
973 643
973 655
973 773
141 632
141 868
273 826
422 233
422 707
422 764
548 76
548 255
548 393
831 469
831 658
831 642
831 825
831 152
831 338
831 386
14 60
14 159
14 167
60 734
159 146
734 131
734 190
734 253
146 739
395 870
395 317
395 515
395 294
562 713
15 556
237 779
237 872
826 53
826 96
826 383
826 624
826 759
826 800
826 817
481 870
481 490
481 260
551 872
551 863
551 495
551 726
630 967
630 654
630 862
479 935
479 800
735 589
735 609
735 750
735 461
735 357
775 654
775 396
775 202
775 475
775 534
16 732
732 320
732 378
732 623
732 901
732 936
695 776
695 306
695 256
695 193
695 487
695 529
320 49
320 699
623 579
623 494
901 720
901 35
901 89
901 284
901 365
901 408
901 457
901 532
901 600
901 681
901 739
901 817
936 776
936 707
936 77
936 108
936 303
936 390
936 512
936 553
936 579
936 648
936 715
936 756
936 772
936 856
342 859
342 461
342 600
492 589
492 109
512 539
603 158
603 268
603 374
603 418
658 79
658 143
658 239
658 262
100 469
261 428
420 566
420 24
420 145
420 246
661 155
661 509
681 660
681 49
681 586
687 715
711 45
711 304
711 373
711 458
711 531
711 713
711 893
723 668
723 566
723 827
723 889
967 978
967 40
967 268
967 371
967 508
967 579
967 653
967 660
967 667
967 889
17 340
340 503
503 856
232 924
232 935
265 175
374 791
390 629
390 750
206 872
206 269
230 648
304 730
635 410
635 485
772 144
791 599
791 609
791 271
791 534
791 242
791 439
791 715
978 22
978 96
978 119
978 267
978 268
978 343
978 496
978 624
978 726
978 730
978 762
978 859
978 862
978 863
35 318
360 396
360 321
360 442
487 577
497 433
716 924
18 668
18 787
668 121
668 263
668 762
787 504
787 660
787 818
787 873
856 182
856 606
873 90
873 862
873 730
873 750
873 134
873 207
873 269
873 351
873 365
873 782
873 884
263 674
762 56
762 108
762 448
762 574
762 583
762 876
504 544
660 38
818 325
818 935
818 510
818 748
818 507
818 573
818 624
818 773
19 391
391 817
817 693
817 189
817 477
817 531
817 642
817 789
480 640
480 665
610 30
610 313
610 552
634 140
634 227
634 459
643 621
643 509
394 317
394 859
394 889
789 872
789 496
789 238
789 884
52 881
52 174
224 565
224 454
326 473
443 827
443 472
443 438
616 629
616 841
639 70
639 190
639 699
370 577
577 142
577 438
577 683
353 868
449 520
435 87
435 445
707 125
707 296
707 827
756 95
756 231
756 632
825 124
825 490
825 554
21 325
21 589
325 472
589 609
472 827
609 54
609 663
61 208
296 429
296 393
371 93
371 96
371 220
490 750
490 209
510 53
510 444
510 759
511 250
511 334
655 779
655 462
655 119
773 528
56 785
132 447
410 800
410 188
554 539
554 535
686 776
686 381
686 541
699 399
699 889
703 46
703 281
703 409
738 881
738 136
738 386
738 437
738 475
738 532
827 862
827 269
827 220
827 412
827 482
893 127
893 184
893 218
893 530
893 622
893 868
22 469
469 583
583 81
583 322
583 889
51 627
51 862
454 642
454 225
564 62
564 299
627 238
627 586
627 647
653 889
653 624
665 318
692 507
692 508
692 541
924 40
924 125
924 359
924 429
924 507
924 534
267 24
267 595
268 495
343 110
496 606
496 679
624 872
726 763
730 62
859 629
859 95
859 71
859 573
859 763
862 416
862 935
862 599
862 82
862 127
862 354
862 553
862 725
863 935
863 872
863 785
863 750
863 80
863 295
863 574
90 44
248 318
248 870
248 81
248 125
372 565
372 459
412 392
473 105
473 466
473 777
663 110
663 393
679 113
679 619
725 475
868 313
868 619
868 884
23 352
23 566
23 720
352 40
876 312
876 667
876 295
876 336
595 606
145 614
246 693
310 93
552 153
614 779
614 396
674 777
693 33
693 193
693 292
800 870
800 101
800 400
779 299
779 622
299 455
299 418
622 574
579 80
579 109
667 709
667 192
667 373
889 509
889 532
26 776
26 881
776 109
881 103
881 125
881 202
881 439
881 553
219 696
220 281
103 69
439 600
76 421
428 105
428 884
509 935
509 163
509 535
654 41
654 491
704 266
704 433
759 453
544 935
935 45
935 49
935 75
935 382
935 764
228 534
870 48
870 234
870 690
870 884
764 173
764 255
763 398
763 349
763 884
453 393
507 308
656 223
389 689
389 782
389 884
543 292
543 855
782 696
782 235
782 633
347 745
709 478
778 463
778 250
778 334
778 499
300 884
300 710
499 710
683 565
683 235
683 532
690 748
690 398
191 339
633 242
292 110
463 478
586 567
586 710
34 375
375 82
375 295
375 592
82 470
101 123
337 175
104 361
270 884
466 855
488 189
606 748
606 696
245 515
143 398
143 647
158 86
183 255
89 79
408 73
408 381
457 73
457 350
532 777
600 872
600 777
328 306
306 204
461 168
92 216
92 396
92 745
181 629
181 539
696 153
777 710
777 319
640 140
640 354
640 448
75 368
182 621
478 58
39 416
274 53
363 174
363 166
196 368
196 250
41 173
447 255
528 477
528 535
477 571
535 485
407 208
407 351
748 124
748 841
44 286
884 455
855 872
45 629
629 68
713 872
713 244
713 710
382 689
264 632
380 275
445 647
647 437
648 275
648 485
105 88
308 689
506 462
506 172
506 244
571 321
234 750
234 485
317 113
354 841
174 95
257 418
257 484
53 872
872 216
872 567
444 271
444 520
383 209
383 715
216 131
567 70
621 123
621 321
565 122
108 689
136 841
227 745
841 144
841 242
642 114
642 495
715 437
192 312
195 322
285 324
541 632
73 750
209 349
462 118
255 495
393 745
338 211
324 149
307 188
207 175
168 211
619 144
619 175
619 485
144 455
455 166
166 149
