0 776
0 897
0 947
0 969
776 85
776 141
776 148
776 421
776 601
776 672
776 710
776 770
776 784
776 880
776 898
776 922
897 5
897 158
897 242
897 323
897 443
897 476
897 525
897 532
897 597
897 625
897 648
897 665
897 768
897 807
897 898
897 901
897 902
897 973
897 983
947 272
947 305
947 339
947 343
947 356
947 383
947 559
947 583
947 650
947 686
947 710
947 741
947 758
947 773
947 777
947 820
947 849
947 867
947 891
947 918
947 924
947 935
947 960
947 966
947 969
947 979
947 982
969 60
969 97
969 101
969 108
969 265
969 303
969 305
969 356
969 460
969 481
969 512
969 559
969 611
969 620
969 650
969 666
969 679
969 686
969 707
969 746
969 777
969 801
969 810
969 849
969 867
969 891
969 893
969 908
969 918
969 924
969 928
969 935
969 967
969 991
85 912
85 334
85 784
141 835
141 943
141 754
148 960
148 930
148 240
421 102
421 304
421 410
421 733
421 922
601 681
601 912
601 116
601 590
601 805
601 813
601 922
672 997
672 681
672 912
672 784
672 640
672 878
672 382
672 770
710 932
710 875
710 179
710 235
710 377
710 837
710 839
710 852
770 999
770 784
770 640
770 754
770 880
770 617
770 590
770 659
770 922
770 890
770 471
784 912
784 330
784 574
784 600
784 754
784 761
784 813
784 880
784 922
880 609
880 745
880 681
880 912
880 414
880 111
880 754
880 156
880 486
880 489
880 659
880 688
880 733
880 813
880 838
880 922
898 961
898 957
898 683
898 697
898 912
898 978
898 980
898 952
898 940
898 964
898 762
898 721
898 666
898 680
898 822
922 883
922 891
922 681
922 912
922 640
922 754
922 794
922 854
922 972
922 590
922 659
922 156
922 304
922 429
922 486
922 733
922 813
5 252
5 637
5 974
158 838
158 983
158 511
242 983
242 902
242 356
323 838
323 764
323 592
323 673
443 630
443 571
443 871
443 293
443 201
476 288
476 973
476 993
476 101
476 983
525 716
525 876
525 942
525 983
525 865
525 665
532 944
532 838
532 193
532 254
532 665
532 946
597 807
597 973
597 716
597 682
597 70
597 655
597 983
625 944
625 930
625 102
625 316
625 662
625 871
625 919
648 973
648 857
648 108
648 165
648 362
648 439
648 520
648 902
665 807
665 973
665 542
665 904
665 983
665 447
768 977
768 984
768 991
768 992
768 258
768 863
768 989
768 845
768 797
768 839
768 495
768 822
807 8
807 213
807 254
807 362
807 412
807 419
807 915
807 919
807 951
807 983
807 986
901 961
901 943
901 10
901 11
901 24
901 63
901 237
901 245
901 338
901 340
901 342
901 507
901 573
901 692
901 774
901 808
901 916
901 957
901 962
901 994
902 943
902 973
902 644
902 876
902 419
902 982
902 165
902 838
902 983
902 332
902 317
902 521
902 631
902 691
902 764
902 852
902 875
902 881
973 543
973 252
973 8
973 26
973 109
973 193
973 201
973 254
973 296
973 332
973 352
973 412
973 457
973 468
973 489
973 508
973 520
973 521
973 644
973 655
973 716
973 764
973 837
973 838
973 876
973 885
973 932
973 934
973 983
973 984
973 989
983 630
983 876
983 620
983 508
983 993
983 296
983 888
983 700
983 987
983 853
983 863
983 988
983 864
983 838
983 146
983 655
983 150
983 193
983 201
983 224
983 239
983 293
983 362
983 396
983 412
983 468
983 520
983 521
983 610
983 691
983 885
272 849
272 928
272 924
272 371
305 924
305 951
305 678
339 893
339 966
339 715
339 464
343 758
343 967
343 278
343 460
356 918
356 954
383 935
383 924
383 587
383 669
559 887
559 999
559 649
559 905
559 953
583 841
583 945
583 699
583 522
583 658
583 442
583 739
650 741
650 982
650 773
650 746
650 501
650 801
650 850
686 849
686 867
686 699
686 891
686 678
686 303
686 454
686 458
741 995
741 933
741 935
741 33
741 47
741 268
741 928
741 967
741 970
758 933
758 33
758 502
758 611
758 678
758 712
758 754
758 924
758 928
758 967
773 580
773 928
773 924
773 967
773 941
773 90
773 679
773 707
773 723
773 777
773 861
777 961
777 931
777 933
777 935
777 888
777 867
777 967
777 891
777 907
777 438
820 816
820 899
820 956
820 137
820 967
820 250
820 398
820 471
820 533
820 546
820 714
820 723
820 732
820 764
849 939
849 10
849 108
849 315
849 475
849 622
849 891
849 913
849 924
849 933
849 935
849 967
849 984
867 918
867 933
867 935
867 928
867 893
867 45
867 54
867 199
867 391
867 611
867 846
867 861
867 913
867 967
891 998
891 933
891 924
891 967
891 60
891 303
891 401
891 618
891 619
891 679
891 746
891 801
891 861
918 28
918 54
918 97
918 289
918 389
918 395
918 611
918 678
918 679
918 801
918 822
918 841
918 924
918 928
918 933
918 935
918 967
918 989
924 961
924 996
924 933
924 935
924 42
924 88
924 101
924 337
924 338
924 498
924 688
924 801
924 861
924 967
935 939
935 288
935 28
935 933
935 167
935 218
935 401
935 438
935 746
935 798
935 801
935 806
935 928
935 959
935 967
935 972
935 999
960 835
960 939
960 961
960 3
960 64
960 65
960 70
960 255
960 345
960 354
960 360
960 407
960 452
960 485
960 490
960 499
960 619
960 674
960 693
960 728
960 729
960 735
960 736
960 756
960 808
960 811
960 833
960 881
960 965
960 985
966 974
966 318
966 992
966 933
966 893
966 883
966 981
966 265
966 802
966 68
966 857
966 86
966 98
966 107
966 109
966 233
966 333
966 399
966 428
966 462
966 464
966 492
966 494
966 524
966 550
966 558
966 591
966 715
966 720
966 747
966 755
966 819
966 913
979 942
979 17
979 958
979 968
979 25
979 129
979 192
979 216
979 267
979 322
979 326
979 352
979 399
979 481
979 487
979 498
979 511
979 512
979 536
979 574
979 586
979 604
979 614
979 677
979 685
979 761
979 769
979 803
979 821
979 824
979 834
979 870
979 885
979 886
979 916
979 946
979 948
979 989
982 995
982 998
982 984
982 181
982 941
982 962
982 83
982 159
982 211
982 223
982 247
982 277
982 320
982 331
982 416
982 477
982 638
982 680
982 701
982 742
982 775
982 778
982 795
982 806
982 812
982 831
982 850
982 868
982 877
982 882
982 905
982 916
982 946
982 954
982 963
982 970
982 989
60 967
60 564
97 990
97 928
101 967
108 967
265 50
265 702
265 715
303 861
303 259
460 967
460 746
460 797
460 366
481 939
481 961
481 965
481 782
512 958
512 968
512 959
512 948
512 870
611 933
611 189
611 864
611 861
620 20
620 61
620 198
620 478
620 593
620 718
666 644
666 772
666 978
666 980
666 952
666 940
666 964
679 998
679 928
679 307
679 904
679 167
679 861
707 971
707 975
707 955
707 988
707 730
707 895
707 714
707 439
746 808
746 159
746 218
746 678
746 806
746 874
801 933
801 928
801 967
801 325
801 438
801 449
801 517
801 920
810 927
810 977
810 984
810 991
810 992
810 955
810 863
810 848
810 844
810 797
810 739
810 495
810 806
810 822
893 318
893 957
893 42
893 107
893 233
893 319
893 327
893 428
893 446
893 618
893 651
893 720
893 747
893 802
893 857
893 869
908 3
908 143
908 161
908 163
908 210
908 226
908 337
908 379
908 424
908 506
908 596
908 613
908 657
908 726
908 735
908 792
908 858
908 934
908 945
908 959
928 956
928 933
928 33
928 54
928 57
928 467
928 475
928 676
928 757
928 861
928 878
928 940
928 950
928 967
967 842
967 933
967 45
967 90
967 167
967 225
967 347
967 475
967 528
967 544
967 654
967 678
967 805
967 861
967 906
967 930
991 961
991 990
991 927
991 977
991 616
991 19
991 984
991 21
991 26
991 100
991 134
991 172
991 191
991 237
991 244
991 246
991 260
991 286
991 366
991 404
991 466
991 474
991 484
991 488
991 495
991 548
991 622
991 631
991 638
991 739
991 797
991 822
991 844
991 845
991 856
991 863
991 907
991 930
991 934
991 972
991 992
991 993
1 23
1 173
1 809
1 842
23 873
23 903
23 975
173 335
173 841
173 842
809 90
809 220
809 289
809 458
809 519
809 599
809 640
809 658
809 750
809 841
809 842
809 945
809 955
842 458
842 463
842 480
842 493
842 513
842 676
842 751
842 841
842 915
842 926
842 945
842 972
873 971
873 986
873 995
873 175
873 436
873 502
873 623
873 713
873 756
873 788
873 854
873 895
873 896
873 955
873 962
873 975
873 988
903 986
903 995
903 58
903 113
903 177
903 397
903 573
903 617
903 730
903 756
903 788
903 793
903 819
903 854
903 894
903 914
903 937
903 955
903 975
903 988
975 971
975 977
975 616
975 986
975 995
975 32
975 176
975 258
975 294
975 386
975 397
975 441
975 482
975 499
975 501
975 502
975 561
975 576
975 592
975 629
975 663
975 697
975 713
975 719
975 738
975 749
975 756
975 846
975 854
975 862
975 895
975 955
975 988
335 978
335 980
335 764
335 964
841 30
841 463
841 513
841 519
841 599
841 654
841 658
841 699
841 750
841 766
841 915
90 933
220 205
220 771
220 143
289 915
289 519
289 701
458 945
458 699
458 676
519 945
519 699
519 341
519 484
599 750
599 915
599 450
599 471
599 742
599 762
640 912
640 111
640 812
640 813
640 952
658 945
658 845
658 737
658 402
658 437
658 870
750 995
750 348
750 51
750 73
750 264
750 450
750 480
750 915
750 945
945 990
945 977
945 51
945 915
945 73
945 110
945 185
945 330
945 361
945 402
945 442
945 450
945 513
945 522
945 615
945 676
945 699
945 823
945 865
945 882
955 971
955 986
955 995
955 962
955 71
955 95
955 140
955 263
955 386
955 456
955 489
955 573
955 576
955 592
955 613
955 661
955 663
955 730
955 735
955 763
955 788
955 793
955 854
955 895
955 988
463 508
463 915
463 480
463 748
480 952
480 778
480 330
493 934
493 959
493 613
493 711
493 506
493 713
513 915
513 906
513 831
513 721
676 896
676 915
676 522
676 330
676 442
751 971
751 581
751 957
751 931
751 916
751 104
751 195
751 468
751 688
751 692
751 774
915 51
915 59
915 240
915 317
915 402
915 437
915 442
915 699
915 818
915 824
915 877
915 894
926 252
926 974
926 288
926 938
926 34
926 603
926 705
926 161
926 208
926 256
926 327
926 357
926 365
926 411
926 517
926 592
926 663
926 703
926 726
926 753
926 759
926 821
926 832
926 894
972 976
972 683
972 994
972 851
972 828
972 937
972 950
972 128
972 836
972 182
972 225
972 230
972 310
972 359
972 491
972 552
972 610
972 646
972 651
972 659
972 661
972 689
972 724
972 752
972 774
972 819
972 823
972 825
972 866
972 869
972 936
972 951
972 953
2 248
2 835
2 939
2 961
248 878
248 900
248 938
835 354
835 550
835 588
835 734
835 769
835 782
835 793
835 881
835 939
835 961
835 965
835 987
835 998
939 12
939 74
939 255
939 295
939 385
939 407
939 485
939 596
939 674
939 693
939 736
939 805
939 863
939 881
939 927
939 961
939 965
939 968
939 985
939 993
961 36
961 64
961 207
961 295
961 378
961 441
961 445
961 452
961 564
961 588
961 632
961 635
961 728
961 734
961 769
961 782
961 808
961 881
961 911
961 965
961 976
961 985
878 957
878 745
878 929
878 790
878 779
878 696
878 725
878 900
878 221
878 232
878 373
878 394
878 417
878 469
878 499
878 669
900 565
900 580
900 634
900 668
900 779
900 862
900 696
900 827
900 785
900 725
900 197
900 200
900 280
900 369
900 373
900 417
900 440
900 469
900 514
938 974
938 15
938 22
938 139
938 208
938 269
938 327
938 357
938 380
938 409
938 444
938 466
938 557
938 603
938 657
938 698
938 705
938 753
938 759
938 787
938 832
938 845
938 850
938 946
354 985
354 950
354 426
550 988
550 755
550 233
550 299
550 319
588 976
588 999
588 965
588 782
588 734
588 445
734 985
734 931
734 965
734 905
734 130
734 385
734 748
734 881
769 811
769 985
769 996
769 808
769 910
769 782
769 619
769 881
769 309
769 674
782 985
782 418
782 81
782 416
782 545
782 728
782 736
782 881
793 971
793 630
793 986
793 995
793 942
793 884
793 177
793 526
793 573
793 713
793 760
881 990
881 811
881 693
881 985
881 996
881 965
881 962
881 635
881 299
881 474
881 674
965 811
965 693
965 985
965 995
965 36
965 808
965 64
965 65
965 70
965 81
965 95
965 240
965 281
965 371
965 378
965 407
965 632
965 635
965 728
965 736
965 822
965 838
965 844
965 952
965 959
965 988
987 990
987 814
987 577
987 883
987 949
987 351
987 578
987 981
987 860
987 862
987 355
987 62
987 798
987 67
987 171
987 260
987 262
987 282
987 285
987 292
987 293
987 308
987 309
987 388
987 426
987 579
987 593
987 628
987 633
987 639
987 653
987 684
987 727
987 731
987 738
987 743
987 786
987 853
987 886
987 917
998 15
998 47
998 83
998 131
998 159
998 196
998 206
998 211
998 223
998 247
998 277
998 302
998 331
998 408
998 416
998 422
998 455
998 487
998 516
998 685
998 701
998 718
998 742
998 771
998 775
998 778
998 795
998 806
998 812
998 840
998 850
998 868
998 871
998 874
998 877
998 884
998 925
998 941
998 946
998 951
998 954
998 962
998 963
998 970
998 989
12 693
12 814
12 985
74 811
74 693
74 986
255 985
255 635
255 964
295 985
295 75
295 815
385 985
385 240
385 410
407 794
407 130
407 701
485 811
485 985
485 980
485 909
485 371
596 830
596 53
596 144
596 506
596 858
596 959
674 996
674 892
674 635
674 632
674 736
693 562
693 870
693 956
693 985
736 977
736 985
736 815
736 589
736 499
736 445
805 772
805 120
805 792
805 453
805 767
805 906
805 133
805 537
805 623
805 654
805 855
863 927
863 977
863 984
863 992
863 856
863 962
863 80
863 510
863 732
863 739
863 797
863 822
863 845
927 6
927 106
927 275
927 321
927 404
927 474
927 500
927 510
927 631
927 638
927 738
927 844
927 845
927 856
927 895
927 920
927 949
927 977
927 984
927 992
927 996
968 942
968 996
968 17
968 958
968 25
968 216
968 263
968 267
968 326
968 352
968 399
968 487
968 505
968 511
968 536
968 574
968 604
968 614
968 677
968 685
968 761
968 824
968 828
968 833
968 834
968 836
968 869
968 870
968 882
968 885
968 925
968 948
968 963
985 811
985 70
985 110
985 130
985 207
985 279
985 363
985 378
985 417
985 423
985 432
985 442
985 445
985 452
985 499
985 527
985 560
985 619
985 632
985 635
985 728
985 761
985 808
985 868
985 997
993 577
993 996
993 929
993 29
993 39
993 40
993 89
993 114
993 115
993 135
993 138
993 186
993 190
993 214
993 264
993 276
993 292
993 328
993 358
993 387
993 395
993 396
993 431
993 446
993 453
993 518
993 531
993 534
993 589
993 595
993 662
993 673
993 709
993 740
993 869
993 879
993 888
993 892
993 895
993 905
993 921
993 980
36 683
36 808
64 840
207 619
207 712
378 322
378 194
441 971
441 995
441 988
441 249
445 811
445 868
452 400
452 728
452 760
564 943
564 245
564 774
564 780
564 916
632 808
632 872
632 728
632 297
632 689
635 808
635 771
635 727
728 808
728 919
728 166
728 877
808 811
808 976
808 792
911 942
911 584
911 847
911 72
911 116
911 149
911 217
911 257
911 301
911 415
911 435
911 546
911 594
911 605
911 624
911 642
911 789
911 813
911 882
911 914
911 948
976 990
976 7
976 43
976 49
976 142
976 199
976 222
976 253
976 268
976 275
976 281
976 384
976 391
976 423
976 444
976 456
976 472
976 483
976 492
976 507
976 538
976 554
976 585
976 598
976 602
976 667
976 706
976 721
976 785
976 815
976 821
976 843
976 954
976 988
3 804
3 990
804 221
804 222
804 259
804 340
804 538
804 598
804 602
804 609
804 815
804 821
804 839
804 948
804 990
990 7
990 43
990 49
990 94
990 142
990 170
990 212
990 259
990 268
990 281
990 391
990 423
990 456
990 483
990 492
990 538
990 554
990 585
990 598
990 602
990 609
990 667
990 671
990 706
990 761
990 783
990 785
990 789
990 815
990 821
990 843
990 847
990 937
990 944
990 974
990 999
221 745
221 580
222 671
222 882
259 609
259 315
340 957
340 931
340 877
538 815
538 821
538 752
538 547
598 313
598 785
598 843
598 585
598 753
602 995
602 978
602 815
602 821
602 456
609 7
609 384
609 614
609 706
815 706
815 94
815 785
815 106
815 281
815 585
815 843
815 886
821 896
821 621
821 671
821 785
821 170
821 253
821 324
821 384
839 971
839 887
839 334
839 271
839 209
839 382
839 436
839 482
839 585
839 600
839 817
839 837
839 852
948 977
948 942
948 958
948 604
948 834
948 854
948 913
948 951
948 685
948 267
948 511
948 614
948 885
948 232
948 270
948 389
948 487
948 536
948 574
948 586
948 677
948 761
948 824
948 870
143 858
143 749
161 974
161 866
163 687
163 379
163 729
210 956
210 934
210 959
226 910
226 959
226 813
337 934
337 848
337 735
379 705
379 959
379 890
424 995
424 19
424 711
424 848
424 959
506 771
506 848
506 951
506 484
613 934
613 122
613 401
613 711
613 813
657 256
657 858
657 959
657 890
657 401
657 783
657 953
726 637
726 974
726 941
726 950
726 659
726 787
726 894
726 753
726 698
735 549
735 771
735 848
735 858
735 959
735 890
735 517
792 530
792 44
792 291
792 390
792 400
792 607
792 767
792 818
792 853
792 855
792 906
858 364
858 840
858 571
858 641
858 934
858 106
858 144
858 169
858 301
858 465
858 890
858 959
934 862
934 687
934 771
934 78
934 319
934 329
934 372
934 401
934 465
934 653
934 690
934 711
934 715
934 742
934 848
934 890
934 894
934 959
959 932
959 944
959 771
959 848
959 256
959 690
959 106
959 169
959 253
959 329
959 350
959 361
959 372
959 629
959 645
959 653
959 789
959 890
65 811
65 802
345 704
345 830
345 997
345 82
360 923
360 826
360 647
360 712
490 68
490 136
490 414
490 428
490 446
490 755
499 950
499 371
619 811
619 152
619 843
729 932
729 930
729 529
729 425
729 497
729 724
729 817
729 852
729 875
756 971
756 986
756 995
756 962
756 988
756 895
756 537
756 439
811 7
811 169
811 794
811 986
833 704
833 830
833 766
833 997
833 872
833 895
833 558
833 311
833 389
833 433
833 449
833 457
833 534
833 874
43 671
43 883
49 933
49 667
94 675
94 785
142 671
142 524
170 706
170 461
212 391
212 678
212 843
268 320
268 585
281 574
391 199
423 914
423 629
423 492
456 914
456 843
483 667
483 785
483 127
483 636
492 539
492 843
492 554
554 667
554 453
554 836
554 843
585 667
585 869
667 644
667 992
667 843
671 706
671 350
671 514
671 785
706 25
706 130
706 790
706 843
761 942
761 958
761 997
761 885
761 824
761 870
783 814
783 887
783 896
783 999
783 910
783 700
783 904
783 566
783 953
783 435
783 722
785 840
785 384
785 535
785 825
789 996
789 584
789 643
789 914
789 882
789 831
789 605
789 217
789 518
789 594
843 925
843 524
843 253
843 432
843 748
847 543
847 889
847 27
847 549
847 799
847 39
847 126
847 183
847 302
847 454
847 466
847 470
847 587
847 763
847 795
937 996
937 896
937 994
937 851
937 921
937 828
937 124
937 133
937 528
937 646
937 661
937 689
937 748
937 752
937 819
937 825
937 836
937 870
937 886
937 913
937 936
937 950
937 951
944 856
944 56
944 700
944 859
944 79
944 102
944 121
944 145
944 187
944 202
944 316
944 448
944 509
944 593
944 626
944 711
944 747
944 871
944 884
944 886
944 919
944 930
944 963
974 252
974 637
974 15
974 139
974 153
974 208
974 236
974 250
974 269
974 312
974 327
974 365
974 393
974 409
974 517
974 521
974 545
974 565
974 567
974 603
974 698
974 705
974 753
974 759
974 787
974 832
974 885
974 894
974 954
974 963
999 971
999 814
999 887
999 956
999 30
999 575
999 896
999 46
999 88
999 125
999 184
999 215
999 244
999 274
999 287
999 435
999 495
999 504
999 515
999 540
999 563
999 568
999 608
999 634
999 636
999 649
999 652
999 670
999 724
999 744
999 818
999 846
999 864
999 865
999 879
999 883
999 904
999 905
999 910
999 913
999 920
999 949
999 953
4 430
4 543
4 889
4 971
430 940
430 964
430 978
430 980
430 994
543 377
543 763
543 799
543 800
889 104
889 126
889 183
889 285
889 349
889 381
889 429
889 447
889 454
889 668
889 694
889 747
889 763
889 799
889 800
889 964
889 984
971 14
971 95
971 204
971 263
971 314
971 365
971 406
971 427
971 459
971 561
971 576
971 616
971 629
971 663
971 713
971 733
971 788
971 812
971 834
971 854
971 895
971 905
971 981
971 986
971 988
971 995
940 683
940 697
940 978
940 980
940 952
940 119
940 370
940 397
940 408
940 425
940 427
940 503
940 545
940 547
940 605
940 680
940 721
940 743
940 762
940 828
940 964
964 876
964 986
964 704
964 683
964 699
964 697
964 978
964 980
964 989
964 952
964 461
964 503
964 946
964 261
964 325
964 370
964 408
964 467
964 472
964 473
964 545
964 547
964 680
964 688
964 721
964 762
978 705
978 431
978 683
978 997
978 697
978 78
978 107
978 112
978 154
978 231
978 243
978 261
978 297
978 325
978 370
978 408
978 461
978 467
978 472
978 503
978 510
978 545
978 547
978 586
978 680
978 721
978 762
978 791
978 817
978 914
978 952
978 980
980 814
980 929
980 683
980 994
980 697
980 78
980 154
980 187
980 243
980 261
980 297
980 325
980 329
980 334
980 370
980 408
980 461
980 467
980 472
980 503
980 545
980 547
980 680
980 721
980 762
980 844
980 885
980 916
980 952
980 953
994 957
994 995
994 984
994 765
994 57
994 298
994 124
994 128
994 132
994 219
994 225
994 230
994 310
994 368
994 406
994 419
994 491
994 527
994 528
994 562
994 610
994 623
994 646
994 661
994 689
994 714
994 724
994 752
994 819
994 823
994 825
994 828
994 836
994 851
994 866
994 886
994 890
994 906
994 917
994 936
994 950
994 951
377 932
377 875
377 817
763 799
763 888
763 981
763 87
763 285
763 380
763 454
763 800
799 27
799 155
799 349
799 380
799 382
799 541
799 587
799 800
799 930
799 950
800 155
800 587
800 282
800 349
800 380
800 429
800 454
800 701
800 733
800 970
104 816
104 780
126 466
126 905
183 466
183 146
285 549
285 87
349 587
349 662
381 549
381 919
381 447
381 536
429 766
429 470
429 454
447 587
447 466
447 654
668 41
668 150
668 514
668 567
668 669
668 779
668 827
694 925
694 670
694 591
694 307
694 781
694 535
694 645
694 437
694 477
747 957
747 575
747 591
747 306
747 428
747 446
747 618
984 977
984 958
984 19
984 68
984 134
984 191
984 246
984 270
984 275
984 286
984 366
984 404
984 464
984 474
984 488
984 500
984 548
984 607
984 626
984 631
984 638
984 687
984 739
984 797
984 822
984 844
984 845
984 856
984 912
984 917
984 992
14 923
14 986
14 995
95 988
204 986
204 826
204 888
263 995
263 988
314 912
314 754
314 590
314 813
365 832
365 894
406 957
406 986
406 988
406 719
427 995
427 910
427 988
427 629
459 995
459 949
459 988
459 895
459 159
561 995
561 988
561 936
561 895
561 491
576 986
576 995
576 910
576 127
576 203
616 10
616 502
616 760
616 827
616 995
629 986
629 995
629 988
629 342
663 986
663 995
663 981
663 988
663 610
713 986
713 995
713 992
713 988
713 866
733 587
733 912
733 754
733 653
733 813
733 410
788 988
788 96
788 465
788 526
788 719
788 760
788 844
788 854
788 953
812 941
812 962
812 917
812 989
812 906
812 963
812 954
812 970
812 946
812 850
812 760
834 986
834 942
834 958
834 103
834 261
834 478
834 511
834 586
834 685
834 824
834 870
834 885
854 986
854 995
854 405
854 168
854 859
854 988
854 127
854 592
854 724
895 986
895 995
895 989
895 988
895 140
895 176
895 592
895 731
895 791
905 814
905 992
905 896
905 910
905 515
905 864
905 608
905 636
905 652
905 744
905 865
905 913
905 920
905 953
981 923
981 958
981 796
981 883
981 48
981 351
981 578
981 71
981 112
981 171
981 176
981 194
981 260
981 262
981 309
981 469
981 560
981 579
981 607
981 639
981 727
981 738
981 743
981 757
981 786
981 798
981 829
981 836
981 840
981 853
981 862
981 886
981 917
981 997
986 716
986 113
986 176
986 257
986 397
986 439
986 489
986 502
986 526
986 557
986 573
986 719
986 730
986 760
986 802
986 890
986 910
986 988
986 995
986 997
988 995
988 931
988 127
988 190
988 434
988 489
988 526
988 573
988 592
988 664
988 719
988 730
988 731
988 742
988 752
988 760
988 825
988 874
995 977
995 957
995 18
995 113
995 177
995 258
995 386
995 439
995 472
995 489
995 502
995 526
995 592
995 649
995 719
995 730
995 760
995 931
995 946
252 531
637 312
637 444
637 691
637 759
637 787
637 824
531 957
531 996
531 869
531 673
531 740
312 575
312 894
312 759
444 832
444 174
444 894
691 630
691 876
691 872
691 838
691 764
691 894
691 457
759 557
759 655
759 787
759 712
759 894
759 516
759 517
787 996
787 832
787 775
787 171
787 409
787 698
787 744
787 894
824 942
824 958
824 549
824 702
824 614
824 885
824 495
824 870
15 565
139 165
139 832
153 896
153 882
153 831
208 172
236 705
236 795
236 817
250 956
250 949
250 723
269 958
269 357
269 894
327 138
393 929
393 956
393 732
393 714
393 953
409 831
409 890
409 894
517 603
517 557
521 213
521 919
521 457
545 952
565 557
565 646
565 698
565 753
567 883
567 917
567 628
567 309
567 579
603 816
603 34
603 725
603 894
698 943
698 705
698 643
698 894
698 468
705 34
705 715
705 753
753 832
753 778
753 894
753 359
753 631
832 872
832 557
832 936
832 332
832 357
832 774
832 894
885 942
885 958
885 685
885 533
885 202
885 218
885 487
885 677
885 870
894 899
894 857
954 772
954 941
954 962
954 997
954 917
954 989
954 848
954 963
954 131
954 422
954 516
954 536
954 701
954 742
954 775
954 778
954 781
954 795
954 806
954 850
954 868
954 877
954 920
954 946
954 970
963 716
963 910
963 941
963 962
963 989
963 846
963 754
963 122
963 196
963 206
963 223
963 302
963 320
963 433
963 516
963 701
963 739
963 775
963 778
963 795
963 806
963 850
963 868
963 877
963 946
963 970
6 630
6 943
6 977
630 419
630 716
630 740
630 838
943 11
943 24
943 29
943 63
943 151
943 195
943 245
943 338
943 518
943 591
943 606
943 627
943 688
943 692
943 774
943 780
943 916
943 931
943 932
943 957
943 970
977 93
977 100
977 134
977 172
977 262
977 270
977 275
977 286
977 321
977 484
977 488
977 495
977 500
977 548
977 633
977 638
977 677
977 739
977 797
977 822
977 844
977 845
977 856
977 864
977 925
977 992
419 59
419 150
716 13
716 644
716 646
716 866
716 876
740 996
740 888
740 869
740 264
740 316
740 518
740 662
740 850
838 168
838 296
838 140
838 164
838 317
838 655
275 638
321 816
321 929
321 956
404 992
404 306
404 128
474 992
474 909
500 205
500 992
500 488
500 594
510 992
510 997
510 844
510 331
631 992
631 856
631 681
631 845
638 845
638 921
638 177
738 949
738 862
738 840
738 147
738 308
738 228
738 744
844 992
844 845
844 154
844 548
844 673
844 797
844 822
845 992
845 856
845 99
845 93
845 203
845 494
856 992
856 21
856 589
856 677
856 730
856 797
856 822
856 879
856 921
920 887
920 896
920 910
920 846
920 563
920 864
920 904
920 504
920 652
920 946
920 865
920 953
920 568
920 608
920 582
920 612
920 680
920 721
949 887
949 575
949 896
949 46
949 88
949 287
949 435
949 563
949 590
949 612
949 636
949 649
949 656
949 722
949 744
949 818
949 846
949 864
949 865
949 904
949 913
949 936
949 953
992 19
992 21
992 40
992 93
992 172
992 191
992 237
992 246
992 270
992 286
992 296
992 366
992 484
992 488
992 495
992 548
992 739
992 797
992 822
992 828
992 829
992 857
992 864
992 877
992 913
992 933
996 16
996 38
996 39
996 40
996 89
996 105
996 114
996 123
996 135
996 138
996 152
996 162
996 186
996 190
996 214
996 264
996 276
996 358
996 387
996 395
996 396
996 453
996 518
996 520
996 534
996 589
996 595
996 627
996 662
996 673
996 730
996 743
996 869
996 879
996 888
996 892
996 921
11 745
11 923
24 508
24 931
29 957
29 931
63 957
63 931
151 271
151 523
151 774
195 916
195 882
245 373
338 957
338 600
518 892
518 921
591 86
591 414
591 494
591 524
606 957
606 931
606 507
606 57
606 366
606 461
606 916
627 957
627 931
627 774
627 413
627 274
627 353
688 581
688 957
688 931
688 916
688 780
692 957
692 923
692 931
692 851
692 914
692 916
692 200
774 957
774 931
774 798
774 780
774 526
780 581
780 957
780 931
780 916
780 247
780 684
780 817
780 850
916 581
916 957
916 931
916 507
916 91
916 342
916 353
916 369
916 608
916 660
931 581
931 957
931 200
931 342
931 403
931 413
931 511
931 612
932 956
932 892
932 42
932 121
932 209
932 271
932 300
932 376
932 425
932 436
932 448
932 451
932 475
932 497
932 600
932 817
932 837
932 852
932 875
957 581
957 10
957 342
957 353
957 413
957 507
957 689
957 786
970 772
970 779
970 883
970 941
970 962
970 997
970 989
970 775
970 795
970 160
970 196
970 197
970 277
970 302
970 320
970 412
970 416
970 455
970 514
970 516
970 701
970 742
970 778
970 806
970 850
970 868
970 877
970 946
93 647
100 557
100 604
134 504
262 853
262 560
270 367
286 652
484 624
484 739
488 829
488 384
548 906
548 509
633 860
633 829
633 840
633 853
633 727
633 628
633 615
677 942
677 958
677 794
739 871
739 703
797 875
797 209
797 822
797 837
822 953
822 870
864 814
864 910
864 718
864 846
864 125
864 216
864 540
864 865
864 904
864 953
925 899
925 18
925 84
925 166
925 188
925 249
925 283
925 307
925 341
925 392
925 477
925 523
925 535
925 555
925 570
925 645
925 767
925 781
925 868
614 942
614 958
614 188
169 848
794 923
794 826
794 765
794 682
794 241
794 117
794 347
794 278
794 544
794 737
199 882
253 655
472 952
507 899
507 48
721 621
721 952
721 762
8 288
8 581
288 468
581 46
468 520
46 910
213 137
213 146
254 876
254 930
362 604
362 608
412 644
412 224
919 700
919 859
919 884
919 930
919 553
919 593
919 145
919 187
919 251
919 304
919 316
919 346
919 509
919 626
919 871
919 875
951 644
951 851
951 563
951 828
951 950
951 132
951 936
951 157
951 230
951 239
951 359
951 527
951 552
951 562
951 652
951 724
951 752
951 819
951 823
951 825
951 886
26 168
26 294
109 857
109 755
193 235
201 503
296 37
332 154
332 457
352 942
352 299
457 876
489 826
508 317
508 655
508 836
520 764
520 440
644 13
644 764
655 146
655 491
764 168
764 933
764 239
764 717
837 334
837 414
837 827
837 875
837 235
837 382
837 451
837 497
837 600
837 817
837 852
876 13
876 54
876 150
876 224
876 317
876 319
876 682
876 717
876 997
989 929
989 181
989 580
989 708
989 941
989 962
989 83
989 124
989 131
989 160
989 211
989 247
989 277
989 320
989 331
989 416
989 451
989 455
989 516
989 701
989 719
989 720
989 742
989 775
989 778
989 795
989 806
989 850
989 868
989 877
989 906
989 946
9 205
9 318
9 816
9 899
205 816
318 50
318 702
816 326
816 361
816 432
816 496
816 527
816 723
816 899
816 929
816 956
899 31
899 119
899 227
899 266
899 294
899 333
899 398
899 432
899 471
899 533
899 643
899 723
899 732
899 929
899 956
50 77
50 802
702 405
702 67
702 446
702 464
702 524
702 715
702 720
326 958
326 56
361 929
361 956
432 929
432 956
496 929
496 956
496 99
496 661
496 732
496 786
527 836
527 866
527 689
723 929
723 956
723 714
723 398
723 628
723 865
929 22
929 174
929 175
929 266
929 294
929 398
929 533
929 540
929 714
929 732
929 754
929 825
929 956
956 22
956 31
956 62
956 99
956 137
956 266
956 294
956 398
956 462
956 471
956 533
956 714
956 732
956 779
956 781
31 137
31 258
119 802
119 374
227 848
227 653
227 890
266 912
266 778
333 826
333 618
333 720
398 417
471 714
533 180
533 714
643 584
643 72
643 98
643 605
643 831
643 914
732 175
732 234
732 547
732 714
502 757
760 830
760 829
760 719
760 397
827 779
827 91
827 373
827 390
827 417
827 440
827 498
827 514
827 570
827 669
827 725
315 796
315 147
315 743
475 861
475 346
622 803
622 647
622 96
622 280
622 617
622 703
913 887
913 896
913 910
913 846
913 904
913 132
913 287
913 435
913 504
913 582
913 612
913 744
913 953
933 28
933 45
933 479
933 594
933 678
933 722
933 861
237 214
573 779
573 386
962 181
962 238
962 47
962 941
962 160
962 422
962 662
962 701
962 742
962 775
962 778
962 795
962 806
962 850
962 868
962 877
962 946
962 953
962 997
353 477
353 874
413 914
413 200
413 791
689 950
689 865
689 886
689 724
786 862
786 840
786 639
786 727
786 260
786 426
786 626
786 731
786 744
745 297
745 440
745 498
745 696
745 725
745 790
745 865
923 35
923 174
923 241
923 347
923 363
923 371
923 418
923 560
923 572
923 615
923 682
923 708
923 709
923 712
923 737
923 765
923 826
923 904
297 952
440 696
440 952
498 580
498 779
498 669
696 578
696 73
696 369
696 417
696 725
696 848
725 580
725 634
725 790
725 803
725 184
790 32
790 41
790 91
790 175
790 232
790 669
790 682
790 779
790 813
865 887
865 896
865 910
865 904
865 274
865 486
865 722
865 953
35 431
35 708
35 826
174 765
241 76
241 737
347 117
347 850
363 411
363 709
363 374
418 708
418 58
418 712
418 737
560 796
560 829
560 426
572 765
572 682
572 115
572 374
572 660
572 709
572 762
615 708
615 765
615 936
615 660
615 712
682 58
682 544
682 660
682 737
708 660
708 678
708 684
708 737
708 826
709 826
709 907
709 117
709 178
709 544
709 552
712 826
712 374
712 544
737 765
737 522
737 278
737 497
765 826
765 52
765 58
765 185
765 859
826 374
826 478
826 544
826 660
904 814
904 575
904 910
904 125
904 198
904 231
904 274
904 684
904 744
904 852
904 953
814 465
814 582
814 818
814 887
814 896
814 910
814 953
562 950
562 757
562 886
562 552
870 942
870 958
870 950
870 749
870 685
870 574
465 890
465 350
582 887
582 910
582 862
582 818
582 403
818 896
818 846
818 563
818 504
818 852
818 953
818 304
818 324
818 731
887 16
887 184
887 636
887 664
887 724
887 744
887 861
887 912
887 953
896 30
896 244
896 341
896 515
896 722
896 846
910 796
910 324
910 612
910 722
910 953
953 515
953 846
953 690
953 649
953 274
953 287
953 291
953 426
953 540
953 608
110 73
110 522
279 551
279 882
279 546
279 642
442 886
868 941
868 803
868 871
868 946
868 877
868 850
868 420
868 806
997 704
997 830
997 238
997 52
997 215
997 766
997 53
997 75
997 81
997 136
997 155
997 192
997 228
997 229
997 234
997 313
997 375
997 389
997 420
997 433
997 449
997 534
997 539
997 556
997 558
997 571
997 641
997 717
997 749
997 791
997 860
997 872
997 874
997 884
997 907
997 909
13 530
530 92
530 415
530 772
530 855
530 906
92 621
92 767
92 906
415 551
415 749
415 566
415 257
772 37
772 411
772 44
772 120
772 278
772 654
772 855
772 906
855 411
855 771
855 848
855 906
855 400
855 813
855 284
855 291
855 390
855 537
855 607
855 624
855 654
906 411
906 767
906 133
906 284
906 400
906 537
906 623
906 654
906 656
646 851
646 950
646 886
646 823
866 851
866 950
866 836
866 936
866 135
866 156
866 219
866 610
866 652
866 752
866 825
866 886
224 846
319 802
717 766
717 860
717 571
717 875
717 311
717 375
717 449
717 534
113 307
257 914
257 952
397 368
439 803
526 755
719 258
719 251
719 470
730 796
730 798
730 140
802 55
802 299
802 462
802 568
802 618
802 651
802 715
890 942
890 687
890 771
890 848
890 690
890 350
890 711
18 364
18 695
386 872
649 515
649 846
649 114
649 652
946 941
946 775
946 795
946 206
946 387
946 422
946 455
946 470
946 642
946 778
946 806
946 850
946 877
22 21
357 917
380 470
850 941
850 877
47 941
83 879
131 590
196 714
206 718
211 879
223 178
277 767
302 186
331 941
408 830
416 544
422 670
422 823
455 394
455 762
487 958
487 681
516 861
685 942
685 144
685 877
718 348
718 61
718 229
718 541
718 647
718 656
718 703
742 941
742 579
771 66
771 122
771 681
771 690
775 941
775 144
775 433
775 711
778 941
778 251
795 941
795 149
795 757
795 877
806 941
806 907
840 796
840 883
840 862
840 67
840 494
840 684
840 731
840 853
871 700
871 859
871 884
871 930
871 152
871 202
871 304
871 569
871 626
871 664
871 877
874 766
874 860
874 571
874 505
874 872
874 907
874 551
874 479
874 909
874 791
874 501
874 449
877 941
884 700
884 859
884 79
884 251
884 346
884 509
884 569
884 593
884 595
884 664
884 767
884 819
884 930
941 162
941 346
941 566
941 859
941 930
941 936
16 577
16 942
577 276
577 437
577 673
577 888
577 921
942 129
942 192
942 399
942 536
942 574
942 586
942 604
942 722
942 879
942 958
276 888
276 494
437 402
437 450
673 892
673 912
673 879
888 38
888 40
888 114
888 123
888 589
888 859
888 862
888 869
888 879
888 921
921 958
921 328
921 105
921 115
921 135
921 190
921 230
921 264
921 344
921 388
921 395
921 396
921 595
921 662
921 869
184 652
636 563
636 388
636 420
636 722
664 700
664 859
664 930
664 448
664 569
724 310
724 528
724 823
744 608
744 540
861 660
861 781
861 233
861 438
912 77
912 681
912 218
912 486
912 590
912 659
912 813
912 825
129 639
129 743
192 907
399 958
399 766
536 469
574 958
586 958
586 273
586 569
604 958
604 829
722 909
722 528
722 540
879 431
879 892
879 328
879 105
879 123
879 138
879 186
879 395
879 662
879 869
958 17
958 25
958 117
958 267
958 291
958 367
958 462
958 511
958 695
38 44
38 892
39 892
89 453
89 529
105 690
123 306
152 930
162 20
162 589
214 869
358 892
358 273
358 537
387 344
387 595
395 892
396 892
396 860
453 869
534 505
534 501
589 313
589 869
595 892
595 869
595 817
662 892
743 862
743 798
743 309
743 367
743 731
869 431
869 892
869 909
892 431
892 219
892 301
892 669
892 791
17 704
704 290
704 670
704 791
704 860
704 909
290 766
290 180
290 336
290 376
670 695
670 84
670 166
670 535
670 781
791 830
791 907
791 675
791 749
791 909
791 311
791 501
860 53
860 136
860 370
860 450
860 556
860 675
860 749
860 907
860 909
860 917
909 830
909 766
909 641
909 872
909 907
909 950
909 749
909 556
909 372
909 203
909 389
909 420
267 156
291 623
367 171
367 757
462 755
462 720
695 364
695 34
695 179
695 515
695 570
695 645
695 781
216 831
505 539
505 76
505 651
505 907
828 120
828 851
828 748
828 752
828 819
828 825
828 886
828 950
836 950
836 128
836 180
836 610
836 748
836 752
836 936
882 542
882 551
882 553
882 914
882 116
882 594
882 605
882 624
882 831
322 41
322 469
322 779
803 405
803 61
803 118
803 229
803 300
803 434
803 617
803 647
803 703
886 298
886 950
886 819
886 823
886 825
364 535
364 555
535 182
535 645
555 853
555 84
555 283
555 311
555 781
179 392
179 781
515 79
570 584
570 246
570 249
570 477
645 781
645 185
645 249
645 283
781 523
781 392
781 341
84 593
166 188
188 605
283 392
283 628
307 523
341 851
392 523
392 244
477 523
523 486
767 553
767 284
767 403
767 537
767 607
711 690
711 243
711 329
848 87
848 329
848 401
848 653
68 857
191 936
464 715
464 568
607 350
607 403
607 654
626 859
626 930
626 593
687 66
687 256
687 372
687 639
687 653
687 952
917 796
917 883
917 351
917 578
917 355
917 798
917 829
917 71
917 112
917 189
917 308
917 755
917 853
260 727
907 830
907 859
907 76
907 203
907 336
907 546
907 556
907 569
907 675
907 749
930 859
930 79
930 145
930 187
930 251
930 316
930 448
930 509
930 569
930 593
829 62
829 798
829 273
829 292
829 388
829 628
829 853
857 98
857 107
857 414
857 449
857 450
857 494
857 524
857 568
857 651
857 715
20 348
20 405
348 434
348 478
405 96
405 541
434 96
434 198
434 617
478 617
478 541
541 647
541 656
541 261
61 355
198 656
540 661
754 111
754 410
825 950
825 936
825 727
825 752
62 798
99 72
779 41
779 394
779 952
436 936
436 875
436 425
623 284
623 403
623 497
617 647
617 118
819 851
819 950
819 936
819 219
819 720
819 748
914 584
914 542
914 80
914 553
914 546
914 594
914 605
914 624
914 642
914 675
914 831
32 580
32 634
482 875
482 235
482 425
482 497
501 313
501 479
697 66
697 435
697 762
697 952
749 215
749 872
749 558
846 634
846 88
846 504
846 608
862 796
862 55
862 125
862 228
862 292
862 355
862 798
403 537
612 652
612 703
612 624
27 549
27 584
549 470
584 594
584 831
594 624
831 551
831 566
831 217
831 546
831 624
155 69
382 875
587 69
950 124
950 157
950 164
950 324
950 359
950 368
950 661
950 748
950 823
28 181
45 238
479 539
479 675
479 98
167 875
438 578
438 375
798 883
798 228
798 328
798 388
115 563
292 67
328 82
446 651
30 575
575 160
575 324
654 390
699 59
699 641
766 52
766 590
766 872
215 52
287 400
504 310
568 306
568 720
634 91
634 369
634 394
634 514
883 796
883 55
883 282
883 473
883 578
883 579
883 731
883 851
580 669
669 469
369 376
394 402
394 514
232 373
813 659
813 486
33 830
830 82
830 136
830 234
830 375
830 433
82 872
234 675
375 641
433 539
57 298
467 952
467 509
757 796
757 639
757 194
757 684
757 727
757 731
715 551
715 306
256 103
411 37
703 656
703 197
703 300
703 642
660 952
660 178
684 853
684 473
684 628
684 731
683 111
683 680
683 952
680 952
680 936
952 118
952 231
952 243
952 325
952 461
952 503
952 547
952 762
81 238
37 796
796 55
796 273
796 641
44 120
278 178
273 189
641 75
641 336
641 872
859 56
859 700
859 102
859 448
859 569
301 553
301 642
42 621
621 121
621 376
621 529
621 852
121 529
376 875
529 217
529 817
529 852
852 334
852 755
852 271
852 875
852 817
852 600
852 651
428 755
428 164
618 642
618 579
618 651
651 755
720 524
720 556
720 390
209 875
271 817
300 656
300 229
425 298
448 542
451 875
451 817
451 748
497 600
600 284
817 875
817 628
282 639
282 473
473 853
473 426
578 48
578 823
579 727
579 731
851 69
851 344
851 528
851 610
851 661
851 762
400 133
853 355
853 78
853 194
853 310
853 639
225 368
528 823
656 118
656 280
936 132
936 164
936 182
936 344
936 491
936 552
936 610
936 661
936 748
936 823
346 509
566 149
566 546
566 552
48 351
351 280
280 647
823 330
823 552
823 748
71 571
112 189
639 700
727 231
727 628
77 313
77 681
681 410
299 755
51 59
402 503
185 522
522 336
872 571
872 76
872 410
872 420
872 556
872 752
53 539
75 571
420 558
539 86
556 157
558 675
558 202
86 414
675 103
56 700
145 659
298 491
491 157
368 748
752 344
647 197
293 165
293 239
308 147
308 311
653 690
653 122
494 755
66 147
372 182
690 103
690 359
69 87
72 542
542 553
542 642
553 80
642 605
116 149
336 180
486 659
80 551
