0 870
0 973
0 989
0 996
870 85
870 255
870 277
870 335
870 509
870 514
870 515
870 599
870 644
870 675
870 694
870 733
870 743
870 799
870 865
870 877
870 895
973 32
973 59
973 78
973 128
973 164
973 165
973 217
973 262
973 350
973 380
973 390
973 412
973 561
973 568
973 615
973 619
973 658
973 660
973 682
973 691
973 717
973 775
973 778
973 811
973 834
973 844
973 849
973 851
973 871
973 904
973 911
973 941
973 960
973 961
973 983
973 989
973 990
973 996
989 11
989 59
989 115
989 128
989 134
989 164
989 167
989 186
989 220
989 262
989 327
989 380
989 390
989 412
989 487
989 561
989 568
989 612
989 615
989 633
989 658
989 660
989 682
989 717
989 734
989 753
989 775
989 786
989 793
989 811
989 812
989 821
989 836
989 844
989 871
989 911
989 941
989 974
989 983
989 985
989 986
989 996
996 11
996 78
996 106
996 134
996 167
996 186
996 217
996 220
996 262
996 289
996 327
996 380
996 390
996 412
996 413
996 487
996 561
996 568
996 615
996 633
996 658
996 660
996 673
996 679
996 682
996 691
996 717
996 734
996 773
996 775
996 786
996 811
996 844
996 851
996 871
996 877
996 902
996 911
996 941
996 961
996 983
996 992
996 997
85 198
85 669
85 895
255 694
255 895
255 89
255 670
277 743
277 475
277 733
277 877
335 968
335 948
335 962
335 920
509 984
509 92
509 246
509 295
509 508
509 807
514 970
514 807
514 320
514 877
514 295
514 352
515 669
515 895
515 743
515 877
515 670
515 636
599 966
599 694
599 895
599 743
599 807
599 877
599 670
644 968
644 669
644 895
644 807
644 733
644 877
644 438
644 355
675 895
675 743
675 807
675 877
675 373
675 721
675 219
675 482
694 941
694 72
694 198
694 219
694 438
694 669
694 895
733 878
733 198
733 743
733 807
733 113
733 508
733 565
733 877
743 895
743 92
743 445
743 638
743 877
799 818
799 833
799 906
799 667
799 99
799 117
799 530
799 562
799 583
799 626
799 801
799 825
799 856
865 819
865 774
865 902
865 975
865 980
865 953
865 108
865 126
865 429
865 573
865 736
865 767
865 792
865 838
865 862
865 937
865 958
877 489
877 926
877 669
877 895
877 807
877 113
877 352
877 629
877 670
895 669
895 92
895 219
895 424
895 438
895 459
895 508
895 558
895 670
895 807
895 931
32 824
32 871
32 911
59 851
59 983
78 983
78 242
128 413
128 596
164 941
164 983
165 983
165 615
165 637
217 983
217 786
262 941
262 843
350 941
350 871
350 983
350 595
380 543
380 844
390 775
390 781
412 941
412 911
412 761
561 851
561 983
561 880
561 786
568 977
568 941
568 911
568 983
615 941
615 911
615 983
615 953
619 969
619 955
619 945
619 956
619 813
619 859
619 602
658 941
658 940
658 983
658 115
658 288
658 811
660 911
660 983
660 775
660 643
660 427
660 691
682 871
682 986
682 983
682 786
682 844
682 421
691 941
691 960
691 983
691 725
691 811
691 633
691 717
717 941
717 871
717 999
717 851
717 775
717 844
717 645
775 944
775 941
775 879
775 871
775 983
775 106
775 734
778 918
778 6
778 16
778 93
778 398
778 442
778 540
778 585
778 746
778 748
778 843
778 847
811 871
811 806
811 851
811 983
811 786
811 273
811 633
811 734
811 844
811 917
834 991
834 992
834 993
834 981
834 963
834 942
834 919
834 852
834 951
834 888
834 756
834 737
844 992
844 959
844 971
844 963
844 871
844 911
844 851
844 983
844 786
844 734
849 20
849 24
849 28
849 175
849 216
849 296
849 328
849 628
849 748
849 788
849 882
849 896
849 908
849 940
849 949
849 950
851 941
851 960
851 871
851 911
851 186
851 419
851 786
851 830
851 848
851 983
871 941
871 249
871 487
871 734
871 802
871 861
871 911
904 982
904 584
904 966
904 816
904 872
904 938
904 931
904 173
904 189
904 215
904 395
904 471
904 479
904 528
904 543
904 576
904 668
904 751
904 766
904 795
904 826
911 413
911 941
911 927
911 327
911 487
911 633
911 734
911 786
911 862
911 937
911 974
911 983
941 993
941 413
941 11
941 95
941 134
941 399
941 501
941 734
941 786
941 971
941 983
960 976
960 994
960 998
960 790
960 22
960 84
960 162
960 172
960 460
960 483
960 539
960 556
960 579
960 587
960 607
960 652
960 662
960 705
960 751
960 758
960 760
960 767
960 794
960 812
960 816
960 845
960 855
960 903
960 921
960 924
960 995
961 943
961 949
961 27
961 63
961 191
961 235
961 328
961 454
961 461
961 529
961 549
961 565
961 603
961 604
961 664
961 697
961 725
961 726
961 747
961 749
961 770
961 783
961 822
961 836
961 858
961 898
961 917
961 923
961 924
961 967
961 984
961 988
983 413
983 957
983 988
983 624
983 106
983 115
983 167
983 186
983 220
983 327
983 354
983 458
983 487
983 633
983 734
983 758
983 765
983 786
983 794
983 876
990 835
990 934
990 977
990 890
990 932
990 971
990 982
990 950
990 31
990 676
990 41
990 45
990 68
990 130
990 166
990 184
990 200
990 203
990 297
990 299
990 362
990 396
990 439
990 442
990 503
990 548
990 575
990 591
990 632
990 647
990 695
990 704
990 715
990 793
990 800
990 806
990 807
990 837
990 857
990 864
990 869
990 997
990 999
11 449
115 981
134 64
167 967
220 676
327 872
487 887
612 985
612 979
612 683
612 678
612 752
612 884
612 188
633 779
633 922
734 453
734 705
753 928
753 940
753 535
753 848
753 63
753 179
753 387
753 521
753 606
753 610
753 663
786 981
786 800
786 461
793 977
793 932
793 971
793 908
793 945
793 999
793 869
793 701
793 864
793 315
793 695
793 698
812 994
812 998
812 790
812 995
812 966
812 921
812 855
812 929
812 287
812 408
812 460
812 704
812 767
821 927
821 963
821 33
821 170
821 510
821 528
821 656
821 773
821 785
821 829
821 867
821 874
821 939
821 947
836 943
836 908
836 949
836 984
836 988
836 967
836 872
836 898
836 770
836 749
836 917
836 923
836 592
836 747
974 991
974 899
974 986
974 987
974 152
974 947
974 952
974 118
974 148
974 197
974 279
974 281
974 285
974 336
974 337
974 358
974 364
974 370
974 391
974 392
974 403
974 404
974 414
974 433
974 434
974 505
974 506
974 546
974 550
974 567
974 621
974 637
974 679
974 693
974 723
974 850
974 917
985 541
985 21
985 46
985 58
985 87
985 125
985 145
985 154
985 163
985 188
985 206
985 298
985 346
985 348
985 405
985 423
985 435
985 520
985 523
985 532
985 572
985 601
985 608
985 636
985 683
985 687
985 702
985 703
985 720
985 723
985 752
985 780
985 822
985 827
985 828
985 842
985 869
985 884
985 894
985 933
985 979
986 899
986 934
986 38
986 624
986 70
986 152
986 197
986 198
986 244
986 254
986 285
986 307
986 330
986 336
986 341
986 358
986 364
986 392
986 403
986 404
986 414
986 417
986 505
986 506
986 511
986 513
986 546
986 567
986 589
986 600
986 621
986 637
986 679
986 693
986 784
986 850
986 854
986 938
986 952
986 987
106 814
289 809
289 893
289 731
289 815
413 4
673 819
673 968
673 975
673 980
673 953
673 958
673 937
673 838
679 882
679 987
679 952
679 600
679 850
679 546
773 894
773 927
773 963
773 874
773 939
773 947
773 785
773 305
773 478
773 513
773 588
902 819
902 892
902 897
902 905
902 100
902 101
902 144
902 411
902 429
902 659
902 712
902 736
902 792
902 797
902 862
902 937
902 953
902 958
902 975
902 980
992 1
992 991
992 6
992 7
992 13
992 60
992 80
992 114
992 139
992 214
992 256
992 397
992 407
992 421
992 425
992 427
992 432
992 434
992 446
992 493
992 498
992 500
992 505
992 524
992 536
992 559
992 569
992 598
992 616
992 692
992 737
992 756
992 802
992 848
992 852
992 888
992 919
992 942
992 956
992 979
992 981
992 993
997 563
997 835
997 934
997 977
997 971
997 963
997 972
997 41
997 65
997 68
997 69
997 81
997 142
997 226
997 259
997 294
997 297
997 315
997 340
997 354
997 394
997 396
997 439
997 452
997 488
997 503
997 543
997 617
997 632
997 662
997 695
997 698
997 701
997 715
997 796
997 805
997 806
997 829
997 837
997 857
997 863
997 864
997 869
997 999
1 375
1 991
1 993
375 820
375 883
375 886
375 910
991 7
991 13
991 62
991 80
991 114
991 139
991 202
991 256
991 348
991 397
991 407
991 421
991 425
991 427
991 432
991 434
991 446
991 493
991 498
991 500
991 524
991 527
991 536
991 559
991 569
991 598
991 616
991 645
991 692
991 708
991 737
991 756
991 792
991 852
991 857
991 866
991 888
991 919
991 942
991 981
991 993
993 7
993 13
993 62
993 80
993 114
993 139
993 171
993 205
993 214
993 256
993 397
993 407
993 421
993 425
993 427
993 432
993 434
993 446
993 493
993 498
993 500
993 524
993 536
993 559
993 569
993 598
993 616
993 672
993 692
993 737
993 755
993 756
993 852
993 888
993 919
993 923
993 942
993 967
993 975
993 981
993 998
820 910
820 617
820 873
820 359
820 883
820 886
820 827
820 579
820 639
820 343
820 469
820 611
820 655
820 696
883 757
883 875
883 910
883 987
883 873
883 610
883 103
883 472
883 168
883 232
883 267
883 406
883 639
883 655
883 672
883 696
883 827
883 886
886 940
886 910
886 129
886 873
886 472
886 654
886 267
886 343
886 406
886 611
886 639
886 655
886 659
886 672
886 696
886 780
886 827
910 790
910 874
910 35
910 74
910 129
910 168
910 232
910 267
910 359
910 406
910 576
910 611
910 639
910 655
910 672
910 696
910 719
910 827
910 873
7 944
13 981
62 981
62 742
80 981
114 419
139 855
202 932
202 999
202 142
256 978
256 981
348 979
348 532
348 687
397 909
397 981
397 888
407 981
407 859
407 888
421 981
421 942
425 976
425 981
425 919
427 981
427 942
432 981
432 942
432 813
434 981
434 240
446 981
446 919
446 767
493 981
493 766
493 655
498 981
498 916
498 942
498 919
500 981
500 74
500 336
500 942
524 981
524 942
524 922
524 888
527 879
527 757
527 924
527 876
527 745
527 759
536 981
536 942
536 919
536 344
559 981
559 879
559 942
559 919
569 981
569 942
569 919
569 980
598 981
598 17
598 888
598 919
598 942
616 981
616 942
616 919
616 956
616 680
645 933
645 972
645 926
645 925
645 930
645 384
645 551
692 981
692 942
692 919
692 852
692 901
692 156
692 888
708 894
708 927
708 963
708 874
708 939
708 947
708 785
708 829
708 553
737 981
737 818
737 972
737 942
737 919
737 852
737 888
756 981
756 965
756 942
756 919
756 852
756 888
756 465
792 787
792 975
792 980
792 953
792 958
792 391
792 937
792 411
792 797
792 838
792 736
852 994
852 981
852 942
852 919
852 109
852 595
852 888
857 835
857 934
857 977
857 932
857 971
857 915
857 999
857 43
857 200
857 339
857 623
857 704
857 863
857 864
857 931
866 955
866 892
866 933
866 939
866 684
866 972
866 634
866 761
866 926
866 140
866 196
866 377
866 454
866 551
866 553
866 580
866 930
888 934
888 981
888 890
888 942
888 919
888 376
888 456
919 981
919 894
919 942
919 91
919 517
919 745
919 958
942 981
942 894
942 913
942 90
942 341
942 426
942 447
981 200
981 214
981 401
981 418
981 533
981 739
981 868
6 777
6 918
60 535
60 667
60 848
214 887
505 899
505 722
505 850
505 337
802 777
802 918
802 847
802 49
802 54
802 184
802 398
802 540
802 585
802 629
802 746
802 843
848 169
848 846
848 928
848 642
848 667
848 102
848 507
848 547
848 606
848 663
848 727
848 804
848 830
956 954
956 969
956 890
956 959
956 945
956 703
956 999
956 900
956 885
956 769
956 878
956 271
956 242
956 784
956 814
956 951
956 789
956 722
956 224
956 700
956 225
956 246
956 333
956 366
956 480
956 597
956 609
956 640
956 735
979 847
979 933
979 957
979 46
979 601
979 58
979 89
979 125
979 154
979 163
979 180
979 183
979 188
979 206
979 298
979 405
979 423
979 520
979 523
979 551
979 572
979 608
979 636
979 683
979 687
979 702
979 723
979 738
979 752
979 780
979 822
979 828
979 832
979 842
979 884
979 975
171 994
171 998
171 995
205 716
205 537
205 916
672 873
672 827
672 920
672 655
672 696
755 861
755 399
755 192
755 504
755 763
755 689
755 222
755 594
755 613
755 800
755 867
923 976
923 943
923 949
923 984
923 988
923 967
923 858
923 787
923 664
923 577
923 789
923 725
923 604
923 898
923 770
923 749
923 917
923 593
923 549
923 626
923 726
923 747
967 943
967 949
967 984
967 988
967 50
967 168
967 185
967 191
967 464
967 469
967 476
967 529
967 549
967 555
967 556
967 592
967 593
967 603
967 604
967 664
967 670
967 697
967 707
967 744
967 747
967 749
967 761
967 770
967 783
967 787
967 898
967 917
975 978
975 819
975 988
975 999
975 100
975 109
975 126
975 144
975 166
975 212
975 272
975 288
975 314
975 355
975 363
975 411
975 420
975 429
975 466
975 525
975 573
975 583
975 659
975 712
975 736
975 797
975 798
975 838
975 862
975 937
975 953
975 958
975 980
998 8
998 976
998 994
998 21
998 22
998 92
998 97
998 127
998 172
998 190
998 245
998 287
998 301
998 339
998 408
998 431
998 460
998 465
998 477
998 483
998 540
998 579
998 587
998 595
998 652
998 662
998 702
998 705
998 751
998 758
998 760
998 767
998 771
998 779
998 790
998 794
998 855
998 903
998 921
998 929
998 935
998 972
998 995
2 67
2 169
2 846
2 928
67 450
67 928
67 971
169 450
169 768
846 102
846 179
846 324
846 387
846 521
846 535
846 547
846 618
846 642
846 663
846 701
846 727
846 891
846 928
846 978
928 179
928 196
928 228
928 324
928 448
928 450
928 462
928 507
928 521
928 535
928 547
928 548
928 610
928 618
928 642
928 663
928 667
928 727
928 831
928 949
928 951
450 448
450 700
450 727
971 835
971 934
971 977
971 17
971 932
971 130
971 148
971 259
971 276
971 315
971 340
971 362
971 394
971 396
971 452
971 488
971 591
971 623
971 647
971 695
971 701
971 704
971 713
971 806
971 827
971 828
971 843
971 863
971 864
971 926
971 999
768 908
768 42
768 88
768 653
768 677
768 690
768 774
768 832
768 853
768 880
768 900
768 913
102 443
102 507
179 884
324 964
324 667
324 606
387 752
387 663
387 606
521 642
521 610
521 291
521 433
535 507
535 547
535 618
547 610
547 814
547 746
618 995
618 667
618 462
618 727
618 791
642 8
642 125
642 507
642 663
642 727
663 899
663 228
663 235
701 999
701 575
701 227
701 315
701 698
701 746
727 819
727 667
727 921
727 228
727 448
891 451
891 970
891 905
891 82
891 108
891 318
891 323
891 457
891 481
891 485
891 532
891 533
891 552
891 589
891 627
891 688
891 729
891 744
891 804
891 935
978 944
978 10
978 881
978 946
978 34
978 64
978 112
978 146
978 161
978 207
978 239
978 249
978 260
978 281
978 334
978 386
978 400
978 401
978 459
978 484
978 486
978 512
978 519
978 544
978 564
978 577
978 666
978 680
978 732
978 762
978 798
978 808
978 827
978 859
978 898
978 948
978 957
196 972
196 817
228 455
448 610
448 606
448 338
462 926
462 610
462 97
462 606
507 315
507 496
548 809
548 893
548 741
548 724
548 815
610 94
667 606
667 922
831 716
831 833
831 824
831 83
831 537
831 765
831 91
831 132
831 283
831 286
831 681
831 690
831 738
831 781
831 916
949 809
949 943
949 24
949 185
949 191
949 469
949 476
949 529
949 545
949 555
949 593
949 603
949 626
949 648
949 664
949 697
949 707
949 726
949 783
949 787
949 898
949 917
949 984
949 988
951 954
951 969
951 764
951 890
951 955
951 959
951 945
951 703
951 769
951 504
951 242
951 814
951 181
951 718
951 225
951 246
951 269
951 284
951 351
951 392
951 458
951 556
951 578
951 640
951 722
951 735
951 813
3 182
3 716
3 954
3 969
182 718
182 789
182 954
716 199
716 283
716 681
716 690
716 765
716 824
716 916
716 963
954 15
954 208
954 246
954 351
954 458
954 566
954 597
954 602
954 605
954 655
954 700
954 718
954 764
954 781
954 789
954 800
954 814
954 815
954 859
954 868
954 885
954 890
954 945
954 955
954 959
954 969
954 988
954 994
969 14
969 224
969 285
969 351
969 369
969 444
969 458
969 480
969 538
969 556
969 566
969 597
969 602
969 605
969 640
969 700
969 703
969 718
969 722
969 736
969 764
969 784
969 813
969 814
969 850
969 859
969 868
969 885
969 890
969 930
969 944
969 955
969 959
718 955
718 959
718 945
718 853
718 181
718 745
718 859
789 955
789 959
789 945
789 769
789 784
789 962
789 225
789 233
789 369
789 408
199 765
199 916
199 980
283 916
283 781
283 473
681 824
681 916
681 653
681 781
681 690
681 304
681 770
690 995
690 824
690 916
690 781
690 156
690 304
765 968
765 824
765 972
765 83
765 91
765 147
765 467
765 781
765 916
824 147
824 156
824 251
824 304
824 331
824 467
824 713
824 781
824 916
916 908
916 83
916 91
916 132
916 147
916 156
916 240
916 304
916 330
916 331
916 369
916 467
916 592
916 781
963 959
963 29
963 894
963 927
963 33
963 48
963 77
963 253
963 305
963 322
963 388
963 416
963 440
963 510
963 539
963 542
963 544
963 582
963 588
963 656
963 763
963 785
963 829
963 867
963 874
963 939
963 947
15 955
15 819
15 959
208 955
208 769
208 722
246 955
351 735
351 665
458 945
458 885
566 959
566 885
566 669
566 859
566 333
597 885
597 769
597 813
597 604
597 488
602 809
602 955
602 945
602 632
602 333
605 959
605 945
605 885
605 735
605 640
605 804
655 873
655 827
700 955
700 959
700 932
700 945
700 885
700 224
764 14
764 122
764 494
764 538
764 640
764 699
764 885
764 890
764 945
781 537
781 132
781 240
781 467
800 861
800 399
800 740
800 192
800 763
800 689
800 222
800 264
800 594
800 613
814 890
814 955
814 982
814 945
814 177
814 366
814 578
814 813
814 859
815 614
815 893
815 710
815 742
815 731
815 779
815 721
815 741
815 310
815 371
815 513
815 838
859 890
859 955
859 959
859 945
859 885
859 880
859 784
859 578
859 233
859 369
868 622
868 860
868 909
868 757
868 875
868 839
868 897
868 739
868 107
868 475
868 284
868 415
868 447
868 496
868 854
885 934
885 959
885 945
885 177
885 43
885 233
885 556
885 722
885 808
885 929
890 14
890 181
890 213
890 538
890 646
890 735
890 739
890 769
890 784
890 955
890 959
945 955
945 959
945 37
945 40
945 242
945 480
945 481
945 538
945 640
945 680
945 769
945 784
945 813
945 912
955 14
955 86
955 333
955 366
955 480
955 523
955 538
955 637
955 639
955 703
955 735
955 769
955 784
955 813
955 959
955 999
959 213
959 366
959 369
959 538
959 556
959 578
959 703
959 707
959 725
959 735
959 769
959 784
959 795
959 813
959 905
959 914
988 976
988 943
988 27
988 984
988 50
988 63
988 69
988 185
988 191
988 235
988 316
988 326
988 461
988 464
988 469
988 476
988 485
988 520
988 529
988 549
988 555
988 565
988 592
988 626
988 664
988 697
988 707
988 725
988 747
988 749
988 770
988 783
988 787
988 898
988 917
988 972
994 8
994 976
994 10
994 84
994 97
994 116
994 127
994 172
994 190
994 245
994 257
994 276
994 287
994 339
994 460
994 477
994 483
994 539
994 579
994 583
994 587
994 595
994 604
994 607
994 652
994 662
994 705
994 751
994 758
994 760
994 767
994 794
994 837
994 845
994 855
994 903
994 921
994 929
994 943
994 995
224 213
285 987
285 307
444 970
444 905
444 830
444 120
444 804
480 728
480 735
538 606
556 722
640 927
640 722
640 319
703 40
703 656
703 722
703 813
722 197
722 712
736 921
736 980
736 953
736 958
736 797
736 466
784 105
784 189
784 578
784 813
813 893
813 769
813 648
813 233
850 899
850 943
850 987
850 952
850 935
850 550
850 506
850 621
850 693
850 330
850 404
850 758
930 918
930 728
930 892
930 933
930 684
930 972
930 936
930 634
930 368
930 926
930 344
930 625
930 187
930 925
930 243
930 290
930 376
930 381
930 418
930 574
930 620
930 638
930 687
930 817
944 34
944 64
944 161
944 239
944 260
944 281
944 316
944 334
944 400
944 459
944 484
944 512
944 564
944 666
944 680
944 732
944 762
944 798
944 808
944 856
944 875
944 881
944 946
944 957
944 995
4 541
4 777
4 918
541 629
541 746
541 777
541 843
541 847
777 93
777 398
777 414
777 525
777 629
777 746
777 843
777 847
777 982
918 16
918 54
918 66
918 93
918 137
918 229
918 234
918 300
918 398
918 523
918 540
918 585
918 629
918 746
918 843
918 847
918 874
918 898
918 950
629 847
629 843
629 735
746 847
746 887
746 843
746 234
746 229
843 300
843 66
843 137
843 184
843 234
843 343
843 540
843 585
847 16
847 66
847 137
847 229
847 540
847 585
847 783
847 984
847 987
93 822
398 810
398 359
414 567
414 244
414 511
525 980
525 958
525 937
525 349
525 382
982 449
982 18
982 782
982 879
982 964
982 19
982 53
982 104
982 159
982 258
982 292
982 293
982 303
982 321
982 329
982 360
982 374
982 409
982 428
982 437
982 443
982 453
982 468
982 490
982 491
982 501
982 582
982 671
982 696
982 699
982 745
982 757
982 759
982 853
982 858
982 876
982 924
16 943
54 913
54 300
66 393
137 984
229 631
234 920
234 184
300 331
300 585
523 87
523 89
523 723
540 259
585 932
585 495
874 892
874 894
874 927
874 33
874 77
874 322
874 582
874 588
874 785
874 829
874 867
874 939
874 947
898 984
898 787
898 845
898 783
898 363
898 555
898 565
898 697
898 707
898 726
898 747
898 749
898 770
898 917
950 586
950 882
950 908
950 23
950 771
950 896
950 30
950 90
950 119
950 133
950 175
950 209
950 216
950 308
950 328
950 357
950 389
950 436
950 545
950 650
950 657
950 699
950 748
950 788
950 937
950 940
950 980
5 622
5 860
5 899
5 909
622 237
622 801
622 839
622 860
622 875
622 909
860 44
860 307
860 325
860 342
860 410
860 455
860 496
860 739
860 785
860 823
860 839
860 854
860 875
860 897
860 970
899 279
899 337
899 358
899 364
899 370
899 392
899 430
899 433
899 567
899 589
899 637
899 693
899 835
899 881
899 952
899 987
909 98
909 211
909 252
909 312
909 342
909 410
909 415
909 447
909 455
909 739
909 823
909 838
909 839
909 854
909 855
909 875
909 897
909 940
909 984
237 875
237 823
237 854
237 607
801 906
801 965
801 581
801 630
801 306
801 646
801 856
801 635
801 326
801 356
801 583
801 825
839 875
839 44
839 98
839 107
839 311
839 312
839 342
839 410
839 479
839 594
839 854
839 897
875 22
875 82
875 204
875 284
875 312
875 475
875 496
875 739
875 823
875 854
875 897
44 823
44 897
307 987
307 693
325 915
325 965
325 966
325 901
342 854
342 349
410 897
410 854
410 361
455 897
455 98
455 854
496 897
496 970
496 252
739 823
739 897
739 98
739 284
739 854
785 894
785 927
785 947
785 88
785 549
785 829
785 867
785 948
823 211
823 297
823 333
823 415
823 447
823 475
823 490
823 854
823 897
854 897
854 931
854 204
854 252
854 447
854 512
897 977
897 987
897 204
897 252
897 284
897 415
897 447
897 935
970 984
970 968
970 451
970 987
970 46
970 82
970 108
970 111
970 120
970 157
970 266
970 278
970 318
970 323
970 381
970 402
970 430
970 441
970 457
970 481
970 485
970 533
970 552
970 554
970 627
970 704
970 719
970 729
970 744
970 804
970 830
970 905
970 935
279 987
279 952
279 752
337 719
337 511
358 987
358 278
364 906
364 952
370 987
370 145
370 693
392 952
430 905
430 935
430 157
430 804
433 624
433 987
433 600
567 987
567 230
567 621
589 987
589 952
589 118
589 254
589 600
637 987
637 197
637 546
637 621
693 987
693 952
693 715
693 388
835 9
835 72
835 276
835 299
835 592
835 647
835 713
835 863
835 889
835 934
835 999
881 10
881 112
881 146
881 260
881 316
881 334
881 459
881 512
881 519
881 577
881 580
881 740
881 762
881 808
881 946
881 957
952 976
952 946
952 908
952 624
952 987
952 48
952 70
952 118
952 144
952 244
952 336
952 383
952 403
952 404
952 506
952 511
952 546
952 550
952 600
952 621
952 966
987 861
987 38
987 624
987 70
987 118
987 124
987 152
987 244
987 254
987 330
987 336
987 383
987 391
987 403
987 506
987 511
987 546
987 550
987 600
987 621
987 880
987 938
987 962
211 925
211 415
252 837
312 946
312 475
415 828
838 946
838 819
838 980
838 953
838 958
838 937
838 797
838 473
838 862
838 349
855 976
855 995
855 915
855 921
855 394
855 652
855 751
855 760
855 767
855 845
855 903
855 929
940 586
940 882
940 908
940 771
940 896
940 24
940 28
940 90
940 116
940 133
940 175
940 216
940 296
940 308
940 328
940 389
940 545
940 650
940 657
940 748
940 788
940 840
984 943
984 27
984 50
984 63
984 69
984 235
984 302
984 461
984 464
984 469
984 476
984 529
984 549
984 555
984 562
984 565
984 603
984 604
984 626
984 664
984 697
984 707
984 725
984 726
984 747
984 749
984 783
984 787
984 917
984 965
442 934
442 863
442 623
442 276
748 882
748 908
748 771
748 772
748 116
748 650
748 657
748 788
34 957
34 861
64 957
161 946
161 829
239 946
239 803
239 666
260 957
260 884
281 946
281 957
316 946
316 957
334 880
334 798
400 946
400 957
400 159
400 867
459 666
459 798
484 946
484 957
484 808
484 530
512 946
512 957
512 808
564 957
564 732
564 247
564 519
564 762
666 946
666 957
666 808
666 243
666 762
680 946
680 957
680 808
680 798
680 762
732 893
732 957
732 577
732 808
732 207
732 486
732 665
732 798
762 946
762 957
762 787
762 808
762 788
762 798
798 957
798 905
798 808
798 249
798 486
798 519
808 946
808 957
808 816
808 178
856 964
856 818
856 833
856 906
856 684
856 630
856 99
856 319
856 326
856 492
856 530
856 583
856 649
856 795
856 825
946 10
946 112
946 140
946 146
946 207
946 249
946 386
946 401
946 486
946 577
946 935
946 957
957 976
957 25
957 146
957 207
957 249
957 253
957 386
957 401
957 486
957 577
957 912
957 937
995 976
995 790
995 22
995 84
995 127
995 190
995 257
995 287
995 301
995 339
995 408
995 431
995 460
995 477
995 483
995 539
995 579
995 595
995 607
995 652
995 662
995 705
995 744
995 751
995 758
995 760
995 767
995 794
995 845
995 867
995 903
995 921
995 922
995 929
995 965
995 968
995 980
8 976
976 21
976 190
976 245
976 257
976 301
976 339
976 431
976 438
976 477
976 539
976 579
976 587
976 595
976 607
976 652
976 662
976 705
976 751
976 758
976 760
976 767
976 776
976 794
976 845
976 903
976 921
976 926
976 929
125 822
21 790
245 709
245 921
257 621
257 929
301 340
301 929
431 922
431 869
431 845
438 295
438 352
477 921
477 872
539 826
539 903
579 790
579 218
587 794
587 807
587 154
587 929
595 921
595 845
607 921
607 903
607 929
652 790
652 575
652 845
662 925
662 929
662 751
705 921
705 929
705 322
705 903
751 790
751 794
751 402
751 903
758 921
758 980
758 845
758 929
758 903
760 921
760 181
760 698
760 767
760 903
760 929
767 794
767 803
767 929
776 810
776 915
776 965
776 840
776 966
776 706
776 79
776 236
776 499
776 534
776 544
776 901
794 71
794 163
794 845
794 903
794 929
845 790
845 921
845 254
845 503
845 903
845 929
903 893
903 964
903 790
903 921
903 938
903 884
903 929
903 408
921 932
921 790
921 999
921 97
921 172
921 759
921 929
926 892
926 933
926 972
926 634
926 56
926 761
926 187
926 290
926 291
926 384
926 418
926 580
926 590
926 620
926 638
926 738
926 817
926 862
926 925
929 980
929 948
929 408
929 473
929 483
929 711
84 913
116 896
127 223
276 999
287 396
460 713
483 742
583 818
583 906
583 825
604 235
604 707
837 934
837 932
837 999
837 806
837 853
837 575
837 617
837 142
837 354
837 439
837 864
837 869
943 27
943 69
943 403
943 445
943 555
943 565
943 588
943 592
943 593
943 603
943 626
943 725
943 726
943 747
943 749
943 783
943 787
943 917
465 965
465 966
465 901
465 445
702 915
702 822
702 346
702 884
702 723
702 572
702 636
771 586
771 882
771 908
771 23
771 231
771 650
771 657
771 896
771 962
779 809
779 893
779 710
779 742
779 76
779 282
779 371
779 382
779 741
779 912
790 549
790 625
935 554
935 905
935 266
935 830
935 111
935 719
935 157
935 278
935 318
935 323
935 381
935 441
935 457
935 485
935 499
935 533
935 552
935 627
935 744
935 804
972 892
972 933
972 35
972 250
972 684
972 94
972 140
972 243
972 344
972 376
972 377
972 384
972 418
972 491
972 551
972 553
972 574
972 580
972 590
972 620
972 625
972 638
972 654
972 695
972 738
972 761
972 817
972 925
9 563
9 934
9 977
563 683
563 704
563 715
563 932
563 977
934 17
934 259
934 346
934 347
934 354
934 543
934 575
934 647
934 698
934 704
934 713
934 806
934 863
934 936
934 977
934 999
977 12
977 43
977 50
977 51
977 153
977 203
977 227
977 299
977 347
977 367
977 394
977 488
977 503
977 543
977 591
977 623
977 632
977 647
977 676
977 695
977 696
977 713
977 806
977 863
977 864
977 869
977 925
977 932
977 968
977 999
683 828
683 89
683 174
683 298
683 780
704 932
704 806
704 864
715 932
715 999
715 51
715 503
715 617
715 635
932 17
932 29
932 294
932 321
932 347
932 367
932 503
932 591
932 676
932 698
932 713
932 806
932 826
932 869
72 575
72 617
299 354
299 531
592 958
592 725
647 65
647 394
647 570
647 747
713 999
713 863
713 68
863 676
863 999
863 924
863 61
863 543
863 695
863 749
863 864
863 869
863 917
889 968
889 914
889 841
889 393
889 731
889 922
889 948
889 962
889 651
889 920
889 688
889 805
889 268
889 365
889 420
889 571
889 711
889 791
889 862
999 964
999 41
999 51
999 142
999 200
999 203
999 259
999 294
999 297
999 362
999 396
999 439
999 452
999 488
999 503
999 519
999 575
999 617
999 623
999 632
999 695
999 698
999 806
999 817
999 864
999 869
999 907
346 828
346 145
347 869
347 310
543 695
575 404
698 463
698 869
698 864
806 818
806 676
806 939
806 45
806 869
936 947
936 49
936 772
936 907
936 81
936 96
936 123
936 143
936 158
936 302
936 306
936 317
936 361
936 426
936 456
936 482
936 522
936 531
936 641
936 654
936 720
936 730
936 803
936 912
936 958
12 614
12 809
12 893
43 340
51 782
153 661
153 643
153 648
203 661
227 614
227 396
367 31
367 591
367 731
488 294
591 65
591 332
591 573
623 126
623 452
623 864
632 706
632 226
632 362
676 31
676 340
676 830
695 907
696 873
696 827
696 639
864 873
864 869
864 580
864 428
864 297
864 457
869 892
869 601
869 226
869 439
925 728
925 892
925 933
925 761
925 344
925 625
925 938
925 187
925 291
925 366
925 376
925 551
925 553
925 574
925 580
925 590
925 638
925 738
925 817
968 28
968 122
968 150
968 151
968 170
968 193
968 221
968 241
968 263
968 268
968 275
968 365
968 417
968 436
968 497
968 516
968 558
968 571
968 651
968 688
968 711
968 791
968 805
968 841
968 914
968 920
968 922
968 948
968 962
112 577
519 437
519 386
577 401
580 291
580 638
740 861
740 37
740 176
740 192
740 504
740 594
740 613
740 639
740 689
140 933
386 371
401 404
486 893
544 894
544 939
544 947
544 867
827 873
827 422
827 168
827 343
827 406
827 611
948 896
948 914
948 841
948 105
948 922
948 122
948 150
948 151
948 221
948 241
948 263
948 275
948 365
948 417
948 436
948 497
948 516
948 643
948 688
948 711
948 745
948 791
948 920
948 962
449 858
449 876
449 879
449 964
858 879
858 964
858 757
858 52
858 258
858 360
858 374
858 409
858 443
858 490
858 501
858 650
858 876
858 924
876 782
876 879
876 964
876 757
876 900
876 953
876 443
876 453
876 303
876 305
876 329
876 468
876 699
876 759
879 18
879 71
879 303
879 321
879 329
879 437
879 439
879 453
879 671
879 862
879 924
879 964
964 18
964 782
964 19
964 71
964 104
964 121
964 258
964 292
964 303
964 329
964 409
964 428
964 437
964 443
964 453
964 468
964 490
964 491
964 501
964 552
964 671
964 699
964 745
964 757
964 759
964 901
964 924
95 463
95 581
95 630
399 37
399 73
399 270
501 782
501 292
501 699
614 103
614 371
614 382
614 731
614 893
809 282
809 372
809 513
809 710
809 731
809 741
809 742
809 882
809 893
893 248
893 282
893 372
893 382
893 513
893 603
893 710
893 724
893 741
893 742
103 359
103 472
371 724
382 741
731 76
731 248
731 513
731 724
731 741
282 966
282 742
372 710
372 317
372 310
513 710
710 23
710 560
710 724
710 742
741 924
741 742
741 244
741 724
742 76
742 724
882 20
882 586
882 28
882 30
882 158
882 209
882 357
882 657
882 772
882 788
882 896
882 908
248 596
248 310
248 724
603 906
603 770
724 947
724 671
724 310
418 817
418 377
533 554
533 729
533 590
122 962
494 878
494 887
494 721
494 648
494 495
699 437
699 924
699 745
699 374
213 38
646 833
646 906
646 965
646 463
646 99
646 356
646 825
735 242
735 958
769 914
769 56
769 236
86 915
86 965
86 966
639 873
639 232
819 268
819 573
819 659
819 712
819 862
819 937
819 958
819 980
268 922
268 962
573 980
573 953
573 958
573 797
659 980
659 953
659 958
659 937
659 502
712 980
712 953
712 958
712 937
712 264
712 862
862 345
862 980
862 953
862 958
862 937
862 797
862 288
862 363
937 345
937 842
937 980
937 953
937 958
937 176
937 349
937 355
937 363
937 420
937 466
937 473
937 797
958 130
958 947
958 822
958 980
958 953
958 166
958 212
958 288
958 314
958 355
958 363
958 411
958 420
958 788
958 797
980 345
980 100
980 101
980 109
980 126
980 166
980 288
980 314
980 349
980 355
980 411
980 420
980 429
980 466
980 473
980 491
980 797
980 938
980 953
578 671
578 225
578 471
707 901
707 725
707 726
725 185
725 593
795 584
795 634
795 872
795 938
795 931
795 766
795 826
795 557
795 528
795 378
795 479
905 451
905 70
905 120
905 266
905 381
905 402
905 441
905 457
905 485
905 552
905 729
905 744
905 804
905 830
914 31
914 151
914 193
914 241
914 436
914 497
914 516
914 558
914 651
914 688
914 711
914 791
914 805
914 841
914 917
914 920
914 922
914 931
914 962
783 258
783 314
783 469
783 770
783 917
403 550
445 965
445 840
445 966
555 924
565 917
588 939
588 947
588 829
588 440
593 915
593 917
593 529
626 913
626 664
726 750
726 787
726 749
726 590
747 787
747 953
747 917
749 476
749 395
787 75
787 697
787 917
917 664
917 770
917 464
917 461
917 468
917 697
29 894
29 927
294 571
321 924
321 409
826 896
826 816
826 872
826 938
826 518
826 931
826 754
826 668
826 230
826 570
826 270
826 378
130 45
148 341
148 391
362 649
452 617
452 280
828 842
828 87
828 180
828 183
828 356
828 405
828 435
828 608
828 752
828 884
18 782
782 53
782 129
782 357
782 491
782 757
782 759
782 924
53 554
53 924
129 74
357 788
357 650
491 924
757 19
757 520
757 759
757 924
759 924
759 428
759 360
759 745
759 574
924 71
924 159
924 258
924 374
924 468
924 490
924 671
924 745
303 896
329 901
437 19
453 159
671 443
671 104
671 428
104 796
121 816
121 872
121 938
292 193
292 428
409 212
409 745
468 745
490 581
552 318
552 804
745 360
901 810
901 915
901 965
901 110
901 840
901 966
901 706
901 534
901 210
901 247
901 309
901 470
901 474
901 499
901 502
293 57
293 273
293 721
293 878
360 861
374 517
582 894
582 927
582 939
582 947
582 656
853 900
853 47
853 832
853 141
853 149
853 265
853 311
853 353
853 526
853 631
853 653
853 774
853 880
853 913
520 822
520 752
520 423
20 586
20 908
586 313
586 896
586 908
908 90
908 119
908 133
908 209
908 389
908 545
908 650
908 657
908 788
908 896
313 796
313 714
313 272
313 685
896 23
896 24
896 30
896 119
896 296
896 308
896 495
896 545
896 657
896 788
175 296
216 788
296 157
328 788
628 55
628 218
628 272
628 385
628 609
628 686
628 796
788 389
788 545
30 451
158 907
158 912
209 263
657 423
657 545
772 49
772 302
772 510
772 531
772 641
772 720
772 730
772 803
772 907
772 912
119 962
133 232
389 39
650 308
650 688
625 933
625 94
625 638
625 723
46 601
58 774
58 842
87 534
145 752
154 884
163 423
188 939
206 873
206 822
298 600
298 723
405 822
405 752
405 195
423 884
435 841
435 842
435 953
435 884
532 822
532 884
532 572
532 780
572 842
572 608
572 365
601 608
601 780
601 822
601 884
608 810
608 183
608 723
636 833
636 842
636 723
636 687
687 966
687 842
687 822
687 884
687 780
720 907
720 730
720 912
720 641
720 803
720 531
720 302
720 770
723 842
723 780
752 842
752 780
752 884
780 774
780 842
780 822
780 884
822 884
842 100
842 180
842 729
842 884
884 518
884 180
894 440
894 510
894 542
894 656
894 791
894 829
894 867
894 927
894 939
894 947
933 25
933 728
933 892
933 75
933 204
933 250
933 376
933 377
933 542
933 551
933 574
933 620
933 634
933 684
933 738
933 754
933 817
82 266
475 107
162 274
162 596
162 218
816 584
816 189
816 215
816 560
816 570
816 668
816 766
816 872
816 931
816 938
744 830
744 719
744 804
744 441
744 481
867 927
867 939
867 947
867 829
867 305
867 332
867 416
867 627
867 656
922 841
922 105
922 150
922 221
922 275
922 417
922 497
922 516
922 571
922 651
922 688
922 791
922 805
922 920
922 962
965 36
965 810
965 915
965 52
965 61
965 79
965 178
965 210
965 223
965 236
965 247
965 280
965 309
965 338
965 422
965 470
965 474
965 499
965 502
965 534
965 553
965 685
965 706
965 840
965 966
560 907
560 730
560 912
560 654
560 482
231 39
231 261
231 489
231 674
962 841
962 393
962 105
962 151
962 170
962 221
962 263
962 275
962 365
962 417
962 436
962 508
962 558
962 571
962 651
962 688
962 711
962 766
962 791
962 797
962 805
962 920
308 177
495 887
495 721
495 194
436 939
840 810
840 915
840 52
840 338
840 422
840 474
840 499
840 502
840 558
840 825
840 966
476 77
529 617
648 878
648 887
648 721
648 643
648 517
664 76
697 810
697 907
25 728
25 892
728 75
728 187
728 620
728 634
728 738
728 906
892 75
892 222
892 243
892 368
892 384
892 553
892 574
892 620
892 684
892 738
892 817
620 761
620 805
634 55
634 817
738 761
738 590
738 574
906 26
906 818
906 833
906 99
906 117
906 238
906 319
906 492
906 562
906 581
906 630
906 635
906 649
906 665
906 825
222 454
243 684
368 709
368 56
368 817
384 770
553 290
574 766
684 35
684 611
817 900
817 761
817 304
817 590
250 35
250 291
250 763
377 805
542 927
542 939
542 947
542 510
551 761
754 584
754 938
754 931
754 173
754 471
754 528
754 570
754 656
754 668
754 766
253 927
253 939
253 947
912 907
912 730
912 81
912 96
912 155
912 306
912 361
912 426
912 456
912 506
912 531
912 641
912 654
912 803
912 953
26 274
26 818
26 833
274 609
274 685
274 709
818 238
818 319
818 530
818 562
818 635
818 641
818 825
818 833
833 238
833 492
833 530
833 581
833 630
833 649
833 803
833 825
609 596
609 678
609 674
609 251
609 685
685 709
685 489
685 796
685 714
685 674
685 353
709 39
709 138
709 419
709 674
709 678
709 686
238 406
238 635
319 562
530 825
530 356
562 635
562 649
635 947
635 825
641 907
641 123
641 265
641 522
825 832
825 463
825 931
825 326
825 492
492 920
492 470
581 356
581 630
581 938
630 138
630 649
649 463
649 920
649 326
803 907
803 730
803 317
803 155
803 426
803 482
803 531
117 750
117 463
665 878
665 887
665 661
665 721
665 269
665 273
454 861
454 689
454 424
461 947
770 464
302 730
464 441
485 830
150 219
170 920
193 920
241 939
241 688
263 805
275 557
417 920
497 878
497 686
497 920
516 900
516 920
516 791
558 841
558 920
571 841
571 805
651 841
651 155
651 805
651 920
688 920
711 841
711 920
711 805
711 352
791 841
791 887
791 920
791 805
791 440
805 920
841 36
841 393
841 873
841 920
920 393
920 537
927 48
927 233
927 295
927 322
927 388
927 510
927 656
927 730
927 797
927 829
927 939
927 947
440 939
440 947
510 763
656 939
829 939
829 947
829 332
829 416
829 511
939 33
939 77
939 332
939 388
939 416
939 522
939 947
947 48
947 305
947 322
947 332
947 388
947 416
295 669
730 907
730 57
730 361
797 953
797 267
416 320
763 861
763 73
763 270
763 424
763 594
763 613
763 689
451 481
451 719
481 804
719 830
719 111
719 441
719 729
719 804
830 266
830 108
830 120
830 323
830 508
830 627
931 584
931 872
931 938
931 124
931 518
931 173
931 215
931 230
931 286
931 378
931 471
931 478
931 528
931 557
931 570
931 576
931 766
41 345
45 152
68 706
807 669
807 111
807 320
807 508
807 670
147 550
251 678
251 714
251 272
331 240
331 467
467 429
861 37
861 176
861 264
861 270
861 424
861 504
861 594
861 613
861 689
528 938
528 286
522 907
522 426
522 456
522 482
176 504
264 424
264 594
270 424
504 73
504 689
594 271
613 271
613 714
613 674
689 271
689 135
689 379
611 873
611 472
611 406
74 873
232 873
267 873
359 873
576 872
576 938
576 518
576 766
576 478
873 343
873 472
94 344
590 761
638 966
638 290
654 907
654 306
654 123
654 456
761 56
36 810
36 915
810 236
810 422
810 470
810 502
810 706
810 915
810 966
915 61
915 178
915 247
915 280
915 309
915 338
915 470
915 474
915 502
915 534
915 706
915 966
236 966
422 966
422 135
470 966
502 966
706 966
706 210
706 474
966 110
966 52
966 61
966 79
966 135
966 178
966 210
966 223
966 247
966 280
966 309
966 338
966 474
966 499
966 534
280 135
309 631
534 110
79 900
223 499
73 271
192 42
40 110
40 177
38 624
624 330
624 674
674 686
674 261
674 160
254 506
341 383
341 511
546 804
600 290
938 872
938 124
938 173
938 286
938 378
938 395
938 478
938 479
938 557
938 570
938 668
938 766
124 518
383 878
383 391
550 832
880 750
880 900
880 832
880 913
880 774
880 88
880 195
880 265
880 353
880 526
880 631
880 653
880 677
39 55
55 489
489 686
489 796
261 686
261 101
261 796
138 796
138 714
419 686
419 143
419 596
678 686
678 796
678 131
678 218
678 385
686 65
686 714
345 953
953 101
953 107
953 109
953 144
953 212
953 314
953 420
953 429
953 466
953 473
81 317
226 411
796 131
796 143
796 160
796 385
796 677
907 49
907 96
907 123
907 155
907 317
907 402
907 426
907 456
907 482
42 750
42 900
750 201
750 311
750 653
750 677
750 774
750 832
750 900
750 913
900 141
900 195
900 265
900 311
900 353
900 526
900 631
900 653
900 677
900 774
900 832
900 913
201 832
201 913
201 677
311 913
653 832
653 913
653 131
677 913
677 378
677 526
774 832
774 913
774 149
774 526
774 631
832 47
832 353
832 631
832 670
832 913
913 47
913 88
913 141
913 149
913 195
913 265
913 323
913 526
913 631
141 472
526 627
479 872
479 766
278 554
278 381
318 385
402 554
402 729
457 627
554 729
627 729
729 714
729 804
183 149
47 584
584 557
584 872
557 872
557 478
872 286
872 395
872 518
872 668
670 352
531 361
96 306
143 714
272 596
385 160
57 878
57 887
878 174
878 194
878 269
878 273
878 379
878 517
878 643
878 661
878 721
878 887
887 136
887 174
887 194
887 269
887 273
887 373
887 379
887 517
887 643
887 661
721 661
721 136
721 517
174 643
194 643
269 661
379 136
379 373
517 661
643 373
661 113
136 373
570 230
714 596
714 131
83 537
537 132
537 240
508 320
466 668
160 596
189 766
766 668
320 113
215 668
395 471
518 230
478 471
