1	468
1	928
1	934
1	997
2	201
2	472
2	934
2	990
3	518
3	769
3	864
3	966
4	260
4	376
4	403
4	651
5	450
5	526
5	810
5	856
6	485
6	655
6	884
6	964
7	87
7	140
7	542
7	985
8	437
8	700
8	829
8	849
9	225
9	298
9	560
9	700
10	623
10	702
10	809
10	980
11	740
11	837
11	903
11	945
12	404
12	834
12	958
12	997
13	219
13	618
13	928
13	976
14	161
14	881
14	896
14	978
15	781
15	806
15	883
15	943
16	393
16	449
16	876
16	946
17	245
17	428
17	750
17	763
18	659
18	674
18	775
18	937
19	782
19	824
19	898
19	995
20	369
20	704
20	847
20	895
21	308
21	418
21	630
21	912
22	465
22	506
22	694
22	755
23	579
23	952
23	962
23	969
24	339
24	885
24	886
24	954
25	451
25	514
25	887
25	999
26	746
26	776
26	858
26	926
27	188
27	673
27	860
27	949
28	238
28	585
28	693
28	741
29	560
29	885
29	974
29	997
30	534
30	832
30	838
30	888
31	379
31	439
31	549
31	965
32	441
32	520
32	649
32	854
33	100
33	685
33	803
33	891
34	241
34	499
34	721
34	1000
35	418
35	423
35	665
35	956
36	550
36	560
36	795
36	956
37	206
37	815
37	901
37	928
38	98
38	319
38	937
38	949
39	511
39	738
39	863
39	990
40	91
40	318
40	753
40	801
41	697
41	832
41	902
41	928
42	521
42	720
42	882
42	998
43	834
43	940
43	971
43	976
44	451
44	789
44	818
44	899
45	620
45	737
45	900
45	939
46	359
46	614
46	628
46	907
47	366
47	953
47	985
47	1000
48	209
48	381
48	511
48	825
49	307
49	711
49	950
49	972
50	235
50	382
50	717
50	847
51	173
51	351
51	936
51	994
52	521
52	836
52	936
52	992
53	597
53	626
53	776
53	846
54	137
54	514
54	841
54	943
55	89
55	786
55	955
55	969
56	744
56	945
56	996
56	997
57	420
57	677
57	983
57	997
58	264
58	346
58	747
58	921
59	738
59	881
59	919
59	921
60	717
60	837
60	944
60	995
61	189
61	787
61	799
61	955
62	97
62	178
62	576
62	803
63	128
63	268
63	559
63	687
64	401
64	779
64	883
64	908
65	583
65	667
65	770
65	996
66	645
66	669
66	859
66	957
67	398
67	463
67	973
67	1000
68	493
68	817
68	966
68	984
69	229
69	748
69	801
69	904
70	323
70	621
70	763
70	985
71	292
71	834
71	981
71	986
72	170
72	434
72	753
72	961
73	122
73	939
73	972
73	987
74	577
74	614
74	642
74	994
75	469
75	580
75	751
75	982
76	584
76	622
76	725
76	887
77	335
77	449
77	723
77	985
78	659
78	751
78	877
78	898
79	334
79	369
79	774
79	933
80	592
80	619
80	860
80	999
81	242
81	245
81	296
81	861
82	637
82	656
82	915
82	984
83	210
83	827
83	884
83	992
84	434
84	888
84	965
84	991
85	292
85	517
85	931
85	999
86	410
86	839
86	918
86	945
87	7
87	207
87	759
87	972
88	92
88	776
88	921
88	988
89	55
89	726
89	745
89	959
90	529
90	603
90	826
90	997
91	40
91	326
91	496
91	970
92	88
92	637
92	721
92	983
93	426
93	696
93	852
93	855
94	347
94	691
94	835
94	939
95	382
95	588
95	884
95	998
96	127
96	295
96	949
96	985
97	62
97	946
97	965
97	982
98	38
98	474
98	517
98	616
99	646
99	719
99	876
99	963
100	33
100	362
100	773
100	960
101	243
101	526
101	705
101	831
102	756
102	867
102	979
102	986
103	571
103	656
103	697
103	958
104	302
104	703
104	825
104	991
105	805
105	841
105	886
105	1000
106	703
106	731
106	978
106	995
107	258
107	937
107	959
107	962
108	363
108	471
108	482
108	786
109	389
109	792
109	834
109	993
110	267
110	473
110	564
110	970
111	478
111	733
111	797
111	954
112	272
112	285
112	914
112	926
113	471
113	589
113	876
113	927
114	200
114	878
114	927
114	986
115	239
115	420
115	942
115	989
116	166
116	834
116	867
116	985
117	356
117	767
117	852
117	964
118	320
118	511
118	641
118	731
119	279
119	419
119	931
119	965
120	409
120	426
120	535
120	927
121	535
121	774
121	820
121	989
122	73
122	632
122	849
122	942
123	476
123	592
123	733
123	923
124	530
124	743
124	962
124	991
125	753
125	816
125	879
125	950
126	726
126	786
126	830
126	918
127	96
127	758
127	957
127	968
128	63
128	679
128	914
128	980
129	529
129	844
129	971
129	979
130	819
130	917
130	996
130	1000
131	610
131	747
131	933
131	955
132	677
132	840
132	953
132	982
133	217
133	658
133	889
133	983
134	142
134	433
134	813
134	963
135	183
135	396
135	786
135	872
136	209
136	734
136	913
136	980
137	54
137	353
137	897
137	936
138	254
138	589
138	906
138	969
139	281
139	636
139	949
139	989
140	7
140	330
140	872
140	997
141	344
141	754
141	811
141	983
142	134
142	672
142	892
142	988
143	327
143	408
143	442
143	948
144	717
144	730
144	796
144	963
145	508
145	863
145	898
145	965
146	339
146	411
146	574
146	979
147	232
147	419
147	581
147	643
148	776
148	844
148	868
148	923
149	524
149	661
149	953
149	962
150	523
150	791
150	904
150	972
151	726
151	797
151	901
151	933
152	332
152	744
152	911
152	999
153	221
153	527
153	719
153	858
154	853
154	908
154	940
154	961
155	256
155	888
155	948
155	1000
156	170
156	750
156	863
156	962
157	665
157	749
157	919
157	973
158	457
158	688
158	889
158	940
159	351
159	485
159	854
159	964
160	461
160	535
160	906
160	935
161	14
161	231
161	923
161	968
162	496
162	511
162	972
162	989
163	269
163	690
163	785
163	798
164	344
164	894
164	924
164	939
165	565
165	618
165	787
165	993
166	116
166	638
166	941
166	954
167	262
167	642
167	864
167	992
168	425
168	509
168	800
168	941
169	594
169	652
169	900
169	940
170	72
170	156
170	602
170	940
171	473
171	835
171	865
171	944
172	547
172	765
172	899
172	996
173	51
173	201
173	640
173	901
174	402
174	827
174	858
174	868
175	385
175	591
175	604
175	800
176	725
176	831
176	858
176	976
177	708
177	971
177	982
177	989
178	62
178	427
178	734
178	945
179	413
179	781
179	875
179	998
180	465
180	537
180	759
180	976
181	472
181	653
181	676
181	877
182	622
182	767
182	792
182	894
183	135
183	404
183	783
183	888
184	572
184	644
184	974
184	988
185	205
185	756
185	879
185	994
186	397
186	688
186	922
186	957
187	275
187	554
187	906
187	953
188	27
188	784
188	810
188	992
189	61
189	208
189	773
189	865
190	532
190	638
190	810
190	942
191	809
191	863
191	877
191	974
192	639
192	735
192	923
192	996
193	618
193	878
193	889
193	983
194	769
194	868
194	994
194	1000
195	421
195	684
195	976
195	995
196	802
196	870
196	896
196	970
197	716
197	836
197	864
197	979
198	425
198	691
198	815
198	817
199	649
199	889
199	950
199	994
200	114
200	674
200	716
200	870
201	2
201	173
201	814
201	828
202	227
202	512
202	881
202	957
203	410
203	785
203	977
203	979
204	212
204	554
204	738
204	956
205	185
205	264
205	918
205	938
206	37
206	670
206	820
206	915
207	87
207	650
207	977
207	984
208	189
208	317
208	947
208	964
209	48
209	136
209	374
209	569
210	83
210	699
210	965
210	999
211	291
211	548
211	624
211	898
212	204
212	430
212	492
212	980
213	600
213	640
213	953
213	991
214	362
214	698
214	878
214	929
215	678
215	833
215	904
215	988
216	415
216	636
216	973
216	998
217	133
217	283
217	428
217	857
218	805
218	859
218	984
218	996
219	13
219	242
219	576
219	870
220	751
220	814
220	865
220	968
221	153
221	707
221	977
221	993
222	599
222	772
222	954
222	995
223	410
223	469
223	490
223	525
224	492
224	546
224	803
224	960
225	9
225	422
225	501
225	750
225	995
226	626
226	710
226	807
226	922
226	924
227	202
227	763
227	825
227	892
227	980
228	329
228	623
228	801
228	935
228	975
229	69
229	670
229	838
229	887
229	913
230	529
230	796
230	856
230	908
230	990
231	161
231	335
231	505
231	629
231	811
232	147
232	607
232	664
232	961
232	994
233	524
233	548
233	695
233	725
233	788
234	588
234	637
234	931
234	940
234	975
235	50
235	638
235	757
235	854
235	947
236	395
236	499
236	775
236	781
236	788
237	304
237	732
237	856
237	956
237	986
238	28
238	363
238	505
238	534
238	970
239	115
239	633
239	675
239	820
239	906
240	570
240	615
240	767
240	882
240	983
241	34
241	616
241	810
241	956
241	984
242	81
242	219
242	445
242	654
242	992
243	101
243	546
243	619
243	837
243	942
244	676
244	724
244	764
244	831
244	925
245	17
245	81
245	294
245	758
245	792
246	808
246	897
246	949
246	958
246	982
247	348
247	893
247	921
247	986
247	996
248	823
248	845
248	930
248	993
248	995
249	569
249	796
249	899
249	917
249	972
250	457
250	681
250	942
250	985
250	988
251	526
251	634
251	878
251	935
251	972
252	809
252	857
252	909
252	937
252	966
253	760
253	842
253	848
253	934
253	998
254	138
254	271
254	823
254	965
254	1000
255	498
255	790
255	804
255	833
255	848
256	155
256	652
256	666
256	839
256	903
257	401
257	478
257	666
257	946
257	962
258	107
258	829
258	845
258	946
258	995
259	507
259	628
259	813
259	842
259	931
260	4
260	741
260	867
260	912
260	969
261	337
261	485
261	781
261	836
261	929
262	167
262	799
262	907
262	922
262	999
263	281
263	847
263	867
263	957
263	966
264	58
264	205
264	633
264	862
264	873
265	545
265	644
265	757
265	817
265	888
266	539
266	910
266	915
266	996
266	1000
267	110
267	321
267	797
267	950
267	998
268	63
268	327
268	407
268	427
268	967
269	163
269	761
269	798
269	952
269	977
270	657
270	752
270	883
270	904
270	996
271	254
271	452
271	830
271	870
271	921
272	112
272	373
272	735
272	919
272	970
273	495
273	661
273	723
273	790
273	933
274	327
274	741
274	804
274	828
274	934
275	187
275	570
275	731
275	989
275	995
276	306
276	334
276	588
276	738
276	913
277	625
277	640
277	723
277	822
277	871
278	694
278	925
278	949
278	979
278	991
279	119
279	567
279	793
279	933
279	964
280	297
280	306
280	471
280	477
280	945
281	139
281	263
281	416
281	573
281	783
282	714
282	761
282	902
282	943
282	984
283	217
283	418
283	561
283	830
283	919
284	806
284	870
284	901
284	923
284	939
285	112
285	676
285	874
285	912
285	954
286	339
286	639
286	718
286	751
286	901
287	411
287	551
287	713
287	898
287	959
288	341
288	873
288	895
288	896
288	963
289	500
289	604
289	650
289	749
289	964
290	742
290	846
290	899
290	954
290	987
291	211
291	500
291	847
291	859
291	979
292	71
292	85
292	870
292	984
292	993
293	776
293	788
293	828
293	901
293	991
294	245
294	639
294	702
294	742
294	981
295	96
295	869
295	965
295	993
295	997
296	81
296	783
296	939
296	955
296	988
297	280
297	532
297	703
297	844
297	955
298	9
298	325
298	556
298	684
298	951
299	303
299	729
299	877
299	974
299	987
300	821
300	861
300	900
300	935
300	947
301	416
301	840
301	895
301	923
301	991
302	104
302	721
302	836
302	875
302	977
303	299
303	479
303	569
303	612
303	997
304	237
304	788
304	851
304	950
304	966
305	414
305	612
305	813
305	825
305	983
306	276
306	280
306	606
306	625
306	987
307	49
307	913
307	928
307	960
307	989
308	21
308	563
308	670
308	745
308	962
309	641
309	731
309	753
309	855
309	857
310	488
310	937
310	946
310	971
310	984
311	440
311	771
311	934
311	957
311	977
312	590
312	892
312	902
312	910
312	945
313	833
313	886
313	928
313	937
313	977
314	491
314	750
314	801
314	934
314	937
315	618
315	674
315	746
315	856
315	999
316	701
316	807
316	863
316	894
316	987
317	208
317	780
317	846
317	896
317	988
318	40
318	593
318	630
318	940
318	979
319	38
319	321
319	361
319	696
319	939
320	118
320	377
320	476
320	812
320	940
321	267
321	319
321	533
321	819
321	1000
322	601
322	824
322	923
322	929
322	933
323	70
323	779
323	848
323	876
323	986
324	623
324	639
324	747
324	779
324	960
325	298
325	439
325	628
325	866
325	994
326	91
326	740
326	812
326	878
326	991
327	143
327	268
327	274
327	454
327	882
328	682
328	686
328	930
328	935
328	980
329	228
329	514
329	588
329	967
329	981
330	140
330	866
330	923
330	936
330	993
331	805
331	896
331	912
331	939
331	999
332	152
332	434
332	888
332	914
332	929
333	373
333	614
333	797
333	859
333	922
334	79
334	276
334	778
334	790
334	864
335	77
335	231
335	400
335	454
335	741
336	723
336	834
336	858
336	867
336	885
337	261
337	432
337	628
337	733
337	912
338	621
338	811
338	837
338	860
338	864
339	24
339	146
339	286
339	833
339	956
340	403
340	834
340	907
340	987
340	999
341	288
341	583
341	708
341	796
341	973
342	687
342	763
342	823
342	968
342	976
343	417
343	500
343	914
343	973
343	978
344	141
344	164
344	439
344	496
344	754
345	379
345	716
345	892
345	952
345	997
346	58
346	814
346	914
346	916
346	973
347	94
347	609
347	634
347	827
347	996
348	247
348	459
348	748
348	793
348	897
349	369
349	856
349	885
349	921
349	989
350	434
350	541
350	625
350	664
350	708
351	51
351	159
351	767
351	841
351	918
352	816
352	885
352	891
352	957
352	977
353	137
353	743
353	919
353	930
353	985
354	417
354	606
354	619
354	836
354	892
355	420
355	764
355	833
355	948
355	966
356	117
356	698
356	722
356	829
356	874
357	714
357	849
357	886
357	890
357	925
358	571
358	682
358	893
358	943
358	997
359	46
359	402
359	406
359	573
359	924
360	432
360	453
360	589
360	889
360	972
361	319
361	636
361	760
361	936
361	958
362	100
362	214
362	872
362	922
362	980
363	108
363	238
363	463
363	889
363	977
364	790
364	803
364	871
364	940
364	982
365	869
365	891
365	915
365	967
365	994
366	47
366	703
366	877
366	897
366	978
367	404
367	633
367	729
367	825
367	963
368	569
368	625
368	892
368	992
368	993
369	20
369	79
369	349
369	654
369	687
370	604
370	850
370	949
370	966
370	969
371	406
371	532
371	843
371	920
371	973
371	997
372	487
372	795
372	907
372	914
372	937
372	952
373	272
373	333
373	486
373	724
373	988
373	994
374	209
374	622
374	690
374	809
374	905
374	927
375	616
375	930
375	959
375	970
375	973
375	987
376	4
376	544
376	549
376	599
376	651
376	723
377	320
377	530
377	827
377	909
377	953
377	983
378	468
378	480
378	531
378	806
378	982
378	1000
379	31
379	345
379	804
379	823
379	970
379	996
380	882
380	889
380	924
380	955
380	995
380	997
381	48
381	620
381	696
381	956
381	970
381	978
382	50
382	95
382	722
382	989
382	991
382	996
383	494
383	504
383	713
383	790
383	869
383	884
384	560
384	648
384	714
384	869
384	981
384	987
385	175
385	662
385	752
385	916
385	990
385	999
386	782
386	966
386	985
386	989
386	990
386	997
387	454
387	556
387	827
387	846
387	850
387	869
388	581
388	684
388	787
388	817
388	820
388	957
389	109
389	595
389	639
389	873
389	913
389	950
390	409
390	579
390	601
390	771
390	847
390	848
391	631
391	636
391	689
391	695
391	807
391	897
392	467
392	613
392	734
392	946
392	967
392	972
393	16
393	444
393	674
393	686
393	875
393	921
394	424
394	870
394	938
394	944
394	946
394	975
395	236
395	413
395	597
395	792
395	836
395	857
396	135
396	741
396	745
396	860
396	958
396	999
397	186
397	655
397	726
397	770
397	802
397	997
398	67
398	545
398	659
398	928
398	931
398	994
399	903
399	919
399	942
399	956
399	983
399	984
400	335
400	469
400	642
400	762
400	853
400	941
401	64
401	257
401	919
401	923
401	954
401	960
402	174
402	359
402	730
402	917
402	960
402	976
403	4
403	340
403	675
403	699
403	809
403	989
404	12
404	183
404	367
404	507
404	818
404	984
405	553
405	663
405	757
405	893
405	939
405	961
406	359
406	371
406	552
406	667
406	798
406	880
407	268
407	489
407	577
407	828
407	889
407	977
408	143
408	583
408	823
408	926
408	935
408	962
409	120
409	390
409	735
409	869
409	902
409	950
410	86
410	203
410	223
410	641
410	712
410	894
411	146
411	287
411	537
411	952
411	961
411	984
412	416
412	819
412	845
412	864
412	969
412	997
413	179
413	395
413	731
413	841
413	967
413	979
414	305
414	628
414	678
414	830
414	944
414	975
415	216
415	595
415	899
415	925
415	950
415	972
416	281
416	301
416	412
416	916
416	975
416	985
417	343
417	354
417	439
417	477
417	550
417	724
418	21
418	35
418	283
418	609
418	950
418	1000
419	119
419	147
419	570
419	788
419	934
419	979
420	57
420	115
420	355
420	615
420	804
420	851
421	195
421	718
421	730
421	732
421	941
421	963
422	225
422	542
422	663
422	713
422	929
422	998
423	35
423	510
423	590
423	888
423	970
423	977
424	394
424	695
424	711
424	728
424	943
424	974
425	168
425	198
425	773
425	910
425	920
425	957
426	93
426	120
426	602
426	884
426	935
426	974
427	178
427	268
427	622
427	806
427	899
427	994
428	17
428	217
428	609
428	651
428	732
428	953
429	470
429	554
429	593
429	833
429	925
429	972
430	212
430	713
430	856
430	877
430	913
430	948
431	495
431	673
431	789
431	975
431	990
431	993
432	337
432	360
432	444
432	746
432	903
432	983
433	134
433	470
433	779
433	829
433	885
433	973
434	72
434	84
434	332
434	350
434	602
434	625
435	600
435	717
435	879
435	936
435	962
435	975
436	882
436	898
436	968
436	978
436	992
436	997
437	8
437	512
437	693
437	808
437	831
437	852
438	442
438	601
438	668
438	915
438	917
438	996
439	31
439	325
439	344
439	417
439	936
439	991
440	311
440	715
440	737
440	818
440	863
440	869
441	32
441	640
441	733
441	791
441	934
441	948
442	143
442	438
442	472
442	745
442	975
442	988
443	625
443	658
443	802
443	811
443	826
443	964
444	393
444	432
444	892
444	932
444	959
444	998
445	242
445	703
445	837
445	885
445	895
445	921
446	726
446	802
446	806
446	940
446	961
446	972
447	460
447	474
447	485
447	786
447	878
447	981
448	465
448	587
448	624
448	628
448	779
448	796
449	16
449	77
449	613
449	753
449	815
449	919
450	5
450	585
450	804
450	877
450	880
450	976
451	25
451	44
451	784
451	831
451	956
451	994
452	271
452	459
452	749
452	946
452	949
452	987
453	360
453	555
453	823
453	864
453	983
453	992
454	327
454	335
454	387
454	705
454	739
454	942
455	469
455	617
455	865
455	921
455	952
455	974
456	600
456	847
456	888
456	893
456	894
456	896
457	158
457	250
457	774
457	839
457	885
457	956
458	871
458	875
458	963
458	969
458	980
458	994
459	348
459	452
459	509
459	519
459	873
459	966
460	447
460	789
460	806
460	895
460	929
460	938
461	160
461	506
461	509
461	910
461	987
461	997
462	529
462	705
462	875
462	935
462	966
462	993
463	67
463	363
463	544
463	664
463	842
463	991
464	715
464	723
464	957
464	970
464	990
464	993
465	22
465	180
465	448
465	609
465	744
465	793
466	636
466	725
466	755
466	885
466	894
466	990
467	392
467	487
467	700
467	793
467	959
467	1000
468	1
468	378
468	679
468	774
468	909
468	980
469	75
469	223
469	400
469	455
469	538
469	941
470	429
470	433
470	691
470	741
470	838
470	868
471	108
471	113
471	280
471	900
471	914
471	990
472	2
472	181
472	442
472	862
472	907
472	949
473	110
473	171
473	563
473	890
473	920
473	983
474	98
474	447
474	757
474	779
474	906
474	936
475	616
475	685
475	795
475	810
475	862
475	895
476	123
476	320
476	493
476	494
476	593
476	604
477	280
477	417
477	613
477	718
477	882
477	898
478	111
478	257
478	763
478	895
478	921
478	941
479	303
479	763
479	803
479	829
479	860
479	980
480	378
480	568
480	648
480	742
480	882
480	950
481	519
481	608
481	695
481	718
481	965
481	991
482	108
482	559
482	844
482	888
482	947
482	966
483	644
483	723
483	835
483	905
483	960
483	986
484	527
484	635
484	660
484	696
484	902
484	974
485	6
485	159
485	261
485	447
485	552
485	830
486	373
486	589
486	659
486	811
486	845
486	862
486	871
487	372
487	467
487	589
487	764
487	855
487	925
487	989
488	310
488	528
488	651
488	746
488	908
488	994
488	998
489	407
489	536
489	621
489	802
489	866
489	871
489	992
490	223
490	567
490	605
490	623
490	707
490	711
490	993
491	314
491	504
491	756
491	777
491	856
491	966
491	981
492	212
492	224
492	617
492	771
492	776
492	884
492	996
493	68
493	476
493	577
493	640
493	822
493	852
493	923
494	383
494	476
494	501
494	508
494	641
494	845
494	980
495	273
495	431
495	607
495	626
495	705
495	811
495	943
496	91
496	162
496	344
496	813
496	822
496	919
496	977
497	861
497	881
497	903
497	908
497	931
497	936
497	989
498	255
498	501
498	611
498	766
498	826
498	866
498	930
499	34
499	236
499	512
499	565
499	740
499	924
499	995
500	289
500	291
500	343
500	783
500	795
500	938
500	980
501	225
501	494
501	498
501	600
501	647
501	801
501	850
502	553
502	629
502	655
502	770
502	785
502	931
502	992
503	688
503	868
503	909
503	924
503	929
503	978
503	993
504	383
504	491
504	620
504	746
504	784
504	944
504	981
505	231
505	238
505	724
505	940
505	942
505	957
505	990
506	22
506	461
506	653
506	655
506	830
506	875
506	882
507	259
507	404
507	645
507	712
507	862
507	954
507	984
508	145
508	494
508	521
508	779
508	847
508	900
508	918
509	168
509	459
509	461
509	520
509	925
509	944
509	985
510	423
510	668
510	695
510	735
510	886
510	946
510	977
511	39
511	48
511	118
511	162
511	678
511	875
511	968
512	202
512	437
512	499
512	624
512	838
512	855
512	956
513	844
513	850
513	911
513	952
513	991
513	995
513	997
514	25
514	54
514	329
514	772
514	871
514	980
514	990
515	556
515	643
515	740
515	816
515	980
515	985
515	1000
516	539
516	580
516	592
516	611
516	754
516	866
516	975
517	85
517	98
517	800
517	817
517	826
517	947
517	969
518	3
518	740
518	796
518	858
518	882
518	920
518	984
519	459
519	481
519	807
519	908
519	956
519	977
519	999
520	32
520	509
520	521
520	881
520	975
520	981
520	1000
521	42
521	52
521	508
521	520
521	626
521	717
521	903
522	676
522	747
522	801
522	923
522	958
522	971
522	983
523	150
523	720
523	803
523	881
523	885
523	949
523	978
524	149
524	233
524	573
524	683
524	851
524	939
524	987
525	223
525	534
525	758
525	861
525	879
525	908
525	962
526	5
526	101
526	251
526	816
526	829
526	860
526	938
527	153
527	484
527	579
527	724
527	849
527	965
527	990
528	488
528	629
528	782
528	908
528	920
528	964
528	988
529	90
529	129
529	230
529	462
529	533
529	582
529	997
530	124
530	377
530	718
530	847
530	883
530	910
530	959
531	378
531	715
531	898
531	937
531	944
531	953
531	998
532	190
532	297
532	371
532	676
532	870
532	931
532	979
533	321
533	529
533	608
533	911
533	927
533	955
533	958
534	30
534	238
534	525
534	667
534	772
534	880
534	965
535	120
535	121
535	160
535	823
535	919
535	972
535	986
536	489
536	545
536	729
536	818
536	919
536	974
536	990
537	180
537	411
537	801
537	864
537	891
537	996
537	999
538	469
538	684
538	733
538	782
538	839
538	867
538	870
539	266
539	516
539	635
539	787
539	957
539	973
539	993
540	560
540	693
540	885
540	963
540	967
540	968
540	980
541	350
541	706
541	865
541	917
541	922
541	985
541	986
542	7
542	422
542	641
542	771
542	914
542	963
542	988
543	758
543	768
543	877
543	920
543	921
543	958
543	998
544	376
544	463
544	707
544	802
544	868
544	888
544	982
545	265
545	398
545	536
545	605
545	811
545	839
545	934
546	224
546	243
546	697
546	710
546	848
546	867
546	925
547	172
547	565
547	653
547	673
547	766
547	820
547	823
548	211
548	233
548	805
548	956
548	967
548	973
548	996
549	31
549	376
549	666
549	698
549	813
549	893
549	949
550	36
550	417
550	588
550	949
550	971
550	972
550	999
551	287
551	654
551	740
551	909
551	953
551	958
551	981
552	406
552	485
552	637
552	675
552	830
552	844
552	998
553	405
553	502
553	766
553	872
553	906
553	911
553	961
554	187
554	204
554	429
554	708
554	847
554	890
554	966
555	453
555	593
555	668
555	683
555	774
555	957
555	959
556	298
556	387
556	515
556	697
556	888
556	980
556	998
557	656
557	688
557	851
557	861
557	884
557	896
557	992
558	792
558	808
558	813
558	934
558	965
558	981
558	991
559	63
559	482
559	719
559	866
559	899
559	944
559	982
559	991
560	9
560	29
560	36
560	384
560	540
560	736
560	923
560	930
561	283
561	596
561	613
561	874
561	911
561	939
561	977
561	989
562	672
562	744
562	792
562	914
562	916
562	945
562	974
562	979
563	308
563	473
563	704
563	905
563	916
563	944
563	952
563	974
564	110
564	667
564	883
564	908
564	920
564	955
564	978
564	1000
565	165
565	499
565	547
565	623
565	844
565	856
565	936
565	991
566	571
566	623
566	667
566	848
566	872
566	877
566	878
566	968
567	279
567	490
567	699
567	741
567	817
567	921
567	950
567	997
568	480
568	576
568	791
568	825
568	888
568	975
568	977
568	991
569	209
569	249
569	303
569	368
569	707
569	936
569	983
569	993
570	240
570	275
570	419
570	840
570	943
570	949
570	959
570	999
571	103
571	358
571	566
571	764
571	819
571	940
571	951
571	964
572	184
572	593
572	704
572	715
572	833
572	902
572	924
572	970
573	281
573	359
573	524
573	583
573	767
573	853
573	883
573	983
574	146
574	625
574	725
574	902
574	904
574	956
574	983
574	990
575	684
575	706
575	719
575	731
575	744
575	769
575	901
575	905
576	62
576	219
576	568
576	778
576	818
576	882
576	921
576	995
577	74
577	407
577	493
577	623
577	694
577	837
577	876
577	998
578	706
578	815
578	845
578	887
578	975
578	977
578	985
578	988
579	23
579	390
579	527
579	863
579	876
579	895
579	946
579	991
580	75
580	516
580	658
580	700
580	753
580	824
580	891
580	956
581	147
581	388
581	694
581	745
581	871
581	933
581	945
581	988
582	529
582	614
582	660
582	701
582	718
582	780
582	953
582	975
583	65
583	341
583	408
583	573
583	695
583	894
583	936
583	974
584	76
584	648
584	947
584	960
584	970
584	973
584	983
584	989
585	28
585	450
585	706
585	714
585	785
585	793
585	799
585	988
586	672
586	690
586	875
586	877
586	952
586	968
586	994
586	996
587	448
587	633
587	749
587	762
587	811
587	846
587	935
587	944
588	95
588	234
588	276
588	329
588	550
588	691
588	863
588	957
589	113
589	138
589	360
589	486
589	487
589	814
589	917
589	1000
590	312
590	423
590	646
590	760
590	777
590	824
590	962
590	986
591	175
591	720
591	741
591	804
591	955
591	957
591	969
591	993
592	80
592	123
592	516
592	849
592	863
592	948
592	981
592	996
593	318
593	429
593	476
593	555
593	572
593	622
593	782
593	971
594	169
594	667
594	759
594	835
594	837
594	853
594	876
594	947
595	389
595	415
595	767
595	802
595	873
595	920
595	987
595	998
596	561
596	719
596	835
596	855
596	913
596	917
596	960
596	989
597	53
597	395
597	735
597	762
597	777
597	918
597	963
597	970
598	711
598	729
598	858
598	912
598	967
598	979
598	994
598	1000
599	222
599	376
599	648
599	790
599	877
599	903
599	972
599	998
600	213
600	435
600	456
600	501
600	850
600	873
600	935
600	998
601	322
601	390
601	438
601	699
601	848
601	866
601	948
601	967
602	170
602	426
602	434
602	751
602	876
602	902
602	971
602	972
603	90
603	689
603	770
603	841
603	858
603	873
603	960
603	968
604	175
604	289
604	370
604	476
604	760
604	798
604	881
604	920
605	490
605	545
605	812
605	889
605	937
605	953
605	961
605	974
606	306
606	354
606	761
606	790
606	841
606	877
606	929
606	985
607	232
607	495
607	613
607	642
607	688
607	839
607	858
607	970
608	481
608	533
608	717
608	760
608	855
608	865
608	916
608	952
609	347
609	418
609	428
609	465
609	662
609	744
609	787
609	931
610	131
610	823
610	839
610	881
610	912
610	942
610	944
610	986
611	498
611	516
611	739
611	819
611	827
611	909
611	942
611	963
611	1000
612	303
612	305
612	616
612	685
612	686
612	711
612	752
612	864
612	944
613	392
613	449
613	477
613	561
613	607
613	764
613	872
613	976
613	978
614	46
614	74
614	333
614	582
614	697
614	885
614	900
614	947
614	1000
615	240
615	420
615	719
615	722
615	843
615	853
615	904
615	992
615	998
616	98
616	241
616	375
616	475
616	612
616	818
616	844
616	970
616	976
617	455
617	492
617	787
617	829
617	913
617	941
617	947
617	964
617	989
618	13
618	165
618	193
618	315
618	800
618	843
618	875
618	910
618	984
619	80
619	243
619	354
619	675
619	729
619	833
619	857
619	938
619	978
620	45
620	381
620	504
620	696
620	767
620	862
620	873
620	970
620	972
621	70
621	338
621	489
621	650
621	729
621	768
621	833
621	874
621	995
622	76
622	182
622	374
622	427
622	593
622	691
622	855
622	939
622	972
623	10
623	228
623	324
623	490
623	565
623	566
623	577
623	931
623	975
624	211
624	448
624	512
624	781
624	782
624	799
624	845
624	847
624	943
625	277
625	306
625	350
625	368
625	434
625	443
625	574
625	844
625	872
626	53
626	226
626	495
626	521
626	668
626	767
626	773
626	976
626	989
627	658
627	665
627	755
627	765
627	824
627	916
627	949
627	982
627	999
628	46
628	259
628	325
628	337
628	414
628	448
628	816
628	913
628	917
629	231
629	502
629	528
629	671
629	771
629	776
629	892
629	893
629	971
630	21
630	318
630	632
630	647
630	753
630	783
630	843
630	866
630	989
631	391
631	716
631	777
631	799
631	854
631	890
631	895
631	969
631	987
632	122
632	630
632	704
632	854
632	863
632	957
632	979
632	989
632	992
633	239
633	264
633	367
633	587
633	807
633	879
633	893
633	955
633	957
634	251
634	347
634	777
634	893
634	896
634	902
634	932
634	969
634	995
635	484
635	539
635	681
635	841
635	864
635	917
635	941
635	969
635	992
636	139
636	216
636	361
636	391
636	466
636	674
636	966
636	969
636	977
637	82
637	92
637	234
637	552
637	805
637	931
637	946
637	959
637	965
638	166
638	190
638	235
638	797
638	850
638	918
638	921
638	986
638	990
639	192
639	286
639	294
639	324
639	389
639	879
639	911
639	941
639	998
640	173
640	213
640	277
640	441
640	493
640	652
640	916
640	981
640	987
641	118
641	309
641	410
641	494
641	542
641	669
641	881
641	930
641	964
642	74
642	167
642	400
642	607
642	790
642	898
642	958
642	998
642	1000
643	147
643	515
643	688
643	781
643	820
643	839
643	963
643	971
643	988
644	184
644	265
644	483
644	772
644	808
644	906
644	929
644	976
644	999
645	66
645	507
645	726
645	816
645	835
645	844
645	859
645	960
645	968
646	99
646	590
646	699
646	728
646	741
646	822
646	902
646	934
646	982
647	501
647	630
647	649
647	773
647	897
647	952
647	973
647	983
647	995
648	384
648	480
648	584
648	599
648	679
648	755
648	794
648	822
648	915
649	32
649	199
649	647
649	725
649	814
649	874
649	943
649	978
649	984
650	207
650	289
650	621
650	783
650	821
650	827
650	880
650	950
650	971
651	4
651	376
651	428
651	488
651	707
651	756
651	839
651	896
651	975
652	169
652	256
652	640
652	653
652	742
652	766
652	774
652	895
652	917
653	181
653	506
653	547
653	652
653	655
653	666
653	728
653	904
653	937
653	974
654	242
654	369
654	551
654	682
654	698
654	716
654	797
654	917
654	968
654	986
655	6
655	397
655	502
655	506
655	653
655	762
655	785
655	813
655	864
655	874
656	82
656	103
656	557
656	658
656	664
656	739
656	865
656	898
656	977
656	987
657	270
657	737
657	779
657	857
657	865
657	887
657	903
657	913
657	932
657	994
658	133
658	443
658	580
658	627
658	656
658	800
658	935
658	968
658	980
658	999
659	18
659	78
659	398
659	486
659	848
659	907
659	916
659	923
659	969
659	996
660	484
660	582
660	752
660	797
660	851
660	946
660	979
660	981
660	993
660	997
661	149
661	273
661	784
661	792
661	951
661	966
661	972
661	979
661	988
661	999
662	385
662	609
662	700
662	827
662	854
662	873
662	892
662	898
662	901
662	1000
663	405
663	422
663	780
663	790
663	900
663	922
663	932
663	951
663	978
663	986
664	232
664	350
664	463
664	656
664	737
664	770
664	840
664	853
664	911
664	1000
665	35
665	157
665	627
665	882
665	900
665	928
665	946
665	988
665	992
665	1000
666	256
666	257
666	549
666	653
666	757
666	886
666	933
666	940
666	943
666	989
667	65
667	406
667	534
667	564
667	566
667	594
667	805
667	842
667	897
667	936
668	438
668	510
668	555
668	626
668	800
668	821
668	823
668	871
668	904
668	918
669	66
669	641
669	770
669	773
669	779
669	893
669	905
669	907
669	913
669	924
670	206
670	229
670	308
670	719
670	723
670	759
670	818
670	832
670	962
670	963
671	629
671	788
671	802
671	810
671	886
671	894
671	919
671	922
671	925
671	960
672	142
672	562
672	586
672	679
672	696
672	847
672	878
672	887
672	906
672	946
673	27
673	431
673	547
673	732
673	787
673	810
673	838
673	869
673	916
673	969
674	18
674	200
674	315
674	393
674	636
674	687
674	745
674	926
674	927
674	973
675	239
675	403
675	552
675	619
675	826
675	925
675	934
675	951
675	962
675	979
676	181
676	244
676	285
676	522
676	532
676	699
676	736
676	913
676	947
676	961
677	57
677	132
677	691
677	733
677	806
677	827
677	943
677	954
677	960
677	978
678	215
678	414
678	511
678	709
678	761
678	891
678	914
678	924
678	933
678	967
679	128
679	468
679	648
679	672
679	806
679	877
679	894
679	936
679	941
679	994
680	728
680	751
680	808
680	842
680	850
680	878
680	894
680	917
680	922
680	980
681	250
681	635
681	772
681	857
681	883
681	927
681	931
681	956
681	962
681	979
682	328
682	358
682	654
682	725
682	772
682	817
682	824
682	857
682	896
682	937
683	524
683	555
683	694
683	702
683	744
683	795
683	814
683	879
683	891
683	977
684	195
684	298
684	388
684	538
684	575
684	765
684	926
684	957
684	968
684	969
685	33
685	475
685	612
685	695
685	744
685	875
685	909
685	980
685	986
685	999
686	328
686	393
686	612
686	714
686	805
686	931
686	941
686	963
686	964
686	988
687	63
687	342
687	369
687	674
687	914
687	924
687	931
687	953
687	983
687	991
688	158
688	186
688	503
688	557
688	607
688	643
688	793
688	890
688	961
688	970
689	391
689	603
689	772
689	846
689	886
689	935
689	939
689	948
689	960
689	961
690	163
690	374
690	586
690	710
690	761
690	767
690	906
690	965
690	967
690	990
691	94
691	198
691	470
691	588
691	622
691	677
691	805
691	883
691	889
691	901
692	737
692	743
692	786
692	787
692	789
692	858
692	926
692	945
692	956
692	976
693	28
693	437
693	540
693	716
693	890
693	891
693	898
693	933
693	950
693	981
694	22
694	278
694	577
694	581
694	683
694	785
694	792
694	819
694	849
694	935
694	948
695	233
695	391
695	424
695	481
695	510
695	583
695	685
695	925
695	932
695	994
695	998
696	93
696	319
696	381
696	484
696	620
696	672
696	763
696	954
696	976
696	987
696	999
697	41
697	103
697	546
697	556
697	614
697	771
697	896
697	947
697	972
697	982
697	994
698	214
698	356
698	549
698	654
698	705
698	727
698	753
698	945
698	950
698	981
698	986
699	210
699	403
699	567
699	601
699	646
699	676
699	896
699	915
699	923
699	948
699	958
700	8
700	9
700	467
700	580
700	662
700	851
700	862
700	901
700	904
700	909
700	915
701	316
701	582
701	743
701	764
701	868
701	877
701	891
701	921
701	966
701	974
701	977
702	10
702	294
702	683
702	703
702	864
702	869
702	889
702	918
702	926
702	962
702	965
703	104
703	106
703	297
703	366
703	445
703	702
703	833
703	858
703	873
703	920
703	992
704	20
704	563
704	572
704	632
704	754
704	796
704	847
704	887
704	929
704	933
704	995
705	101
705	454
705	462
705	495
705	698
705	768
705	841
705	887
705	972
705	985
705	995
706	541
706	575
706	578
706	585
706	787
706	788
706	898
706	917
706	930
706	947
706	984
707	221
707	490
707	544
707	569
707	651
707	728
707	956
707	966
707	981
707	993
707	995
708	177
708	341
708	350
708	554
708	739
708	762
708	809
708	888
708	935
708	945
708	969
709	678
709	752
709	754
709	768
709	821
709	871
709	914
709	961
709	968
709	976
709	982
710	226
710	546
710	690
710	769
710	788
710	876
710	935
710	944
710	966
710	979
710	989
711	49
711	424
711	490
711	598
711	612
711	733
711	757
711	962
711	984
711	990
711	999
712	410
712	507
712	727
712	824
712	852
712	855
712	863
712	955
712	971
712	982
712	990
713	287
713	383
713	422
713	430
713	896
713	930
713	938
713	942
713	951
713	963
713	986
714	282
714	357
714	384
714	585
714	686
714	736
714	740
714	794
714	814
714	946
714	983
715	440
715	464
715	531
715	572
715	747
715	794
715	910
715	941
715	950
715	983
715	994
716	197
716	200
716	345
716	631
716	654
716	693
716	785
716	828
716	922
716	967
716	975
717	50
717	60
717	144
717	435
717	521
717	608
717	754
717	796
717	922
717	950
717	982
718	286
718	421
718	477
718	481
718	530
718	582
718	738
718	761
718	865
718	961
718	999
719	99
719	153
719	559
719	575
719	596
719	615
719	670
719	778
719	812
719	902
719	976
720	42
720	523
720	591
720	738
720	790
720	839
720	913
720	925
720	926
720	974
720	978
721	34
721	92
721	302
721	759
721	809
721	870
721	926
721	942
721	951
721	982
721	998
722	356
722	382
722	615
722	779
722	892
722	906
722	915
722	917
722	943
722	961
722	965
723	77
723	273
723	277
723	336
723	376
723	464
723	483
723	670
723	759
723	911
723	994
724	244
724	373
724	417
724	505
724	527
724	786
724	856
724	872
724	945
724	980
724	998
725	76
725	176
725	233
725	466
725	574
725	649
725	682
725	747
725	948
725	956
725	975
726	89
726	126
726	151
726	397
726	446
726	645
726	746
726	932
726	934
726	939
726	988
727	698
727	712
727	778
727	799
727	850
727	871
727	918
727	922
727	968
727	971
727	983
728	424
728	646
728	653
728	680
728	707
728	747
728	842
728	866
728	928
728	974
728	986
729	299
729	367
729	536
729	598
729	619
729	621
729	776
729	832
729	842
729	880
729	894
729	911
730	144
730	402
730	421
730	756
730	808
730	828
730	838
730	915
730	932
730	944
730	969
730	976
731	106
731	118
731	275
731	309
731	413
731	575
731	869
731	949
731	959
731	963
731	991
731	999
732	237
732	421
732	428
732	673
732	840
732	883
732	906
732	914
732	920
732	930
732	978
732	994
733	111
733	123
733	337
733	441
733	538
733	677
733	711
733	836
733	951
733	956
733	959
733	988
734	136
734	178
734	392
734	789
734	814
734	862
734	907
734	940
734	961
734	977
734	989
734	991
735	192
735	272
735	409
735	510
735	597
735	746
735	858
735	905
735	950
735	955
735	976
735	996
736	560
736	676
736	714
736	798
736	807
736	867
736	869
736	893
736	899
736	949
736	953
736	978
737	45
737	440
737	657
737	664
737	692
737	757
737	788
737	907
737	911
737	949
737	952
737	1000
738	39
738	59
738	204
738	276
738	718
738	720
738	739
738	759
738	765
738	776
738	795
738	803
739	454
739	611
739	656
739	708
739	738
739	772
739	794
739	820
739	826
739	891
739	931
739	940
740	11
740	326
740	499
740	515
740	518
740	551
740	714
740	773
740	886
740	895
740	937
740	997
741	28
741	260
741	274
741	335
741	396
741	470
741	567
741	591
741	646
741	831
741	993
741	995
742	290
742	294
742	480
742	652
742	844
742	913
742	937
742	959
742	965
742	967
742	985
742	995
743	124
743	353
743	692
743	701
743	831
743	846
743	852
743	916
743	961
743	972
743	984
743	986
744	56
744	152
744	465
744	562
744	575
744	609
744	683
744	685
744	758
744	971
744	975
744	993
745	89
745	308
745	396
745	442
745	581
745	674
745	784
745	791
745	915
745	991
745	995
745	1000
746	26
746	315
746	432
746	488
746	504
746	726
746	735
746	750
746	766
746	772
746	900
746	999
747	58
747	131
747	324
747	522
747	715
747	725
747	728
747	795
747	802
747	815
747	899
747	959
748	69
748	348
748	882
748	920
748	933
748	965
748	984
748	988
748	992
748	993
748	997
748	1000
749	157
749	289
749	452
749	587
749	754
749	755
749	804
749	813
749	839
749	894
749	946
749	957
750	17
750	156
750	225
750	314
750	746
750	824
750	929
750	937
750	944
750	945
750	978
750	1000
751	75
751	78
751	220
751	286
751	602
751	680
751	768
751	926
751	967
751	984
751	993
751	997
752	270
752	385
752	612
752	660
752	709
752	780
752	824
752	870
752	910
752	914
752	995
752	1000
753	40
753	72
753	125
753	309
753	449
753	580
753	630
753	698
753	849
753	941
753	951
753	990
754	141
754	344
754	516
754	704
754	709
754	717
754	749
754	835
754	868
754	890
754	950
754	997
755	22
755	466
755	627
755	648
755	749
755	862
755	883
755	928
755	936
755	940
755	977
755	987
756	102
756	185
756	491
756	651
756	730
756	834
756	901
756	903
756	933
756	935
756	951
756	964
757	235
757	265
757	405
757	474
757	666
757	711
757	737
757	771
757	791
757	972
757	978
757	995
758	127
758	245
758	525
758	543
758	744
758	846
758	890
758	939
758	962
758	994
758	995
758	998
759	87
759	180
759	594
759	670
759	721
759	723
759	738
759	803
759	852
759	853
759	890
759	919
760	253
760	361
760	590
760	604
760	608
760	784
760	920
760	942
760	946
760	969
760	975
760	990
761	269
761	282
761	606
761	678
761	690
761	718
761	821
761	880
761	893
761	900
761	955
761	1000
762	400
762	587
762	597
762	655
762	708
762	843
762	874
762	875
762	915
762	925
762	953
762	981
762	993
763	17
763	70
763	227
763	342
763	478
763	479
763	696
763	876
763	909
763	928
763	984
763	994
763	996
764	244
764	355
764	487
764	571
764	613
764	701
764	839
764	895
764	945
764	960
764	964
764	965
764	997
765	172
765	627
765	684
765	738
765	770
765	845
765	880
765	947
765	958
765	959
765	984
765	986
765	992
766	498
766	547
766	553
766	652
766	746
766	798
766	906
766	908
766	915
766	927
766	930
766	949
766	968
767	117
767	182
767	240
767	351
767	573
767	595
767	620
767	626
767	690
767	829
767	940
767	995
767	998
768	543
768	621
768	705
768	709
768	751
768	780
768	840
768	843
768	850
768	886
768	910
768	916
768	996
769	3
769	194
769	575
769	710
769	801
769	822
769	835
769	887
769	922
769	974
769	988
769	990
769	992
770	65
770	397
770	502
770	603
770	664
770	669
770	765
770	797
770	808
770	847
770	887
770	983
770	994
771	311
771	390
771	492
771	542
771	629
771	697
771	757
771	862
771	911
771	922
771	967
771	993
771	1000
772	222
772	514
772	534
772	644
772	681
772	682
772	689
772	739
772	746
772	824
772	875
772	893
772	986
773	100
773	189
773	425
773	626
773	647
773	669
773	740
773	900
773	942
773	950
773	953
773	969
773	978
774	79
774	121
774	457
774	468
774	555
774	652
774	813
774	816
774	828
774	843
774	857
774	986
774	997
775	18
775	236
775	781
775	873
775	932
775	938
775	951
775	955
775	966
775	969
775	972
775	981
775	999
776	26
776	53
776	88
776	148
776	293
776	492
776	629
776	729
776	738
776	974
776	986
776	995
776	998
777	491
777	590
777	597
777	631
777	634
777	861
777	890
777	894
777	952
777	964
777	966
777	973
777	986
778	334
778	576
778	719
778	727
778	821
778	903
778	921
778	932
778	934
778	949
778	955
778	976
778	984
779	64
779	323
779	324
779	433
779	448
779	474
779	508
779	657
779	669
779	722
779	807
779	849
779	921
780	317
780	582
780	663
780	752
780	768
780	880
780	888
780	893
780	906
780	928
780	943
780	983
780	995
781	15
781	179
781	236
781	261
781	624
781	643
781	775
781	862
781	927
781	964
781	976
781	978
781	987
782	19
782	386
782	528
782	538
782	593
782	624
782	803
782	815
782	902
782	934
782	939
782	945
782	960
783	183
783	281
783	296
783	500
783	630
783	650
783	789
783	806
783	875
783	904
783	920
783	969
783	976
784	188
784	451
784	504
784	661
784	745
784	760
784	881
784	882
784	896
784	902
784	910
784	912
784	968
785	163
785	203
785	502
785	585
785	655
785	694
785	716
785	833
785	855
785	861
785	885
785	901
785	915
786	55
786	108
786	126
786	135
786	447
786	692
786	724
786	810
786	837
786	859
786	905
786	929
786	999
787	61
787	165
787	388
787	539
787	609
787	617
787	673
787	692
787	706
787	847
787	882
787	921
787	975
788	233
788	236
788	293
788	304
788	419
788	671
788	706
788	710
788	737
788	813
788	891
788	985
788	986
789	44
789	431
789	460
789	692
789	734
789	783
789	873
789	880
789	889
789	909
789	951
789	956
789	977
790	255
790	273
790	334
790	364
790	383
790	599
790	606
790	642
790	663
790	720
790	855
790	965
790	980
790	991
791	150
791	441
791	568
791	745
791	757
791	800
791	803
791	890
791	924
791	936
791	937
791	939
791	974
791	980
792	109
792	182
792	245
792	395
792	558
792	562
792	661
792	694
792	926
792	934
792	945
792	958
792	968
792	998
793	279
793	348
793	465
793	467
793	585
793	688
793	811
793	861
793	893
793	965
793	974
793	978
793	985
793	992
794	648
794	714
794	715
794	739
794	801
794	824
794	830
794	838
794	873
794	906
794	917
794	946
794	969
794	981
795	36
795	372
795	475
795	500
795	683
795	738
795	747
795	796
795	830
795	862
795	883
795	914
795	930
795	999
796	144
796	230
796	249
796	341
796	448
796	518
796	704
796	717
796	795
796	821
796	872
796	926
796	953
796	984
797	111
797	151
797	267
797	333
797	638
797	654
797	660
797	770
797	804
797	901
797	915
797	951
797	967
797	999
798	163
798	269
798	406
798	604
798	736
798	766
798	807
798	818
798	852
798	872
798	884
798	931
798	966
798	990
799	61
799	262
799	585
799	624
799	631
799	727
799	853
799	892
799	933
799	943
799	965
799	976
799	988
799	997
800	168
800	175
800	517
800	618
800	658
800	668
800	791
800	838
800	869
800	904
800	916
800	958
800	971
800	992
801	40
801	69
801	228
801	314
801	501
801	522
801	537
801	769
801	794
801	849
801	927
801	935
801	946
801	963
802	196
802	397
802	443
802	446
802	489
802	544
802	595
802	671
802	747
802	839
802	865
802	890
802	966
802	985
803	33
803	62
803	224
803	364
803	479
803	523
803	738
803	759
803	782
803	791
803	819
803	893
803	919
803	984
804	255
804	274
804	379
804	420
804	450
804	591
804	749
804	797
804	851
804	927
804	932
804	946
804	947
804	992
805	105
805	218
805	331
805	548
805	637
805	667
805	686
805	691
805	859
805	928
805	960
805	961
805	962
805	982
806	15
806	284
806	378
806	427
806	446
806	460
806	677
806	679
806	783
806	897
806	940
806	958
806	974
806	984
807	226
807	316
807	391
807	519
807	633
807	736
807	779
807	798
807	844
807	869
807	904
807	908
807	947
807	990
808	246
808	437
808	558
808	644
808	680
808	730
808	770
808	835
808	905
808	943
808	967
808	981
808	984
808	987
809	10
809	191
809	252
809	374
809	403
809	708
809	721
809	933
809	949
809	950
809	952
809	970
809	971
809	992
810	5
810	188
810	190
810	241
810	475
810	671
810	673
810	786
810	818
810	872
810	894
810	947
810	957
810	983
811	141
811	231
811	338
811	443
811	486
811	495
811	545
811	587
811	793
811	867
811	876
811	908
811	973
811	977
812	320
812	326
812	605
812	719
812	861
812	898
812	909
812	920
812	943
812	949
812	963
812	970
812	976
812	992
813	134
813	259
813	305
813	496
813	549
813	558
813	655
813	749
813	774
813	788
813	848
813	888
813	937
813	973
814	201
814	220
814	346
814	589
814	649
814	683
814	714
814	734
814	826
814	848
814	860
814	899
814	964
814	988
815	37
815	198
815	449
815	578
815	747
815	782
815	820
815	889
815	937
815	950
815	976
815	977
815	990
815	997
816	125
816	352
816	515
816	526
816	628
816	645
816	774
816	829
816	835
816	869
816	918
816	929
816	970
816	981
816	993
817	68
817	198
817	265
817	388
817	517
817	567
817	682
817	819
817	820
817	828
817	930
817	962
817	987
817	996
817	998
818	44
818	404
818	440
818	536
818	576
818	616
818	670
818	798
818	810
818	894
818	903
818	924
818	940
818	955
818	971
819	130
819	321
819	412
819	571
819	611
819	694
819	803
819	817
819	831
819	844
819	846
819	886
819	989
819	990
819	997
820	121
820	206
820	239
820	388
820	547
820	643
820	739
820	815
820	817
820	897
820	911
820	926
820	932
820	959
820	972
821	300
821	650
821	668
821	709
821	761
821	778
821	796
821	825
821	860
821	954
821	961
821	967
821	986
821	995
821	1000
822	277
822	493
822	496
822	646
822	648
822	769
822	878
822	902
822	944
822	949
822	964
822	985
822	988
822	994
822	997
823	248
823	254
823	342
823	379
823	408
823	453
823	535
823	547
823	610
823	668
823	876
823	926
823	985
823	994
823	996
824	19
824	322
824	580
824	590
824	627
824	682
824	712
824	750
824	752
824	772
824	794
824	834
824	884
824	992
824	1000
825	48
825	104
825	227
825	305
825	367
825	568
825	821
825	832
825	848
825	883
825	911
825	920
825	957
825	969
825	996
826	90
826	443
826	498
826	517
826	675
826	739
826	814
826	848
826	895
826	904
826	912
826	913
826	918
826	954
826	970
827	83
827	174
827	347
827	377
827	387
827	611
827	650
827	662
827	677
827	836
827	884
827	895
827	920
827	933
827	934
828	201
828	274
828	293
828	407
828	716
828	730
828	774
828	817
828	860
828	867
828	918
828	926
828	930
828	960
828	990
829	8
829	258
829	356
829	433
829	479
829	526
829	617
829	767
829	816
829	840
829	930
829	931
829	957
829	971
829	981
829	994
830	126
830	271
830	283
830	414
830	485
830	506
830	552
830	794
830	795
830	912
830	917
830	957
830	970
830	979
830	981
830	983
831	101
831	176
831	244
831	437
831	451
831	741
831	743
831	819
831	886
831	915
831	926
831	945
831	950
831	955
831	966
831	981
832	30
832	41
832	670
832	729
832	825
832	864
832	871
832	877
832	892
832	909
832	925
832	929
832	960
832	982
832	986
832	996
833	215
833	255
833	313
833	339
833	355
833	429
833	572
833	619
833	621
833	703
833	785
833	869
833	965
833	979
833	993
833	996
834	12
834	43
834	71
834	109
834	116
834	336
834	340
834	756
834	824
834	863
834	870
834	885
834	933
834	944
834	949
834	1000
835	94
835	171
835	483
835	594
835	596
835	645
835	754
835	769
835	808
835	816
835	842
835	852
835	863
835	877
835	915
835	951
836	52
836	197
836	261
836	302
836	354
836	395
836	733
836	827
836	874
836	899
836	924
836	927
836	950
836	952
836	986
836	992
837	11
837	60
837	243
837	338
837	445
837	577
837	594
837	786
837	853
837	856
837	862
837	954
837	958
837	989
837	991
837	996
838	30
838	229
838	470
838	512
838	673
838	730
838	794
838	800
838	853
838	932
838	938
838	966
838	979
838	981
838	994
838	997
839	86
839	256
839	457
839	538
839	545
839	607
839	610
839	643
839	651
839	720
839	749
839	764
839	802
839	907
839	944
839	971
840	132
840	301
840	570
840	664
840	732
840	768
840	829
840	843
840	879
840	885
840	890
840	891
840	973
840	985
840	987
840	991
841	54
841	105
841	351
841	413
841	603
841	606
841	635
841	705
841	845
841	872
841	891
841	894
841	922
841	964
841	990
841	996
842	253
842	259
842	463
842	667
842	680
842	728
842	729
842	835
842	859
842	867
842	873
842	887
842	922
842	941
842	954
842	979
842	984
843	371
843	615
843	618
843	630
843	762
843	768
843	774
843	840
843	880
843	892
843	922
843	925
843	934
843	947
843	980
843	994
843	1000
844	129
844	148
844	297
844	482
844	513
844	552
844	565
844	616
844	625
844	645
844	742
844	807
844	819
844	856
844	915
844	945
844	951
845	248
845	258
845	412
845	486
845	494
845	578
845	624
845	765
845	841
845	913
845	918
845	923
845	942
845	984
845	987
845	991
845	996
846	53
846	290
846	317
846	387
846	587
846	689
846	743
846	758
846	819
846	896
846	914
846	918
846	929
846	943
846	961
846	964
846	974
847	20
847	50
847	263
847	291
847	390
847	456
847	508
847	530
847	554
847	624
847	672
847	704
847	770
847	787
847	899
847	948
847	997
848	253
848	255
848	323
848	390
848	546
848	566
848	601
848	659
848	813
848	814
848	825
848	826
848	907
848	941
848	955
848	962
848	990
849	8
849	122
849	357
849	527
849	592
849	694
849	753
849	779
849	801
849	898
849	922
849	927
849	932
849	970
849	986
849	989
849	991
850	370
850	387
850	501
850	513
850	600
850	638
850	680
850	727
850	768
850	895
850	927
850	931
850	932
850	946
850	978
850	984
850	988
851	304
851	420
851	524
851	557
851	660
851	700
851	804
851	903
851	933
851	936
851	941
851	951
851	967
851	976
851	980
851	989
851	994
852	93
852	117
852	437
852	493
852	712
852	743
852	759
852	798
852	835
852	853
852	889
852	897
852	960
852	961
852	974
852	986
852	987
853	154
853	400
853	573
853	594
853	615
853	664
853	759
853	799
853	837
853	838
853	852
853	861
853	865
853	941
853	956
853	974
853	978
854	32
854	159
854	235
854	631
854	632
854	662
854	878
854	893
854	901
854	904
854	923
854	947
854	975
854	976
854	988
854	992
854	1000
855	93
855	309
855	487
855	512
855	596
855	608
855	622
855	712
855	785
855	790
855	873
855	913
855	918
855	935
855	973
855	975
855	991
856	5
856	230
856	237
856	315
856	349
856	430
856	491
856	565
856	724
856	837
856	844
856	886
856	934
856	970
856	981
856	983
856	992
857	217
857	252
857	309
857	395
857	619
857	657
857	681
857	682
857	774
857	882
857	907
857	957
857	967
857	969
857	973
857	983
857	984
858	26
858	153
858	174
858	176
858	336
858	518
858	598
858	603
858	607
858	692
858	703
858	735
858	958
858	971
858	983
858	987
858	998
859	66
859	218
859	291
859	333
859	645
859	786
859	805
859	842
859	878
859	896
859	917
859	957
859	980
859	992
859	998
859	999
859	1000
860	27
860	80
860	338
860	396
860	479
860	526
860	814
860	821
860	828
860	898
860	908
860	909
860	917
860	918
860	924
860	973
860	982
861	81
861	300
861	497
861	525
861	557
861	777
861	785
861	793
861	812
861	853
861	890
861	899
861	951
861	961
861	964
861	982
861	984
861	986
862	264
862	472
862	475
862	486
862	507
862	620
862	700
862	734
862	755
862	771
862	781
862	795
862	837
862	942
862	964
862	982
862	991
862	1000
863	39
863	145
863	156
863	191
863	316
863	440
863	579
863	588
863	592
863	632
863	712
863	834
863	835
863	897
863	916
863	948
863	972
863	982
864	3
864	167
864	197
864	334
864	338
864	412
864	453
864	537
864	612
864	635
864	655
864	702
864	832
864	928
864	967
864	971
864	978
864	987
865	171
865	189
865	220
865	455
865	541
865	608
865	656
865	657
865	718
865	802
865	853
865	879
865	892
865	893
865	901
865	943
865	950
865	996
866	325
866	330
866	489
866	498
866	516
866	559
866	601
866	630
866	728
866	903
866	905
866	920
866	926
866	938
866	939
866	952
866	984
866	1000
867	102
867	116
867	260
867	263
867	336
867	538
867	546
867	736
867	811
867	828
867	842
867	890
867	895
867	938
867	953
867	969
867	975
867	976
868	148
868	174
868	194
868	470
868	503
868	544
868	701
868	754
868	882
868	907
868	928
868	946
868	949
868	953
868	959
868	978
868	998
868	1000
869	295
869	365
869	383
869	384
869	387
869	409
869	440
869	673
869	702
869	731
869	736
869	800
869	807
869	816
869	833
869	884
869	912
869	939
869	999
870	196
870	200
870	219
870	271
870	284
870	292
870	394
870	532
870	538
870	721
870	752
870	834
870	902
870	945
870	948
870	980
870	987
870	993
870	994
871	277
871	364
871	458
871	486
871	489
871	514
871	581
871	668
871	709
871	727
871	832
871	922
871	941
871	949
871	971
871	979
871	985
871	989
871	991
872	135
872	140
872	362
872	553
872	566
872	613
872	625
872	724
872	796
872	798
872	810
872	841
872	888
872	893
872	905
872	927
872	929
872	931
872	953
873	264
873	288
873	389
873	459
873	595
873	600
873	603
873	620
873	662
873	703
873	775
873	789
873	794
873	842
873	855
873	927
873	939
873	940
873	954
874	285
874	356
874	561
874	621
874	649
874	655
874	762
874	836
874	904
874	913
874	927
874	931
874	947
874	954
874	977
874	984
874	987
874	996
874	1000
875	179
875	302
875	393
875	458
875	462
875	506
875	511
875	586
875	618
875	685
875	762
875	772
875	783
875	970
875	975
875	984
875	987
875	991
875	994
876	16
876	99
876	113
876	323
876	577
876	579
876	594
876	602
876	710
876	763
876	811
876	823
876	905
876	917
876	918
876	948
876	952
876	960
876	992
877	78
877	181
877	191
877	299
877	366
877	430
877	450
877	543
877	566
877	586
877	599
877	606
877	679
877	701
877	832
877	835
877	959
877	983
877	998
878	114
878	193
878	214
878	251
878	326
878	447
878	566
878	672
878	680
878	822
878	854
878	859
878	893
878	922
878	968
878	979
878	981
878	987
878	994
879	125
879	185
879	435
879	525
879	633
879	639
879	683
879	840
879	865
879	938
879	948
879	957
879	958
879	977
879	982
879	990
879	992
879	997
879	1000
880	406
880	450
880	534
880	650
880	729
880	761
880	765
880	780
880	789
880	843
880	890
880	900
880	912
880	918
880	924
880	928
880	930
880	962
880	973
880	995
881	14
881	59
881	202
881	497
881	520
881	523
881	604
881	610
881	641
881	784
881	897
881	904
881	906
881	912
881	919
881	949
881	951
881	954
881	960
881	997
882	42
882	240
882	327
882	380
882	436
882	477
882	480
882	506
882	518
882	576
882	665
882	748
882	784
882	787
882	857
882	868
882	916
882	932
882	973
882	985
883	15
883	64
883	270
883	530
883	564
883	573
883	681
883	691
883	732
883	755
883	795
883	825
883	897
883	898
883	907
883	926
883	933
883	970
883	986
883	987
884	6
884	83
884	95
884	383
884	426
884	492
884	557
884	798
884	824
884	827
884	869
884	895
884	906
884	910
884	942
884	978
884	982
884	990
884	999
884	1000
885	24
885	29
885	336
885	349
885	352
885	433
885	445
885	457
885	466
885	523
885	540
885	614
885	785
885	834
885	840
885	922
885	932
885	953
885	961
885	971
886	24
886	105
886	313
886	357
886	510
886	666
886	671
886	689
886	740
886	768
886	819
886	831
886	856
886	909
886	924
886	959
886	961
886	970
886	971
886	973
887	25
887	76
887	229
887	578
887	657
887	672
887	704
887	705
887	769
887	770
887	842
887	898
887	907
887	924
887	935
887	938
887	965
887	987
887	988
887	989
887	991
888	30
888	84
888	155
888	183
888	265
888	332
888	423
888	456
888	482
888	544
888	556
888	568
888	708
888	780
888	813
888	872
888	916
888	919
888	970
888	982
888	992
889	133
889	158
889	193
889	199
889	360
889	363
889	380
889	407
889	605
889	691
889	702
889	789
889	815
889	852
889	910
889	937
889	963
889	986
889	988
889	991
889	994
890	357
890	473
890	554
890	631
890	688
890	693
890	754
890	758
890	759
890	777
890	791
890	802
890	840
890	861
890	867
890	880
890	935
890	958
890	969
890	981
890	990
891	33
891	352
891	365
891	537
891	580
891	678
891	683
891	693
891	701
891	739
891	788
891	840
891	841
891	907
891	912
891	961
891	966
891	972
891	975
891	984
891	990
892	142
892	227
892	312
892	345
892	354
892	368
892	444
892	629
892	662
892	722
892	799
892	832
892	843
892	865
892	894
892	925
892	938
892	987
892	988
892	991
892	1000
893	247
893	358
893	405
893	456
893	549
893	629
893	633
893	634
893	669
893	736
893	761
893	772
893	780
893	793
893	803
893	854
893	865
893	872
893	878
893	951
893	995
894	164
894	182
894	316
894	410
894	456
894	466
894	583
894	671
894	679
894	680
894	729
894	749
894	777
894	810
894	818
894	841
894	892
894	895
894	911
894	919
894	963
895	20
895	288
895	301
895	445
895	460
895	475
895	478
895	579
895	631
895	652
895	740
895	764
895	826
895	827
895	850
895	867
895	884
895	894
895	924
895	947
895	997
896	14
896	196
896	288
896	317
896	331
896	456
896	557
896	634
896	651
896	682
896	697
896	699
896	713
896	784
896	846
896	859
896	911
896	935
896	948
896	953
896	995
897	137
897	246
897	348
897	366
897	391
897	647
897	667
897	806
897	820
897	852
897	863
897	881
897	883
897	911
897	924
897	930
897	952
897	959
897	960
897	971
897	986
897	991
898	19
898	78
898	145
898	211
898	287
898	436
898	477
898	531
898	642
898	656
898	662
898	693
898	706
898	812
898	849
898	860
898	883
898	887
898	922
898	944
898	976
898	983
899	44
899	172
899	249
899	290
899	415
899	427
899	559
899	736
899	747
899	814
899	836
899	847
899	861
899	907
899	928
899	934
899	970
899	971
899	977
899	980
899	987
899	994
900	45
900	169
900	300
900	471
900	508
900	614
900	663
900	665
900	746
900	761
900	773
900	880
900	902
900	914
900	954
900	962
900	971
900	985
900	987
900	996
900	997
900	999
901	37
901	151
901	173
901	284
901	286
901	293
901	575
901	662
901	691
901	700
901	756
901	785
901	797
901	854
901	865
901	915
901	937
901	951
901	952
901	955
901	985
901	988
901	989
902	41
902	282
902	312
902	409
902	484
902	572
902	574
902	602
902	634
902	646
902	719
902	782
902	784
902	822
902	870
902	900
902	921
902	947
902	949
902	952
902	953
902	976
902	999
903	11
903	256
903	399
903	432
903	497
903	521
903	599
903	657
903	756
903	778
903	818
903	851
903	866
903	904
903	908
903	934
903	938
903	941
903	947
903	950
903	959
903	965
903	973
904	69
904	150
904	215
904	270
904	574
904	615
904	653
904	668
904	700
904	783
904	800
904	807
904	826
904	854
904	874
904	881
904	903
904	920
904	936
904	959
904	974
904	981
904	999
905	374
905	483
905	563
905	575
905	669
905	735
905	786
905	808
905	866
905	872
905	876
905	909
905	929
905	935
905	948
905	955
905	963
905	972
905	983
905	990
905	991
905	993
905	998
906	138
906	160
906	187
906	239
906	474
906	553
906	644
906	672
906	690
906	722
906	732
906	766
906	780
906	794
906	881
906	884
906	919
906	938
906	956
906	963
906	977
906	988
906	989
907	46
907	262
907	340
907	372
907	472
907	659
907	669
907	734
907	737
907	839
907	848
907	857
907	868
907	883
907	887
907	891
907	899
907	912
907	939
907	943
907	958
907	964
907	972
908	64
908	154
908	230
908	488
908	497
908	519
908	525
908	528
908	564
908	766
908	807
908	811
908	860
908	903
908	919
908	928
908	929
908	973
908	978
908	980
908	992
908	993
908	995
909	252
909	377
909	468
909	503
909	551
909	611
909	685
909	700
909	763
909	789
909	812
909	832
909	860
909	886
909	905
909	942
909	944
909	955
909	975
909	979
909	985
909	988
909	998
910	266
910	312
910	425
910	461
910	530
910	618
910	715
910	752
910	768
910	784
910	884
910	889
910	940
910	942
910	943
910	946
910	953
910	958
910	959
910	961
910	972
910	975
910	985
910	989
911	152
911	513
911	533
911	553
911	561
911	639
911	664
911	723
911	729
911	737
911	771
911	820
911	825
911	894
911	896
911	897
911	912
911	937
911	971
911	978
911	982
911	987
911	989
911	992
912	21
912	260
912	285
912	331
912	337
912	598
912	610
912	784
912	826
912	830
912	869
912	880
912	881
912	891
912	907
912	911
912	914
912	932
912	937
912	965
912	968
912	969
912	994
912	998
913	136
913	229
913	276
913	307
913	389
913	430
913	596
913	617
913	628
913	657
913	669
913	676
913	720
913	742
913	826
913	845
913	855
913	874
913	924
913	925
913	927
913	985
913	990
913	992
914	112
914	128
914	332
914	343
914	346
914	372
914	471
914	542
914	562
914	678
914	687
914	709
914	732
914	752
914	795
914	846
914	900
914	912
914	943
914	945
914	958
914	961
914	982
914	992
915	82
915	206
915	266
915	365
915	438
915	648
915	699
915	700
915	722
915	730
915	745
915	762
915	766
915	785
915	797
915	831
915	835
915	844
915	901
915	925
915	926
915	931
915	952
915	975
916	346
916	385
916	416
916	562
916	563
916	608
916	627
916	640
916	659
916	673
916	743
916	768
916	800
916	863
916	882
916	888
916	935
916	945
916	951
916	965
916	977
916	980
916	986
916	987
917	130
917	249
917	402
917	438
917	541
917	589
917	596
917	628
917	635
917	652
917	654
917	680
917	706
917	722
917	794
917	830
917	859
917	860
917	876
917	928
917	951
917	974
917	975
917	983
918	86
918	126
918	205
918	351
918	508
918	597
918	638
918	668
918	702
918	727
918	816
918	826
918	828
918	845
918	846
918	855
918	860
918	876
918	880
918	923
918	944
918	963
918	964
918	966
918	970
919	59
919	157
919	272
919	283
919	353
919	399
919	401
919	449
919	496
919	535
919	536
919	671
919	759
919	803
919	881
919	888
919	894
919	906
919	908
919	925
919	944
919	948
919	974
919	985
919	1000
920	371
920	425
920	473
920	518
920	528
920	543
920	564
920	595
920	604
920	703
920	732
920	748
920	760
920	783
920	812
920	825
920	827
920	866
920	904
920	928
920	932
920	977
920	983
920	998
920	1000
921	58
921	59
921	88
921	247
921	271
921	349
921	393
921	445
921	455
921	478
921	543
921	567
921	576
921	638
921	701
921	778
921	779
921	787
921	902
921	933
921	937
921	948
921	954
921	976
921	986
922	186
922	226
922	262
922	333
922	362
922	541
922	663
922	671
922	680
922	716
922	717
922	727
922	769
922	771
922	841
922	842
922	843
922	849
922	871
922	878
922	885
922	898
922	936
922	939
922	955
922	995
923	123
923	148
923	161
923	192
923	284
923	301
923	322
923	330
923	401
923	493
923	522
923	560
923	659
923	699
923	845
923	854
923	918
923	927
923	930
923	938
923	944
923	954
923	982
923	988
923	990
923	999
924	164
924	226
924	359
924	380
924	499
924	503
924	572
924	669
924	678
924	687
924	791
924	818
924	836
924	860
924	880
924	886
924	887
924	895
924	897
924	913
924	935
924	966
924	968
924	970
924	981
924	997
925	244
925	278
925	357
925	415
925	429
925	487
925	509
925	546
925	671
925	675
925	695
925	720
925	762
925	832
925	843
925	892
925	913
925	915
925	919
925	932
925	938
925	942
925	963
925	984
925	993
925	998
926	26
926	112
926	408
926	674
926	684
926	692
926	702
926	720
926	721
926	751
926	792
926	796
926	820
926	823
926	828
926	831
926	866
926	883
926	915
926	945
926	948
926	955
926	976
926	990
926	993
926	995
927	113
927	114
927	120
927	374
927	533
927	674
927	681
927	766
927	781
927	801
927	804
927	836
927	849
927	850
927	872
927	873
927	874
927	913
927	923
927	946
927	959
927	966
927	968
927	985
927	990
927	996
928	1
928	13
928	37
928	41
928	307
928	313
928	398
928	665
928	728
928	755
928	763
928	780
928	805
928	864
928	868
928	880
928	899
928	908
928	917
928	920
928	962
928	964
928	981
928	986
928	988
928	996
929	214
929	261
929	322
929	332
929	422
929	460
929	503
929	606
929	644
929	704
929	750
929	786
929	816
929	832
929	846
929	872
929	905
929	908
929	947
929	963
929	965
929	969
929	972
929	982
929	987
929	993
930	248
930	328
930	353
930	375
930	498
930	560
930	641
930	706
930	713
930	732
930	766
930	795
930	817
930	828
930	829
930	880
930	897
930	923
930	940
930	954
930	958
930	975
930	979
930	980
930	994
930	1000
931	85
931	119
931	234
931	259
931	398
931	497
931	502
931	532
931	609
931	623
931	637
931	681
931	686
931	687
931	739
931	798
931	829
931	850
931	872
931	874
931	915
931	936
931	963
931	983
931	988
931	995
932	444
932	634
932	657
932	663
932	695
932	726
932	730
932	775
932	778
932	804
932	820
932	838
932	849
932	850
932	882
932	885
932	912
932	920
932	925
932	938
932	942
932	947
932	948
932	950
932	971
932	979
933	79
933	131
933	151
933	273
933	279
933	322
933	581
933	666
933	678
933	693
933	704
933	748
933	756
933	799
933	809
933	827
933	834
933	851
933	883
933	921
933	941
933	959
933	967
933	982
933	988
933	991
934	1
934	2
934	253
934	274
934	311
934	314
934	419
934	441
934	545
934	558
934	646
934	675
934	726
934	778
934	782
934	792
934	827
934	843
934	856
934	899
934	903
934	936
934	938
934	956
934	962
934	967
934	998
935	160
935	228
935	251
935	300
935	328
935	408
935	426
935	462
935	587
935	600
935	658
935	689
935	694
935	708
935	710
935	756
935	801
935	855
935	887
935	890
935	896
935	905
935	916
935	924
935	940
935	943
935	960
936	51
936	52
936	137
936	330
936	361
936	435
936	439
936	474
936	497
936	565
936	569
936	583
936	667
936	679
936	755
936	791
936	851
936	904
936	922
936	931
936	934
936	942
936	959
936	964
936	968
936	969
936	991
937	18
937	38
937	107
937	252
937	310
937	313
937	314
937	372
937	531
937	605
937	653
937	682
937	740
937	742
937	750
937	791
937	813
937	815
937	889
937	901
937	911
937	912
937	921
937	952
937	972
937	978
937	990
938	205
938	394
938	460
938	500
938	526
938	619
938	713
938	775
938	838
938	866
938	867
938	879
938	887
938	892
938	903
938	906
938	923
938	925
938	932
938	934
938	951
938	954
938	958
938	967
938	979
938	987
938	999
939	45
939	73
939	94
939	164
939	284
939	296
939	319
939	331
939	405
939	524
939	561
939	622
939	689
939	726
939	758
939	782
939	791
939	866
939	869
939	873
939	907
939	922
939	953
939	957
939	960
939	967
939	981
940	43
940	154
940	158
940	169
940	170
940	234
940	318
940	320
940	364
940	446
940	505
940	571
940	666
940	734
940	739
940	755
940	767
940	806
940	818
940	873
940	910
940	930
940	935
940	990
940	994
940	997
940	998
941	166
941	168
941	400
941	421
941	469
941	478
941	617
941	635
941	639
941	679
941	686
941	715
941	753
941	842
941	848
941	851
941	853
941	871
941	903
941	933
941	948
941	950
941	952
941	969
941	980
941	989
941	999
942	115
942	122
942	190
942	243
942	250
942	399
942	454
942	505
942	610
942	611
942	713
942	721
942	760
942	773
942	845
942	862
942	884
942	909
942	910
942	925
942	932
942	936
942	951
942	962
942	969
942	976
942	989
942	990
943	15
943	54
943	282
943	358
943	424
943	495
943	570
943	624
943	649
943	666
943	677
943	722
943	780
943	799
943	808
943	812
943	846
943	865
943	907
943	910
943	914
943	935
943	948
943	964
943	979
943	980
943	985
943	990
944	60
944	171
944	394
944	414
944	504
944	509
944	531
944	559
944	563
944	587
944	610
944	612
944	710
944	730
944	750
944	822
944	834
944	839
944	898
944	909
944	918
944	919
944	923
944	952
944	965
944	973
944	985
944	986
944	998
945	11
945	56
945	86
945	178
945	280
945	312
945	562
945	581
945	692
945	698
945	708
945	724
945	750
945	764
945	782
945	792
945	831
945	844
945	870
945	914
945	916
945	926
945	975
945	980
945	982
945	989
945	992
945	996
945	997
946	16
946	97
946	257
946	258
946	310
946	392
946	394
946	452
946	510
946	579
946	637
946	660
946	665
946	672
946	714
946	749
946	760
946	794
946	801
946	804
946	850
946	868
946	910
946	927
946	954
946	967
946	976
946	980
946	993
947	208
947	235
947	300
947	482
947	517
947	584
947	594
947	614
947	617
947	676
947	697
947	706
947	765
947	804
947	807
947	810
947	843
947	854
947	874
947	895
947	902
947	903
947	929
947	932
947	959
947	971
947	988
947	992
947	996
948	143
948	155
948	355
948	430
948	441
948	592
948	601
948	689
948	694
948	699
948	725
948	847
948	863
948	870
948	876
948	879
948	896
948	905
948	919
948	921
948	926
948	932
948	941
948	943
948	967
948	978
948	995
948	996
948	997
949	27
949	38
949	96
949	139
949	246
949	278
949	370
949	452
949	472
949	523
949	549
949	550
949	570
949	627
949	731
949	736
949	737
949	766
949	778
949	809
949	812
949	822
949	834
949	868
949	871
949	881
949	902
949	968
949	998
949	999
950	49
950	125
950	199
950	267
950	304
950	389
950	409
950	415
950	418
950	480
950	567
950	650
950	693
950	698
950	715
950	717
950	735
950	754
950	773
950	809
950	815
950	831
950	836
950	865
950	903
950	932
950	941
950	979
950	980
950	995
951	298
951	571
951	661
951	663
951	675
951	713
951	721
951	733
951	753
951	756
951	775
951	789
951	797
951	835
951	844
951	851
951	861
951	881
951	893
951	901
951	916
951	917
951	938
951	942
951	953
951	956
951	990
951	991
951	993
951	998
952	23
952	269
952	345
952	372
952	411
952	455
952	513
952	563
952	586
952	608
952	647
952	737
952	777
952	809
952	836
952	866
952	876
952	897
952	901
952	902
952	915
952	937
952	941
952	944
952	960
952	970
952	971
952	973
952	996
952	999
953	47
953	132
953	149
953	187
953	213
953	377
953	428
953	531
953	551
953	582
953	605
953	687
953	736
953	762
953	773
953	796
953	867
953	868
953	872
953	885
953	896
953	902
953	910
953	939
953	951
953	954
953	967
953	972
953	973
953	976
953	987
954	24
954	111
954	166
954	222
954	285
954	290
954	401
954	507
954	677
954	696
954	821
954	826
954	837
954	842
954	873
954	874
954	881
954	900
954	921
954	923
954	930
954	938
954	946
954	953
954	967
954	982
954	983
954	992
954	993
954	994
954	998
955	55
955	61
955	131
955	296
955	297
955	380
955	533
955	564
955	591
955	633
955	712
955	735
955	761
955	775
955	778
955	818
955	831
955	848
955	901
955	905
955	909
955	922
955	926
955	963
955	964
955	968
955	971
955	975
955	988
955	989
955	996
956	35
956	36
956	204
956	237
956	241
956	339
956	381
956	399
956	451
956	457
956	512
956	519
956	548
956	574
956	580
956	681
956	692
956	707
956	725
956	733
956	789
956	853
956	906
956	934
956	951
956	958
956	963
956	972
956	976
956	977
956	988
957	66
957	127
957	186
957	202
957	263
957	311
957	352
957	388
957	425
957	464
957	505
957	539
957	555
957	588
957	591
957	632
957	633
957	684
957	749
957	810
957	825
957	829
957	830
957	857
957	859
957	879
957	939
957	965
957	975
957	993
957	997
958	12
958	103
958	246
958	361
958	396
958	522
958	533
958	543
958	551
958	642
958	699
958	765
958	792
958	800
958	806
958	837
958	858
958	879
958	890
958	907
958	910
958	914
958	930
958	938
958	956
958	968
958	977
958	982
958	986
958	993
958	999
959	89
959	107
959	287
959	375
959	444
959	467
959	530
959	555
959	570
959	637
959	731
959	733
959	742
959	747
959	765
959	820
959	868
959	877
959	886
959	897
959	903
959	904
959	910
959	927
959	933
959	936
959	947
959	969
959	973
959	976
959	981
959	982
960	100
960	224
960	307
960	324
960	401
960	402
960	483
960	584
960	596
960	603
960	645
960	671
960	677
960	689
960	764
960	782
960	805
960	828
960	832
960	852
960	876
960	881
960	897
960	935
960	939
960	952
960	961
960	962
960	964
960	991
960	993
960	998
960	1000
961	72
961	154
961	232
961	405
961	411
961	446
961	553
961	605
961	676
961	688
961	689
961	709
961	718
961	722
961	734
961	743
961	805
961	821
961	846
961	852
961	861
961	885
961	886
961	891
961	910
961	914
961	960
961	970
961	989
961	991
961	992
961	995
961	997
962	23
962	107
962	124
962	149
962	156
962	257
962	308
962	408
962	435
962	525
962	590
962	670
962	675
962	681
962	702
962	711
962	758
962	805
962	817
962	848
962	880
962	900
962	928
962	934
962	942
962	960
962	971
962	973
962	975
962	978
962	979
962	984
962	998
963	99
963	134
963	144
963	288
963	367
963	421
963	458
963	540
963	542
963	597
963	611
963	643
963	670
963	686
963	713
963	731
963	801
963	812
963	889
963	894
963	905
963	906
963	918
963	925
963	929
963	931
963	955
963	956
963	967
963	968
963	979
963	993
963	998
964	6
964	117
964	159
964	208
964	279
964	289
964	443
964	528
964	571
964	617
964	641
964	686
964	756
964	764
964	777
964	781
964	814
964	822
964	841
964	846
964	861
964	862
964	907
964	918
964	928
964	936
964	943
964	955
964	960
964	978
964	981
964	982
964	985
964	996
965	31
965	84
965	97
965	119
965	145
965	210
965	254
965	295
965	481
965	527
965	534
965	558
965	637
965	690
965	702
965	722
965	742
965	748
965	764
965	790
965	793
965	799
965	833
965	887
965	903
965	912
965	916
965	929
965	944
965	957
965	966
965	982
965	985
965	995
966	3
966	68
966	252
966	263
966	304
966	355
966	370
966	386
966	459
966	462
966	482
966	491
966	554
966	636
966	661
966	701
966	707
966	710
966	775
966	777
966	798
966	802
966	831
966	838
966	891
966	918
966	924
966	927
966	965
966	969
966	979
966	982
966	985
966	993
967	268
967	329
967	365
967	392
967	413
967	540
967	548
967	598
967	601
967	678
967	690
967	716
967	742
967	751
967	771
967	797
967	808
967	821
967	851
967	857
967	864
967	933
967	934
967	938
967	939
967	946
967	948
967	953
967	954
967	963
967	977
967	992
967	995
967	997
968	127
968	161
968	220
968	342
968	436
968	511
968	540
968	566
968	586
968	603
968	645
968	654
968	658
968	684
968	709
968	727
968	766
968	784
968	792
968	878
968	912
968	924
968	927
968	936
968	949
968	955
968	958
968	963
968	969
968	978
968	979
968	980
968	994
968	996
968	999
969	23
969	55
969	138
969	260
969	370
969	412
969	458
969	517
969	591
969	631
969	634
969	635
969	636
969	659
969	673
969	684
969	708
969	730
969	760
969	773
969	775
969	783
969	794
969	825
969	857
969	867
969	890
969	912
969	929
969	936
969	941
969	942
969	959
969	966
969	968
970	91
970	110
970	196
970	238
970	272
970	375
970	379
970	381
970	423
970	464
970	572
970	584
970	597
970	607
970	616
970	620
970	688
970	809
970	812
970	816
970	826
970	830
970	849
970	856
970	875
970	883
970	886
970	888
970	899
970	918
970	924
970	952
970	961
970	973
970	980
970	989
970	994
971	43
971	129
971	177
971	310
971	522
971	550
971	593
971	602
971	629
971	643
971	650
971	712
971	727
971	744
971	800
971	809
971	818
971	829
971	839
971	858
971	864
971	871
971	885
971	886
971	897
971	899
971	900
971	911
971	932
971	947
971	952
971	955
971	962
971	973
971	982
971	989
971	996
972	49
972	73
972	87
972	150
972	162
972	249
972	251
972	360
972	392
972	415
972	429
972	446
972	535
972	550
972	599
972	602
972	620
972	622
972	661
972	697
972	705
972	743
972	757
972	775
972	820
972	863
972	891
972	905
972	907
972	910
972	929
972	937
972	953
972	956
972	980
972	984
972	993
973	67
973	157
973	216
973	341
973	343
973	346
973	371
973	375
973	433
973	539
973	548
973	584
973	647
973	674
973	777
973	811
973	813
973	840
973	855
973	857
973	860
973	880
973	882
973	886
973	903
973	908
973	944
973	952
973	953
973	959
973	962
973	970
973	971
973	976
973	978
973	982
973	986
974	29
974	184
974	191
974	299
974	424
974	426
974	455
974	484
974	536
974	562
974	563
974	583
974	605
974	653
974	701
974	720
974	728
974	769
974	776
974	791
974	793
974	806
974	846
974	852
974	853
974	904
974	917
974	919
974	978
974	981
974	987
974	989
974	992
974	996
974	997
974	998
974	999
975	228
975	234
975	394
975	414
975	416
975	431
975	435
975	442
975	516
975	520
975	568
975	578
975	582
975	623
975	651
975	716
975	725
975	744
975	760
975	787
975	854
975	855
975	867
975	875
975	891
975	909
975	910
975	915
975	917
975	930
975	945
975	955
975	957
975	962
975	977
975	981
975	991
975	992
976	13
976	43
976	176
976	180
976	195
976	342
976	402
976	450
976	613
976	616
976	626
976	644
976	692
976	696
976	709
976	719
976	730
976	735
976	778
976	781
976	783
976	799
976	812
976	815
976	851
976	854
976	867
976	898
976	902
976	921
976	926
976	942
976	946
976	953
976	956
976	959
976	973
976	983
976	994
977	203
977	207
977	221
977	269
977	302
977	311
977	313
977	352
977	363
977	407
977	423
977	496
977	510
977	519
977	561
977	568
977	578
977	636
977	656
977	683
977	701
977	734
977	755
977	789
977	811
977	815
977	874
977	879
977	899
977	906
977	916
977	920
977	956
977	958
977	967
977	975
977	979
977	985
977	989
978	14
978	106
978	343
978	366
978	381
978	436
978	503
978	523
978	564
978	613
978	619
978	649
978	663
978	677
978	720
978	732
978	736
978	750
978	757
978	773
978	781
978	793
978	850
978	853
978	864
978	868
978	884
978	908
978	911
978	937
978	948
978	962
978	964
978	968
978	973
978	974
978	979
978	981
978	993
978	996
979	102
979	129
979	146
979	197
979	203
979	278
979	291
979	318
979	413
979	419
979	532
979	562
979	598
979	632
979	660
979	661
979	675
979	681
979	710
979	830
979	833
979	838
979	842
979	871
979	878
979	909
979	930
979	932
979	938
979	943
979	950
979	962
979	963
979	966
979	968
979	977
979	978
979	980
979	981
979	986
979	990
980	10
980	128
980	136
980	212
980	227
980	328
980	362
980	458
980	468
980	479
980	494
980	500
980	514
980	515
980	540
980	556
980	658
980	680
980	685
980	724
980	790
980	791
980	843
980	851
980	859
980	870
980	899
980	908
980	916
980	930
980	941
980	943
980	945
980	946
980	950
980	968
980	970
980	972
980	979
980	982
980	989
981	71
981	294
981	329
981	384
981	447
981	491
981	504
981	520
981	551
981	558
981	592
981	640
981	660
981	693
981	698
981	707
981	762
981	775
981	794
981	808
981	816
981	829
981	830
981	831
981	838
981	856
981	878
981	890
981	904
981	924
981	928
981	939
981	959
981	964
981	974
981	975
981	978
981	979
981	983
981	993
981	999
982	75
982	97
982	132
982	177
982	246
982	364
982	378
982	544
982	559
982	627
982	646
982	697
982	709
982	712
982	717
982	721
982	805
982	832
982	860
982	861
982	862
982	863
982	879
982	884
982	888
982	911
982	914
982	923
982	929
982	933
982	945
982	954
982	958
982	959
982	964
982	965
982	966
982	971
982	973
982	980
982	988
982	993
983	57
983	92
983	133
983	141
983	193
983	240
983	305
983	377
983	399
983	432
983	453
983	473
983	522
983	569
983	573
983	574
983	584
983	647
983	687
983	714
983	715
983	727
983	770
983	780
983	810
983	830
983	856
983	857
983	858
983	877
983	898
983	905
983	917
983	920
983	931
983	954
983	976
983	981
983	987
983	993
983	995
983	999
984	68
984	82
984	207
984	218
984	241
984	282
984	292
984	310
984	399
984	404
984	411
984	507
984	518
984	618
984	649
984	706
984	711
984	743
984	748
984	751
984	763
984	765
984	778
984	796
984	803
984	806
984	808
984	842
984	845
984	850
984	857
984	861
984	866
984	874
984	875
984	891
984	925
984	962
984	972
984	990
984	996
984	999
985	7
985	47
985	70
985	77
985	96
985	116
985	250
985	353
985	386
985	416
985	509
985	515
985	541
985	578
985	606
985	705
985	742
985	788
985	793
985	802
985	822
985	823
985	840
985	871
985	882
985	900
985	901
985	909
985	910
985	913
985	919
985	927
985	943
985	944
985	964
985	965
985	966
985	977
985	987
985	988
985	991
985	1000
986	71
986	102
986	114
986	237
986	247
986	323
986	483
986	535
986	541
986	590
986	610
986	638
986	654
986	663
986	685
986	698
986	713
986	728
986	743
986	765
986	772
986	774
986	776
986	777
986	788
986	821
986	832
986	836
986	849
986	852
986	861
986	883
986	889
986	897
986	916
986	921
986	928
986	944
986	958
986	973
986	979
986	995
987	73
987	290
987	299
987	306
987	316
987	340
987	375
987	384
987	452
987	461
987	524
987	595
987	631
987	640
987	656
987	696
987	755
987	781
987	808
987	817
987	840
987	845
987	852
987	858
987	864
987	870
987	874
987	875
987	878
987	883
987	887
987	892
987	899
987	900
987	911
987	916
987	929
987	938
987	953
987	974
987	983
987	985
987	994
987	995
988	88
988	142
988	184
988	215
988	250
988	296
988	317
988	373
988	442
988	528
988	542
988	578
988	581
988	585
988	643
988	661
988	665
988	686
988	726
988	733
988	748
988	769
988	799
988	814
988	822
988	850
988	854
988	887
988	889
988	892
988	901
988	906
988	909
988	923
988	928
988	931
988	933
988	947
988	955
988	956
988	982
988	985
988	995
988	998
989	115
989	121
989	139
989	162
989	177
989	275
989	307
989	349
989	382
989	386
989	403
989	487
989	497
989	561
989	584
989	596
989	617
989	626
989	630
989	632
989	666
989	710
989	734
989	819
989	837
989	849
989	851
989	871
989	887
989	901
989	906
989	910
989	911
989	941
989	942
989	945
989	955
989	961
989	970
989	971
989	974
989	977
989	980
989	990
989	997
990	2
990	39
990	230
990	385
990	386
990	431
990	464
990	466
990	471
990	505
990	514
990	527
990	536
990	574
990	638
990	690
990	711
990	712
990	753
990	760
990	769
990	798
990	807
990	815
990	819
990	828
990	841
990	848
990	879
990	884
990	890
990	891
990	905
990	913
990	923
990	926
990	927
990	937
990	940
990	942
990	943
990	951
990	979
990	984
990	989
991	84
991	104
991	124
991	213
991	278
991	293
991	301
991	326
991	382
991	439
991	463
991	481
991	513
991	558
991	559
991	565
991	568
991	579
991	687
991	731
991	734
991	745
991	790
991	837
991	840
991	845
991	849
991	855
991	862
991	871
991	875
991	887
991	889
991	892
991	897
991	905
991	933
991	936
991	951
991	960
991	961
991	975
991	985
991	992
991	994
992	52
992	83
992	167
992	188
992	242
992	368
992	436
992	453
992	489
992	502
992	557
992	615
992	632
992	635
992	665
992	703
992	748
992	765
992	769
992	793
992	800
992	804
992	809
992	812
992	824
992	836
992	854
992	856
992	859
992	876
992	879
992	888
992	908
992	911
992	913
992	914
992	945
992	947
992	954
992	961
992	967
992	974
992	975
992	991
992	993
992	999
993	109
993	165
993	221
993	248
993	292
993	295
993	330
993	368
993	431
993	462
993	464
993	490
993	503
993	539
993	569
993	591
993	660
993	707
993	741
993	744
993	748
993	751
993	762
993	771
993	816
993	833
993	870
993	905
993	908
993	925
993	926
993	929
993	946
993	951
993	954
993	957
993	958
993	960
993	963
993	966
993	972
993	978
993	981
993	982
993	983
993	992
994	51
994	74
994	185
994	194
994	199
994	232
994	325
994	365
994	373
994	398
994	427
994	451
994	458
994	488
994	586
994	598
994	657
994	679
994	695
994	697
994	715
994	723
994	732
994	758
994	763
994	770
994	822
994	823
994	829
994	838
994	843
994	851
994	870
994	875
994	878
994	889
994	899
994	912
994	930
994	940
994	954
994	968
994	970
994	976
994	987
994	991
995	19
995	60
995	106
995	195
995	222
995	225
995	248
995	258
995	275
995	380
995	499
995	513
995	576
995	621
995	634
995	647
995	704
995	705
995	707
995	741
995	742
995	745
995	752
995	757
995	758
995	767
995	776
995	780
995	821
995	880
995	893
995	896
995	908
995	922
995	926
995	931
995	948
995	950
995	961
995	965
995	967
995	983
995	986
995	987
995	988
995	998
995	1000
996	56
996	65
996	130
996	172
996	192
996	218
996	247
996	266
996	270
996	347
996	379
996	382
996	438
996	492
996	537
996	548
996	586
996	592
996	659
996	735
996	763
996	768
996	817
996	823
996	825
996	832
996	833
996	837
996	841
996	845
996	865
996	874
996	900
996	927
996	928
996	945
996	947
996	948
996	952
996	955
996	964
996	968
996	971
996	974
996	978
996	984
996	997
996	999
997	1
997	12
997	29
997	56
997	57
997	90
997	140
997	295
997	303
997	345
997	358
997	371
997	380
997	386
997	397
997	412
997	436
997	461
997	513
997	529
997	567
997	660
997	740
997	748
997	751
997	754
997	764
997	774
997	799
997	815
997	819
997	822
997	838
997	847
997	879
997	881
997	895
997	900
997	924
997	940
997	945
997	948
997	957
997	961
997	967
997	974
997	989
997	996
997	999
998	42
998	95
998	179
998	216
998	253
998	267
998	422
998	444
998	488
998	531
998	543
998	552
998	556
998	577
998	595
998	599
998	600
998	615
998	639
998	642
998	695
998	721
998	724
998	758
998	767
998	776
998	792
998	817
998	858
998	859
998	868
998	877
998	905
998	909
998	912
998	920
998	925
998	934
998	940
998	944
998	949
998	951
998	954
998	960
998	962
998	963
998	974
998	988
998	995
999	25
999	80
999	85
999	152
999	210
999	262
999	315
999	331
999	340
999	385
999	396
999	519
999	537
999	550
999	570
999	627
999	644
999	658
999	661
999	685
999	696
999	711
999	718
999	731
999	746
999	775
999	786
999	795
999	797
999	859
999	869
999	884
999	900
999	902
999	904
999	923
999	938
999	941
999	949
999	952
999	958
999	968
999	974
999	981
999	983
999	984
999	992
999	996
999	997
1000	34
1000	47
1000	67
1000	105
1000	130
1000	155
1000	194
1000	254
1000	266
1000	321
1000	378
1000	418
1000	467
1000	515
1000	520
1000	564
1000	589
1000	598
1000	611
1000	614
1000	642
1000	662
1000	664
1000	665
1000	737
1000	745
1000	748
1000	750
1000	752
1000	761
1000	771
1000	821
1000	824
1000	834
1000	843
1000	854
1000	859
1000	862
1000	866
1000	868
1000	874
1000	879
1000	884
1000	892
1000	919
1000	920
1000	930
1000	960
1000	985
1000	995
