1	701
1	826
1	948
1	981
2	838
2	887
2	932
2	945
3	353
3	720
3	969
3	986
4	799
4	862
4	888
4	954
5	918
5	931
5	938
5	982
6	255
6	634
6	703
6	874
7	208
7	728
7	889
7	972
8	42
8	694
8	874
8	984
9	694
9	805
9	899
9	935
10	480
10	882
10	925
10	954
11	191
11	505
11	655
11	911
12	628
12	710
12	816
12	991
13	71
13	544
13	731
13	967
14	849
14	897
14	932
14	945
15	457
15	483
15	741
15	972
16	249
16	563
16	908
16	951
17	28
17	623
17	801
17	1000
18	76
18	929
18	934
18	960
19	723
19	855
19	918
19	939
20	104
20	624
20	756
20	820
21	785
21	861
21	962
21	977
22	29
22	921
22	966
22	968
23	868
23	889
23	939
23	983
24	448
24	503
24	917
24	919
25	439
25	750
25	941
25	978
26	174
26	460
26	928
26	997
27	434
27	699
27	822
27	883
28	17
28	871
28	990
28	1000
29	22
29	803
29	935
29	966
30	692
30	769
30	896
30	920
31	789
31	893
31	945
31	991
32	243
32	395
32	757
32	971
33	191
33	350
33	958
33	964
34	399
34	869
34	890
34	937
35	716
35	788
35	792
35	995
36	836
36	877
36	918
36	939
37	708
37	730
37	810
37	895
38	479
38	664
38	974
38	988
39	671
39	874
39	957
39	982
40	869
40	875
40	895
40	989
41	683
41	829
41	888
41	966
42	8
42	794
42	858
42	981
43	749
43	884
43	922
43	956
44	410
44	478
44	754
44	854
45	214
45	451
45	877
45	1000
46	693
46	941
46	961
46	985
47	116
47	352
47	530
47	972
48	744
48	873
48	954
48	989
49	475
49	623
49	834
49	972
50	819
50	889
50	894
50	996
51	119
51	936
51	974
51	978
52	895
52	921
52	933
52	990
53	129
53	535
53	833
53	929
54	890
54	925
54	937
54	973
55	384
55	432
55	581
55	900
56	543
56	741
56	970
56	983
57	560
57	742
57	866
57	991
58	881
58	884
58	974
58	988
59	306
59	461
59	891
59	957
60	353
60	515
60	842
60	904
61	471
61	945
61	967
61	985
62	260
62	619
62	895
62	981
63	818
63	941
63	948
63	977
64	629
64	794
64	840
64	981
65	71
65	576
65	918
65	935
66	858
66	871
66	883
66	992
67	324
67	653
67	810
67	839
68	922
68	923
68	959
68	985
69	167
69	842
69	957
69	993
70	688
70	838
70	868
70	956
71	13
71	65
71	967
71	991
72	636
72	653
72	920
72	937
73	511
73	829
73	942
73	995
74	718
74	867
74	933
74	988
75	90
75	736
75	952
75	987
76	18
76	820
76	950
76	960
77	499
77	878
77	936
77	979
78	356
78	513
78	963
78	972
79	847
79	958
79	962
79	965
80	864
80	869
80	963
80	971
81	200
81	831
81	931
81	982
82	923
82	951
82	966
82	994
83	603
83	850
83	967
83	996
84	205
84	730
84	834
84	972
85	479
85	588
85	765
85	996
86	869
86	906
86	935
86	986
87	479
87	919
87	976
87	985
88	437
88	691
88	835
88	959
89	761
89	829
89	869
89	995
90	75
90	727
90	909
90	943
91	442
91	842
91	874
91	989
92	534
92	931
92	979
92	982
93	878
93	895
93	902
93	967
94	683
94	744
94	961
94	984
95	846
95	864
95	978
95	998
96	286
96	298
96	960
96	1000
97	906
97	920
97	939
97	983
98	201
98	975
98	985
98	996
99	603
99	923
99	993
99	994
100	911
100	932
100	945
100	980
101	767
101	972
101	987
101	989
102	548
102	820
102	952
102	987
103	394
103	705
103	797
103	926
104	20
104	314
104	656
104	799
105	196
105	642
105	800
105	945
106	182
106	802
106	852
106	943
107	302
107	949
107	992
107	997
108	822
108	890
108	901
108	973
109	362
109	912
109	925
109	970
110	385
110	690
110	762
110	998
111	359
111	626
111	868
111	970
112	125
112	901
112	914
112	973
113	645
113	767
113	932
113	965
114	806
114	919
114	977
114	986
115	779
115	823
115	987
115	997
116	47
116	355
116	671
116	737
117	876
117	889
117	972
117	978
118	266
118	743
118	758
118	971
119	51
119	400
119	978
119	998
120	446
120	763
120	918
120	963
121	330
121	699
121	911
121	974
122	837
122	869
122	969
122	986
123	625
123	763
123	863
123	920
124	378
124	379
124	810
124	995
125	112
125	582
125	876
125	965
126	127
126	212
126	711
126	907
127	126
127	625
127	921
127	966
128	758
128	961
128	963
128	971
129	53
129	772
129	861
129	907
130	460
130	855
130	924
130	939
131	448
131	816
131	953
131	999
132	248
132	666
132	870
132	958
133	536
133	661
133	811
133	947
134	850
134	878
134	939
134	967
135	383
135	811
135	904
135	960
136	275
136	341
136	775
136	937
137	459
137	953
137	960
137	978
138	636
138	656
138	799
138	972
139	615
139	862
139	975
139	996
140	344
140	614
140	812
140	991
141	623
141	908
141	990
141	1000
142	180
142	666
142	812
142	913
143	671
143	838
143	871
143	992
144	859
144	970
144	983
144	987
145	320
145	810
145	860
145	995
146	458
146	915
146	931
146	982
147	331
147	934
147	953
147	960
148	508
148	830
148	877
148	889
149	398
149	837
149	987
149	999
150	522
150	963
150	971
150	981
151	404
151	716
151	942
151	998
152	271
152	432
152	569
152	995
153	352
153	861
153	967
153	992
154	248
154	775
154	812
154	868
155	713
155	886
155	963
155	994
156	488
156	743
156	763
156	963
157	591
157	866
157	902
157	967
158	682
158	936
158	980
158	988
159	456
159	487
159	811
159	866
160	756
160	817
160	891
160	989
161	516
161	652
161	751
161	954
162	346
162	410
162	827
162	937
163	265
163	431
163	776
163	966
164	740
164	933
164	957
164	994
165	703
165	708
165	801
165	973
166	168
166	467
166	752
166	900
167	69
167	811
167	824
167	994
168	166
168	950
168	955
168	965
169	384
169	941
169	976
169	985
170	639
170	853
170	996
170	997
171	307
171	937
171	949
171	992
172	288
172	644
172	907
172	925
173	969
173	977
173	986
173	997
174	26
174	913
174	934
174	982
175	737
175	941
175	959
175	976
176	788
176	968
176	977
176	986
177	788
177	906
177	918
177	924
178	882
178	959
178	985
178	989
179	742
179	839
179	965
179	992
180	142
180	326
180	557
180	608
181	296
181	303
181	926
181	987
182	106
182	715
182	820
182	827
183	542
183	583
183	815
183	943
184	725
184	910
184	935
184	943
185	910
185	948
185	976
185	985
186	800
186	879
186	918
186	935
187	633
187	807
187	809
187	969
188	217
188	750
188	820
188	896
189	940
189	959
189	961
189	984
190	890
190	895
190	897
190	973
191	11
191	33
191	795
191	892
192	363
192	887
192	977
192	986
193	798
193	803
193	974
193	979
194	336
194	340
194	963
194	971
195	793
195	928
195	975
195	999
196	105
196	775
196	887
196	997
197	361
197	894
197	907
197	995
198	269
198	733
198	874
198	994
199	696
199	711
199	871
199	894
200	81
200	841
200	959
200	988
201	98
201	833
201	874
201	899
202	831
202	834
202	877
202	972
203	799
203	861
203	978
203	998
204	579
204	693
204	855
204	995
205	84
205	601
205	609
205	967
206	282
206	750
206	883
206	911
207	826
207	864
207	915
207	966
208	7
208	505
208	776
208	941
209	340
209	461
209	940
209	984
210	333
210	563
210	798
210	1000
211	493
211	918
211	924
211	939
212	126
212	263
212	771
212	907
213	405
213	858
213	873
213	879
214	45
214	766
214	906
214	990
215	480
215	857
215	940
215	984
216	550
216	876
216	965
216	982
217	188
217	808
217	916
217	978
218	335
218	744
218	949
218	992
219	267
219	458
219	978
219	998
220	389
220	782
220	786
220	809
221	531
221	615
221	735
221	953
222	496
222	669
222	859
222	983
223	645
223	691
223	961
223	984
224	847
224	933
224	958
224	962
225	940
225	961
225	982
225	984
226	240
226	877
226	971
226	1000
227	241
227	278
227	498
227	900
228	901
228	936
228	973
228	985
229	415
229	854
229	990
229	991
230	570
230	863
230	896
230	998
231	353
231	837
231	975
231	996
232	711
232	857
232	962
232	984
233	366
233	952
233	996
233	999
234	824
234	928
234	950
234	999
235	847
235	953
235	960
235	964
236	524
236	878
236	936
236	993
237	314
237	782
237	892
237	901
238	498
238	692
238	932
238	945
239	680
239	898
239	917
239	982
240	226
240	714
240	977
240	986
241	227
241	619
241	947
241	948
242	592
242	766
242	990
242	1000
243	32
243	648
243	673
243	916
244	471
244	852
244	905
244	976
245	620
245	881
245	983
245	991
246	430
246	798
246	958
246	984
247	347
247	493
247	961
247	984
248	132
248	154
248	664
248	809
249	16
249	645
249	853
249	989
250	605
250	737
250	899
250	981
251	825
251	879
251	925
251	932
252	403
252	624
252	860
252	987
253	457
253	496
253	541
253	855
253	918
254	777
254	824
254	890
254	914
254	942
255	6
255	281
255	823
255	899
255	943
256	709
256	781
256	792
256	900
256	978
257	258
257	893
257	934
257	960
257	964
258	257
258	552
258	637
258	656
258	778
259	587
259	806
259	840
259	979
259	988
260	62
260	544
260	785
260	850
260	967
261	843
261	914
261	937
261	962
261	973
262	765
262	931
262	938
262	969
262	982
263	212
263	604
263	892
263	970
263	983
264	548
264	668
264	837
264	949
264	992
265	163
265	472
265	807
265	812
265	981
266	118
266	637
266	868
266	970
266	983
267	219
267	592
267	760
267	909
267	934
268	752
268	810
268	877
268	990
268	1000
269	198
269	476
269	521
269	852
269	993
270	664
270	731
270	824
270	993
270	994
271	152
271	525
271	793
271	795
271	892
272	709
272	769
272	900
272	942
272	965
273	875
273	892
273	903
273	990
273	1000
274	492
274	655
274	819
274	894
274	924
275	136
275	799
275	872
275	886
275	971
276	527
276	699
276	706
276	922
276	956
277	600
277	677
277	945
277	966
277	992
278	227
278	650
278	931
278	956
278	965
279	656
279	786
279	832
279	836
279	888
280	345
280	875
280	933
280	946
280	948
281	255
281	365
281	552
281	810
281	899
282	206
282	315
282	319
282	911
282	917
283	437
283	684
283	735
283	907
283	947
284	449
284	511
284	729
284	961
284	984
285	472
285	771
285	807
285	812
285	995
286	96
286	545
286	877
286	981
286	990
287	417
287	703
287	940
287	941
287	984
288	172
288	543
288	577
288	684
288	972
289	834
289	889
289	965
289	972
289	975
290	848
290	853
290	931
290	938
290	982
291	442
291	851
291	893
291	919
291	991
292	713
292	850
292	878
292	932
292	967
293	696
293	828
293	887
293	932
293	945
294	518
294	834
294	856
294	876
294	965
295	713
295	766
295	865
295	923
295	962
296	181
296	701
296	744
296	960
296	964
297	421
297	803
297	812
297	964
297	972
298	96
298	476
298	802
298	937
298	973
299	568
299	849
299	857
299	945
299	964
300	800
300	866
300	880
300	917
300	962
301	558
301	969
301	973
301	977
301	986
302	107
302	747
302	764
302	805
302	960
303	181
303	660
303	787
303	853
303	997
304	718
304	836
304	872
304	941
304	959
305	766
305	939
305	973
305	990
305	1000
306	59
306	468
306	863
306	934
306	953
307	171
307	653
307	791
307	890
307	973
308	513
308	713
308	777
308	870
308	958
309	421
309	648
309	912
309	931
309	964
310	685
310	896
310	904
310	907
310	991
311	521
311	596
311	719
311	723
311	991
312	388
312	822
312	898
312	913
312	982
313	432
313	883
313	907
313	911
313	985
314	104
314	237
314	614
314	866
314	991
315	282
315	692
315	959
315	976
315	985
316	412
316	637
316	714
316	981
316	995
317	825
317	900
317	923
317	925
317	954
318	716
318	902
318	964
318	978
318	998
319	282
319	822
319	892
319	986
319	993
320	145
320	561
320	615
320	698
320	993
321	495
321	627
321	740
321	865
321	967
322	777
322	900
322	937
322	973
322	984
323	607
323	610
323	866
323	919
323	991
324	67
324	425
324	529
324	581
324	697
325	497
325	515
325	844
325	899
325	924
326	180
326	715
326	892
326	911
326	974
327	369
327	830
327	859
327	970
327	983
328	616
328	726
328	862
328	873
328	996
329	817
329	933
329	987
329	992
329	997
330	121
330	837
330	963
330	996
330	997
331	147
331	453
331	550
331	663
331	909
332	666
332	848
332	917
332	930
332	997
333	210
333	578
333	783
333	992
333	1000
334	711
334	753
334	846
334	990
334	1000
335	218
335	475
335	730
335	831
335	972
336	194
336	567
336	677
336	840
336	966
337	696
337	754
337	869
337	894
337	907
338	513
338	823
338	940
338	984
338	996
339	608
339	879
339	969
339	977
339	986
340	194
340	209
340	757
340	971
340	993
341	136
341	694
341	758
341	886
341	949
342	389
342	782
342	883
342	911
342	913
343	547
343	695
343	849
343	945
343	948
344	140
344	375
344	887
344	932
344	945
345	280
345	574
345	757
345	963
345	971
346	162
346	365
346	601
346	676
346	827
347	247
347	713
347	927
347	957
347	962
348	666
348	802
348	824
348	927
348	958
349	726
349	843
349	912
349	946
349	951
350	33
350	632
350	819
350	870
350	962
351	594
351	865
351	887
351	932
351	945
352	47
352	153
352	658
352	971
352	972
353	3
353	60
353	231
353	671
353	842
354	678
354	712
354	865
354	880
354	901
355	116
355	719
355	845
355	930
355	987
356	78
356	891
356	953
356	980
356	993
357	399
357	712
357	743
357	963
357	971
358	398
358	706
358	759
358	771
358	953
359	111
359	898
359	913
359	968
359	982
360	718
360	966
360	969
360	977
360	986
361	197
361	676
361	874
361	974
361	988
362	109
362	814
362	904
362	938
362	954
363	192
363	485
363	927
363	958
363	962
364	423
364	809
364	879
364	954
364	964
365	281
365	346
365	679
365	756
365	900
366	233
366	455
366	820
366	827
366	830
367	451
367	488
367	581
367	957
367	994
368	632
368	843
368	946
368	951
368	958
369	327
369	821
369	862
369	879
369	954
370	549
370	604
370	903
370	990
370	1000
371	489
371	518
371	767
371	953
371	965
372	450
372	850
372	877
372	979
372	990
373	725
373	852
373	943
373	952
373	966
374	473
374	886
374	965
374	971
374	996
375	344
375	948
375	980
375	993
375	994
376	400
376	894
376	908
376	946
376	951
377	618
377	799
377	903
377	990
377	1000
378	124
378	515
378	534
378	946
378	951
379	124
379	534
379	742
379	871
379	992
380	797
380	856
380	944
380	950
380	975
381	608
381	850
381	878
381	961
381	967
382	575
382	675
382	778
382	956
382	993
383	135
383	898
383	938
383	982
383	998
384	55
384	169
384	650
384	884
384	965
385	110
385	831
385	898
385	913
385	982
386	492
386	684
386	728
386	868
386	894
387	830
387	947
387	979
387	981
387	988
388	312
388	573
388	675
388	838
388	956
389	220
389	342
389	745
389	812
389	832
390	626
390	787
390	887
390	946
390	951
391	752
391	865
391	876
391	909
391	965
392	844
392	891
392	897
392	996
392	999
393	777
393	914
393	934
393	960
393	973
394	103
394	636
394	901
394	937
394	973
395	32
395	454
395	560
395	763
395	1000
396	437
396	642
396	908
396	951
396	963
397	463
397	679
397	756
397	919
397	981
398	149
398	358
398	815
398	843
398	978
399	34
399	357
399	914
399	973
399	995
400	119
400	376
400	631
400	978
400	998
401	765
401	803
401	896
401	925
401	998
402	530
402	816
402	881
402	905
402	943
403	252
403	786
403	808
403	863
403	998
404	151
404	669
404	716
404	805
404	998
405	213
405	613
405	679
405	714
405	820
406	637
406	750
406	863
406	916
406	920
407	654
407	845
407	933
407	947
407	981
408	501
408	573
408	733
408	891
408	973
409	441
409	884
409	885
409	905
409	922
410	44
410	162
410	633
410	756
410	827
411	703
411	831
411	834
411	859
411	972
412	316
412	816
412	846
412	852
412	943
413	442
413	609
413	961
413	962
413	984
414	675
414	742
414	881
414	970
414	983
415	229
415	558
415	647
415	683
415	997
416	676
416	781
416	854
416	990
416	1000
417	287
417	814
417	891
417	980
417	994
418	538
418	658
418	821
418	972
418	989
419	590
419	865
419	868
419	870
419	958
420	723
420	823
420	917
420	976
420	991
421	297
421	309
421	763
421	813
421	916
422	683
422	707
422	969
422	977
422	986
423	364
423	858
423	862
423	912
423	990
423	996
424	507
424	901
424	914
424	937
424	956
424	973
425	324
425	689
425	788
425	852
425	938
425	995
426	823
426	876
426	940
426	957
426	961
426	984
427	819
427	869
427	895
427	947
427	979
427	981
428	468
428	667
428	720
428	864
428	916
428	1000
429	511
429	738
429	930
429	952
429	997
429	999
430	246
430	740
430	847
430	865
430	975
430	996
431	163
431	775
431	789
431	833
431	840
431	921
432	55
432	152
432	313
432	572
432	581
432	909
433	932
433	968
433	969
433	977
433	986
433	994
434	27
434	462
434	806
434	915
434	979
434	988
435	470
435	473
435	924
435	935
435	939
435	994
436	577
436	696
436	819
436	860
436	907
436	912
437	88
437	283
437	396
437	492
437	894
437	907
438	492
438	641
438	776
438	872
438	976
438	979
439	25
439	466
439	880
439	917
439	945
439	991
440	538
440	651
440	675
440	678
440	834
440	972
441	409
441	524
441	876
441	915
441	974
441	988
442	91
442	291
442	413
442	751
442	917
442	991
443	524
443	707
443	980
443	991
443	993
443	994
444	559
444	864
444	883
444	904
444	978
444	983
445	603
445	641
445	764
445	776
445	896
445	951
446	120
446	707
446	824
446	884
446	924
446	980
447	900
447	927
447	930
447	975
447	987
447	999
448	24
448	131
448	816
448	903
448	905
448	968
449	284
449	844
449	845
449	968
449	975
449	989
450	372
450	829
450	841
450	903
450	990
450	1000
451	45
451	367
451	687
451	790
451	891
451	993
452	638
452	683
452	845
452	928
452	933
452	997
453	331
453	556
453	701
453	792
453	800
453	929
454	395
454	677
454	697
454	930
454	959
454	966
455	366
455	463
455	548
455	756
455	940
455	956
456	159
456	494
456	653
456	736
456	973
456	980
457	15
457	253
457	600
457	790
457	906
457	935
458	146
458	219
458	871
458	929
458	949
458	992
459	137
459	680
459	971
459	974
459	979
459	988
460	26
460	130
460	780
460	791
460	977
460	989
461	59
461	209
461	720
461	934
461	944
461	953
462	434
462	734
462	779
462	860
462	938
462	982
463	397
463	455
463	548
463	579
463	613
463	624
464	520
464	856
464	919
464	926
464	929
464	964
465	733
465	779
465	913
465	916
465	938
465	982
466	439
466	720
466	751
466	866
466	877
466	991
467	166
467	669
467	828
467	849
467	932
467	945
468	306
468	428
468	514
468	678
468	926
468	964
469	519
469	760
469	825
469	931
469	938
469	982
470	435
470	636
470	835
470	904
470	905
470	917
471	61
471	244
471	850
471	902
471	967
471	988
472	265
472	285
472	633
472	637
472	718
472	967
473	374
473	435
473	863
473	951
473	963
473	971
474	754
474	835
474	923
474	980
474	993
474	994
475	49
475	335
475	756
475	889
475	972
475	988
476	269
476	298
476	629
476	759
476	901
476	937
477	616
477	679
477	809
477	814
477	825
477	994
478	44
478	526
478	937
478	982
478	990
478	1000
479	38
479	85
479	87
479	908
479	946
479	951
480	10
480	215
480	715
480	910
480	976
480	985
481	752
481	781
481	900
481	921
481	965
481	969
482	712
482	831
482	880
482	889
482	908
482	972
483	15
483	682
483	845
483	889
483	961
483	972
484	842
484	903
484	951
484	958
484	990
484	1000
485	363
485	783
485	933
485	947
485	991
485	1000
486	661
486	780
486	840
486	845
486	921
486	966
487	159
487	736
487	833
487	873
487	929
487	992
488	156
488	367
488	825
488	858
488	862
488	912
489	371
489	941
489	958
489	959
489	976
489	985
490	639
490	745
490	812
490	879
490	947
490	967
491	517
491	751
491	767
491	876
491	900
491	965
492	274
492	386
492	437
492	438
492	812
492	819
493	211
493	247
493	598
493	857
493	961
493	984
494	456
494	647
494	724
494	914
494	962
494	973
495	321
495	728
495	765
495	886
495	963
495	971
496	222
496	253
496	595
496	746
496	775
496	854
497	325
497	737
497	842
497	874
497	915
497	930
498	227
498	238
498	781
498	876
498	880
498	965
499	77
499	585
499	710
499	852
499	943
499	949
500	502
500	843
500	910
500	924
500	935
500	939
501	408
501	587
501	858
501	912
501	940
501	954
502	500
502	657
502	878
502	902
502	905
502	967
503	24
503	689
503	714
503	788
503	934
503	995
504	641
504	730
504	778
504	801
504	849
504	995
505	11
505	208
505	715
505	806
505	822
505	883
506	657
506	797
506	934
506	944
506	947
506	953
507	424
507	804
507	843
507	908
507	946
507	951
508	148
508	641
508	831
508	889
508	944
508	972
509	745
509	769
509	887
509	896
509	987
509	998
510	770
510	912
510	957
510	977
510	980
510	994
511	73
511	284
511	429
511	714
511	788
511	829
511	861
512	729
512	776
512	940
512	947
512	961
512	973
512	984
513	78
513	308
513	338
513	564
513	758
513	811
513	971
514	468
514	614
514	669
514	717
514	751
514	900
514	991
515	60
515	325
515	378
515	771
515	842
515	871
515	899
516	161
516	547
516	606
516	859
516	912
516	925
516	954
517	491
517	600
517	625
517	826
517	921
517	935
517	966
518	294
518	371
518	668
518	818
518	900
518	958
518	965
519	469
519	731
519	859
519	864
519	945
519	968
519	970
520	464
520	853
520	861
520	929
520	949
520	957
520	992
521	269
521	311
521	559
521	707
521	738
521	923
521	993
522	150
522	609
522	644
522	743
522	746
522	755
522	825
523	734
523	843
523	908
523	946
523	951
523	954
523	997
524	236
524	441
524	443
524	868
524	914
524	974
524	979
525	271
525	647
525	652
525	672
525	780
525	853
525	997
526	478
526	687
526	724
526	773
526	867
526	993
526	1000
527	276
527	633
527	786
527	807
527	809
527	988
527	992
528	658
528	667
528	843
528	908
528	927
528	946
528	951
529	324
529	622
529	708
529	745
529	788
529	801
529	995
530	47
530	402
530	766
530	831
530	834
530	918
530	972
531	221
531	822
531	944
531	953
531	960
531	964
531	996
532	722
532	823
532	857
532	940
532	948
532	961
532	984
533	570
533	735
533	828
533	849
533	851
533	887
533	932
534	92
534	378
534	379
534	908
534	923
534	946
534	951
535	53
535	549
535	789
535	915
535	979
535	984
535	988
536	133
536	743
536	856
536	879
536	909
536	916
536	926
537	642
537	773
537	843
537	928
537	944
537	946
537	951
538	418
538	440
538	753
538	831
538	889
538	972
538	974
539	694
539	743
539	927
539	959
539	969
539	977
539	986
540	618
540	793
540	832
540	864
540	886
540	936
540	983
541	253
541	640
541	829
541	926
541	934
541	953
541	976
542	183
542	813
542	833
542	834
542	877
542	949
542	992
543	56
543	288
543	680
543	915
543	946
543	974
543	979
544	13
544	260
544	660
544	874
544	878
544	902
544	967
545	286
545	660
545	788
545	913
545	931
545	938
545	982
546	624
546	669
546	904
546	919
546	943
546	991
546	1000
547	343
547	516
547	675
547	699
547	884
547	885
547	956
548	102
548	264
548	455
548	463
548	669
548	820
548	952
549	370
549	535
549	613
549	624
549	665
549	756
549	820
550	216
550	331
550	640
550	793
550	856
550	944
550	963
551	678
551	785
551	797
551	836
551	927
551	962
551	969
552	258
552	281
552	557
552	694
552	842
552	899
552	988
553	807
553	815
553	906
553	924
553	935
553	939
553	997
554	584
554	630
554	837
554	844
554	875
554	948
554	981
555	730
555	732
555	832
555	848
555	886
555	905
555	995
556	453
556	787
556	805
556	840
556	871
556	929
556	937
557	180
557	552
557	847
557	925
557	959
557	976
557	985
558	301
558	415
558	777
558	794
558	933
558	948
558	981
559	444
559	521
559	776
559	894
559	945
559	970
559	983
560	57
560	395
560	644
560	670
560	757
560	886
560	971
561	320
561	656
561	771
561	880
561	904
561	917
561	952
562	835
562	877
562	882
562	910
562	942
562	959
562	976
563	16
563	210
563	646
563	665
563	885
563	922
563	956
564	513
564	644
564	755
564	765
564	886
564	921
564	988
565	685
565	727
565	893
565	904
565	976
565	984
565	991
566	759
566	793
566	923
566	957
566	980
566	991
566	993
567	336
567	665
567	733
567	744
567	809
567	993
567	994
568	299
568	627
568	695
568	887
568	908
568	943
568	945
569	152
569	602
569	853
569	911
569	952
569	989
569	995
570	230
570	533
570	681
570	692
570	828
570	932
570	949
571	658
571	723
571	762
571	811
571	893
571	934
571	991
572	432
572	787
572	822
572	892
572	911
572	956
572	978
573	388
573	408
573	753
573	923
573	957
573	965
573	980
574	345
574	700
574	804
574	822
574	881
574	970
574	983
575	382
575	759
575	838
575	884
575	922
575	956
575	986
576	65
576	812
576	869
576	895
576	947
576	981
576	999
577	288
577	436
577	711
577	797
577	907
577	939
577	983
578	333
578	815
578	872
578	903
578	970
578	990
578	1000
579	204
579	463
579	717
579	896
579	954
579	978
579	998
580	884
580	885
580	922
580	956
580	982
580	983
580	998
581	55
581	324
581	367
581	432
581	795
581	883
581	892
582	125
582	674
582	696
582	765
582	975
582	978
582	998
583	183
583	727
583	748
583	778
583	902
583	905
583	943
584	554
584	586
584	643
584	875
584	933
584	948
584	981
585	499
585	628
585	689
585	816
585	905
585	919
585	943
586	584
586	821
586	975
586	987
586	998
586	999
586	1000
587	259
587	501
587	827
587	873
587	879
587	892
587	925
588	85
588	817
588	819
588	826
588	870
588	989
588	999
589	733
589	881
589	884
589	909
589	916
589	926
589	960
590	419
590	909
590	933
590	947
590	948
590	977
590	981
591	157
591	639
591	727
591	781
591	786
591	807
591	812
592	242
592	267
592	856
592	884
592	953
592	960
592	964
593	706
593	793
593	804
593	819
593	869
593	970
593	983
594	351
594	620
594	802
594	870
594	927
594	958
594	962
594	977
595	496
595	746
595	762
595	826
595	888
595	921
595	966
595	999
596	311
596	620
596	663
596	878
596	902
596	967
596	977
596	980
597	782
597	898
597	913
597	923
597	931
597	938
597	951
597	982
598	493
598	804
598	828
598	859
598	881
598	970
598	983
598	987
599	748
599	888
599	892
599	933
599	948
599	953
599	961
599	981
600	277
600	457
600	517
600	718
600	840
600	846
600	921
600	966
601	205
601	346
601	708
601	878
601	883
601	902
601	936
601	967
602	569
602	649
602	784
602	873
602	968
602	987
602	989
602	996
603	83
603	99
603	445
603	818
603	882
603	910
603	914
603	976
604	263
604	370
604	731
604	814
604	864
604	952
604	970
604	983
605	250
605	617
605	842
605	874
605	899
605	913
605	976
605	999
606	516
606	726
606	738
606	851
606	872
606	959
606	985
606	997
607	323
607	645
607	923
607	933
607	941
607	980
607	993
607	994
608	180
608	339
608	381
608	835
608	910
608	976
608	985
608	992
609	205
609	413
609	522
609	656
609	857
609	940
609	961
609	984
610	323
610	668
610	701
610	704
610	741
610	745
610	787
610	992
611	769
611	775
611	826
611	840
611	896
611	913
611	921
611	966
612	654
612	794
612	923
612	957
612	975
612	980
612	985
612	994
613	405
613	463
613	549
613	820
613	827
613	866
613	945
613	959
614	140
614	314
614	514
614	839
614	919
614	975
614	984
614	991
615	139
615	221
615	320
615	739
615	923
615	957
615	965
615	994
616	328
616	477
616	652
616	858
616	885
616	925
616	931
616	946
617	605
617	841
617	888
617	897
617	928
617	936
617	979
617	988
618	377
618	540
618	681
618	793
618	864
618	893
618	970
618	983
619	62
619	241
619	748
619	790
619	939
619	977
619	981
619	997
620	245
620	594
620	596
620	663
620	756
620	850
620	902
620	967
621	820
621	898
621	913
621	931
621	938
621	942
621	968
621	982
622	529
622	670
622	701
622	721
622	839
622	894
622	949
622	963
623	17
623	49
623	141
623	693
623	732
623	810
623	832
623	840
624	20
624	252
624	463
624	546
624	549
624	827
624	872
624	940
625	123
625	127
625	517
625	746
625	780
625	814
625	826
625	966
626	111
626	390
626	667
626	791
626	843
626	850
626	908
626	946
627	321
627	568
627	802
627	849
627	865
627	870
627	954
627	962
628	12
628	585
628	827
628	852
628	885
628	905
628	943
628	949
629	64
629	476
629	770
629	875
629	947
629	948
629	978
629	981
630	554
630	734
630	844
630	890
630	904
630	987
630	996
630	999
631	400
631	753
631	773
631	849
631	854
631	982
631	990
631	1000
632	350
632	368
632	644
632	836
632	906
632	918
632	924
632	935
633	187
633	410
633	472
633	527
633	807
633	809
633	880
633	893
634	6
634	704
634	833
634	839
634	886
634	949
634	971
634	995
635	753
635	875
635	955
635	968
635	969
635	977
635	986
635	1000
636	72
636	138
636	394
636	470
636	669
636	880
636	919
636	961
637	258
637	266
637	316
637	406
637	472
637	799
637	888
637	995
638	452
638	717
638	774
638	851
638	918
638	920
638	939
638	998
639	170
639	490
639	591
639	663
639	732
639	745
639	786
639	809
640	541
640	550
640	686
640	720
640	904
640	916
640	934
640	977
641	438
641	445
641	504
641	508
641	646
641	919
641	941
641	985
642	105
642	396
642	537
642	732
642	874
642	908
642	946
642	951
643	584
643	715
643	723
643	782
643	795
643	824
643	883
643	911
644	172
644	522
644	560
644	564
644	632
644	743
644	755
644	758
644	934
645	113
645	223
645	249
645	607
645	774
645	957
645	980
645	990
645	994
646	563
646	641
646	652
646	696
646	764
646	872
646	882
646	976
646	985
647	415
647	494
647	525
647	807
647	848
647	916
647	928
647	943
647	996
648	243
648	309
648	664
648	721
648	838
648	856
648	909
648	959
648	960
649	602
649	691
649	948
649	955
649	968
649	969
649	977
649	986
649	995
650	278
650	384
650	767
650	781
650	783
650	876
650	961
650	965
650	982
651	440
651	673
651	695
651	950
651	955
651	968
651	969
651	977
651	986
652	161
652	525
652	616
652	646
652	673
652	858
652	913
652	925
652	954
653	67
653	72
653	307
653	456
653	901
653	937
653	964
653	973
653	976
654	407
654	612
654	774
654	862
654	885
654	957
654	980
654	993
654	994
655	11
655	274
655	739
655	927
655	957
655	980
655	993
655	994
655	1000
656	104
656	138
656	258
656	279
656	561
656	609
656	801
656	866
656	995
657	502
657	506
657	808
657	817
657	821
657	904
657	930
657	996
657	997
658	352
658	418
658	528
658	571
658	749
658	831
658	834
658	926
658	972
659	778
659	799
659	801
659	836
659	888
659	959
659	995
659	997
659	1000
660	303
660	544
660	545
660	683
660	857
660	928
660	987
660	997
660	999
661	133
661	486
661	786
661	790
661	810
661	895
661	947
661	948
661	981
662	827
662	836
662	852
662	855
662	893
662	906
662	924
662	935
662	939
663	331
663	596
663	620
663	639
663	850
663	878
663	902
663	952
663	967
664	38
664	248
664	270
664	648
664	856
664	926
664	934
664	944
664	949
665	549
665	563
665	567
665	670
665	700
665	834
665	862
665	922
665	956
666	132
666	142
666	332
666	348
666	723
666	745
666	786
666	809
666	899
667	428
667	528
667	626
667	843
667	908
667	946
667	951
667	976
667	988
668	264
668	518
668	610
668	761
668	853
668	861
668	949
668	975
668	992
669	222
669	404
669	467
669	514
669	546
669	548
669	636
669	880
669	991
670	560
670	622
670	665
670	700
670	702
670	838
670	849
670	885
670	922
671	39
671	116
671	143
671	353
671	737
671	743
671	874
671	884
671	996
672	525
672	813
672	890
672	901
672	914
672	928
672	937
672	973
672	983
673	243
673	651
673	652
673	803
673	892
673	916
673	926
673	944
673	964
674	582
674	702
674	737
674	769
674	863
674	899
674	925
674	978
674	998
675	382
675	388
675	414
675	440
675	547
675	733
675	838
675	922
675	956
676	346
676	361
676	416
676	686
676	789
676	936
676	974
676	979
676	988
677	277
677	336
677	454
677	826
677	921
677	937
677	966
677	979
677	1000
678	354
678	440
678	468
678	551
678	720
678	927
678	958
678	962
678	965
679	365
679	397
679	405
679	477
679	804
679	820
679	827
679	868
679	901
680	239
680	459
680	543
680	847
680	916
680	974
680	979
680	988
680	991
681	570
681	618
681	709
681	735
681	814
681	873
681	879
681	925
681	954
682	158
682	483
682	751
682	789
682	897
682	915
682	974
682	988
682	999
683	41
683	94
683	415
683	422
683	452
683	660
683	930
683	944
683	952
684	283
684	288
684	386
684	819
684	894
684	907
684	945
684	953
684	988
685	310
685	565
685	723
685	827
685	846
685	849
685	880
685	917
685	991
686	640
686	676
686	724
686	750
686	776
686	818
686	872
686	976
686	985
687	451
687	526
687	853
687	854
687	856
687	903
687	990
687	999
687	1000
688	70
688	700
688	712
688	884
688	885
688	921
688	922
688	956
688	972
688	998
689	425
689	503
689	585
689	693
689	810
689	888
689	932
689	938
689	966
689	995
690	110
690	709
690	711
690	861
690	950
690	955
690	968
690	969
690	977
690	986
691	88
691	223
691	649
691	729
691	823
691	848
691	940
691	961
691	984
691	1000
692	30
692	238
692	315
692	570
692	828
692	835
692	860
692	887
692	932
692	945
693	46
693	204
693	623
693	689
693	708
693	779
693	829
693	907
693	963
693	995
694	8
694	9
694	341
694	539
694	552
694	762
694	842
694	874
694	891
694	899
695	343
695	568
695	651
695	849
695	865
695	887
695	932
695	945
695	968
695	978
696	199
696	293
696	337
696	436
696	582
696	646
696	815
696	819
696	894
696	907
697	324
697	454
697	746
697	775
697	840
697	867
697	911
697	921
697	925
697	966
698	320
698	774
698	871
698	894
698	923
698	943
698	957
698	980
698	993
698	995
699	27
699	121
699	276
699	547
699	884
699	885
699	898
699	907
699	922
699	956
700	574
700	665
700	670
700	688
700	806
700	828
700	838
700	884
700	955
700	956
701	1
701	296
701	453
701	610
701	622
701	721
701	761
701	813
701	896
701	992
702	670
702	674
702	715
702	759
702	830
702	851
702	920
702	935
702	978
702	998
703	6
703	165
703	287
703	411
703	722
703	857
703	933
703	940
703	961
703	984
704	610
704	634
704	709
704	800
704	805
704	813
704	839
704	901
704	926
704	981
705	103
705	713
705	797
705	852
705	909
705	944
705	953
705	964
705	980
705	999
706	276
706	358
706	593
706	769
706	815
706	851
706	863
706	944
706	978
706	981
707	422
707	443
707	446
707	521
707	744
707	797
707	817
707	980
707	987
707	994
708	37
708	165
708	529
708	601
708	693
708	710
708	875
708	888
708	974
708	995
709	256
709	272
709	681
709	690
709	704
709	767
709	785
709	876
709	900
709	965
710	12
710	499
710	708
710	725
710	835
710	852
710	905
710	920
710	938
710	943
711	126
711	199
711	232
711	334
711	577
711	690
711	806
711	819
711	894
711	907
712	354
712	357
712	482
712	688
712	785
712	847
712	927
712	958
712	962
712	998
713	155
713	292
713	295
713	308
713	347
713	705
713	847
713	958
713	962
713	977
714	240
714	316
714	405
714	503
714	511
714	832
714	851
714	862
714	888
714	995
715	182
715	326
715	480
715	505
715	643
715	702
715	822
715	883
715	911
715	968
716	35
716	151
716	318
716	404
716	717
716	767
716	786
716	891
716	920
716	978
717	514
717	579
717	638
717	716
717	808
717	855
717	896
717	918
717	920
717	960
718	74
718	304
718	360
718	472
718	600
718	825
718	867
718	897
718	915
718	974
718	979
719	311
719	355
719	811
719	865
719	866
719	867
719	880
719	909
719	917
719	977
719	991
720	3
720	428
720	461
720	466
720	640
720	678
720	944
720	953
720	960
720	964
720	982
721	622
721	648
721	701
721	805
721	816
721	839
721	938
721	949
721	990
721	992
721	1000
722	532
722	703
722	764
722	823
722	857
722	889
722	900
722	927
722	940
722	961
722	984
723	19
723	311
723	420
723	571
723	643
723	666
723	685
723	771
723	919
723	991
723	994
724	494
724	526
724	686
724	777
724	890
724	901
724	914
724	937
724	957
724	970
724	973
725	184
725	373
725	710
725	727
725	811
725	841
725	852
725	866
725	905
725	943
725	974
726	328
726	349
726	606
726	734
726	764
726	800
726	835
726	910
726	941
726	976
726	985
727	90
727	565
727	583
727	591
727	725
727	816
727	852
727	905
727	929
727	943
727	995
728	7
728	386
728	495
728	755
728	758
728	763
728	886
728	915
728	963
728	971
728	976
729	284
729	512
729	691
729	739
729	823
729	848
729	857
729	885
729	961
729	984
729	999
730	37
730	84
730	335
730	504
730	555
730	732
730	778
730	810
730	892
730	952
730	995
731	13
731	270
731	519
731	604
731	791
731	859
731	868
731	881
731	894
731	981
731	983
732	555
732	623
732	639
732	642
732	730
732	778
732	801
732	832
732	969
732	975
732	995
733	198
733	408
733	465
733	567
733	589
733	675
733	891
733	923
733	950
733	993
733	994
734	462
734	523
734	630
734	726
734	821
734	846
734	932
734	952
734	989
734	997
734	999
735	221
735	283
735	533
735	681
735	830
735	867
735	921
735	936
735	974
735	979
735	988
736	75
736	456
736	487
736	781
736	837
736	846
736	881
736	952
736	989
736	996
736	999
737	116
737	175
737	250
737	497
737	671
737	674
737	874
737	899
737	929
737	962
737	1000
738	429
738	521
738	606
738	818
738	872
738	882
738	936
738	941
738	972
738	976
738	985
739	615
739	655
739	729
739	770
739	796
739	887
739	915
739	957
739	980
739	993
739	994
740	164
740	321
740	430
740	802
740	812
740	870
740	927
740	954
740	958
740	962
740	992
741	15
741	56
741	610
741	829
741	836
741	859
741	864
741	868
741	881
741	970
741	983
742	57
742	179
742	379
742	414
742	749
742	772
742	861
742	949
742	963
742	992
742	993
743	118
743	156
743	357
743	522
743	536
743	539
743	644
743	671
743	946
743	963
743	971
743	995
744	48
744	94
744	218
744	296
744	567
744	707
744	824
744	891
744	963
744	980
744	993
744	994
745	389
745	490
745	509
745	529
745	610
745	639
745	666
745	786
745	807
745	809
745	812
745	975
746	496
746	522
746	595
746	625
746	697
746	840
746	916
746	921
746	951
746	966
746	989
746	999
747	302
747	800
747	813
747	832
747	861
747	926
747	929
747	949
747	967
747	991
747	992
747	998
748	583
748	599
748	619
748	770
748	790
748	850
748	895
748	904
748	933
748	947
748	957
748	981
749	43
749	658
749	742
749	761
749	772
749	787
749	813
749	903
749	929
749	989
749	992
749	994
750	25
750	188
750	206
750	406
750	686
750	829
750	851
750	875
750	896
750	978
750	986
750	998
751	161
751	442
751	466
751	491
751	514
751	682
751	771
751	893
751	903
751	904
751	917
751	919
752	166
752	268
752	391
752	481
752	767
752	781
752	848
752	876
752	900
752	951
752	965
752	985
753	334
753	538
753	573
753	631
753	635
753	798
753	849
753	854
753	903
753	990
753	991
753	1000
754	44
754	337
754	474
754	836
754	855
754	898
754	906
754	918
754	924
754	935
754	939
754	943
755	522
755	564
755	644
755	728
755	763
755	881
755	886
755	915
755	928
755	963
755	971
755	978
756	20
756	160
756	365
756	397
756	410
756	455
756	475
756	549
756	620
756	768
756	827
756	978
757	32
757	340
757	345
757	560
757	772
757	798
757	843
757	886
757	936
757	963
757	971
757	997
758	118
758	128
758	341
758	513
758	644
758	728
758	839
758	890
758	931
758	944
758	963
758	971
759	358
759	476
759	566
759	575
759	702
759	765
759	769
759	815
759	851
759	863
759	920
759	935
760	267
760	469
760	773
760	779
760	837
760	898
760	913
760	931
760	938
760	975
760	982
760	985
761	89
761	668
761	701
761	749
761	780
761	787
761	800
761	813
761	863
761	913
761	929
761	992
762	110
762	571
762	595
762	694
762	769
762	783
762	808
762	815
762	920
762	931
762	978
762	998
763	120
763	123
763	156
763	395
763	421
763	728
763	755
763	891
763	904
763	963
763	971
763	991
764	302
764	445
764	646
764	722
764	726
764	776
764	867
764	872
764	873
764	934
764	959
764	976
764	985
765	85
765	262
765	401
765	495
765	564
765	582
765	759
765	784
765	815
765	851
765	863
765	978
765	998
766	214
766	242
766	295
766	305
766	530
766	773
766	798
766	877
766	919
766	990
766	997
766	999
766	1000
767	101
767	113
767	371
767	491
767	650
767	709
767	716
767	752
767	804
767	831
767	914
767	962
767	965
768	756
768	792
768	814
768	903
768	942
768	948
768	950
768	955
768	968
768	969
768	977
768	986
768	995
769	30
769	272
769	509
769	611
769	674
769	706
769	759
769	762
769	790
769	856
769	870
769	896
769	998
770	510
770	629
770	739
770	748
770	891
770	897
770	912
770	923
770	957
770	980
770	983
770	993
770	994
771	212
771	285
771	358
771	515
771	561
771	723
771	751
771	866
771	893
771	904
771	917
771	919
771	966
772	129
772	742
772	749
772	757
772	800
772	805
772	871
772	882
772	905
772	929
772	931
772	949
772	987
773	526
773	537
773	631
773	760
773	766
773	798
773	813
773	876
773	877
773	986
773	988
773	990
773	1000
774	638
774	645
774	654
774	698
774	824
774	896
774	923
774	934
774	940
774	980
774	989
774	993
774	994
775	136
775	154
775	196
775	431
775	496
775	611
775	697
775	790
775	826
775	831
775	840
775	921
775	966
776	163
776	208
776	438
776	445
776	512
776	559
776	686
776	764
776	941
776	946
776	959
776	968
776	985
777	254
777	308
777	322
777	393
777	558
777	724
777	890
777	895
777	906
777	914
777	937
777	969
777	973
778	258
778	382
778	504
778	583
778	659
778	730
778	732
778	810
778	832
778	941
778	948
778	969
778	995
779	115
779	462
779	465
779	693
779	760
779	898
779	909
779	913
779	931
779	938
779	964
779	982
779	996
780	460
780	486
780	525
780	625
780	761
780	813
780	845
780	880
780	975
780	987
780	989
780	996
780	997
781	256
781	416
781	481
781	498
781	591
781	650
781	736
781	752
781	876
781	900
781	904
781	954
781	965
782	220
782	237
782	342
782	597
782	643
782	795
782	822
782	823
782	875
782	883
782	892
782	911
782	968
783	333
783	485
783	650
783	762
783	794
783	869
783	875
783	933
783	947
783	948
783	963
783	981
783	983
784	602
784	765
784	860
784	880
784	889
784	975
784	983
784	985
784	987
784	989
784	996
784	997
784	999
785	21
785	260
785	551
785	709
785	712
785	839
785	847
785	870
785	927
785	941
785	958
785	962
785	994
786	220
786	279
786	403
786	527
786	591
786	639
786	661
786	666
786	716
786	745
786	807
786	809
786	912
787	303
787	390
787	556
787	572
787	610
787	749
787	761
787	825
787	833
787	839
787	863
787	949
787	992
788	35
788	176
788	177
788	425
788	503
788	511
788	529
788	545
788	826
788	829
788	832
788	977
788	995
789	31
789	431
789	535
789	676
789	682
789	806
789	897
789	936
789	946
789	968
789	974
789	979
789	986
789	988
790	451
790	457
790	619
790	661
790	748
790	769
790	775
790	794
790	858
790	869
790	933
790	947
790	948
790	981
791	307
791	460
791	626
791	731
791	829
791	846
791	859
791	928
791	930
791	952
791	980
791	987
791	989
791	999
792	35
792	256
792	453
792	768
792	942
792	950
792	955
792	960
792	968
792	969
792	974
792	977
792	986
792	993
793	195
793	271
793	540
793	550
793	566
793	593
793	618
793	804
793	864
793	881
793	933
793	955
793	970
793	983
794	42
794	64
794	558
794	612
794	783
794	790
794	875
794	878
794	895
794	937
794	947
794	949
794	972
794	981
795	191
795	271
795	581
795	643
795	782
795	822
795	829
795	872
795	881
795	883
795	892
795	946
795	973
795	982
796	739
796	815
796	834
796	942
796	950
796	955
796	962
796	968
796	969
796	977
796	985
796	986
796	1000
797	103
797	380
797	506
797	551
797	577
797	705
797	707
797	825
797	909
797	916
797	926
797	960
797	964
797	973
798	193
798	210
798	246
798	753
798	757
798	766
798	773
798	854
798	901
798	903
798	986
798	990
798	999
798	1000
799	4
799	104
799	138
799	203
799	275
799	377
799	637
799	659
799	801
799	829
799	832
799	888
799	941
799	995
800	105
800	186
800	300
800	453
800	704
800	726
800	747
800	761
800	772
800	805
800	861
800	871
800	973
800	999
801	17
801	165
801	504
801	529
801	656
801	659
801	732
801	799
801	888
801	944
801	970
801	979
801	988
801	995
802	106
802	298
802	348
802	594
802	627
802	740
802	847
802	850
802	865
802	927
802	946
802	958
802	959
802	962
803	29
803	193
803	297
803	401
803	673
803	909
803	916
803	928
803	934
803	944
803	953
803	960
803	964
803	987
804	507
804	574
804	593
804	598
804	679
804	767
804	793
804	821
804	859
804	868
804	881
804	930
804	968
804	970
805	9
805	302
805	404
805	556
805	704
805	721
805	772
805	800
805	813
805	861
805	898
805	925
805	929
805	979
806	114
806	259
806	434
806	505
806	700
806	711
806	789
806	830
806	867
806	878
806	897
806	915
806	932
806	979
806	988
807	187
807	265
807	285
807	527
807	553
807	591
807	633
807	647
807	745
807	786
807	812
807	817
807	877
807	979
807	990
808	217
808	403
808	657
808	717
808	762
808	851
808	884
808	896
808	918
808	920
808	930
808	969
808	975
808	978
808	998
809	187
809	220
809	248
809	364
809	477
809	527
809	567
809	633
809	639
809	666
809	745
809	786
809	877
809	959
809	980
810	37
810	67
810	124
810	145
810	268
810	281
810	623
810	661
810	689
810	730
810	778
810	857
810	902
810	974
810	995
811	133
811	135
811	159
811	167
811	513
811	571
811	719
811	725
811	866
811	880
811	893
811	919
811	943
811	969
811	991
812	140
812	142
812	154
812	265
812	285
812	297
812	389
812	490
812	492
812	576
812	591
812	740
812	745
812	807
812	995
813	421
813	542
813	672
813	701
813	704
813	747
813	749
813	761
813	773
813	780
813	805
813	861
813	927
813	961
813	992
814	362
814	417
814	477
814	604
814	625
814	681
814	768
814	825
814	858
814	862
814	873
814	897
814	912
814	954
814	971
815	183
815	398
815	553
815	578
815	696
815	706
815	759
815	762
815	765
815	796
815	851
815	920
815	923
815	978
815	998
816	12
816	131
816	402
816	412
816	448
816	585
816	721
816	727
816	905
816	929
816	935
816	943
816	947
816	974
816	989
817	160
817	329
817	588
817	657
817	707
817	807
817	843
817	845
817	862
817	902
817	933
817	987
817	989
817	997
817	999
818	63
818	518
818	603
818	686
818	738
818	837
818	866
818	882
818	900
818	941
818	957
818	958
818	959
818	976
818	985
819	50
819	274
819	350
819	427
819	436
819	492
819	588
819	593
819	684
819	696
819	711
819	894
819	907
819	914
819	959
820	20
820	76
820	102
820	182
820	188
820	366
820	405
820	548
820	549
820	613
820	621
820	679
820	918
820	939
820	992
821	369
821	418
821	586
821	657
821	734
821	804
821	824
821	844
821	846
821	951
821	952
821	975
821	987
821	990
821	999
822	27
822	108
822	312
822	319
822	505
822	531
822	572
822	574
822	715
822	782
822	795
822	892
822	902
822	911
822	922
823	115
823	255
823	338
823	420
823	426
823	532
823	691
823	722
823	729
823	782
823	935
823	940
823	961
823	962
823	984
824	167
824	234
824	254
824	270
824	348
824	446
824	643
824	744
824	774
824	821
824	830
824	891
824	980
824	993
824	994
825	251
825	317
825	469
825	477
825	488
825	522
825	718
825	787
825	797
825	814
825	879
825	912
825	925
825	954
825	965
826	1
826	207
826	517
826	588
826	595
826	611
826	625
826	677
826	775
826	788
826	847
826	921
826	930
826	944
826	966
827	162
827	182
827	346
827	366
827	410
827	587
827	613
827	624
827	628
827	662
827	679
827	685
827	756
827	891
827	950
828	293
828	467
828	533
828	570
828	598
828	692
828	700
828	849
828	879
828	887
828	922
828	932
828	945
828	965
828	983
828	989
829	41
829	73
829	89
829	450
829	511
829	541
829	693
829	741
829	750
829	788
829	791
829	795
829	799
829	888
829	961
829	995
830	148
830	327
830	366
830	387
830	702
830	735
830	806
830	824
830	841
830	867
830	897
830	911
830	936
830	974
830	979
830	988
831	81
831	202
831	335
831	385
831	411
831	482
831	508
831	530
831	538
831	658
831	767
831	775
831	858
831	889
831	972
831	996
832	279
832	389
832	540
832	555
832	623
832	714
832	732
832	747
832	778
832	788
832	799
832	836
832	888
832	897
832	910
832	995
833	53
833	201
833	431
833	487
833	542
833	634
833	787
833	839
833	842
833	861
833	906
833	929
833	964
833	971
833	985
833	992
834	49
834	84
834	202
834	289
834	294
834	411
834	440
834	530
834	542
834	658
834	665
834	796
834	889
834	963
834	972
834	992
835	88
835	470
835	474
835	562
835	608
835	692
835	710
835	726
835	838
835	882
835	910
835	922
835	930
835	941
835	959
835	985
836	36
836	279
836	304
836	551
836	632
836	659
836	662
836	741
836	754
836	832
836	855
836	906
836	918
836	924
836	935
836	939
837	122
837	149
837	231
837	264
837	330
837	554
837	736
837	760
837	818
837	928
837	930
837	973
837	989
837	996
837	997
837	999
838	2
838	70
838	143
838	388
838	575
838	648
838	670
838	675
838	700
838	835
838	884
838	885
838	916
838	922
838	956
838	967
839	67
839	179
839	614
839	622
839	634
839	704
839	721
839	758
839	785
839	787
839	833
839	871
839	882
839	929
839	994
839	995
840	64
840	259
840	336
840	431
840	486
840	556
840	600
840	611
840	623
840	697
840	746
840	775
840	900
840	921
840	965
840	966
841	200
841	450
841	617
841	725
841	830
841	847
841	867
841	890
841	897
841	915
841	926
841	936
841	974
841	976
841	979
841	985
841	988
842	60
842	69
842	91
842	353
842	484
842	497
842	515
842	552
842	605
842	694
842	833
842	874
842	898
842	899
842	921
842	951
842	984
843	261
843	349
843	368
843	398
843	500
843	507
843	523
843	528
843	537
843	626
843	667
843	757
843	817
843	908
843	946
843	951
843	958
844	325
844	392
844	449
844	554
844	630
844	821
844	860
844	925
844	927
844	952
844	957
844	971
844	987
844	989
844	997
844	999
844	1000
845	355
845	407
845	449
845	452
845	483
845	486
845	780
845	817
845	848
845	893
845	898
845	908
845	929
845	975
845	987
845	996
845	997
846	95
846	334
846	412
846	600
846	685
846	734
846	736
846	791
846	821
846	930
846	953
846	975
846	982
846	987
846	989
846	996
846	999
847	79
847	224
847	235
847	430
847	557
847	680
847	712
847	713
847	785
847	802
847	826
847	841
847	862
847	870
847	927
847	939
847	962
848	290
848	332
848	555
848	647
848	691
848	729
848	752
848	845
848	860
848	870
848	914
848	928
848	975
848	987
848	996
848	997
848	999
849	14
849	299
849	343
849	467
849	504
849	533
849	627
849	631
849	670
849	685
849	695
849	753
849	828
849	874
849	887
849	932
849	945
850	83
850	134
850	260
850	292
850	372
850	381
850	471
850	620
850	626
850	663
850	748
850	802
850	867
850	902
850	924
850	967
850	970
851	291
851	533
851	606
851	638
851	702
851	706
851	714
851	750
851	759
851	765
851	808
851	815
851	920
851	954
851	974
851	976
851	978
851	998
852	106
852	244
852	269
852	373
852	412
852	425
852	499
852	628
852	662
852	705
852	710
852	725
852	727
852	853
852	905
852	943
852	975
852	986
853	170
853	249
853	290
853	303
853	520
853	525
853	569
853	668
853	687
853	852
853	930
853	952
853	975
853	989
853	994
853	996
853	997
853	1000
854	44
854	229
854	416
854	496
854	631
854	687
854	753
854	798
854	861
854	877
854	903
854	943
854	950
854	970
854	980
854	989
854	990
854	1000
855	19
855	130
855	204
855	253
855	662
855	717
855	754
855	836
855	864
855	891
855	906
855	918
855	924
855	935
855	937
855	939
855	943
855	972
856	294
856	380
856	464
856	536
856	550
856	592
856	648
856	664
856	687
856	769
856	926
856	934
856	944
856	945
856	964
856	979
856	993
856	997
857	215
857	232
857	299
857	493
857	532
857	609
857	660
857	703
857	722
857	729
857	810
857	859
857	922
857	940
857	960
857	961
857	984
857	987
858	42
858	66
858	213
858	423
858	488
858	501
858	616
858	652
858	790
858	814
858	831
858	862
858	871
858	873
858	879
858	912
858	923
858	976
859	144
859	222
859	327
859	411
859	516
859	519
859	598
859	731
859	741
859	791
859	804
859	857
859	860
859	864
859	883
859	926
859	970
859	983
860	145
860	252
860	436
860	462
860	692
860	784
860	844
860	848
860	859
860	928
860	947
860	952
860	957
860	975
860	989
860	996
860	997
860	999
861	21
861	129
861	153
861	203
861	511
861	520
861	668
861	690
861	742
861	747
861	800
861	805
861	813
861	833
861	854
861	886
861	922
861	992
862	4
862	139
862	328
862	369
862	423
862	488
862	654
862	665
862	714
862	814
862	817
862	847
862	858
862	873
862	912
862	925
862	940
862	954
863	123
863	230
863	306
863	403
863	406
863	473
863	674
863	706
863	759
863	761
863	765
863	787
863	896
863	910
863	920
863	995
863	997
863	998
864	80
864	95
864	207
864	428
864	444
864	519
864	540
864	604
864	618
864	741
864	793
864	855
864	859
864	868
864	970
864	983
864	989
864	994
865	295
865	321
865	351
865	354
865	391
865	419
865	430
865	627
865	695
865	719
865	802
865	870
865	911
865	927
865	958
865	962
865	970
865	981
866	57
866	157
866	159
866	300
866	314
866	323
866	466
866	613
866	656
866	719
866	725
866	771
866	811
866	818
866	893
866	914
866	991
866	993
867	74
867	526
867	697
867	718
867	719
867	735
867	764
867	806
867	830
867	841
867	850
867	905
867	915
867	936
867	974
867	979
867	988
867	993
868	23
868	70
868	111
868	154
868	266
868	386
868	419
868	524
868	679
868	731
868	741
868	804
868	864
868	881
868	957
868	970
868	978
868	983
869	34
869	40
869	80
869	86
869	89
869	122
869	337
869	427
869	576
869	593
869	783
869	790
869	875
869	895
869	933
869	947
869	948
869	981
870	132
870	308
870	350
870	419
870	588
870	594
870	627
870	740
870	769
870	785
870	847
870	848
870	865
870	927
870	934
870	958
870	978
870	995
871	28
871	66
871	143
871	199
871	379
871	458
871	515
871	556
871	698
871	772
871	800
871	839
871	858
871	929
871	949
871	973
871	983
871	992
872	275
872	304
872	438
872	578
872	606
872	624
872	646
872	686
872	738
872	764
872	795
872	910
872	921
872	941
872	950
872	970
872	976
872	985
872	996
873	48
873	213
873	328
873	487
873	587
873	602
873	681
873	764
873	814
873	858
873	862
873	879
873	912
873	919
873	925
873	954
873	980
873	985
873	990
874	6
874	8
874	39
874	91
874	198
874	201
874	361
874	497
874	544
874	605
874	642
874	671
874	694
874	737
874	842
874	849
874	899
874	954
874	974
875	40
875	273
875	280
875	554
875	584
875	629
875	635
875	708
875	750
875	782
875	783
875	794
875	869
875	921
875	933
875	947
875	948
875	981
875	988
876	117
876	125
876	216
876	294
876	391
876	426
876	441
876	491
876	498
876	650
876	709
876	752
876	773
876	781
876	900
876	940
876	978
876	980
876	997
877	36
877	45
877	148
877	202
877	226
877	268
877	286
877	372
877	466
877	542
877	562
877	766
877	773
877	807
877	809
877	854
877	903
877	990
877	1000
878	77
878	93
878	134
878	236
878	292
878	381
878	502
878	544
878	596
878	601
878	663
878	794
878	806
878	902
878	933
878	946
878	967
878	969
878	989
879	186
879	213
879	251
879	339
879	364
879	369
879	490
879	536
879	587
879	681
879	825
879	828
879	858
879	873
879	912
879	917
879	925
879	927
879	954
880	300
880	354
880	439
880	482
880	498
880	561
880	633
880	636
880	669
880	685
880	719
880	780
880	784
880	811
880	893
880	917
880	919
880	942
880	991
881	58
881	245
881	402
881	414
881	574
881	589
881	598
881	731
881	736
881	741
881	755
881	793
881	795
881	804
881	868
881	958
881	970
881	972
881	983
882	10
882	178
882	562
882	603
882	646
882	738
882	772
882	818
882	835
882	839
882	898
882	910
882	915
882	936
882	940
882	953
882	959
882	976
882	985
882	998
883	27
883	66
883	206
883	313
883	342
883	444
883	505
883	581
883	601
883	643
883	715
883	782
883	795
883	859
883	892
883	896
883	897
883	911
883	920
883	975
884	43
884	58
884	384
884	409
884	446
884	547
884	575
884	580
884	589
884	592
884	671
884	688
884	699
884	700
884	808
884	838
884	885
884	922
884	923
884	956
885	409
885	547
885	563
885	580
885	616
885	628
885	654
885	670
885	688
885	699
885	729
885	838
885	884
885	922
885	928
885	949
885	955
885	956
885	980
885	983
886	155
886	275
886	341
886	374
886	495
886	540
886	555
886	560
886	564
886	634
886	728
886	755
886	757
886	861
886	893
886	907
886	963
886	971
886	984
886	988
887	2
887	192
887	196
887	293
887	344
887	351
887	390
887	509
887	533
887	568
887	692
887	695
887	739
887	828
887	849
887	902
887	924
887	932
887	967
887	999
888	4
888	41
888	279
888	595
888	599
888	617
888	637
888	659
888	689
888	708
888	714
888	799
888	801
888	829
888	832
888	925
888	956
888	967
888	968
888	995
889	7
889	23
889	50
889	117
889	148
889	289
889	475
889	482
889	483
889	508
889	538
889	722
889	784
889	831
889	834
889	908
889	961
889	972
889	976
889	977
890	34
890	54
890	108
890	190
890	254
890	307
890	630
890	672
890	724
890	758
890	777
890	841
890	891
890	901
890	902
890	914
890	916
890	941
890	973
890	991
891	59
891	160
891	356
891	392
891	408
891	417
891	451
891	694
891	716
891	733
891	744
891	763
891	770
891	824
891	827
891	855
891	890
891	957
891	993
891	994
892	191
892	237
892	263
892	271
892	273
892	319
892	326
892	572
892	581
892	587
892	599
892	673
892	730
892	782
892	795
892	822
892	883
892	911
892	927
892	963
893	31
893	257
893	291
893	565
893	571
893	618
893	633
893	662
893	751
893	771
893	811
893	845
893	866
893	880
893	886
893	904
893	919
893	955
893	960
893	991
894	50
894	197
894	199
894	274
894	337
894	376
894	386
894	437
894	559
894	622
894	684
894	696
894	698
894	711
894	731
894	819
894	907
894	912
894	961
894	996
895	37
895	40
895	52
895	62
895	93
895	190
895	427
895	576
895	661
895	748
895	777
895	794
895	869
895	928
895	947
895	948
895	973
895	977
895	981
895	993
896	30
896	188
896	230
896	310
896	401
896	445
896	509
896	579
896	611
896	701
896	717
896	750
896	769
896	774
896	808
896	863
896	883
896	928
896	978
896	987
896	998
897	14
897	190
897	392
897	617
897	682
897	718
897	770
897	789
897	806
897	814
897	830
897	832
897	841
897	883
897	915
897	936
897	974
897	979
897	980
897	988
897	1000
898	239
898	312
898	359
898	383
898	385
898	597
898	621
898	699
898	754
898	760
898	779
898	805
898	842
898	845
898	882
898	913
898	922
898	931
898	938
898	982
898	992
899	9
899	201
899	250
899	255
899	281
899	325
899	515
899	552
899	605
899	666
899	674
899	694
899	737
899	842
899	874
899	946
899	966
899	982
899	987
899	988
899	992
900	55
900	166
900	227
900	256
900	272
900	317
900	322
900	365
900	447
900	481
900	491
900	514
900	518
900	709
900	722
900	752
900	781
900	818
900	840
900	876
900	965
901	108
901	112
901	228
901	237
901	354
901	394
901	424
901	476
901	653
901	672
901	679
901	704
901	724
901	798
901	890
901	914
901	930
901	937
901	956
901	973
901	993
902	93
902	157
902	318
902	471
902	502
902	544
902	583
902	596
902	601
902	620
902	663
902	810
902	817
902	822
902	850
902	878
902	887
902	890
902	955
902	967
902	998
903	273
903	370
903	377
903	448
903	450
903	484
903	578
903	687
903	749
903	751
903	753
903	768
903	798
903	854
903	877
903	934
903	970
903	985
903	987
903	990
903	996
904	60
904	135
904	310
904	362
904	444
904	470
904	546
904	561
904	565
904	630
904	640
904	657
904	748
904	751
904	763
904	771
904	781
904	893
904	917
904	919
904	991
905	244
905	402
905	409
905	448
905	470
905	502
905	555
905	583
905	585
905	628
905	710
905	725
905	727
905	772
905	816
905	852
905	867
905	915
905	943
905	957
905	986
906	86
906	97
906	177
906	214
906	457
906	553
906	632
906	662
906	754
906	777
906	833
906	836
906	855
906	917
906	918
906	924
906	935
906	939
906	951
906	954
906	967
906	998
907	126
907	129
907	172
907	197
907	212
907	283
907	310
907	313
907	337
907	436
907	437
907	577
907	684
907	693
907	696
907	699
907	711
907	819
907	886
907	894
907	969
907	987
908	16
908	141
908	376
908	396
908	479
908	482
908	507
908	523
908	528
908	534
908	568
908	626
908	642
908	667
908	843
908	845
908	889
908	946
908	951
908	954
908	976
908	990
909	90
909	267
909	331
909	391
909	432
909	536
909	589
909	590
909	648
909	705
909	719
909	779
909	797
909	803
909	916
909	919
909	926
909	934
909	944
909	960
909	984
909	991
910	184
910	185
910	480
910	500
910	562
910	603
910	608
910	726
910	832
910	835
910	863
910	872
910	882
910	922
910	941
910	949
910	956
910	959
910	960
910	976
910	985
910	988
911	11
911	100
911	121
911	206
911	282
911	313
911	326
911	342
911	569
911	572
911	643
911	697
911	715
911	782
911	822
911	830
911	865
911	883
911	892
911	942
911	950
911	954
912	109
912	309
912	349
912	423
912	436
912	488
912	501
912	510
912	516
912	770
912	786
912	814
912	825
912	858
912	862
912	873
912	879
912	894
912	924
912	925
912	944
912	954
913	142
913	174
913	312
913	342
913	359
913	385
913	465
913	545
913	597
913	605
913	611
913	621
913	652
913	760
913	761
913	779
913	898
913	931
913	938
913	975
913	981
913	982
913	990
914	112
914	254
914	261
914	393
914	399
914	424
914	494
914	524
914	603
914	672
914	724
914	767
914	777
914	819
914	848
914	866
914	890
914	901
914	937
914	964
914	967
914	973
914	979
915	146
915	207
915	434
915	441
915	497
915	535
915	543
915	682
915	718
915	728
915	739
915	755
915	806
915	841
915	867
915	882
915	897
915	905
915	936
915	966
915	974
915	979
915	988
916	217
916	243
916	406
916	421
916	428
916	465
916	536
916	589
916	640
916	647
916	673
916	680
916	746
916	797
916	803
916	838
916	890
916	909
916	926
916	943
916	944
916	953
916	960
917	24
917	239
917	282
917	300
917	332
917	420
917	439
917	442
917	470
917	561
917	685
917	719
917	751
917	771
917	879
917	880
917	904
917	906
917	919
917	923
917	980
917	991
917	992
917	994
918	5
918	19
918	36
918	65
918	120
918	177
918	186
918	211
918	253
918	530
918	632
918	638
918	717
918	754
918	808
918	820
918	836
918	855
918	906
918	924
918	935
918	939
918	950
918	975
919	24
919	87
919	114
919	291
919	323
919	397
919	464
919	546
919	585
919	614
919	636
919	641
919	723
919	751
919	766
919	771
919	811
919	873
919	880
919	893
919	904
919	909
919	917
919	991
920	30
920	72
920	97
920	123
920	406
920	638
920	702
920	710
920	716
920	717
920	759
920	762
920	808
920	815
920	851
920	863
920	883
920	958
920	962
920	978
920	986
920	992
920	997
920	998
921	22
921	52
921	127
921	431
921	481
921	486
921	517
921	564
921	595
921	600
921	611
921	677
921	688
921	697
921	735
921	746
921	775
921	826
921	840
921	842
921	872
921	875
921	964
921	966
921	998
922	43
922	68
922	276
922	409
922	563
922	575
922	580
922	665
922	670
922	675
922	688
922	699
922	822
922	828
922	835
922	838
922	857
922	861
922	884
922	885
922	898
922	910
922	956
922	959
922	974
923	68
923	82
923	99
923	295
923	317
923	474
923	521
923	534
923	566
923	573
923	597
923	607
923	612
923	615
923	698
923	733
923	770
923	774
923	815
923	858
923	884
923	917
923	980
923	986
923	993
924	130
924	177
924	211
924	274
924	325
924	435
924	446
924	500
924	553
924	632
924	662
924	754
924	836
924	850
924	855
924	887
924	906
924	912
924	918
924	935
924	936
924	939
924	949
924	953
924	979
925	10
925	54
925	109
925	172
925	251
925	317
925	401
925	516
925	557
925	587
925	616
925	652
925	674
925	681
925	697
925	805
925	825
925	844
925	862
925	873
925	879
925	888
925	912
925	954
925	994
926	103
926	181
926	464
926	468
926	536
926	541
926	589
926	658
926	664
926	673
926	704
926	747
926	797
926	841
926	856
926	859
926	909
926	916
926	953
926	956
926	960
926	964
926	969
926	973
926	982
926	1000
927	347
927	348
927	363
927	447
927	528
927	539
927	551
927	594
927	655
927	678
927	712
927	722
927	740
927	785
927	802
927	813
927	844
927	847
927	865
927	870
927	879
927	892
927	946
927	958
927	962
927	983
928	26
928	195
928	234
928	452
928	537
928	617
928	647
928	660
928	672
928	755
928	791
928	803
928	837
928	848
928	860
928	885
928	895
928	896
928	930
928	975
928	982
928	984
928	989
928	996
928	997
928	999
929	18
929	53
929	453
929	458
929	464
929	487
929	520
929	556
929	727
929	737
929	747
929	749
929	761
929	772
929	805
929	816
929	833
929	839
929	845
929	871
929	938
929	949
929	958
929	963
929	973
929	992
930	332
930	355
930	429
930	447
930	454
930	497
930	657
930	683
930	791
930	804
930	808
930	826
930	835
930	837
930	846
930	853
930	901
930	928
930	932
930	944
930	952
930	958
930	971
930	975
930	989
930	996
930	997
931	5
931	81
931	92
931	146
931	262
931	278
931	290
931	309
931	469
931	545
931	597
931	616
931	621
931	758
931	760
931	762
931	772
931	779
931	898
931	913
931	938
931	945
931	949
931	955
931	961
931	982
931	983
932	2
932	14
932	100
932	113
932	238
932	251
932	292
932	293
932	344
932	351
932	433
932	467
932	533
932	570
932	689
932	692
932	695
932	734
932	806
932	828
932	849
932	887
932	930
932	938
932	941
932	945
932	957
933	52
933	74
933	164
933	224
933	280
933	329
933	407
933	452
933	485
933	558
933	584
933	590
933	599
933	607
933	703
933	748
933	783
933	790
933	793
933	817
933	869
933	875
933	878
933	935
933	947
933	948
933	981
934	18
934	147
934	174
934	257
934	267
934	306
934	393
934	461
934	503
934	506
934	541
934	571
934	640
934	644
934	664
934	764
934	774
934	803
934	856
934	870
934	903
934	909
934	944
934	953
934	960
934	962
934	964
935	9
935	29
935	65
935	86
935	184
935	186
935	435
935	457
935	500
935	517
935	553
935	632
935	662
935	702
935	754
935	759
935	816
935	823
935	836
935	855
935	906
935	918
935	924
935	933
935	939
935	958
935	972
936	51
936	77
936	158
936	228
936	236
936	540
936	601
936	617
936	676
936	735
936	738
936	757
936	789
936	830
936	841
936	867
936	882
936	897
936	915
936	924
936	974
936	979
936	983
936	986
936	988
936	993
936	995
937	34
937	54
937	72
937	136
937	162
937	171
937	261
937	298
937	322
937	394
937	424
937	476
937	478
937	556
937	653
937	672
937	677
937	724
937	777
937	794
937	855
937	901
937	914
937	946
937	966
937	973
937	984
938	5
938	262
938	290
938	362
938	383
938	425
938	462
938	465
938	469
938	545
938	597
938	621
938	689
938	710
938	721
938	760
938	779
938	898
938	913
938	929
938	931
938	932
938	947
938	971
938	982
938	990
938	999
939	19
939	23
939	36
939	97
939	130
939	134
939	211
939	305
939	435
939	500
939	553
939	577
939	619
939	638
939	662
939	754
939	820
939	836
939	847
939	855
939	906
939	918
939	924
939	935
939	990
939	993
939	994
940	189
940	209
940	215
940	225
940	287
940	338
940	426
940	455
940	501
940	512
940	532
940	609
940	624
940	691
940	703
940	722
940	774
940	823
940	857
940	862
940	876
940	882
940	948
940	961
940	966
940	984
940	987
941	25
941	46
941	63
941	169
941	175
941	208
941	287
941	304
941	489
941	607
941	641
941	726
941	738
941	776
941	778
941	785
941	799
941	818
941	835
941	872
941	890
941	910
941	932
941	959
941	978
941	991
941	992
942	73
942	151
942	254
942	272
942	562
942	621
942	768
942	792
942	796
942	880
942	911
942	950
942	955
942	966
942	968
942	969
942	970
942	977
942	979
942	986
943	90
943	106
943	183
943	184
943	255
943	373
943	402
943	412
943	499
943	546
943	568
943	583
943	585
943	628
943	647
943	698
943	710
943	725
943	727
943	754
943	811
943	816
943	852
943	854
943	855
943	905
943	916
943	967
944	380
944	461
944	506
944	508
944	531
944	537
944	550
944	664
944	673
944	683
944	705
944	706
944	720
944	758
944	801
944	803
944	826
944	856
944	909
944	912
944	916
944	930
944	934
944	953
944	960
944	964
944	965
944	979
945	2
945	14
945	31
945	61
945	100
945	105
945	238
945	277
945	293
945	299
945	343
945	344
945	351
945	439
945	467
945	519
945	559
945	568
945	613
945	684
945	692
945	695
945	828
945	849
945	856
945	931
945	932
945	968
945	982
946	280
946	349
946	368
946	376
946	378
946	390
946	479
946	507
946	523
946	528
946	534
946	537
946	543
946	616
946	626
946	642
946	667
946	743
946	776
946	789
946	795
946	802
946	843
946	878
946	899
946	908
946	927
946	937
946	951
947	133
947	241
947	283
947	387
947	407
947	427
947	485
947	490
947	506
947	512
947	576
947	590
947	629
947	661
947	748
947	783
947	790
947	794
947	816
947	860
947	869
947	875
947	895
947	933
947	938
947	948
947	962
947	970
947	991
948	1
948	63
948	185
948	241
948	280
948	343
948	375
948	532
948	554
948	558
948	584
948	590
948	599
948	629
948	649
948	661
948	768
948	778
948	783
948	790
948	869
948	875
948	895
948	933
948	940
948	947
948	980
948	981
948	994
949	107
949	171
949	218
949	264
949	341
949	458
949	499
949	520
949	542
949	570
949	622
949	628
949	634
949	664
949	668
949	721
949	742
949	747
949	772
949	787
949	794
949	871
949	885
949	910
949	924
949	929
949	931
949	992
949	993
949	997
950	76
950	168
950	234
950	380
950	651
950	690
950	733
950	768
950	792
950	796
950	827
950	854
950	872
950	911
950	918
950	942
950	951
950	955
950	968
950	969
950	977
950	986
950	997
951	16
951	82
951	349
951	368
951	376
951	378
951	390
951	396
951	445
951	473
951	479
951	484
951	507
951	523
951	528
951	534
951	537
951	597
951	642
951	667
951	746
951	752
951	821
951	842
951	843
951	906
951	908
951	946
951	950
951	972
952	75
952	102
952	233
952	373
952	429
952	548
952	561
952	569
952	604
952	663
952	683
952	730
952	734
952	736
952	791
952	821
952	844
952	853
952	860
952	930
952	964
952	975
952	978
952	981
952	987
952	989
952	994
952	996
952	998
952	999
953	131
953	137
953	147
953	221
953	235
953	306
953	356
953	358
953	371
953	461
953	506
953	531
953	541
953	592
953	599
953	684
953	705
953	720
953	803
953	846
953	882
953	916
953	924
953	926
953	934
953	944
953	954
953	960
953	964
953	995
953	997
954	4
954	10
954	48
954	161
954	317
954	362
954	364
954	369
954	501
954	516
954	523
954	579
954	627
954	652
954	681
954	740
954	781
954	814
954	825
954	851
954	862
954	873
954	874
954	879
954	906
954	908
954	911
954	912
954	925
954	953
954	989
955	168
955	635
955	649
955	651
955	690
955	700
955	768
955	792
955	793
955	796
955	885
955	893
955	902
955	931
955	942
955	950
955	966
955	968
955	969
955	974
955	977
955	985
955	986
955	993
955	998
956	43
956	70
956	276
956	278
956	382
956	388
956	424
956	455
956	547
956	563
956	572
956	575
956	580
956	665
956	675
956	688
956	699
956	700
956	838
956	884
956	885
956	888
956	901
956	910
956	922
956	926
956	957
956	959
956	966
956	982
956	990
957	39
957	59
957	69
957	164
957	347
957	367
957	426
957	510
957	520
957	566
957	573
957	612
957	615
957	645
957	654
957	655
957	698
957	724
957	739
957	748
957	770
957	818
957	844
957	860
957	868
957	891
957	905
957	932
957	956
957	980
957	993
957	994
958	33
958	79
958	132
958	224
958	246
958	308
958	348
958	363
958	368
958	419
958	484
958	489
958	518
958	594
958	678
958	712
958	713
958	740
958	785
958	802
958	818
958	843
958	865
958	870
958	881
958	920
958	927
958	929
958	930
958	935
958	962
958	999
959	68
959	88
959	175
959	178
959	189
959	200
959	304
959	315
959	454
959	489
959	539
959	557
959	562
959	606
959	613
959	648
959	659
959	764
959	776
959	802
959	809
959	818
959	819
959	835
959	882
959	910
959	922
959	941
959	956
959	973
959	976
959	985
959	988
960	18
960	76
960	96
960	135
960	137
960	147
960	235
960	257
960	296
960	302
960	393
960	531
960	589
960	592
960	648
960	717
960	720
960	792
960	797
960	803
960	857
960	893
960	909
960	910
960	916
960	926
960	934
960	944
960	953
960	964
960	978
960	979
960	990
960	991
961	46
961	94
961	128
961	189
961	223
961	225
961	247
961	284
961	381
961	413
961	426
961	483
961	493
961	512
961	532
961	599
961	609
961	636
961	650
961	691
961	703
961	722
961	729
961	813
961	823
961	829
961	857
961	889
961	894
961	931
961	940
961	967
961	972
961	984
962	21
962	79
962	224
962	232
962	261
962	295
962	300
962	347
962	350
962	363
962	413
962	494
962	551
962	594
962	627
962	678
962	712
962	713
962	737
962	740
962	767
962	785
962	796
962	802
962	823
962	847
962	865
962	920
962	927
962	934
962	947
962	958
962	984
962	1000
963	78
963	80
963	120
963	128
963	150
963	155
963	156
963	194
963	330
963	345
963	357
963	396
963	473
963	495
963	550
963	622
963	693
963	728
963	742
963	743
963	744
963	755
963	757
963	758
963	763
963	783
963	834
963	886
963	892
963	929
963	971
963	976
963	987
963	994
964	33
964	235
964	257
964	296
964	297
964	299
964	309
964	318
964	364
964	464
964	468
964	531
964	592
964	653
964	673
964	705
964	720
964	779
964	797
964	803
964	833
964	856
964	914
964	921
964	926
964	934
964	944
964	952
964	953
964	960
964	965
964	974
964	988
964	997
965	79
965	113
965	125
965	168
965	179
965	216
965	272
965	278
965	289
965	294
965	371
965	374
965	384
965	391
965	481
965	491
965	498
965	518
965	573
965	615
965	650
965	678
965	709
965	752
965	767
965	781
965	825
965	828
965	840
965	900
965	944
965	964
965	970
965	982
966	22
966	29
966	41
966	82
966	127
966	163
966	207
966	277
966	336
966	360
966	373
966	454
966	486
966	517
966	595
966	600
966	611
966	625
966	677
966	689
966	697
966	746
966	771
966	775
966	826
966	840
966	899
966	915
966	921
966	937
966	940
966	942
966	955
966	956
966	999
967	13
967	61
967	71
967	83
967	93
967	134
967	153
967	157
967	205
967	260
967	292
967	321
967	381
967	471
967	472
967	490
967	502
967	544
967	596
967	601
967	620
967	663
967	747
967	838
967	850
967	878
967	887
967	888
967	902
967	906
967	914
967	943
967	961
967	982
967	999
968	22
968	176
968	359
968	433
968	448
968	449
968	519
968	602
968	621
968	635
968	649
968	651
968	690
968	695
968	715
968	768
968	776
968	782
968	789
968	792
968	796
968	804
968	888
968	942
968	945
968	950
968	955
968	969
968	977
968	986
969	3
969	122
969	173
969	187
969	262
969	301
969	339
969	360
969	422
969	433
969	481
969	539
969	551
969	635
969	649
969	651
969	690
969	732
969	768
969	777
969	778
969	792
969	796
969	808
969	811
969	878
969	907
969	926
969	942
969	950
969	955
969	968
969	977
969	984
969	986
969	993
970	56
970	109
970	111
970	144
970	263
970	266
970	327
970	414
970	519
970	559
970	574
970	578
970	593
970	598
970	604
970	618
970	724
970	741
970	793
970	801
970	804
970	850
970	854
970	859
970	864
970	865
970	868
970	872
970	881
970	903
970	942
970	947
970	965
970	974
970	983
970	990
970	997
971	32
971	80
971	118
971	128
971	150
971	194
971	226
971	275
971	340
971	345
971	352
971	357
971	374
971	459
971	473
971	495
971	513
971	560
971	634
971	728
971	743
971	755
971	757
971	758
971	763
971	814
971	833
971	844
971	886
971	930
971	938
971	963
971	984
971	987
971	988
971	992
971	1000
972	7
972	15
972	47
972	49
972	78
972	84
972	101
972	117
972	138
972	202
972	288
972	289
972	297
972	335
972	352
972	411
972	418
972	440
972	475
972	482
972	483
972	508
972	530
972	538
972	658
972	688
972	738
972	794
972	831
972	834
972	855
972	881
972	889
972	935
972	951
972	961
972	983
972	984
973	54
973	108
973	112
973	165
973	190
973	228
973	261
973	298
973	301
973	305
973	307
973	322
973	393
973	394
973	399
973	408
973	424
973	456
973	494
973	512
973	653
973	672
973	724
973	777
973	795
973	797
973	800
973	837
973	871
973	890
973	895
973	901
973	914
973	926
973	929
973	937
973	959
973	988
973	990
974	38
974	51
974	58
974	121
974	193
974	326
974	361
974	441
974	459
974	524
974	538
974	543
974	676
974	680
974	682
974	708
974	718
974	725
974	735
974	789
974	792
974	810
974	816
974	830
974	841
974	851
974	867
974	874
974	897
974	915
974	922
974	936
974	955
974	964
974	970
974	979
974	988
974	989
974	993
975	98
975	139
975	195
975	231
975	289
975	380
975	430
975	447
975	449
975	582
975	586
975	612
975	614
975	668
975	732
975	745
975	760
975	780
975	784
975	808
975	821
975	845
975	846
975	848
975	852
975	853
975	860
975	883
975	913
975	918
975	928
975	930
975	952
975	987
975	989
975	996
975	997
975	998
975	999
976	87
976	169
976	175
976	185
976	244
976	315
976	420
976	438
976	480
976	489
976	541
976	557
976	562
976	565
976	603
976	605
976	608
976	646
976	653
976	667
976	686
976	726
976	728
976	738
976	764
976	818
976	841
976	851
976	858
976	872
976	882
976	889
976	908
976	910
976	959
976	963
976	983
976	985
976	998
977	21
977	63
977	114
977	173
977	176
977	192
977	240
977	301
977	339
977	360
977	422
977	433
977	460
977	510
977	539
977	590
977	594
977	596
977	619
977	635
977	640
977	649
977	651
977	690
977	713
977	719
977	768
977	788
977	792
977	796
977	889
977	895
977	942
977	950
977	955
977	968
977	969
977	986
977	992
977	999
978	25
978	51
978	95
978	117
978	119
978	137
978	203
978	217
978	219
978	256
978	318
978	398
978	400
978	444
978	572
978	579
978	582
978	629
978	674
978	695
978	702
978	706
978	716
978	750
978	755
978	756
978	762
978	765
978	808
978	815
978	851
978	868
978	870
978	876
978	896
978	920
978	941
978	952
978	960
978	998
979	77
979	92
979	193
979	259
979	372
979	387
979	427
979	434
979	438
979	459
979	524
979	535
979	543
979	617
979	676
979	677
979	680
979	718
979	735
979	789
979	801
979	805
979	806
979	807
979	830
979	841
979	856
979	867
979	897
979	914
979	915
979	924
979	936
979	942
979	944
979	960
979	974
979	986
979	988
979	990
980	100
980	158
980	356
980	375
980	417
980	443
980	446
980	456
980	474
980	510
980	566
980	573
980	596
980	607
980	612
980	645
980	654
980	655
980	698
980	705
980	707
980	739
980	744
980	770
980	774
980	791
980	809
980	824
980	854
980	873
980	876
980	885
980	897
980	917
980	923
980	948
980	957
980	981
980	992
980	993
980	996
981	1
981	42
981	62
981	64
981	150
981	250
981	265
981	286
981	316
981	387
981	397
981	407
981	427
981	554
981	558
981	576
981	584
981	590
981	599
981	619
981	629
981	661
981	704
981	706
981	731
981	748
981	783
981	790
981	794
981	865
981	869
981	875
981	895
981	913
981	933
981	948
981	952
981	980
981	985
981	990
981	998
982	5
982	39
982	81
982	92
982	146
982	174
982	216
982	225
982	239
982	262
982	290
982	312
982	359
982	383
982	385
982	462
982	465
982	469
982	478
982	545
982	580
982	597
982	621
982	631
982	650
982	720
982	760
982	779
982	795
982	846
982	898
982	899
982	913
982	926
982	928
982	931
982	938
982	945
982	956
982	965
982	967
983	23
983	56
983	97
983	144
983	222
983	245
983	263
983	266
983	327
983	414
983	444
983	540
983	559
983	574
983	577
983	580
983	593
983	598
983	604
983	618
983	672
983	731
983	741
983	770
983	783
983	784
983	793
983	828
983	859
983	864
983	868
983	871
983	881
983	885
983	927
983	931
983	936
983	970
983	972
983	976
983	986
984	8
984	94
984	189
984	209
984	215
984	223
984	225
984	232
984	246
984	247
984	284
984	287
984	322
984	338
984	413
984	426
984	493
984	512
984	532
984	535
984	565
984	609
984	614
984	691
984	703
984	722
984	729
984	823
984	842
984	857
984	886
984	909
984	928
984	937
984	940
984	961
984	962
984	969
984	971
984	972
984	996
984	998
985	46
985	61
985	68
985	87
985	98
985	169
985	178
985	185
985	228
985	313
985	315
985	480
985	489
985	557
985	606
985	608
985	612
985	641
985	646
985	686
985	726
985	738
985	752
985	760
985	764
985	776
985	784
985	796
985	818
985	833
985	835
985	841
985	872
985	873
985	882
985	903
985	910
985	955
985	959
985	976
985	981
985	990
985	998
986	3
986	86
986	114
986	122
986	173
986	176
986	192
986	240
986	301
986	319
986	339
986	360
986	422
986	433
986	539
986	575
986	635
986	649
986	651
986	690
986	750
986	768
986	773
986	789
986	792
986	796
986	798
986	852
986	905
986	920
986	923
986	936
986	942
986	950
986	955
986	968
986	969
986	977
986	979
986	983
986	989
986	996
986	999
987	75
987	101
987	102
987	115
987	144
987	149
987	181
987	252
987	329
987	355
987	447
987	509
987	586
987	598
987	602
987	630
987	660
987	707
987	772
987	780
987	784
987	791
987	803
987	817
987	821
987	844
987	845
987	846
987	848
987	857
987	896
987	899
987	903
987	907
987	940
987	952
987	963
987	971
987	975
987	989
987	993
987	996
987	997
987	999
988	38
988	58
988	74
988	158
988	200
988	259
988	361
988	387
988	434
988	441
988	459
988	471
988	475
988	527
988	535
988	552
988	564
988	617
988	667
988	676
988	680
988	682
988	684
988	735
988	773
988	789
988	801
988	806
988	830
988	841
988	867
988	875
988	886
988	897
988	899
988	910
988	915
988	936
988	959
988	964
988	971
988	973
988	974
988	979
988	992
989	40
989	48
989	91
989	101
989	160
989	178
989	249
989	418
989	449
989	460
989	569
989	588
989	602
989	734
989	736
989	746
989	749
989	774
989	780
989	784
989	791
989	816
989	817
989	828
989	837
989	844
989	846
989	853
989	854
989	860
989	864
989	878
989	928
989	930
989	952
989	954
989	974
989	975
989	986
989	987
989	991
989	996
989	997
989	998
989	999
990	28
990	52
990	141
990	214
990	229
990	242
990	268
990	273
990	286
990	305
990	334
990	370
990	372
990	377
990	416
990	423
990	450
990	478
990	484
990	578
990	631
990	645
990	687
990	721
990	753
990	766
990	773
990	798
990	807
990	821
990	854
990	873
990	877
990	903
990	908
990	913
990	938
990	939
990	956
990	960
990	970
990	973
990	979
990	981
990	985
990	1000
991	12
991	31
991	57
991	71
991	140
991	229
991	245
991	291
991	310
991	311
991	314
991	323
991	420
991	439
991	442
991	443
991	466
991	485
991	514
991	546
991	565
991	566
991	571
991	614
991	669
991	680
991	685
991	719
991	723
991	747
991	753
991	763
991	811
991	866
991	880
991	890
991	893
991	904
991	909
991	917
991	919
991	941
991	947
991	960
991	989
991	994
991	996
992	66
992	107
992	143
992	153
992	171
992	179
992	218
992	264
992	277
992	329
992	333
992	379
992	458
992	487
992	520
992	527
992	542
992	608
992	610
992	668
992	701
992	721
992	740
992	742
992	747
992	749
992	761
992	787
992	813
992	820
992	833
992	834
992	861
992	871
992	898
992	899
992	917
992	920
992	929
992	941
992	949
992	971
992	977
992	980
992	988
992	995
992	996
993	69
993	99
993	236
993	269
993	270
993	319
993	320
993	340
993	356
993	375
993	382
993	443
993	451
993	474
993	521
993	526
993	566
993	567
993	607
993	654
993	655
993	698
993	733
993	739
993	742
993	744
993	770
993	774
993	792
993	824
993	856
993	866
993	867
993	891
993	895
993	901
993	923
993	936
993	939
993	949
993	955
993	957
993	969
993	974
993	980
993	987
993	994
994	82
994	99
994	155
994	164
994	167
994	198
994	270
994	367
994	375
994	417
994	433
994	435
994	443
994	474
994	477
994	510
994	567
994	607
994	612
994	615
994	645
994	654
994	655
994	707
994	723
994	733
994	739
994	744
994	749
994	770
994	774
994	785
994	824
994	839
994	853
994	864
994	891
994	917
994	925
994	939
994	948
994	952
994	957
994	963
994	991
994	993
994	999
995	35
995	73
995	89
995	124
995	145
995	152
995	197
995	204
995	285
995	316
995	399
995	425
995	503
995	504
995	529
995	555
995	569
995	634
995	637
995	649
995	656
995	659
995	689
995	693
995	698
995	708
995	714
995	727
995	730
995	732
995	743
995	768
995	778
995	788
995	799
995	801
995	810
995	812
995	829
995	832
995	839
995	863
995	870
995	888
995	936
995	953
995	992
996	50
996	83
996	85
996	98
996	139
996	170
996	231
996	233
996	328
996	330
996	338
996	374
996	392
996	423
996	430
996	531
996	602
996	630
996	647
996	657
996	671
996	736
996	779
996	780
996	784
996	831
996	837
996	845
996	846
996	848
996	853
996	860
996	872
996	894
996	903
996	928
996	930
996	952
996	975
996	980
996	984
996	986
996	987
996	989
996	991
996	992
996	999
997	26
997	107
997	115
997	170
997	173
997	196
997	303
997	329
997	330
997	332
997	415
997	429
997	452
997	523
997	525
997	553
997	606
997	619
997	657
997	659
997	660
997	734
997	757
997	766
997	780
997	784
997	817
997	837
997	844
997	845
997	848
997	853
997	856
997	860
997	863
997	876
997	920
997	928
997	930
997	949
997	950
997	953
997	964
997	970
997	975
997	987
997	989
997	999
998	95
998	110
998	119
998	151
998	203
998	219
998	230
998	318
998	383
998	400
998	401
998	403
998	404
998	509
998	579
998	580
998	582
998	586
998	638
998	674
998	688
998	702
998	712
998	747
998	750
998	762
998	765
998	769
998	808
998	815
998	851
998	863
998	882
998	896
998	902
998	906
998	920
998	921
998	952
998	955
998	975
998	976
998	978
998	981
998	984
998	985
998	989
998	1000
999	131
999	149
999	195
999	233
999	234
999	392
999	429
999	447
999	576
999	586
999	588
999	595
999	605
999	630
999	660
999	682
999	687
999	705
999	729
999	734
999	736
999	746
999	766
999	784
999	791
999	798
999	800
999	817
999	821
999	837
999	844
999	846
999	848
999	860
999	887
999	928
999	938
999	952
999	958
999	966
999	967
999	975
999	977
999	986
999	987
999	989
999	994
999	996
999	997
1000	17
1000	28
1000	45
1000	96
1000	141
1000	210
1000	226
1000	242
1000	268
1000	273
1000	305
1000	333
1000	334
1000	370
1000	377
1000	395
1000	416
1000	428
1000	450
1000	478
1000	484
1000	485
1000	526
1000	546
1000	578
1000	586
1000	631
1000	635
1000	655
1000	659
1000	677
1000	687
1000	691
1000	721
1000	737
1000	753
1000	766
1000	773
1000	796
1000	798
1000	844
1000	853
1000	854
1000	877
1000	897
1000	926
1000	962
1000	971
1000	990
1000	998
