0 700
0 825
0 947
0 980
700 295
700 452
700 609
700 621
700 720
700 760
700 812
700 895
700 991
825 206
825 516
825 587
825 594
825 610
825 624
825 676
825 774
825 787
825 846
825 920
825 929
825 943
825 965
947 62
947 184
947 240
947 279
947 342
947 374
947 531
947 553
947 557
947 583
947 589
947 598
947 628
947 648
947 660
947 767
947 777
947 782
947 789
947 868
947 874
947 894
947 932
947 939
947 946
947 979
947 980
947 993
980 41
980 61
980 63
980 149
980 249
980 264
980 285
980 315
980 386
980 396
980 406
980 426
980 553
980 557
980 575
980 583
980 589
980 598
980 618
980 628
980 660
980 703
980 705
980 730
980 747
980 782
980 789
980 793
980 864
980 868
980 874
980 894
980 912
980 932
980 951
980 979
980 984
980 989
980 997
295 959
295 963
295 743
295 180
452 928
452 791
452 799
452 330
452 555
609 740
609 991
609 667
609 786
609 322
609 703
609 744
621 893
621 838
621 962
621 948
621 528
621 669
621 720
720 937
720 804
720 815
720 999
720 989
720 991
720 838
720 948
720 647
760 928
760 748
760 991
760 88
760 667
760 779
760 786
760 799
760 812
760 862
760 912
812 804
812 860
812 748
812 960
812 991
812 541
812 420
812 746
812 926
812 671
812 703
812 772
812 779
895 749
895 977
895 927
895 882
895 29
895 768
895 187
895 229
895 309
895 400
895 444
895 508
895 578
895 610
895 716
895 773
895 807
895 862
895 986
895 997
991 898
991 928
991 819
991 860
991 976
991 916
991 940
991 870
991 919
991 970
991 994
991 987
991 748
991 833
991 995
991 832
991 741
991 65
991 106
991 142
991 152
991 170
991 178
991 217
991 263
991 276
991 328
991 332
991 378
991 457
991 486
991 519
991 526
991 541
991 607
991 667
991 739
991 746
991 786
991 897
991 948
991 979
206 965
206 863
206 914
516 934
516 920
516 965
516 624
516 599
516 490
587 988
587 818
587 84
587 816
587 869
587 998
594 887
594 920
594 965
594 761
594 998
594 495
594 745
610 920
610 965
610 768
610 839
610 774
610 912
624 965
624 122
624 126
624 745
624 779
624 813
676 999
676 920
676 965
676 936
676 978
676 335
676 276
676 453
774 920
774 965
774 839
774 830
774 195
774 135
774 153
774 430
774 495
774 696
774 789
787 976
787 502
787 34
787 175
787 176
787 424
787 510
787 528
787 544
787 828
787 831
787 994
846 861
846 938
846 784
846 961
846 78
846 223
846 234
846 429
846 556
846 679
846 711
846 712
846 801
846 840
846 869
846 926
920 21
920 51
920 126
920 430
920 480
920 485
920 563
920 599
920 687
920 696
920 734
920 745
920 839
920 841
920 871
920 874
920 963
920 965
920 997
929 931
929 927
929 996
929 970
929 957
929 988
929 682
929 995
929 951
929 834
929 845
929 974
929 900
929 354
929 836
929 852
929 807
929 790
929 496
929 331
929 428
929 446
929 453
929 656
929 803
929 943
943 719
943 800
943 933
943 959
943 802
943 963
943 663
943 682
943 460
943 978
943 964
943 908
943 704
943 911
943 757
943 952
943 507
943 549
943 915
943 530
943 672
943 705
943 855
943 379
943 505
943 536
965 898
965 21
965 28
965 40
965 81
965 126
965 162
965 276
965 335
965 359
965 372
965 453
965 485
965 599
965 688
965 696
965 745
965 770
965 839
965 914
965 936
965 939
965 941
965 954
965 955
965 998
62 976
62 940
62 817
184 984
184 975
184 909
240 618
240 946
240 226
279 874
279 932
279 344
279 945
342 944
342 848
342 546
342 694
374 992
374 993
374 979
374 343
531 983
531 960
531 822
531 939
531 856
531 721
553 874
553 836
553 843
553 583
553 629
557 793
557 932
557 414
557 776
557 300
583 874
583 932
583 585
583 642
589 976
589 932
589 908
589 946
589 418
598 887
598 960
598 932
598 952
598 891
598 747
628 977
628 874
628 63
628 475
628 769
628 946
648 968
648 985
648 976
648 967
648 994
648 690
648 954
648 601
660 809
660 894
660 132
660 485
660 785
660 789
660 946
767 968
767 985
767 755
767 976
767 967
767 791
767 994
767 941
767 949
767 954
767 902
767 813
777 968
777 940
777 994
777 729
777 809
777 582
777 257
777 381
777 503
777 658
777 731
777 831
782 982
782 868
782 874
782 793
782 932
782 962
782 761
782 946
782 332
782 649
782 484
789 456
789 768
789 868
789 793
789 857
789 450
789 932
789 618
789 946
789 747
868 33
868 39
868 79
868 85
868 88
868 121
868 336
868 426
868 575
868 592
868 874
868 894
868 932
868 946
874 749
874 707
874 987
874 39
874 272
874 634
874 781
874 793
874 932
874 946
894 976
894 927
894 36
894 39
894 51
894 61
894 92
894 189
894 426
894 575
894 747
894 776
894 793
894 946
894 972
894 992
932 702
932 934
932 51
932 73
932 163
932 223
932 328
932 406
932 451
932 484
932 606
932 747
932 792
932 816
932 877
932 946
939 861
939 702
939 983
939 881
939 623
939 960
939 986
939 690
939 822
939 875
939 188
939 208
939 214
939 224
939 286
939 337
939 425
939 454
939 500
939 511
939 608
939 721
939 773
939 856
946 937
946 815
946 990
946 961
946 793
946 969
946 575
946 132
946 282
946 386
946 406
946 426
946 484
946 489
946 505
946 511
946 747
946 859
979 654
979 896
979 916
979 956
979 853
979 743
979 872
979 995
979 922
979 992
979 355
979 99
979 157
979 416
979 442
979 445
979 455
979 473
979 509
979 565
979 572
979 595
979 606
979 611
979 644
979 653
979 697
979 704
979 706
979 738
979 769
979 773
979 790
979 808
979 823
979 875
979 884
993 924
993 654
993 990
993 722
993 938
993 784
993 916
993 956
993 748
993 743
993 890
993 838
993 166
993 992
993 951
993 962
993 863
993 81
993 98
993 154
993 163
993 197
993 269
993 366
993 416
993 432
993 434
993 442
993 473
993 476
993 509
993 566
993 606
993 611
993 614
993 644
993 653
993 706
993 732
993 738
993 769
993 773
993 823
993 852
993 998
41 7
41 793
41 857
61 259
61 618
63 793
63 839
149 970
149 962
149 521
249 898
249 736
249 604
264 811
264 162
264 471
264 806
285 989
285 876
285 95
285 544
315 994
315 713
315 636
315 411
386 987
386 978
386 829
396 755
396 918
396 678
396 462
406 844
406 653
426 818
426 978
575 64
575 811
575 998
618 938
618 976
618 996
618 747
703 633
703 804
703 838
703 925
703 799
703 900
703 708
705 977
705 768
705 862
705 814
705 275
705 357
705 592
705 850
730 12
730 269
730 518
730 603
730 790
730 858
730 867
730 880
730 893
730 982
747 956
747 903
747 849
747 582
747 769
793 971
793 936
793 611
793 877
793 948
864 910
864 961
864 957
864 969
864 801
864 869
864 429
864 294
864 320
864 350
864 353
864 390
864 418
864 626
864 694
864 718
864 926
912 930
912 937
912 981
912 173
912 989
912 974
912 384
912 358
912 778
912 141
912 311
912 341
912 464
912 544
912 596
912 604
912 620
912 651
912 759
912 897
951 977
951 963
951 729
951 988
951 682
951 995
951 74
951 735
951 101
951 232
951 372
951 428
951 547
951 560
951 568
951 603
951 662
951 733
951 790
951 820
951 843
951 852
951 859
951 974
951 986
951 997
951 998
984 479
984 881
984 989
984 45
984 60
984 67
984 86
984 97
984 168
984 177
984 227
984 312
984 314
984 488
984 556
984 605
984 607
984 611
984 640
984 645
984 685
984 725
984 737
984 751
984 759
984 763
984 775
984 783
984 795
984 817
984 832
984 834
984 840
984 871
984 872
984 902
984 909
984 954
984 958
984 975
984 997
989 937
989 907
989 27
989 999
989 959
989 938
989 51
989 140
989 213
989 228
989 241
989 267
989 272
989 304
989 333
989 369
989 371
989 376
989 415
989 422
989 449
989 477
989 483
989 577
989 630
989 644
989 686
989 752
989 765
989 772
989 797
989 806
989 820
989 853
989 872
989 876
989 902
989 955
989 969
989 972
989 978
997 983
997 881
997 999
997 749
997 977
997 768
997 919
997 988
997 118
997 687
997 764
997 905
997 975
997 901
997 94
997 109
997 150
997 202
997 218
997 229
997 317
997 382
997 399
997 400
997 402
997 403
997 508
997 578
997 579
997 581
997 585
997 637
997 673
997 701
997 711
997 746
997 761
997 807
997 814
997 850
997 862
997 954
997 974
1 837
1 886
1 931
1 944
837 69
837 142
837 387
837 574
837 647
837 669
837 674
837 699
837 834
837 883
837 884
837 915
837 921
837 955
837 966
886 191
886 195
886 292
886 343
886 350
886 389
886 508
886 532
886 567
886 691
886 694
886 738
886 827
886 848
886 901
886 923
886 931
886 966
886 998
931 13
931 99
931 112
931 237
931 250
931 291
931 292
931 343
931 350
931 432
931 466
931 532
931 569
931 688
931 691
931 694
931 733
931 805
931 827
931 848
931 937
931 940
931 944
931 956
944 13
944 30
944 60
944 99
944 104
944 237
944 276
944 292
944 298
944 343
944 350
944 438
944 466
944 518
944 558
944 567
944 612
944 683
944 691
944 694
944 827
944 848
944 855
944 930
944 967
944 981
69 867
69 955
69 687
142 870
142 670
387 955
387 311
387 572
387 674
574 985
574 883
574 921
574 955
574 758
574 381
647 959
647 242
647 663
647 958
647 908
647 308
647 855
669 848
669 921
669 559
669 884
669 664
669 699
669 701
674 921
674 955
674 732
674 546
674 381
674 413
674 439
699 883
699 955
699 687
699 805
699 954
699 827
699 573
699 664
834 881
834 709
834 940
834 691
834 921
834 958
834 87
834 469
834 473
834 561
834 607
834 725
834 909
883 698
883 670
883 42
883 57
883 383
883 408
883 445
883 546
883 579
883 588
883 591
883 687
883 807
883 884
883 921
883 922
883 955
884 627
884 562
884 982
884 927
884 698
884 921
884 955
884 687
884 948
884 954
884 728
884 615
884 546
884 653
884 408
884 579
915 959
915 802
915 242
915 889
915 908
915 942
915 796
915 925
915 952
915 535
915 216
915 405
915 420
915 427
915 464
915 588
915 639
915 646
915 672
915 679
915 745
921 562
921 860
921 698
921 821
921 973
921 42
921 67
921 275
921 408
921 579
921 664
921 687
921 827
921 856
921 897
921 909
921 955
921 958
955 887
955 981
955 562
955 698
955 956
955 42
955 275
955 277
955 381
955 423
955 454
955 546
955 571
955 579
955 664
955 687
955 900
955 909
955 925
955 958
966 887
966 981
966 12
966 70
966 543
966 60
966 82
966 92
966 133
966 152
966 156
966 204
966 259
966 291
966 320
966 380
966 470
966 471
966 489
966 501
966 595
966 600
966 619
966 662
966 746
966 849
966 877
966 901
966 905
966 913
966 942
966 960
966 998
191 985
191 976
191 362
195 996
195 104
292 695
292 827
343 139
350 593
389 950
389 625
389 945
389 786
508 768
508 986
508 744
532 848
532 734
532 569
532 850
532 827
567 907
567 942
567 298
567 626
567 694
691 29
691 237
691 314
691 569
691 827
691 859
694 848
694 967
694 977
694 650
738 654
738 956
738 992
738 614
738 914
738 728
738 769
738 795
827 848
827 982
827 988
827 964
827 466
827 878
827 569
827 597
848 873
848 13
848 298
848 466
848 503
848 626
848 630
848 684
848 752
901 543
901 821
901 889
901 809
901 470
901 877
901 849
901 92
901 156
901 317
901 501
901 582
901 595
901 600
901 619
901 662
901 816
901 954
923 917
923 934
923 854
923 938
923 835
923 753
923 935
923 978
923 849
923 905
923 948
923 911
923 445
923 129
923 176
923 210
923 273
923 324
923 434
923 499
923 552
923 631
923 661
923 952
998 985
998 937
998 976
998 927
998 996
998 957
998 988
998 995
998 735
998 986
998 845
998 974
998 704
998 799
998 836
998 130
998 148
998 194
998 232
998 233
998 391
998 428
998 446
998 585
998 604
998 629
998 659
998 681
998 686
998 728
998 733
998 745
998 765
998 783
998 790
998 797
998 816
998 820
998 843
998 847
998 859
13 896
99 910
112 964
112 766
112 644
237 497
250 924
250 878
250 824
291 877
291 849
291 712
432 968
432 985
432 976
432 967
466 165
466 668
569 948
569 229
569 680
688 887
688 937
688 502
688 994
688 809
688 692
688 424
688 584
733 996
733 988
733 845
733 725
733 820
733 461
733 522
733 629
805 504
805 896
805 433
805 788
805 987
805 866
805 877
805 978
805 113
805 258
805 710
805 829
805 914
937 4
937 930
937 261
937 289
937 361
937 382
937 424
937 461
937 464
937 468
937 544
937 596
937 620
937 709
937 759
937 778
937 897
937 928
937 970
937 981
940 798
940 207
940 990
940 784
940 24
940 45
940 168
940 174
940 286
940 303
940 488
940 606
940 640
940 725
940 737
940 775
940 817
940 871
940 889
940 909
940 958
940 977
956 654
956 867
956 38
956 58
956 68
956 163
956 346
956 366
956 425
956 509
956 519
956 565
956 572
956 611
956 614
956 644
956 653
956 697
956 723
956 769
956 817
956 843
956 859
956 890
956 904
956 992
30 990
30 788
30 892
60 470
104 641
104 799
276 599
298 963
298 856
438 990
438 916
438 24
438 465
438 879
518 967
518 969
518 863
518 858
518 468
558 982
558 893
558 969
558 775
558 520
558 443
612 819
612 865
612 958
612 826
612 404
612 548
612 462
683 987
683 818
683 893
683 906
683 952
683 287
683 282
683 385
855 933
855 996
855 768
855 963
855 663
855 992
855 978
855 925
855 535
855 549
855 591
855 293
855 379
855 463
855 686
930 4
930 80
930 91
930 145
930 261
930 277
930 289
930 308
930 468
930 544
930 596
930 615
930 620
930 757
930 759
930 761
930 771
930 778
930 897
930 948
930 954
930 960
930 981
930 982
967 968
967 985
967 887
967 976
967 21
967 175
967 358
967 447
967 448
967 601
967 620
967 634
967 650
967 689
967 714
967 775
967 781
967 788
967 791
967 795
967 803
967 941
967 949
967 954
981 719
981 4
981 38
981 80
981 91
981 145
981 173
981 215
981 224
981 238
981 261
981 289
981 311
981 358
981 382
981 384
981 461
981 464
981 468
981 477
981 544
981 579
981 596
981 620
981 630
981 649
981 759
981 778
981 794
981 845
981 897
981 898
981 925
981 927
981 964
2 352
2 719
2 968
2 985
352 59
352 230
352 670
352 841
719 427
719 460
719 465
719 639
719 677
719 952
719 959
719 963
968 121
968 172
968 186
968 261
968 300
968 338
968 359
968 421
968 480
968 538
968 550
968 634
968 650
968 689
968 731
968 776
968 791
968 795
968 807
968 810
968 877
968 906
968 925
968 941
968 949
968 954
968 976
968 983
968 985
968 992
985 85
985 113
985 121
985 172
985 175
985 239
985 300
985 318
985 338
985 359
985 421
985 538
985 634
985 650
985 689
985 749
985 772
985 788
985 791
985 795
985 797
985 851
985 904
985 919
985 922
985 935
985 941
985 949
985 954
985 976
985 978
985 982
985 988
985 995
59 514
59 841
59 903
230 995
230 974
230 836
670 873
670 38
670 115
670 736
670 742
670 995
841 873
841 693
841 983
841 898
841 950
841 832
841 514
841 68
841 90
841 483
841 496
841 551
841 604
841 897
427 999
427 863
427 467
427 666
460 933
460 58
460 208
460 952
465 990
465 876
465 865
465 750
639 933
639 976
639 903
639 549
639 540
639 685
677 961
677 957
677 964
677 467
677 926
677 353
677 439
677 550
952 953
952 881
952 933
952 959
952 996
952 802
952 963
952 994
952 305
952 355
952 845
952 704
952 925
952 130
952 136
952 146
952 220
952 234
952 357
952 370
952 505
952 530
952 540
952 591
959 990
959 17
959 75
959 933
959 95
959 134
959 136
959 146
959 234
959 256
959 301
959 392
959 530
959 588
959 591
959 716
959 791
959 796
959 802
959 856
959 892
959 908
959 909
959 925
959 963
959 977
959 978
963 933
963 996
963 802
963 32
963 234
963 256
963 296
963 308
963 317
963 363
963 463
963 467
963 530
963 591
963 652
963 672
963 704
963 778
963 796
963 832
963 913
963 925
963 964
963 973
963 987
121 836
172 976
172 996
186 632
186 806
186 808
261 764
300 976
300 972
338 976
338 607
338 878
359 976
359 717
421 976
421 682
421 706
480 899
480 964
480 751
480 780
538 693
538 976
538 958
538 742
538 926
550 784
550 961
550 835
550 796
550 926
634 999
634 976
634 954
634 752
650 976
650 949
650 954
650 672
650 439
689 860
689 976
689 949
689 109
689 708
689 710
689 954
731 622
731 800
731 994
731 729
731 974
731 641
731 638
731 831
731 554
776 889
776 936
776 972
776 905
776 913
776 253
776 307
776 321
776 392
776 723
791 976
791 34
791 255
791 941
791 949
791 954
791 973
791 992
795 999
795 961
795 976
795 833
795 941
795 949
795 954
795 814
807 917
807 977
807 919
807 974
807 761
807 216
807 402
807 656
807 716
807 850
810 990
810 918
810 892
810 865
810 166
810 512
810 942
810 132
810 134
810 158
810 570
810 718
810 724
810 879
877 543
877 988
877 76
877 92
877 133
877 235
877 380
877 501
877 595
877 600
877 662
877 945
906 698
906 692
906 818
906 893
906 128
906 986
906 436
906 125
906 211
906 710
906 171
906 196
906 282
906 309
906 312
906 336
906 435
906 576
906 695
906 885
925 999
925 663
925 972
925 908
925 102
925 796
925 180
925 463
925 467
925 535
925 540
925 588
925 657
925 672
925 746
925 840
925 858
941 910
941 976
941 969
941 72
941 150
941 253
941 271
941 561
941 620
941 879
941 949
941 954
941 978
949 917
949 910
949 950
949 75
949 976
949 996
949 853
949 167
949 233
949 379
949 732
949 826
949 871
949 954
954 976
954 892
954 973
954 992
954 167
954 792
976 888
976 20
976 113
976 175
976 239
976 459
976 509
976 593
976 595
976 712
976 718
983 702
983 971
983 7
983 93
983 188
983 208
983 214
983 222
983 224
983 231
983 245
983 246
983 283
983 286
983 321
983 337
983 412
983 425
983 492
983 511
983 534
983 564
983 608
983 613
983 690
983 721
983 728
983 822
983 856
983 885
983 908
983 927
983 936
983 960
983 961
983 970
983 995
992 654
992 938
992 973
992 450
992 743
992 935
992 741
992 865
992 890
992 922
992 68
992 98
992 235
992 268
992 269
992 318
992 319
992 339
992 355
992 381
992 442
992 473
992 520
992 525
992 565
992 566
992 606
992 653
992 697
992 732
992 769
992 773
992 823
992 866
992 900
992 948
992 986
85 934
85 905
113 918
239 225
239 713
318 821
318 891
318 281
749 24
749 187
749 205
749 405
749 685
749 828
749 850
749 977
772 999
772 876
772 987
772 875
772 797
772 765
772 759
772 630
772 525
772 536
788 896
788 430
788 534
788 675
788 681
788 935
788 945
788 973
788 978
788 987
797 999
797 756
797 853
797 900
797 192
797 209
797 245
797 752
797 765
797 902
851 627
851 709
851 498
851 726
851 942
851 974
851 704
851 105
851 243
851 268
851 372
851 411
851 424
851 661
851 724
851 852
851 904
904 627
904 709
904 815
904 447
904 866
904 726
904 942
904 771
904 914
904 582
904 724
904 243
904 401
904 408
904 469
904 501
904 554
904 584
919 709
919 961
919 977
919 996
919 882
919 29
919 71
919 96
919 122
919 405
919 637
919 701
919 715
919 716
919 758
919 761
919 814
919 850
919 862
919 957
922 916
922 857
922 67
922 81
922 98
922 294
922 316
922 473
922 520
922 533
922 565
922 572
922 596
922 606
922 611
922 614
922 697
922 732
922 769
922 773
922 814
935 881
935 896
935 982
935 756
935 994
935 973
935 987
935 50
935 76
935 157
935 227
935 235
935 539
935 600
935 616
935 675
935 734
935 737
935 829
935 840
935 866
935 914
935 978
978 804
978 896
978 800
978 433
978 973
978 987
978 534
978 542
978 717
978 866
978 76
978 91
978 192
978 258
978 371
978 437
978 458
978 523
978 616
978 675
978 679
978 734
978 806
978 829
978 840
978 913
978 914
982 971
982 740
982 22
982 867
982 55
982 96
982 143
982 221
982 244
982 262
982 265
982 326
982 413
982 443
982 539
982 573
982 576
982 579
982 592
982 597
982 603
982 617
982 671
982 769
982 783
982 792
982 858
982 863
982 870
982 880
982 926
982 969
982 975
988 953
988 815
988 990
988 248
988 459
988 927
988 996
988 973
988 39
988 47
988 90
988 100
988 159
988 177
988 417
988 448
988 568
988 601
988 735
988 745
988 748
988 773
988 779
988 783
988 790
988 816
988 836
988 843
988 845
988 852
988 853
988 859
988 863
988 974
988 986
988 995
995 990
995 927
995 49
995 893
995 82
995 84
995 97
995 138
995 169
995 232
995 327
995 329
995 337
995 373
995 391
995 422
995 429
995 530
995 601
995 629
995 646
995 656
995 735
995 778
995 779
995 783
995 830
995 836
995 844
995 845
995 847
995 852
995 859
995 871
995 902
995 974
995 986
3 798
3 861
3 887
3 953
798 103
798 137
798 202
798 274
798 376
798 636
798 658
798 800
798 828
798 831
798 887
798 994
861 138
861 327
861 368
861 422
861 487
861 653
861 664
861 713
861 813
861 816
861 857
861 872
861 911
861 924
861 953
887 40
887 278
887 616
887 636
887 658
887 707
887 713
887 800
887 828
887 831
887 924
887 994
953 9
953 47
953 160
953 316
953 361
953 363
953 368
953 500
953 515
953 522
953 578
953 626
953 651
953 680
953 739
953 780
953 813
953 824
953 850
953 872
953 873
953 878
953 905
953 907
953 910
953 911
953 924
103 19
103 313
103 655
137 971
137 635
137 655
202 860
202 977
274 970
274 135
274 871
274 885
376 999
376 902
376 617
636 994
636 265
636 257
636 405
636 471
658 800
658 999
658 996
658 994
658 835
658 958
800 16
800 164
800 503
800 528
800 655
800 969
800 987
800 994
828 740
828 994
828 40
828 72
828 88
828 449
828 510
828 540
828 692
828 790
828 794
828 960
831 896
831 622
831 994
831 835
831 909
831 388
831 713
831 278
831 539
831 554
831 746
994 633
994 502
994 398
994 34
994 72
994 88
994 123
994 144
994 151
994 196
994 203
994 284
994 424
994 503
994 528
994 554
994 568
994 655
994 692
994 697
994 707
994 713
994 726
994 729
994 742
994 809
994 811
994 838
994 862
994 869
138 974
138 614
327 872
327 615
327 725
368 878
368 326
368 820
422 857
422 911
422 363
487 857
487 911
487 155
487 366
487 824
653 611
653 773
664 562
664 833
664 566
664 548
713 502
713 510
713 404
713 850
813 896
813 970
813 857
813 872
813 361
813 911
813 824
813 603
813 416
813 476
813 680
816 996
816 986
816 159
816 328
816 656
816 706
816 806
816 842
816 844
857 870
857 65
857 212
857 500
857 615
857 651
857 830
857 872
857 878
857 911
857 975
872 924
872 918
872 47
872 212
872 486
872 586
872 601
872 680
872 763
872 878
872 911
911 924
911 893
911 108
911 308
911 348
911 435
911 500
911 509
911 515
911 769
911 785
911 824
911 878
924 804
924 9
924 53
924 108
924 171
924 316
924 400
924 515
924 556
924 586
924 615
924 651
924 673
924 680
924 696
924 824
924 843
924 878
40 682
278 835
278 655
278 785
616 896
616 927
616 987
616 840
616 604
707 709
707 36
707 164
707 528
707 600
707 692
707 973
9 479
9 881
47 743
160 515
160 651
160 750
316 899
316 824
361 903
361 108
363 878
363 808
500 586
500 407
515 858
515 546
515 605
522 907
522 950
522 996
522 842
522 945
578 977
578 203
578 462
578 716
626 961
626 801
626 869
626 320
651 524
651 615
651 645
651 672
680 878
680 734
680 708
680 617
739 961
739 957
739 801
739 869
739 811
739 163
739 320
739 429
739 926
780 899
780 903
780 735
780 964
780 875
780 590
780 751
780 497
780 255
780 415
780 649
824 717
824 964
824 796
824 521
824 878
824 468
824 476
824 786
850 977
850 973
850 764
850 975
850 814
850 290
850 605
850 637
850 701
850 758
873 5
873 7
873 38
873 90
873 197
873 200
873 360
873 496
873 543
873 604
873 641
873 693
873 736
873 898
873 973
878 916
878 535
878 185
878 212
878 489
878 586
878 926
905 917
905 934
905 456
905 950
905 854
905 938
905 916
905 835
905 753
905 213
905 832
905 96
905 176
905 552
905 631
905 661
907 888
907 15
907 140
907 375
907 395
907 478
907 481
907 506
907 527
907 533
907 625
907 641
907 666
907 842
907 844
907 945
907 950
907 975
910 10
910 120
910 205
910 281
910 312
910 325
910 341
910 568
910 571
910 642
910 696
910 714
910 781
910 821
910 829
910 882
910 891
4 917
917 18
917 35
917 64
917 119
917 176
917 185
917 210
917 252
917 529
917 631
917 637
917 716
917 753
917 819
917 835
917 854
917 934
917 938
917 974
18 722
18 854
18 938
35 938
35 835
35 876
64 934
64 70
119 962
119 445
119 762
185 934
185 799
210 938
210 492
252 456
252 854
252 495
252 540
529 971
529 46
529 401
529 765
529 830
529 833
631 934
631 349
631 835
631 643
631 367
637 938
637 451
637 716
637 773
716 854
716 715
716 513
753 934
753 854
753 938
753 835
753 43
753 336
753 473
753 897
753 942
819 75
819 938
819 19
819 101
819 181
819 187
819 365
819 404
819 547
819 548
819 620
819 678
835 934
835 740
835 854
835 938
835 303
835 661
854 971
854 934
854 129
854 203
854 661
854 863
854 890
854 936
854 938
854 942
934 971
934 8
934 28
934 183
934 434
934 456
934 499
934 552
934 661
934 701
934 758
934 815
934 822
934 938
934 957
938 22
938 96
938 129
938 133
938 304
938 434
938 499
938 552
938 576
938 661
974 927
974 996
974 882
974 986
974 845
974 97
974 194
974 288
974 379
974 429
974 446
974 448
974 581
974 585
974 611
974 613
974 667
974 744
974 759
974 779
974 783
974 820
974 844
974 847
974 852
974 859
80 199
80 830
91 533
145 457
145 914
277 964
277 226
277 649
289 852
289 847
308 420
468 759
544 659
596 950
596 781
596 897
615 945
615 476
620 897
757 727
757 970
757 889
757 838
757 512
757 962
757 117
757 127
757 340
757 643
759 778
759 836
759 266
759 897
761 693
761 977
761 768
761 109
761 570
761 814
771 804
771 881
771 928
771 870
771 756
771 748
771 128
771 741
771 986
771 799
771 948
778 692
778 908
778 114
778 461
778 464
778 897
897 804
897 881
897 698
897 384
897 358
897 382
897 238
897 311
897 844
948 633
948 627
948 928
948 996
948 870
948 663
948 741
948 498
948 106
948 170
948 217
948 263
948 340
948 457
948 519
948 541
948 667
948 746
948 786
948 909
960 702
960 888
960 971
960 482
960 45
960 93
960 127
960 188
960 222
960 224
960 246
960 283
960 380
960 412
960 425
960 492
960 511
960 608
960 635
960 649
960 690
960 721
960 728
960 822
960 856
960 893
382 134
424 323
461 433
461 859
464 732
709 11
709 498
709 724
709 942
928 804
928 815
928 17
928 52
928 457
928 463
928 486
928 519
928 555
928 726
928 736
928 746
928 748
928 832
928 838
928 844
928 870
928 957
928 962
928 972
970 633
970 727
970 999
970 31
970 756
970 79
970 117
970 127
970 193
970 225
970 339
970 344
970 351
970 356
970 373
970 458
970 472
970 494
970 512
970 559
970 742
970 754
970 762
970 832
970 843
970 885
970 962
970 986
970 987
173 933
173 25
215 964
215 875
215 549
238 916
238 679
311 821
358 110
384 830
384 109
477 999
477 936
477 43
477 525
630 999
630 853
630 399
630 752
649 383
649 964
649 766
649 875
794 190
794 821
794 882
794 972
794 580
794 880
794 270
794 642
794 781
794 871
794 891
794 945
845 735
845 986
845 94
845 333
845 411
845 599
845 684
845 790
845 820
898 254
898 693
898 8
898 200
898 280
898 324
898 514
898 551
898 604
898 665
898 673
898 736
898 945
898 986
898 987
927 25
927 194
927 233
927 451
927 536
927 646
927 659
927 671
927 754
927 790
927 802
927 836
927 847
927 859
927 996
964 383
964 899
964 969
964 839
964 78
964 124
964 167
964 178
964 271
964 288
964 293
964 370
964 373
964 390
964 490
964 497
964 517
964 572
964 614
964 708
964 751
964 766
5 254
5 633
5 702
254 280
254 822
254 942
633 832
633 838
633 885
702 164
702 286
702 410
702 721
702 856
280 809
280 364
280 551
822 961
822 690
822 114
822 337
822 419
822 425
822 721
822 728
822 781
942 627
942 815
942 853
942 89
942 498
942 726
942 105
942 182
942 183
942 372
942 401
942 411
942 545
942 582
942 584
942 646
942 697
942 724
832 860
832 52
832 200
832 430
832 486
832 541
832 786
832 838
838 881
838 784
838 870
838 66
838 178
838 613
838 786
885 727
885 860
885 892
885 756
885 987
885 559
885 962
885 340
885 154
885 373
885 494
885 539
885 554
885 563
885 754
164 972
286 416
410 971
410 833
410 830
410 858
721 888
721 899
721 856
721 763
721 926
856 809
856 986
856 858
856 608
856 492
856 214
856 231
856 659
856 728
7 693
90 441
197 268
197 732
200 97
360 973
360 987
360 196
360 675
496 736
496 914
496 324
543 12
543 259
543 659
604 975
641 950
641 395
641 536
641 945
693 8
693 340
693 551
693 890
736 999
736 961
736 115
736 174
736 673
973 815
973 896
973 809
973 37
973 50
973 57
973 120
973 192
973 325
973 440
973 458
973 523
973 537
973 542
973 675
973 679
973 681
973 717
973 724
973 734
973 829
973 840
973 866
973 914
973 969
973 987
6 207
6 727
6 888
6 971
207 504
207 775
727 385
727 494
727 754
727 762
727 914
727 962
727 975
888 22
888 49
888 116
888 147
888 288
888 474
888 481
888 482
888 507
888 537
888 783
888 830
888 833
888 971
888 975
971 14
971 46
971 48
971 77
971 83
971 100
971 116
971 201
971 287
971 288
971 296
971 334
971 351
971 417
971 439
971 474
971 481
971 482
971 507
971 537
971 657
971 687
971 737
971 830
971 833
971 880
971 950
504 10
504 714
504 821
504 882
775 958
775 162
775 437
775 444
775 511
775 685
775 763
775 945
385 867
385 893
385 491
494 962
494 764
494 320
754 977
754 880
754 962
754 762
754 914
754 521
754 643
754 563
762 990
762 394
762 890
762 903
762 962
762 122
762 155
762 420
914 881
914 896
914 433
914 987
914 534
914 542
914 717
914 866
914 440
914 681
914 840
962 756
962 692
962 743
962 833
962 741
962 986
962 77
962 79
962 127
962 154
962 155
962 193
962 329
962 344
962 356
962 395
962 472
962 549
962 742
962 891
962 975
975 479
975 881
975 817
975 652
975 958
975 602
975 86
975 168
975 174
975 243
975 314
975 419
975 437
975 488
975 540
975 556
975 561
975 564
975 607
975 645
975 666
975 685
975 725
975 737
975 763
975 840
975 871
975 909
22 867
49 818
49 893
116 977
116 875
147 876
147 507
147 829
288 833
474 755
474 987
474 48
474 334
481 830
481 879
481 711
482 14
482 681
482 844
507 830
507 640
537 830
537 752
537 417
537 439
783 996
783 986
783 764
783 859
783 879
783 601
830 201
830 334
830 657
830 766
833 48
833 83
833 201
833 293
833 439
833 541
833 657
14 456
14 740
46 115
46 351
48 622
77 355
77 512
83 729
83 204
100 986
100 766
201 876
287 542
287 171
287 576
296 802
296 811
296 420
334 729
334 217
351 152
351 657
417 657
417 820
657 748
657 527
657 570
687 711
737 881
737 817
737 520
737 871
737 428
737 605
880 740
880 867
880 957
880 969
880 57
880 244
880 401
880 413
880 573
880 588
880 597
880 735
880 792
880 803
950 15
950 81
950 348
950 367
950 375
950 377
950 395
950 444
950 472
950 478
950 483
950 506
950 527
950 533
950 536
950 666
950 745
950 751
950 820
950 842
950 945
8 804
340 135
551 987
551 556
551 257
890 889
890 715
890 450
890 743
890 58
890 159
890 355
890 391
890 407
890 416
890 732
890 769
890 823
890 826
93 682
93 743
188 958
208 339
214 479
222 690
222 644
231 961
231 710
245 957
245 429
246 492
246 346
283 510
283 448
283 728
321 936
321 972
321 899
337 512
412 961
412 441
412 608
425 875
492 597
511 972
511 728
534 987
534 52
534 548
564 990
564 892
564 903
564 726
564 684
608 204
608 655
608 521
613 990
613 918
613 313
613 139
613 513
690 999
690 87
690 728
690 847
728 847
908 990
908 933
908 918
908 802
908 431
908 89
908 266
908 330
908 390
908 535
908 588
908 704
908 718
908 796
936 33
936 53
936 71
936 135
936 161
936 170
936 260
936 297
936 393
936 423
936 475
936 555
936 652
936 671
936 723
936 900
936 913
936 945
936 972
961 999
961 933
961 20
961 784
961 78
961 223
961 260
961 294
961 299
961 346
961 349
961 362
961 493
961 593
961 711
961 712
961 766
961 801
961 926
961 957
804 301
804 403
804 555
804 799
804 860
301 106
301 746
301 763
403 715
403 150
403 668
555 870
555 839
555 786
799 860
799 870
799 972
799 299
799 725
799 746
860 20
860 128
860 152
860 510
860 519
860 667
860 741
860 746
860 853
324 514
324 843
514 870
514 377
514 770
665 722
665 131
665 141
665 331
665 347
665 744
665 785
665 808
673 977
673 768
673 862
673 581
673 701
945 478
945 542
945 533
945 801
945 625
945 742
945 377
945 842
945 348
945 367
945 375
945 506
945 527
945 536
945 666
945 926
986 996
986 802
986 74
986 101
986 114
986 143
986 148
986 180
986 251
986 328
986 354
986 446
986 585
986 597
986 601
986 629
986 659
986 706
986 779
986 790
986 820
986 843
986 844
986 847
986 902
987 896
987 433
987 37
987 57
987 73
987 157
987 199
987 258
987 440
987 458
987 470
987 526
987 563
987 666
987 675
987 679
987 681
987 734
987 829
987 840
987 866
987 909
987 958
987 972
28 21
28 802
183 724
183 909
434 472
434 469
456 599
499 909
499 842
499 501
552 996
552 814
552 806
661 892
661 826
701 977
701 829
701 714
701 758
758 768
758 764
758 862
758 814
758 475
758 357
758 565
815 11
815 130
815 401
815 411
815 447
815 584
815 726
957 784
957 32
957 78
957 131
957 223
957 307
957 347
957 362
957 367
957 418
957 483
957 488
957 517
957 593
957 711
957 712
957 801
957 817
957 842
957 869
957 926
479 714
479 909
881 177
881 561
881 602
881 645
881 817
881 909
881 958
714 821
714 882
714 181
714 325
714 642
909 958
909 602
909 862
909 607
909 561
909 725
909 871
177 958
561 876
561 958
602 817
602 82
602 98
602 444
602 913
645 562
645 695
645 871
645 763
645 640
817 899
817 865
817 517
817 685
817 836
817 958
958 818
958 972
958 67
958 87
958 174
958 199
958 303
958 314
958 453
958 488
958 556
958 605
958 763
958 801
958 808
53 889
53 972
108 969
171 643
400 802
400 764
556 179
586 826
586 891
586 258
696 839
696 323
696 866
696 453
696 745
843 999
843 996
843 859
843 448
843 391
843 629
843 820
843 926
10 190
10 654
190 32
190 891
654 273
654 926
654 999
32 349
891 821
891 882
891 729
891 580
891 270
891 325
891 236
891 262
891 272
891 571
891 672
891 781
891 926
821 26
821 107
821 530
821 571
821 573
821 781
882 896
882 26
882 65
882 205
882 312
882 341
882 443
882 580
882 600
882 642
882 781
882 858
273 818
273 893
273 491
926 784
926 801
926 869
926 362
926 346
926 347
926 446
926 527
926 593
926 711
999 896
999 16
999 27
999 44
999 95
999 140
999 209
999 225
999 241
999 267
999 272
999 304
999 332
999 333
999 369
999 394
999 415
999 449
999 483
999 484
999 525
999 545
999 577
999 585
999 686
999 752
999 765
999 852
999 853
999 876
120 698
120 329
205 281
281 916
281 314
312 431
325 179
341 388
341 781
568 151
568 601
568 852
571 977
571 431
571 786
642 722
642 823
642 781
781 219
781 236
829 896
829 866
829 326
829 365
829 734
829 823
829 840
11 627
11 990
627 584
627 826
990 56
990 70
990 139
990 228
990 244
990 290
990 309
990 310
990 313
990 322
990 419
990 441
990 442
990 484
990 513
990 545
990 565
990 570
990 668
990 679
990 684
990 718
990 722
990 746
990 752
990 865
990 879
990 889
990 892
990 903
990 916
990 918
584 918
584 498
826 623
826 755
826 409
826 181
826 161
826 345
826 365
826 678
826 684
498 76
724 865
724 726
724 372
724 840
130 447
447 23
447 902
726 89
726 582
726 590
56 559
56 741
56 865
70 12
139 811
228 853
228 414
244 619
290 918
290 892
290 441
309 903
309 684
310 722
310 520
310 595
310 718
313 865
313 236
322 918
322 865
322 606
419 722
419 916
441 916
441 750
442 523
442 706
484 362
513 899
513 750
513 668
513 467
545 623
545 918
545 903
545 668
565 792
570 933
570 722
570 892
668 635
668 547
668 221
668 879
679 542
679 458
684 722
684 916
684 879
718 916
718 865
718 866
718 354
718 879
722 770
722 918
752 853
752 902
752 333
752 572
865 892
865 156
865 158
865 299
865 655
865 770
865 913
879 916
879 918
879 892
879 635
879 632
879 497
879 299
879 353
879 560
879 779
889 33
889 107
889 189
889 253
889 306
889 629
889 671
889 723
889 840
889 900
889 913
889 972
892 918
892 256
892 617
892 632
892 750
892 770
892 844
892 903
903 916
903 918
903 134
903 443
903 469
903 560
903 629
903 656
903 750
903 770
916 23
916 299
916 331
916 469
916 560
916 750
916 770
916 918
918 23
918 86
918 463
918 635
918 640
918 750
918 765
918 770
259 784
259 849
659 996
659 682
659 302
269 663
269 823
603 969
603 863
603 262
603 369
790 459
790 625
790 858
790 306
858 740
858 969
858 863
858 143
858 221
858 326
858 597
858 803
858 859
867 740
867 110
867 153
867 265
867 418
867 523
867 678
867 803
867 863
867 969
867 977
893 818
893 196
893 198
893 336
893 375
893 436
893 695
893 697
893 710
82 849
133 849
156 590
204 600
380 849
380 607
470 243
470 849
471 717
471 632
471 284
489 811
489 638
489 744
501 656
595 619
595 662
600 345
619 755
619 849
619 593
619 662
662 849
662 330
662 638
849 969
849 866
849 371
849 625
849 801
913 398
913 818
913 972
913 766
913 900
913 111
913 253
913 260
913 392
913 423
913 493
913 523
913 671
913 723
913 847
896 189
896 391
896 681
896 717
896 769
896 840
503 729
503 640
189 972
681 157
681 750
717 73
717 303
717 599
717 866
769 509
840 866
840 199
840 449
740 55
740 863
740 969
599 839
844 996
844 354
844 448
844 847
844 451
844 485
844 779
55 542
55 969
863 969
863 79
863 94
863 443
863 539
863 617
863 792
969 996
969 853
969 110
969 143
969 262
969 265
969 326
969 413
969 573
969 577
969 592
969 597
969 617
969 723
969 792
969 803
969 871
969 902
15 248
15 562
248 644
248 852
562 209
644 606
644 773
852 996
852 169
852 302
852 519
852 524
852 667
852 686
209 332
140 622
375 399
395 436
478 37
478 84
478 86
506 842
506 423
506 803
527 842
527 666
533 377
533 378
625 110
625 666
625 842
666 842
842 756
842 397
842 260
842 348
842 367
842 536
348 725
377 123
444 763
444 640
472 862
472 373
483 902
745 839
745 521
745 495
751 899
751 766
751 875
751 165
751 267
751 390
751 847
820 823
820 585
820 656
820 803
16 27
16 622
27 870
622 692
622 809
622 839
870 65
870 198
870 378
870 457
870 697
870 972
692 45
692 203
809 36
809 729
809 66
809 123
809 144
809 267
839 899
839 258
839 335
839 430
839 485
528 323
528 744
655 257
655 560
44 876
44 213
44 450
95 297
225 876
241 765
241 591
267 876
272 902
304 972
304 765
332 577
333 710
369 902
369 548
394 31
394 453
394 559
415 853
415 675
449 902
449 371
525 866
525 686
525 723
577 814
577 902
577 871
686 853
686 450
686 902
765 996
765 876
765 213
765 294
853 876
853 43
853 495
853 902
876 371
876 541
876 806
876 808
876 902
17 75
17 933
933 146
933 256
933 266
933 305
933 392
933 502
933 505
933 540
933 643
933 663
933 763
933 773
933 802
933 869
933 902
52 128
457 218
463 519
486 735
486 158
748 42
748 741
748 786
748 902
972 398
972 107
972 111
972 227
972 260
972 297
972 306
972 392
972 393
972 407
972 423
972 455
972 493
972 652
972 671
972 723
972 796
972 836
972 900
146 330
256 257
266 218
266 591
305 58
305 467
305 862
502 23
505 796
505 656
643 559
643 742
643 521
643 563
663 37
663 247
763 866
763 871
763 725
773 823
773 697
802 192
802 672
869 784
869 977
869 768
869 349
869 131
869 307
869 418
869 593
869 847
902 750
136 977
136 458
530 220
588 732
796 102
796 704
796 379
796 576
796 706
977 755
977 24
977 50
977 94
977 118
977 216
977 218
977 255
977 317
977 397
977 399
977 443
977 581
977 715
977 764
977 814
977 875
770 211
770 750
770 284
770 357
770 560
129 459
576 710
576 435
19 623
19 755
623 251
623 462
623 548
623 871
755 159
755 364
755 409
755 454
755 548
251 859
251 402
462 547
462 454
871 303
871 437
871 605
871 685
364 899
364 345
364 678
409 43
409 161
409 632
454 547
454 365
101 547
181 105
187 216
365 232
404 212
404 678
547 263
678 900
678 476
678 803
20 784
784 708
784 711
708 899
708 766
708 875
708 255
708 271
711 353
711 356
510 72
510 428
667 263
667 517
741 178
741 378
741 413
294 712
346 712
349 818
493 455
493 646
493 723
593 801
712 704
712 154
712 307
766 715
766 370
766 490
766 803
801 297
801 105
801 347
459 25
459 779
126 125
430 162
485 779
563 512
563 764
734 866
734 220
734 282
335 193
335 566
803 792
803 573
803 597
803 592
153 247
153 811
265 117
523 235
523 440
221 495
262 211
539 792
539 617
573 344
592 818
592 792
617 792
671 900
671 524
792 270
792 194
792 549
331 996
331 847
469 635
560 319
750 490
635 71
635 393
640 437
405 862
685 675
685 723
168 383
488 370
725 605
50 118
118 399
255 899
317 715
397 148
397 357
397 814
581 764
581 124
581 695
715 34
715 150
715 785
764 84
764 814
764 862
814 182
814 695
875 996
875 899
875 124
875 293
875 390
875 440
875 490
875 497
25 996
996 106
996 114
996 169
996 302
996 328
996 329
996 414
996 428
996 451
996 524
996 605
996 656
996 756
996 779
996 836
996 847
996 859
996 862
779 524
233 823
451 682
646 806
646 414
646 524
646 847
836 735
836 329
836 148
836 263
847 859
847 554
859 144
859 435
169 638
302 180
302 786
414 682
524 270
756 31
756 339
756 344
756 559
862 122
862 229
862 402
862 786
26 433
26 698
698 275
698 546
275 526
107 900
580 54
580 431
580 323
580 366
198 710
198 695
378 123
697 319
806 811
806 590
806 632
806 284
806 526
806 744
806 785
672 242
29 768
768 271
271 899
71 652
675 345
632 526
632 808
31 242
339 193
117 742
356 398
356 742
512 307
742 155
742 521
742 535
818 435
818 491
818 695
818 710
131 247
347 823
517 899
517 293
517 370
652 66
652 306
652 455
652 900
704 102
33 398
336 695
253 823
306 170
723 900
900 393
900 111
900 227
900 236
900 353
900 423
900 475
161 345
297 475
393 102
475 268
785 590
785 638
785 808
785 219
785 402
785 526
785 744
144 319
151 431
151 270
284 811
554 729
729 36
811 141
811 388
811 491
811 590
811 744
541 182
808 247
808 638
808 219
808 476
808 526
808 566
808 744
66 323
440 408
866 73
115 354
68 166
366 450
572 407
614 220
614 319
735 74
735 455
383 54
445 706
445 823
607 179
743 217
743 566
743 706
743 823
566 732
706 520
823 166
435 695
491 436
491 437
710 125
436 87
436 282
111 124
407 732
455 158
54 431
54 899
899 165
899 226
899 446
899 490
165 167
226 497
520 268
74 89
549 330
582 182
590 638
535 132
744 638
744 388
125 211
141 179
388 219
