0 85
0 299
0 491
0 706
85 547
85 724
85 961
299 253
299 276
299 875
299 937
491 736
491 871
491 886
491 950
491 984
706 356
706 458
706 516
706 661
706 698
706 729
706 816
706 961
706 979
547 957
547 998
547 977
547 106
547 204
547 813
724 326
724 376
724 120
724 290
724 397
724 664
724 840
724 853
724 859
724 895
961 3
961 922
961 69
961 106
961 217
961 225
961 391
961 401
961 425
961 429
961 458
961 478
961 538
961 570
961 672
961 729
961 740
961 746
961 750
961 796
961 828
961 833
961 834
961 863
961 870
961 879
961 891
961 893
961 940
961 943
961 978
253 994
253 820
253 566
253 763
276 937
276 729
276 780
276 642
875 937
875 957
875 908
875 601
875 986
875 751
875 948
875 762
875 785
875 174
875 496
875 506
875 527
875 636
875 640
875 659
875 852
875 923
937 4
937 502
937 50
937 138
937 152
937 251
937 271
937 290
937 496
937 560
937 613
937 659
937 711
937 762
937 785
937 835
937 848
937 858
937 949
937 956
937 966
937 976
937 981
736 913
736 984
736 996
736 912
736 169
736 480
736 481
736 846
736 857
736 936
871 984
871 978
871 806
871 855
871 77
871 90
871 284
871 340
871 421
871 493
871 590
871 630
871 631
871 730
871 817
871 936
871 939
886 336
886 979
886 934
886 800
886 726
886 902
886 38
886 147
886 334
886 549
886 636
886 641
886 662
886 735
886 784
886 786
886 955
886 958
950 781
950 878
950 987
950 311
950 876
950 46
950 84
950 104
950 195
950 305
950 412
950 451
950 490
950 568
950 572
950 625
950 646
950 655
950 659
950 720
950 731
950 748
950 780
950 894
950 926
950 930
950 966
950 993
984 5
984 913
984 194
984 207
984 259
984 357
984 360
984 377
984 384
984 439
984 453
984 468
984 492
984 572
984 590
984 592
984 630
984 696
984 753
984 806
984 814
984 822
984 824
984 840
984 855
984 863
984 869
984 877
984 881
984 888
984 912
984 931
984 936
984 944
984 954
984 956
984 962
984 965
984 979
356 922
356 403
356 893
356 867
458 922
458 956
458 897
458 461
516 838
516 967
516 972
516 963
516 999
516 880
661 826
661 964
661 988
661 725
661 960
661 184
661 605
661 919
698 904
698 948
698 991
698 976
698 752
698 746
698 188
698 770
698 919
729 922
729 926
729 960
729 796
729 240
729 135
729 425
729 648
816 997
816 931
816 985
816 685
816 966
816 791
816 130
816 283
816 386
816 446
816 705
816 859
816 909
979 7
979 109
979 131
979 156
979 288
979 341
979 342
979 344
979 351
979 375
979 432
979 448
979 488
979 581
979 656
979 657
979 662
979 669
979 730
979 734
979 738
979 758
979 784
979 850
979 873
979 885
979 887
979 889
979 896
979 902
979 910
979 914
979 919
979 934
979 945
979 968
979 983
1 244
1 339
1 499
1 812
244 18
244 395
244 688
244 928
339 531
339 929
339 935
339 995
499 654
499 776
499 782
499 890
499 896
812 282
812 393
812 593
812 734
812 768
812 819
812 864
812 866
812 929
812 930
812 935
812 949
812 960
18 713
18 726
18 952
395 922
395 782
395 598
395 615
688 890
688 776
688 884
688 586
688 842
688 742
688 811
688 839
928 994
928 781
928 995
928 708
928 951
928 779
928 907
928 986
928 752
928 663
928 933
928 532
928 671
928 505
928 712
928 906
928 338
928 464
928 638
928 763
928 766
928 797
928 863
531 974
531 915
531 973
531 221
531 271
531 735
929 415
929 475
929 995
929 908
929 998
929 876
929 953
929 905
929 523
929 975
929 702
929 962
929 971
929 861
929 927
929 466
929 932
929 381
929 753
929 506
929 622
929 720
935 890
935 889
935 902
935 949
935 993
935 157
935 960
935 841
935 796
935 933
935 911
935 891
935 197
935 284
935 393
935 481
935 511
935 527
935 605
935 797
935 803
935 865
935 868
995 994
995 781
995 823
995 20
995 80
995 111
995 119
995 176
995 248
995 250
995 302
995 304
995 381
995 398
995 411
995 427
995 431
995 442
995 484
995 528
995 534
995 541
995 574
995 597
995 610
995 643
995 656
995 702
995 708
995 740
995 746
995 753
995 794
995 814
995 819
995 854
995 865
995 905
995 908
995 916
995 953
995 962
995 987
995 990
654 913
654 981
654 701
654 988
654 911
654 643
654 287
654 337
776 974
776 890
776 713
776 992
776 31
776 766
776 809
776 842
776 891
776 918
782 974
782 980
782 799
782 853
782 807
782 860
782 179
782 277
782 310
782 372
782 753
890 974
890 989
890 12
890 31
890 221
890 319
890 400
890 422
890 431
890 609
890 640
890 828
890 885
890 902
890 916
890 993
896 97
896 964
896 949
896 684
896 205
896 245
896 296
896 329
896 482
896 568
896 584
896 635
896 637
896 642
896 803
896 811
896 830
896 868
282 980
282 983
282 911
282 930
393 476
393 964
393 795
593 958
593 917
593 982
593 214
593 693
593 753
593 923
734 862
734 945
734 701
734 990
734 955
734 348
734 538
734 302
734 899
768 781
768 39
768 65
768 508
768 663
768 678
768 742
768 801
768 858
768 900
768 993
819 913
819 25
819 778
819 231
819 445
819 790
819 853
819 856
819 895
819 907
819 924
819 973
864 838
864 921
864 889
864 964
864 949
864 191
864 960
864 122
864 330
864 419
864 524
864 744
864 803
864 817
864 865
864 899
864 923
866 994
866 674
866 855
866 920
866 964
866 907
866 539
866 942
866 874
866 94
866 240
866 618
866 638
866 663
866 670
866 671
866 820
930 941
930 778
930 889
930 949
930 601
930 874
930 191
930 891
930 161
930 642
930 292
930 352
930 419
930 436
930 482
930 570
930 628
930 730
930 748
930 803
930 932
949 931
949 856
949 749
949 889
949 920
949 902
949 701
949 964
949 827
949 45
949 220
949 296
949 302
949 412
949 438
949 441
949 525
949 537
949 642
949 741
949 960
949 969
949 976
960 711
960 941
960 789
960 326
960 889
960 97
960 964
960 897
960 617
960 983
960 907
960 601
960 975
960 725
960 352
960 438
960 511
960 524
960 537
960 650
960 810
960 836
960 841
960 863
960 868
960 923
960 932
2 212
2 336
2 717
2 974
212 451
212 859
212 983
336 258
336 427
336 789
717 382
717 518
717 804
717 849
717 850
717 868
717 956
717 968
717 978
974 42
974 120
974 125
974 218
974 271
974 286
974 319
974 326
974 357
974 363
974 452
974 459
974 575
974 612
974 639
974 653
974 697
974 756
974 789
974 802
974 809
974 842
974 858
974 885
974 903
974 933
974 942
974 945
974 947
974 958
974 965
974 967
974 981
974 985
451 856
451 882
451 201
451 437
859 952
859 541
859 602
859 170
859 274
859 428
859 440
859 514
859 548
859 618
859 809
859 867
859 895
859 923
983 944
983 989
983 235
983 981
983 996
983 644
983 335
983 787
983 916
983 963
983 418
983 52
983 57
983 76
983 129
983 240
983 241
983 252
983 268
983 285
983 411
983 474
983 483
983 490
983 536
983 582
983 620
983 635
983 665
983 676
983 685
983 712
983 813
983 853
983 874
983 879
983 898
983 903
258 996
258 883
258 52
258 416
427 999
427 681
427 434
427 863
789 870
789 947
789 29
789 398
789 459
789 465
789 727
789 868
789 903
789 985
382 475
382 958
382 242
382 694
518 850
518 978
518 526
518 113
518 237
518 756
804 385
804 901
804 488
804 982
804 121
804 292
804 388
804 445
804 492
804 680
804 817
804 839
849 862
849 800
849 471
849 22
849 517
849 775
849 786
849 817
849 837
849 872
849 917
849 939
849 956
849 982
849 990
850 8
850 89
850 468
850 482
850 512
850 595
850 617
850 655
850 696
850 721
850 764
850 968
850 978
868 700
868 889
868 964
868 966
868 841
868 842
868 198
868 314
868 481
868 482
868 511
868 748
868 794
956 832
956 878
956 30
956 951
956 57
956 146
956 325
956 551
956 558
956 563
956 647
956 731
956 745
956 774
956 791
956 796
956 860
956 861
956 883
956 925
956 938
956 959
956 963
956 966
956 970
956 973
968 674
968 978
968 470
968 526
968 772
968 13
968 22
968 37
968 93
968 114
968 209
968 322
968 351
968 423
968 430
968 441
968 443
968 476
968 487
968 500
968 508
968 543
968 557
968 595
968 604
968 616
968 630
968 705
968 719
968 748
968 778
968 902
968 953
968 973
968 977
978 674
978 954
978 8
978 10
978 17
978 81
978 114
978 140
978 145
978 325
978 351
978 373
978 443
978 444
978 449
978 500
978 504
978 512
978 526
978 595
978 604
978 616
978 748
978 762
978 771
978 833
978 934
978 940
978 946
978 975
978 976
978 977
978 997
978 998
42 908
42 25
42 422
120 880
120 842
125 422
125 715
125 140
218 876
218 885
218 948
271 931
271 802
286 845
286 90
286 860
286 912
319 994
319 865
319 784
326 31
326 924
357 159
357 266
357 735
363 844
363 884
363 802
363 735
452 957
452 998
452 977
452 757
452 704
459 885
459 882
459 267
459 513
575 915
575 802
575 842
575 939
575 317
575 639
575 563
612 848
612 941
612 62
612 505
612 690
612 847
612 927
639 655
639 971
639 892
639 566
639 304
639 679
639 735
653 8
653 264
653 625
653 689
653 825
653 853
653 895
653 924
697 915
697 997
697 479
697 533
697 909
697 291
697 386
697 462
697 923
756 943
756 918
756 958
756 971
756 664
756 959
756 353
756 744
756 857
756 695
802 981
802 885
802 34
802 80
802 372
802 489
802 735
802 805
802 865
809 967
809 235
809 987
809 972
809 999
809 926
809 715
809 681
809 906
809 881
809 521
842 944
842 947
842 885
842 992
842 920
842 993
842 853
842 304
842 735
842 914
858 823
858 718
858 542
858 791
858 948
858 976
858 893
858 331
858 852
858 384
858 568
858 648
858 716
858 888
885 980
885 29
885 105
885 304
885 327
885 390
885 398
885 465
885 623
885 693
885 853
885 919
903 994
903 701
903 897
903 988
903 943
903 942
903 98
903 306
903 323
903 465
903 483
903 503
903 666
903 745
903 757
903 811
903 882
903 911
933 944
933 954
933 806
933 856
933 827
933 918
933 596
933 759
933 754
933 874
933 880
933 265
933 114
933 128
933 273
933 278
933 297
933 509
933 572
933 606
933 839
933 893
942 798
942 921
942 951
942 787
942 883
942 779
942 62
942 358
942 400
942 460
942 556
942 564
942 610
942 632
942 645
942 683
942 714
942 797
942 828
942 845
942 846
942 932
942 946
942 971
945 862
945 389
945 14
945 143
945 144
945 156
945 257
945 342
945 419
945 581
945 609
945 636
945 638
945 650
945 738
945 758
945 761
945 769
945 774
945 914
945 955
945 972
945 973
945 975
945 990
947 957
947 19
947 182
947 345
947 420
947 519
947 534
947 562
947 607
947 667
947 694
947 722
947 761
947 794
947 805
947 808
947 821
947 844
947 878
947 891
947 892
947 962
947 965
947 969
947 992
958 726
958 952
958 987
958 614
958 889
958 550
958 985
958 973
958 68
958 918
958 408
958 513
958 521
958 549
958 558
958 649
958 695
958 738
958 769
958 773
958 815
958 839
958 911
958 936
958 940
958 959
958 971
958 975
965 922
965 915
965 997
965 987
965 831
965 774
965 988
965 51
965 477
965 64
965 115
965 182
965 245
965 267
965 404
965 489
965 538
965 574
965 583
965 591
965 607
965 623
965 645
965 680
965 709
965 739
965 761
965 794
965 805
965 808
965 821
965 887
965 976
967 838
967 989
967 10
967 43
967 195
967 196
967 346
967 380
967 381
967 410
967 537
967 576
967 681
967 700
967 744
967 826
967 827
967 829
967 830
967 835
967 865
967 881
967 887
967 893
967 906
967 926
967 927
967 941
967 946
967 957
967 972
967 988
967 991
967 997
967 999
981 954
981 980
981 800
981 848
981 15
981 49
981 55
981 105
981 242
981 262
981 361
981 416
981 463
981 496
981 521
981 567
981 619
981 626
981 658
981 679
981 693
981 723
981 759
981 760
981 779
981 788
981 815
981 822
981 829
981 865
981 906
981 926
981 959
981 977
981 993
981 996
985 994
985 324
985 944
985 772
985 997
985 800
985 931
985 941
985 40
985 73
985 87
985 103
985 166
985 185
985 291
985 313
985 465
985 473
985 485
985 522
985 574
985 615
985 631
985 658
985 677
985 685
985 690
985 705
985 764
985 791
985 834
985 841
985 860
985 905
985 909
985 924
985 927
985 966
985 986
3 369
3 922
3 994
369 24
369 59
369 683
369 920
922 112
922 274
922 409
922 425
922 429
922 570
922 668
922 711
922 758
922 762
922 795
922 796
922 833
922 893
922 973
922 977
922 987
994 83
994 88
994 92
994 118
994 127
994 189
994 211
994 232
994 247
994 323
994 338
994 368
994 385
994 402
994 418
994 457
994 532
994 569
994 584
994 587
994 618
994 663
994 670
994 671
994 695
994 715
994 719
994 766
994 820
994 832
994 863
994 867
994 891
994 905
994 907
994 923
994 927
994 989
994 993
24 722
24 476
24 921
59 952
59 767
59 966
683 921
683 999
683 946
683 728
683 763
683 277
683 745
920 989
920 476
920 35
920 831
920 181
920 187
920 318
920 358
920 404
920 691
920 704
920 797
920 811
920 883
920 924
920 932
920 946
920 959
920 999
112 762
112 796
112 814
274 664
274 632
274 895
409 941
409 856
409 895
409 301
409 373
425 907
425 917
425 795
429 844
429 196
429 570
429 733
570 833
570 320
570 766
668 944
668 596
668 751
668 880
668 785
668 150
668 484
668 710
711 7
711 98
711 251
711 264
711 527
711 601
711 621
758 389
758 952
758 910
758 964
758 448
758 993
758 982
758 914
758 899
762 126
762 234
762 251
762 410
762 640
762 695
762 852
795 944
795 243
795 848
795 986
795 132
795 289
795 643
795 727
795 894
795 940
796 861
796 879
796 186
796 310
796 649
796 833
796 893
833 988
833 788
833 122
833 158
833 380
833 391
833 424
833 742
833 882
833 893
893 992
893 953
893 925
893 948
893 530
893 158
893 162
893 217
893 225
893 391
893 401
893 707
973 952
973 614
973 992
973 749
973 701
973 916
973 970
973 66
973 103
973 245
973 269
973 408
973 412
973 430
973 432
973 513
973 520
973 521
973 549
973 561
973 579
973 643
973 655
973 658
973 675
973 769
973 846
973 852
973 918
973 959
973 971
973 976
977 954
977 980
977 862
977 957
977 806
977 931
977 365
977 987
977 998
977 884
977 280
977 964
977 47
977 72
977 74
977 123
977 163
977 172
977 177
977 197
977 224
977 380
977 391
977 399
977 510
977 529
977 540
977 578
977 585
977 586
977 765
977 767
977 846
977 851
987 781
987 862
987 21
987 878
987 70
987 104
987 111
987 130
987 133
987 164
987 283
987 287
987 297
987 312
987 348
987 419
987 497
987 543
987 568
987 572
987 625
987 655
987 672
987 692
987 707
987 731
987 779
987 830
987 852
987 876
987 887
987 889
987 939
987 964
987 990
987 992
987 993
69 951
69 791
69 969
106 997
106 927
217 520
217 561
225 473
225 840
391 953
401 799
401 262
401 353
478 990
478 975
478 962
478 882
478 906
538 777
538 270
538 592
538 821
672 27
672 89
672 312
672 461
672 754
672 830
672 963
740 831
740 774
740 883
740 993
740 453
740 946
740 728
740 341
740 811
746 502
746 934
746 823
746 999
746 991
746 976
746 180
746 888
750 41
750 28
750 314
750 321
750 560
750 602
750 801
750 847
750 901
750 959
828 921
828 883
828 966
828 986
828 946
828 786
828 820
828 566
828 938
828 704
828 504
828 797
834 403
834 53
834 323
834 580
834 602
834 719
834 813
834 867
834 895
834 905
834 923
834 927
834 969
863 964
863 926
863 350
863 982
863 651
863 840
863 283
863 633
863 573
863 285
863 817
863 923
870 9
870 81
870 243
870 289
870 509
870 530
870 552
870 589
870 624
870 726
870 831
870 894
870 919
870 940
870 986
870 988
879 989
879 495
879 644
879 787
879 975
879 993
879 453
879 108
879 227
879 296
879 536
879 564
879 620
879 665
879 895
879 898
891 722
891 878
891 844
891 362
891 777
891 660
891 281
891 861
891 912
891 136
891 582
891 739
891 794
891 821
940 998
940 887
940 807
940 569
940 894
940 154
940 249
940 268
940 430
940 435
940 507
940 588
940 599
940 627
940 637
940 712
940 721
940 727
940 877
940 919
940 938
943 701
943 988
943 925
943 58
943 73
943 79
943 242
943 317
943 333
943 337
943 407
943 466
943 486
943 503
943 517
943 704
943 757
943 847
943 882
943 895
943 911
943 926
943 969
943 993
83 715
83 725
83 783
88 545
88 999
88 453
92 954
92 387
92 880
118 33
118 779
118 900
127 962
127 240
127 785
189 957
189 953
189 851
211 67
211 402
211 959
232 826
232 584
232 892
247 964
247 702
247 649
247 378
323 853
323 869
338 352
338 517
338 696
368 907
368 603
368 906
368 766
385 19
385 533
385 563
402 998
402 907
402 138
418 50
418 787
418 963
418 970
457 689
457 924
457 213
457 377
457 631
532 908
532 907
532 154
532 895
532 909
569 986
569 148
569 343
569 643
569 919
584 910
584 948
584 671
584 284
584 420
587 798
587 921
587 970
587 932
587 196
587 371
587 797
618 800
618 931
618 907
618 549
618 638
663 779
663 990
663 110
663 149
663 763
670 848
670 832
670 596
670 166
670 638
670 820
670 899
671 897
671 907
671 180
671 549
671 564
695 904
695 986
695 971
695 649
695 959
695 599
715 674
715 832
715 972
715 156
715 378
715 763
719 997
719 963
719 602
719 608
719 813
719 867
719 249
766 832
766 699
766 883
766 907
766 519
766 939
766 820
820 779
820 969
820 741
820 216
820 309
820 321
820 576
820 735
820 769
832 19
832 279
832 505
832 710
832 779
832 844
832 861
832 888
832 898
832 972
867 689
867 883
867 975
867 829
867 754
867 853
867 178
867 608
867 506
867 646
867 694
867 764
867 895
905 908
905 953
905 990
905 963
905 54
905 219
905 250
905 334
905 439
905 523
905 528
905 541
905 543
905 753
905 881
905 975
907 992
907 57
907 416
907 464
907 512
907 572
907 763
907 843
907 959
923 954
923 934
923 447
923 523
923 751
923 872
923 982
923 946
923 424
923 426
923 837
923 892
923 413
923 497
923 839
927 838
927 772
927 997
927 931
927 941
927 910
927 988
927 755
927 999
927 166
927 342
927 441
927 522
927 553
927 677
927 821
927 909
989 7
989 34
989 40
989 52
989 76
989 82
989 131
989 185
989 215
989 228
989 235
989 241
989 252
989 268
989 331
989 355
989 374
989 421
989 460
989 483
989 501
989 620
989 629
989 644
989 665
989 676
989 705
989 712
989 749
989 787
989 826
989 874
989 892
989 898
989 902
989 939
989 948
989 988
989 998
993 781
993 954
993 931
993 878
993 699
993 611
993 468
993 70
993 130
993 132
993 150
993 179
993 220
993 288
993 312
993 328
993 397
993 521
993 543
993 578
993 606
993 625
993 655
993 686
993 690
993 692
993 707
993 720
993 731
993 733
993 830
993 841
993 852
993 939
4 405
4 502
4 838
405 124
405 303
405 633
405 840
502 234
502 726
502 999
838 159
838 413
838 827
838 881
838 899
838 904
838 906
838 914
838 926
838 972
838 999
124 855
124 596
124 818
303 996
303 562
303 657
303 619
633 350
633 962
633 236
633 577
633 892
633 635
840 996
840 972
840 988
840 872
840 924
840 939
840 301
840 492
840 775
840 817
840 892
234 708
234 976
726 595
726 749
726 760
726 889
726 916
726 971
999 980
999 972
999 827
999 346
999 61
999 986
999 65
999 173
999 195
999 196
999 202
999 309
999 314
999 387
999 411
999 434
999 436
999 442
999 449
999 536
999 546
999 561
999 576
999 634
999 641
999 703
999 744
999 805
999 830
999 865
999 873
999 881
999 895
999 898
999 911
999 926
999 946
999 971
159 900
159 801
413 970
413 392
413 982
413 939
827 749
827 972
827 43
827 175
827 449
827 585
827 669
827 880
827 906
827 926
881 826
881 941
881 972
881 966
881 926
881 681
881 307
881 865
881 219
881 380
881 650
881 738
881 817
899 934
899 997
899 910
899 955
899 567
899 982
899 348
899 939
899 914
899 366
899 730
899 506
899 600
899 721
899 738
904 997
904 19
904 137
904 187
904 257
904 295
904 321
904 329
904 412
904 444
904 544
904 551
904 557
904 783
904 836
904 852
904 873
904 971
906 826
906 931
906 972
906 685
906 678
906 912
906 208
906 216
906 252
906 309
906 703
906 744
906 784
914 934
914 406
914 902
914 910
914 990
914 685
914 955
914 297
914 239
914 347
914 582
914 631
914 640
914 656
914 821
914 888
926 826
926 951
926 972
926 65
926 167
926 281
926 371
926 387
926 411
926 580
926 837
926 847
926 880
972 826
972 941
972 952
972 41
972 689
972 80
972 167
972 199
972 265
972 380
972 434
972 449
972 546
972 573
972 576
972 652
972 660
972 680
972 681
972 703
972 767
972 793
972 865
972 939
972 966
972 988
50 38
50 970
138 966
138 785
152 778
152 595
152 813
251 998
251 815
290 992
290 742
290 598
496 293
496 640
496 843
560 915
560 948
560 808
560 761
560 873
613 7
613 506
613 666
613 675
613 761
613 846
613 912
659 545
659 777
659 675
659 250
659 527
659 938
785 335
785 621
785 982
785 174
785 390
785 497
785 506
785 640
835 954
835 980
835 897
835 963
835 535
835 673
835 852
835 548
835 333
835 347
835 579
835 600
835 646
848 13
848 467
848 484
848 626
848 691
848 693
848 759
848 794
848 825
848 952
848 996
966 954
966 389
966 951
966 963
966 970
966 790
966 75
966 84
966 210
966 241
966 309
966 407
966 421
966 462
966 558
966 563
966 647
966 694
966 745
966 791
966 822
966 861
966 917
966 919
966 938
976 700
976 823
976 494
976 550
976 539
976 854
976 955
976 684
976 783
976 948
976 880
976 991
976 95
976 173
976 190
976 198
976 278
976 367
976 386
976 493
976 565
976 583
976 648
976 720
976 721
976 760
976 814
976 821
976 877
976 888
976 982
5 324
5 781
5 913
324 533
324 545
324 941
781 213
781 464
781 731
781 876
781 970
781 998
913 183
913 206
913 261
913 399
913 529
913 590
913 603
913 656
913 657
913 677
913 696
913 799
913 869
913 912
913 915
913 916
913 986
533 997
533 969
533 687
533 207
545 15
545 615
545 735
545 912
941 772
941 997
941 16
941 26
941 62
941 162
941 266
941 307
941 375
941 435
941 436
941 514
941 624
941 873
941 909
941 953
213 815
213 692
464 284
464 328
464 623
731 878
731 799
731 598
731 417
731 553
731 720
876 952
876 28
876 132
876 220
876 600
876 624
876 686
876 692
876 720
876 801
876 830
876 831
876 900
876 982
970 826
970 951
970 774
970 925
970 963
970 119
970 190
970 249
970 255
970 259
970 261
970 293
970 421
970 426
970 473
970 485
970 523
970 554
970 563
970 576
970 620
970 694
970 741
970 767
970 790
970 791
970 792
970 810
970 900
970 936
970 938
998 957
998 365
998 722
998 22
998 47
998 72
998 74
998 104
998 109
998 123
998 132
998 163
998 172
998 177
998 184
998 203
998 353
998 390
998 399
998 479
998 480
998 510
998 529
998 546
998 578
998 583
998 585
998 586
998 594
998 656
998 679
998 739
998 754
998 783
998 851
998 857
998 860
998 964
183 779
183 755
183 869
206 996
206 777
206 737
261 925
261 747
261 938
399 841
399 771
529 957
529 387
529 982
529 275
590 917
590 991
590 107
590 610
590 919
603 855
603 78
603 129
603 256
603 936
603 946
656 771
656 288
656 631
656 738
657 722
657 912
657 240
657 592
657 439
657 822
677 915
677 997
677 877
677 732
677 710
677 744
696 806
696 897
696 433
696 630
696 646
696 822
799 980
799 992
799 55
799 298
799 525
799 588
799 807
799 837
799 969
869 988
869 982
869 107
869 222
869 223
869 266
869 384
869 484
869 507
869 559
869 669
869 737
869 822
869 936
912 997
912 916
912 962
912 861
912 110
912 384
912 667
912 690
912 737
912 822
912 936
912 939
912 959
915 10
915 474
915 582
915 662
915 667
915 722
915 727
915 747
915 777
915 791
915 794
915 801
915 808
915 821
915 919
916 952
916 910
916 44
916 49
916 180
916 341
916 442
916 520
916 597
916 769
916 851
916 857
916 873
916 918
916 959
916 971
986 997
986 243
986 264
986 910
986 617
986 61
986 133
986 151
986 154
986 188
986 249
986 277
986 289
986 318
986 320
986 321
986 512
986 528
986 552
986 588
986 589
986 600
986 637
986 643
986 702
986 709
986 727
986 783
986 810
986 813
986 894
986 900
986 919
194 806
194 438
194 522
207 629
207 712
259 921
259 855
259 741
360 78
360 450
360 592
360 641
377 953
377 924
377 608
384 898
439 453
439 316
439 962
453 919
468 980
468 992
468 32
492 925
492 982
492 371
572 162
572 568
572 692
592 141
592 375
592 847
592 936
630 855
630 990
630 955
630 962
753 315
753 953
753 990
753 898
753 744
806 980
806 15
806 165
806 792
806 855
806 872
806 936
806 996
814 823
814 854
814 684
814 805
814 991
814 473
814 598
814 761
814 877
814 888
822 957
822 855
822 963
822 824
822 747
822 936
822 737
822 627
824 980
824 992
824 193
824 969
824 86
824 209
824 519
824 675
824 682
824 716
824 803
824 841
824 860
855 30
855 110
855 598
855 703
855 936
855 959
855 988
855 990
877 700
877 823
877 988
877 918
877 917
877 948
877 991
877 641
877 836
877 160
877 254
877 554
877 770
877 794
888 957
888 778
888 992
888 854
888 542
888 702
888 991
888 682
888 573
888 337
888 554
888 716
931 997
931 16
931 54
931 56
931 291
931 433
931 485
931 615
931 624
931 705
931 805
931 892
931 909
931 948
931 991
936 952
936 953
936 990
936 327
936 991
936 982
936 860
936 169
936 444
936 493
936 511
936 647
936 803
944 6
944 82
944 114
944 143
944 280
944 437
944 467
944 509
944 596
944 606
944 710
944 754
944 807
944 880
944 884
944 887
944 924
944 954
944 964
944 991
944 996
954 6
954 36
954 265
954 273
954 280
954 295
954 300
954 463
954 479
954 484
954 582
954 606
954 626
954 640
954 710
954 720
954 862
954 880
954 887
954 982
962 415
962 908
962 708
962 951
962 902
962 953
962 990
962 963
962 975
962 702
962 567
962 95
962 417
962 431
962 466
962 487
962 534
962 548
962 574
962 597
962 728
962 797
962 808
962 818
6 674
6 980
674 270
674 430
674 604
674 823
980 55
980 115
980 149
980 171
980 263
980 272
980 298
980 396
980 480
980 515
980 536
980 562
980 601
980 609
980 713
980 770
980 779
980 793
980 860
980 901
980 911
980 919
980 939
980 952
980 969
980 988
980 990
980 992
270 89
270 103
270 748
430 948
430 748
604 470
604 629
604 72
604 277
604 487
823 11
823 37
823 104
823 636
823 742
823 948
823 951
823 991
82 99
82 754
143 523
143 845
280 36
280 808
437 951
437 925
437 767
437 347
467 825
467 992
467 723
467 466
509 790
509 589
509 754
509 666
596 71
596 543
596 880
606 793
606 887
606 565
606 645
710 887
710 544
710 469
710 210
710 300
754 887
754 300
754 861
754 938
807 798
807 951
807 969
807 383
807 872
807 116
807 136
807 272
807 607
807 609
880 997
880 908
880 479
880 887
880 278
880 636
880 640
880 898
884 60
884 32
884 71
884 163
884 168
884 321
884 434
884 444
884 490
884 504
884 539
884 549
884 765
884 780
884 836
887 76
887 128
887 231
887 265
887 273
887 484
887 566
887 574
924 908
924 535
924 853
924 178
924 128
924 139
924 145
924 246
924 263
924 443
924 608
924 664
924 732
924 813
924 959
964 878
964 856
964 39
964 122
964 161
964 197
964 210
964 214
964 238
964 241
964 246
964 350
964 450
964 456
964 481
964 635
964 642
964 725
964 783
964 803
964 841
991 700
991 997
991 996
991 93
991 611
991 614
991 550
991 403
991 925
991 684
991 542
991 969
991 99
991 948
991 123
991 160
991 164
991 182
991 256
991 314
991 367
991 481
991 554
991 565
991 581
991 583
991 594
991 716
991 721
991 752
991 780
991 817
991 847
996 800
996 825
996 20
996 718
996 31
996 96
996 100
996 105
996 146
996 169
996 242
996 306
996 400
996 416
996 463
996 489
996 541
996 616
996 619
996 647
996 658
996 679
996 693
996 723
996 725
996 732
996 751
996 759
996 760
996 767
996 773
996 792
996 829
996 900
996 909
996 982
996 988
36 376
36 902
265 108
273 798
273 327
295 810
295 182
295 412
300 805
300 275
463 788
463 61
463 398
479 68
479 861
582 777
582 805
582 971
626 749
626 760
626 763
626 361
626 797
640 651
720 878
720 830
720 909
720 500
862 8
862 170
862 330
862 436
862 581
862 645
862 669
862 691
862 751
862 910
862 948
862 955
982 997
982 494
982 901
982 550
982 488
982 447
982 872
982 101
982 177
982 331
982 332
982 340
982 388
982 472
982 480
982 619
982 709
982 770
982 786
982 797
982 818
982 892
982 932
982 939
55 313
115 209
115 714
149 165
149 836
171 992
171 786
171 760
263 853
263 256
263 440
272 860
272 932
272 737
298 952
298 540
298 548
396 997
396 992
396 969
396 186
480 957
480 851
515 992
515 540
515 836
515 938
515 483
515 770
536 918
536 791
536 898
562 32
562 117
562 793
562 845
601 58
601 246
601 841
609 844
609 793
609 652
609 775
713 141
713 345
713 423
713 628
713 793
713 938
713 992
770 952
770 992
770 856
770 889
770 969
770 793
770 860
779 48
779 763
779 873
793 992
793 969
793 76
793 594
793 818
793 894
860 526
860 767
860 969
860 948
860 116
860 450
860 634
901 957
901 28
901 39
901 267
901 328
901 498
901 535
901 649
901 650
901 678
901 742
901 760
901 801
901 847
901 900
901 971
901 990
911 316
911 123
911 131
911 236
911 268
911 275
911 294
911 454
911 517
911 666
911 703
911 757
911 843
911 882
919 535
919 791
919 589
919 971
919 637
919 227
919 507
919 552
919 588
919 627
939 854
939 917
939 845
939 841
939 651
939 145
939 472
939 709
939 817
939 837
939 892
939 959
952 103
952 158
952 180
952 245
952 322
952 374
952 392
952 520
952 556
952 579
952 651
952 749
952 815
952 846
952 857
952 918
969 992
969 117
969 121
969 141
969 192
969 237
969 293
969 305
969 307
969 367
969 469
969 537
969 540
969 556
969 599
969 634
969 652
969 681
969 759
969 852
969 857
969 971
988 831
988 47
988 53
988 58
988 79
988 98
988 131
988 153
988 236
988 275
988 306
988 316
988 317
988 337
988 379
988 407
988 460
988 486
988 503
988 504
988 517
988 622
988 666
988 737
988 801
988 882
988 948
990 415
990 798
990 908
990 951
990 376
990 787
990 953
990 48
990 111
990 151
990 161
990 187
990 204
990 229
990 248
990 250
990 394
990 528
990 534
990 567
990 574
990 576
990 597
990 605
990 702
990 732
990 857
990 971
990 975
992 29
992 73
992 121
992 144
992 146
992 148
992 239
992 269
992 307
992 345
992 426
992 450
992 486
992 554
992 556
992 598
992 634
992 652
992 676
992 680
992 692
992 755
992 788
992 837
506 787
666 882
666 158
666 445
666 500
675 787
675 621
675 780
675 214
675 527
761 722
761 662
761 667
761 289
761 811
761 821
846 997
846 953
846 725
846 971
846 815
846 959
846 521
846 349
846 578
846 579
98 872
264 33
264 388
527 673
527 628
621 46
621 126
621 433
621 898
621 963
109 955
109 841
156 810
288 662
288 202
341 803
341 959
342 485
342 594
344 755
344 894
344 420
344 501
351 443
351 648
375 691
375 730
432 287
432 291
432 370
432 769
448 41
448 847
448 900
448 932
488 47
488 682
488 872
581 714
581 780
581 771
581 407
662 955
662 673
662 176
662 332
669 831
669 902
669 237
669 367
669 460
730 831
730 667
730 366
730 306
730 594
730 873
738 910
738 955
738 783
738 686
738 493
784 934
784 910
784 955
784 586
784 853
784 728
784 771
784 252
784 330
873 957
873 708
873 755
873 684
873 810
873 852
873 646
873 456
873 461
873 481
873 600
889 878
889 35
889 525
889 589
889 605
889 635
889 845
889 963
902 934
902 58
902 147
902 366
902 373
902 691
902 709
902 894
902 910
902 955
910 934
910 826
910 406
910 38
910 43
910 163
910 177
910 723
910 727
910 963
934 9
934 111
934 239
934 292
934 474
934 594
934 636
934 691
934 811
934 825
934 856
934 857
934 872
934 894
934 938
34 355
34 406
40 787
40 897
52 172
185 505
185 732
215 629
215 318
215 364
228 898
228 283
228 830
235 14
241 665
252 874
268 808
331 854
331 195
355 311
355 622
355 787
374 90
374 260
374 815
421 692
421 557
460 921
460 811
483 551
483 712
501 423
501 404
501 591
501 843
620 957
620 955
620 917
620 874
629 62
629 673
629 874
629 955
644 26
644 712
644 721
644 723
644 757
644 821
665 953
665 898
665 420
665 579
665 811
676 800
676 335
676 874
676 818
676 285
676 358
705 803
705 275
705 433
705 769
705 909
712 997
712 908
712 790
749 33
749 689
749 959
749 971
787 221
787 296
787 898
826 15
826 208
826 411
826 417
826 865
874 335
874 774
874 91
874 108
874 285
874 693
874 709
874 851
874 898
874 946
892 957
892 825
892 494
892 845
892 424
892 372
892 709
892 775
892 794
892 847
898 946
898 129
898 227
898 233
898 619
898 667
948 854
948 725
948 91
948 164
948 256
948 301
948 500
948 565
948 641
948 716
948 721
948 752
625 681
625 664
625 628
625 543
689 718
689 33
689 565
689 580
689 745
825 800
825 14
825 32
825 56
825 219
825 350
825 539
825 658
825 839
853 685
853 743
853 89
853 692
853 764
895 611
895 856
895 477
895 514
895 517
895 597
895 607
895 775
482 735
482 623
512 508
512 441
512 610
595 470
595 176
595 765
617 45
617 302
617 310
617 660
617 841
655 84
655 733
655 839
721 752
721 841
721 648
721 554
764 778
764 844
764 732
764 837
764 555
764 231
764 238
764 301
170 955
170 434
330 728
330 771
436 997
436 909
645 883
645 946
645 932
645 938
645 322
691 406
691 157
691 328
691 909
751 788
751 78
751 105
751 658
751 679
751 693
955 63
955 495
955 755
955 129
955 144
955 178
955 190
955 237
955 325
955 522
955 694
955 741
955 748
955 763
955 771
10 526
17 63
17 365
17 471
81 759
81 829
140 443
140 608
145 786
325 423
325 616
373 580
373 500
443 370
444 743
444 577
449 440
449 497
504 714
504 836
526 627
526 851
616 714
616 742
616 808
616 748
748 921
748 971
771 997
771 308
771 975
771 179
771 498
946 921
946 951
946 831
946 883
946 142
946 128
946 417
946 435
946 454
946 546
946 566
946 801
946 810
946 811
946 932
975 798
975 908
975 406
975 376
975 953
975 313
975 918
975 70
975 80
975 94
975 102
975 126
975 176
975 184
975 248
975 381
975 417
975 442
975 455
975 487
975 528
975 610
975 641
975 702
975 780
975 815
975 959
997 11
997 26
997 162
997 226
997 313
997 383
997 394
997 404
997 422
997 433
997 537
997 540
997 553
997 571
997 615
997 624
997 631
997 685
997 732
997 765
997 909
997 951
997 957
9 389
9 470
389 605
470 469
470 815
605 815
605 285
605 525
469 136
469 254
469 450
815 918
815 971
815 181
815 959
243 12
243 494
289 332
530 918
530 133
530 320
530 598
530 647
552 611
552 872
552 737
552 431
589 70
589 117
589 507
624 894
624 304
624 485
831 921
831 35
831 102
831 358
831 435
831 704
894 957
894 872
894 260
894 151
894 192
894 378
894 599
894 627
894 637
894 643
239 737
239 636
292 856
292 813
474 963
474 805
474 747
594 495
594 803
636 223
811 921
811 757
811 632
811 454
856 30
856 142
856 201
856 440
856 622
856 773
856 813
857 971
857 882
857 959
857 334
857 503
857 513
857 524
857 627
857 769
872 788
872 917
872 222
872 312
872 559
872 651
872 837
872 909
938 951
938 963
938 477
938 790
938 917
938 678
938 792
938 861
938 682
938 378
938 269
938 462
938 558
938 680
627 773
627 727
851 772
851 957
851 586
851 154
851 173
851 353
851 388
851 510
851 559
667 971
667 222
667 739
722 20
722 227
722 489
722 794
727 343
727 277
727 709
727 909
747 315
747 844
747 897
747 99
747 577
747 808
747 821
777 908
777 883
777 64
777 200
777 519
777 745
791 951
791 790
791 208
794 805
794 555
794 354
801 900
801 742
801 773
801 165
801 775
808 415
808 477
808 971
808 404
808 638
821 660
821 472
821 932
821 561
43 953
346 44
346 229
346 900
381 245
410 700
410 652
410 641
410 716
537 841
537 732
576 462
576 703
681 86
681 716
700 11
700 198
700 788
700 963
744 660
744 561
744 329
744 703
829 800
829 723
829 96
829 126
829 284
829 400
829 571
829 573
829 716
829 760
830 718
830 786
830 297
830 579
830 635
830 733
865 664
865 397
865 173
865 309
865 511
865 546
865 561
957 12
957 22
957 64
957 72
957 174
957 203
957 390
957 440
957 510
957 578
957 585
957 586
957 703
957 959
11 772
772 45
772 420
772 571
772 878
772 909
772 921
198 567
788 56
788 100
788 513
788 679
788 759
788 837
963 951
963 774
963 925
963 49
963 75
963 269
963 293
963 361
963 508
963 557
963 634
963 647
963 694
963 767
963 790
963 792
963 959
45 883
420 623
571 723
571 767
571 739
571 690
878 21
878 160
878 179
878 390
878 607
878 611
878 707
878 728
909 743
909 682
909 551
909 522
909 287
909 564
921 26
921 246
921 522
921 553
921 591
921 632
921 763
921 854
921 883
921 932
37 550
37 701
742 900
742 148
742 371
951 495
951 30
951 190
951 423
951 440
951 588
951 745
951 767
951 792
951 861
951 897
951 925
226 778
226 577
226 455
313 615
383 475
383 73
383 490
394 278
394 333
394 431
422 95
422 843
433 803
540 135
540 634
553 932
553 510
553 631
615 792
615 707
631 473
685 54
685 175
732 473
732 690
732 852
765 392
765 649
765 836
765 199
765 364
765 416
765 490
765 797
12 315
315 465
315 558
494 27
494 651
465 150
558 556
558 745
221 813
400 718
431 607
64 308
174 523
203 652
203 673
510 438
510 520
578 759
578 585
578 454
585 110
585 446
585 643
586 362
586 87
703 847
703 839
959 614
959 767
959 918
959 971
959 345
959 349
959 370
959 388
959 408
959 524
13 415
13 800
415 191
800 435
800 619
800 854
191 96
435 883
619 550
619 837
854 60
854 66
854 91
854 95
854 155
854 678
854 752
854 917
693 743
693 262
693 525
759 718
759 918
759 716
759 817
93 475
93 23
209 810
322 805
322 441
423 475
441 648
476 107
476 728
487 953
487 845
508 63
508 507
508 524
543 707
557 971
557 773
557 745
778 25
778 46
778 166
778 230
778 544
778 642
953 365
953 908
953 48
953 78
953 102
953 137
953 201
953 204
953 417
953 541
953 610
953 686
953 690
14 308
308 495
308 565
495 23
565 597
56 743
219 760
350 67
539 60
539 591
539 836
658 760
658 334
658 456
839 925
839 917
839 845
839 818
839 472
839 704
839 775
839 817
144 223
257 471
257 426
257 279
419 408
419 525
638 817
638 745
650 900
650 773
650 233
650 371
650 847
769 908
769 883
769 971
769 505
774 614
774 44
774 202
774 767
774 925
735 546
165 652
792 925
792 91
792 117
792 279
792 680
792 694
208 925
411 564
49 723
242 757
262 718
262 119
361 723
361 837
416 428
521 266
567 94
567 588
679 602
679 687
679 455
723 75
723 340
760 908
760 498
16 475
16 798
798 160
798 181
798 454
798 564
798 739
798 797
181 786
454 520
564 932
739 805
739 281
739 687
739 583
739 599
797 728
797 932
54 147
291 608
485 493
805 90
805 623
266 971
307 134
514 580
514 687
514 664
514 407
63 541
365 790
471 347
471 398
471 897
541 438
790 57
790 246
790 414
790 534
347 682
897 708
897 164
897 446
897 461
897 498
897 544
897 600
897 752
897 755
897 843
141 424
345 100
628 810
628 254
628 461
628 548
971 97
971 113
971 684
971 918
971 917
971 725
971 153
971 334
971 513
971 524
971 549
971 599
392 66
392 121
520 918
556 737
556 372
579 649
579 354
651 113
651 917
651 555
918 614
918 447
918 68
918 269
918 370
918 379
918 678
563 349
563 461
279 699
279 294
505 216
844 28
844 134
844 312
844 354
844 528
844 607
844 660
844 687
861 925
861 101
861 202
861 364
861 608
861 647
137 728
137 741
187 168
329 311
329 446
412 682
544 708
544 87
544 135
551 699
551 175
551 233
783 755
783 229
783 333
783 646
783 682
783 852
836 743
836 714
836 442
836 680
836 780
836 882
852 414
852 233
852 597
852 600
852 843
519 134
519 446
519 591
534 908
534 486
607 591
694 900
694 647
20 718
718 107
718 733
733 611
733 673
733 686
733 763
733 287
733 296
489 660
489 843
119 466
248 542
248 583
250 813
302 728
442 908
528 642
574 908
574 317
597 406
610 908
610 522
643 249
702 172
702 79
708 23
708 741
708 757
908 21
908 555
96 168
100 281
146 426
169 472
306 752
647 354
725 184
725 238
725 841
773 900
773 148
773 314
773 445
773 775
900 147
900 294
900 428
900 455
900 847
21 41
611 27
611 664
707 561
707 230
707 328
707 847
728 932
555 813
555 803
555 230
130 614
133 348
283 709
297 150
348 255
497 837
497 622
568 690
568 634
692 364
692 503
517 757
775 917
775 686
775 622
775 634
786 917
786 197
786 332
786 559
786 622
817 542
817 818
837 917
837 845
837 222
837 704
917 74
917 352
917 513
917 573
917 709
917 845
74 602
353 224
546 637
583 550
583 684
23 699
699 102
699 254
699 366
699 741
699 845
254 810
366 267
741 646
741 810
741 843
845 75
845 340
845 635
845 818
757 701
757 151
757 882
591 925
591 588
632 743
632 370
632 456
632 704
763 818
883 428
883 602
883 608
883 932
932 477
932 193
932 525
932 566
932 690
932 704
932 843
25 311
311 294
294 337
46 403
230 507
642 157
642 224
231 737
445 678
445 847
27 614
664 139
602 200
847 267
847 428
134 39
354 535
660 99
660 238
687 281
687 101
687 378
687 623
220 79
600 542
686 155
686 186
686 305
498 646
498 843
535 61
535 260
649 116
649 349
678 84
678 428
29 60
327 77
327 493
623 882
426 652
450 503
486 882
486 559
554 434
598 192
652 86
680 925
680 745
755 53
755 229
755 414
755 843
142 51
142 397
201 818
622 573
813 349
813 566
588 320
925 403
925 48
925 167
925 210
925 387
925 462
925 818
71 77
71 359
168 682
490 743
780 743
780 155
780 714
780 333
780 577
580 86
580 200
580 379
372 310
35 335
358 646
704 318
635 438
318 599
376 841
701 362
701 386
362 53
362 343
386 690
38 97
641 752
641 136
65 684
122 260
161 139
214 818
456 414
456 843
803 205
446 673
752 108
752 199
843 673
843 507
843 548
87 673
167 236
199 743
573 424
573 256
175 810
204 205
44 113
310 193
305 343
305 559
224 472
153 397
153 882
316 94
316 882
317 255
379 882
379 407
737 223
882 743
882 648
462 414
818 524
818 559
340 293
255 359
255 101
523 67
810 447
810 548
51 447
51 477
447 332
343 188
414 188
466 577
66 155
260 599
320 139
637 192
637 200
714 216
714 455
714 577
178 116
684 648
648 408
408 278
67 542
68 193
367 301
455 359
77 157
359 364
359 716
352 511
135 186
205 577
511 424
