0 420
0 444
0 770
0 896
420 444
420 624
420 770
420 835
420 896
444 631
444 665
444 835
444 896
770 110
770 131
770 171
770 236
770 279
770 454
770 465
770 549
770 631
770 665
770 896
896 7
896 107
896 110
896 131
896 171
896 216
896 224
896 236
896 279
896 286
896 454
896 455
896 465
896 549
896 624
896 631
896 665
896 835
624 631
624 665
624 171
624 216
624 279
624 286
624 465
835 110
835 549
835 631
835 107
835 665
835 131
835 171
835 224
835 279
835 286
835 454
835 455
835 465
631 7
631 131
631 454
631 455
665 107
665 224
665 236
665 455
110 7
236 465
279 454
454 216
465 455
549 7
549 107
549 286
549 455
216 286
1 777
1 936
1 942
1 943
777 52
777 83
777 342
777 490
777 689
777 766
777 807
777 813
777 825
777 887
777 936
777 942
777 943
936 33
936 52
936 83
936 119
936 165
936 199
936 229
936 238
936 342
936 364
936 489
936 490
936 515
936 564
936 567
936 646
936 689
936 766
936 793
936 807
936 813
936 825
936 887
936 942
936 943
942 33
942 34
942 39
942 48
942 52
942 83
942 165
942 191
942 217
942 238
942 342
942 364
942 489
942 490
942 515
942 567
942 646
942 689
942 766
942 793
942 807
942 813
942 825
942 887
942 943
943 33
943 38
943 52
943 119
943 165
943 191
943 199
943 217
943 229
943 238
943 342
943 364
943 489
943 490
943 515
943 564
943 567
943 646
943 689
943 766
943 793
943 807
943 813
943 825
943 887
83 793
342 813
490 825
490 807
490 813
689 887
689 825
689 766
689 807
689 793
689 567
766 887
766 825
766 39
766 364
766 515
766 793
766 807
766 813
807 887
807 489
807 825
807 39
807 217
807 646
807 793
807 813
813 887
813 825
813 564
813 39
813 48
813 364
813 646
825 887
825 34
825 38
825 48
825 564
825 646
825 793
887 33
887 34
887 38
887 119
887 191
887 229
887 238
887 489
887 515
887 564
887 567
887 646
119 229
165 793
199 515
199 646
489 34
489 515
564 38
564 793
567 793
567 646
793 48
793 191
793 217
2 996
2 997
2 998
2 999
996 14
996 25
996 63
996 93
996 106
996 115
996 129
996 130
996 145
996 177
996 222
996 267
996 270
996 293
996 302
996 373
996 402
996 456
996 458
996 472
996 507
996 535
996 536
996 587
996 628
996 641
996 644
996 656
996 657
996 681
996 685
996 699
996 808
996 873
996 888
996 890
996 905
996 909
996 911
996 919
996 953
996 974
996 988
996 992
996 993
996 997
996 998
996 999
997 14
997 25
997 63
997 93
997 106
997 115
997 129
997 130
997 145
997 177
997 222
997 267
997 270
997 293
997 302
997 373
997 402
997 456
997 458
997 472
997 507
997 535
997 536
997 587
997 628
997 641
997 644
997 656
997 657
997 681
997 685
997 699
997 808
997 873
997 888
997 890
997 905
997 909
997 911
997 919
997 953
997 974
997 988
997 992
997 993
997 998
997 999
998 14
998 25
998 63
998 93
998 106
998 115
998 129
998 130
998 145
998 177
998 222
998 267
998 270
998 293
998 302
998 373
998 402
998 456
998 458
998 472
998 507
998 535
998 536
998 587
998 628
998 641
998 644
998 656
998 657
998 681
998 685
998 699
998 808
998 873
998 888
998 890
998 905
998 909
998 911
998 919
998 953
998 974
998 988
998 992
998 993
998 999
999 14
999 25
999 63
999 93
999 106
999 115
999 129
999 130
999 145
999 177
999 222
999 267
999 270
999 293
999 302
999 373
999 402
999 456
999 458
999 472
999 507
999 535
999 536
999 587
999 628
999 641
999 644
999 656
999 657
999 681
999 685
999 699
999 808
999 873
999 888
999 890
999 905
999 909
999 911
999 919
999 953
999 974
999 988
999 992
999 993
267 332
270 993
293 993
302 993
373 993
402 993
402 992
456 993
456 992
458 993
458 992
472 993
472 992
507 993
507 992
507 988
535 993
535 992
535 988
536 993
536 992
536 988
587 993
587 992
587 988
587 974
628 993
628 992
628 988
628 974
628 953
641 993
641 992
641 988
641 974
641 953
644 993
644 992
644 988
644 974
644 953
656 993
656 992
656 988
656 974
656 953
657 993
657 992
657 988
657 974
657 953
681 993
681 992
681 988
681 974
681 953
681 919
685 993
685 992
685 988
685 974
685 953
685 919
699 993
699 992
699 988
699 974
699 953
699 919
808 993
808 992
808 988
808 974
808 953
808 919
808 888
808 890
808 905
808 909
808 911
873 993
873 992
873 988
873 974
873 953
873 919
873 888
873 890
873 905
873 909
873 911
888 993
888 992
888 988
888 974
888 953
888 919
888 890
888 905
888 909
888 911
890 993
890 992
890 988
890 974
890 953
890 919
890 905
890 909
890 911
905 993
905 992
905 988
905 974
905 953
905 919
905 909
905 911
909 993
909 992
909 988
909 974
909 953
909 919
909 911
911 993
911 992
911 988
911 974
911 953
911 919
919 993
919 992
919 988
919 974
919 953
953 993
953 992
953 988
953 974
974 993
974 992
974 988
988 993
988 992
992 993
3 781
3 915
3 916
3 922
781 723
781 754
781 809
781 901
781 913
781 923
781 946
781 956
781 967
781 972
781 980
781 985
915 12
915 112
915 121
915 181
915 231
915 294
915 296
915 326
915 349
915 405
915 499
915 560
915 579
915 599
915 612
915 643
915 659
915 690
915 767
915 817
915 823
915 870
915 916
915 922
916 12
916 91
916 112
916 121
916 231
916 294
916 296
916 326
916 349
916 405
916 499
916 560
916 579
916 599
916 612
916 643
916 659
916 690
916 767
916 817
916 823
916 870
916 922
922 12
922 91
922 112
922 121
922 181
922 231
922 294
922 296
922 326
922 349
922 405
922 499
922 560
922 579
922 599
922 612
922 643
922 659
922 690
922 767
922 817
922 823
922 870
723 946
723 956
723 980
723 985
723 923
723 972
723 967
723 913
723 901
723 809
754 946
754 956
754 980
754 985
754 923
754 972
754 967
754 913
754 901
754 809
809 946
809 956
809 980
809 985
809 923
809 972
809 967
809 913
809 901
809 673
901 946
901 956
901 980
901 985
901 923
901 972
901 967
901 913
901 227
901 655
901 673
913 946
913 956
913 980
913 985
913 923
913 972
913 967
913 192
913 283
913 400
913 462
913 469
913 502
913 524
913 583
913 585
913 590
913 609
913 655
913 673
923 946
923 956
923 980
923 985
923 37
923 70
923 84
923 125
923 333
923 462
923 473
923 502
923 583
923 585
923 590
923 609
923 655
923 673
923 967
923 972
946 16
946 71
946 118
946 218
946 283
946 383
946 390
946 400
946 469
946 502
946 524
946 583
946 585
946 590
946 609
946 655
946 673
946 956
946 967
946 972
946 980
946 985
956 16
956 70
956 71
956 190
956 218
956 255
956 288
956 333
956 390
956 462
956 473
956 502
956 524
956 583
956 585
956 590
956 609
956 655
956 673
956 967
956 972
956 980
956 985
967 980
967 985
967 972
967 70
967 84
967 118
967 137
967 192
967 232
967 255
967 283
967 288
967 333
967 383
967 390
967 400
967 469
967 473
967 502
967 524
967 583
967 585
967 590
967 609
967 655
967 673
972 980
972 985
972 37
972 71
972 125
972 137
972 190
972 192
972 227
972 232
972 255
972 288
972 333
972 383
972 390
972 400
972 462
972 469
972 473
972 524
972 583
972 585
972 590
972 609
972 655
972 673
980 16
980 37
980 71
980 84
980 118
980 125
980 137
980 190
980 218
980 227
980 232
980 255
980 283
980 288
980 383
980 390
980 400
980 462
980 469
980 473
980 502
980 524
980 583
980 585
980 590
980 609
980 655
980 673
980 985
985 16
985 37
985 70
985 84
985 118
985 125
985 137
985 190
985 192
985 218
985 227
985 232
985 255
985 283
985 288
985 333
985 383
985 390
985 400
985 462
985 469
985 473
985 502
985 524
985 583
985 585
985 590
985 609
985 655
985 673
12 659
112 870
121 823
181 870
181 817
231 870
294 870
294 817
296 870
296 823
326 817
326 579
349 823
349 690
405 870
405 823
405 767
499 643
499 870
499 823
499 817
560 870
560 823
560 817
560 767
579 659
579 870
579 817
579 767
599 659
599 643
599 870
599 817
599 767
612 870
612 823
612 817
612 690
612 767
643 91
643 767
643 823
643 870
659 690
659 817
659 823
690 870
690 823
690 817
690 767
767 870
767 823
767 817
817 870
817 823
823 870
870 91
4 393
4 647
4 877
4 949
393 309
393 380
393 647
393 859
393 955
647 382
647 504
647 859
647 877
647 893
647 949
647 955
877 167
877 200
877 237
877 261
877 300
877 309
877 380
877 448
877 481
877 521
877 613
877 636
877 789
877 824
877 859
877 893
877 949
877 955
949 21
949 167
949 200
949 237
949 246
949 253
949 261
949 264
949 309
949 316
949 344
949 380
949 382
949 389
949 432
949 440
949 448
949 481
949 504
949 521
949 613
949 636
949 789
949 824
949 859
949 893
949 955
309 893
309 955
380 893
380 955
859 21
859 264
859 300
859 316
859 389
859 440
859 448
859 481
859 504
859 521
859 613
859 636
859 824
859 893
859 955
955 21
955 893
955 200
955 237
955 246
955 250
955 253
955 261
955 264
955 300
955 301
955 316
955 344
955 382
955 389
955 432
955 440
955 448
955 481
955 521
955 613
955 636
955 789
955 824
382 893
382 237
504 893
504 789
504 250
504 521
893 21
893 253
893 261
893 264
893 301
893 344
893 389
893 432
893 440
893 521
893 636
893 789
893 824
167 246
167 824
200 824
261 789
300 824
300 432
448 824
448 789
481 824
481 636
521 613
613 824
613 789
613 432
636 824
636 789
636 344
789 246
789 253
789 301
789 316
789 344
824 253
824 301
824 389
824 440
264 432
316 250
440 301
5 506
5 761
5 854
5 886
506 392
506 425
506 632
506 640
506 761
506 886
761 67
761 73
761 197
761 207
761 538
761 551
761 565
761 582
761 632
761 854
761 886
854 67
854 160
854 207
854 395
854 401
854 417
854 461
854 519
854 538
854 543
854 546
854 551
854 640
854 663
854 698
854 822
886 73
886 160
886 201
886 228
886 249
886 278
886 332
886 401
886 407
886 417
886 425
886 513
886 543
886 546
886 565
886 582
886 698
886 822
392 278
392 538
392 543
392 463
392 822
425 407
425 543
425 822
425 632
632 663
632 407
632 698
632 395
632 822
632 551
640 546
640 332
640 768
640 698
640 249
640 565
640 822
67 278
67 519
73 228
73 461
197 663
197 332
197 538
207 543
207 768
538 244
538 519
538 822
551 698
551 395
551 822
551 401
565 663
565 519
565 543
565 768
582 58
582 546
582 160
582 303
582 463
582 768
160 461
395 768
395 698
395 249
401 519
401 768
401 822
417 461
417 332
417 768
417 698
461 407
461 768
519 663
519 822
543 201
546 58
546 768
546 822
663 58
663 463
663 513
663 698
698 228
698 768
822 278
822 768
822 513
822 463
822 303
201 407
201 768
228 513
249 303
278 513
407 513
513 303
6 960
6 963
6 969
6 990
960 94
960 104
960 312
960 334
960 370
960 431
960 436
960 445
960 475
960 484
960 597
960 604
960 630
960 684
960 714
960 740
960 745
960 774
960 778
960 787
960 791
960 831
960 836
960 845
960 855
960 940
960 945
960 952
960 959
960 963
960 969
960 977
960 990
963 108
963 140
963 184
963 297
963 298
963 312
963 363
963 370
963 381
963 431
963 484
963 557
963 604
963 630
963 684
963 714
963 740
963 745
963 774
963 778
963 787
963 791
963 831
963 836
963 845
963 855
963 940
963 945
963 952
963 959
963 969
963 977
963 990
969 104
969 108
969 297
969 298
969 312
969 334
969 436
969 445
969 484
969 493
969 557
969 597
969 604
969 630
969 684
969 714
969 740
969 745
969 774
969 778
969 787
969 791
969 831
969 836
969 845
969 855
969 940
969 945
969 952
969 959
969 977
969 990
990 94
990 104
990 108
990 140
990 184
990 297
990 298
990 312
990 334
990 363
990 370
990 381
990 387
990 431
990 436
990 445
990 475
990 484
990 493
990 557
990 597
990 604
990 630
990 684
990 714
990 740
990 745
990 774
990 778
990 787
990 791
990 831
990 836
990 845
990 855
990 940
990 945
990 952
990 959
990 977
94 959
104 977
312 977
334 959
334 945
370 977
370 952
431 959
431 977
431 940
436 945
436 952
436 836
445 959
445 977
445 952
475 959
475 977
475 945
475 952
484 977
484 952
597 959
597 977
597 940
597 945
597 952
604 959
604 977
604 945
604 952
630 959
630 977
630 940
630 945
630 952
684 959
684 977
684 940
684 945
684 952
684 831
714 977
714 940
714 945
714 831
714 787
714 845
714 855
740 959
740 977
740 940
740 945
740 952
740 836
740 831
740 855
745 959
745 977
745 940
745 945
745 952
745 831
745 845
745 855
774 959
774 977
774 940
774 945
774 952
774 787
774 845
774 855
774 778
778 959
778 977
778 940
778 945
778 952
778 836
778 831
778 845
778 791
787 959
787 977
787 945
787 952
787 836
787 791
787 845
787 855
791 959
791 977
791 940
791 945
791 952
791 836
791 845
791 855
831 959
831 977
831 940
831 945
831 952
831 836
831 855
836 959
836 977
836 940
836 945
836 952
836 845
836 855
845 959
845 977
845 940
845 945
845 952
845 855
855 959
855 977
855 940
855 945
855 952
940 959
940 977
940 297
940 363
940 381
940 387
940 493
940 557
940 945
940 952
945 959
945 977
945 297
945 387
945 493
945 952
952 959
952 977
952 298
952 387
952 493
952 557
959 140
959 184
959 363
959 381
959 387
959 493
959 557
959 977
977 108
977 140
977 184
977 298
977 363
977 381
977 493
977 557
8 920
8 927
8 929
8 932
920 18
920 19
920 40
920 85
920 280
920 290
920 295
920 347
920 403
920 483
920 530
920 603
920 683
920 716
920 731
920 775
920 794
920 802
920 815
920 828
920 837
920 843
920 927
920 929
920 932
927 18
927 19
927 40
927 85
927 280
927 290
927 313
927 327
927 347
927 403
927 530
927 603
927 683
927 716
927 731
927 775
927 794
927 802
927 815
927 828
927 837
927 843
927 929
927 932
929 18
929 19
929 40
929 85
929 290
929 295
929 306
929 313
929 327
929 403
929 483
929 530
929 603
929 683
929 716
929 731
929 775
929 794
929 802
929 815
929 828
929 837
929 843
929 932
932 19
932 40
932 280
932 290
932 295
932 306
932 313
932 327
932 347
932 403
932 483
932 530
932 603
932 683
932 716
932 731
932 775
932 794
932 802
932 815
932 828
932 837
932 843
18 828
85 837
280 802
280 843
290 794
295 828
295 815
347 837
347 815
403 837
403 843
483 837
483 794
483 716
530 828
530 802
530 815
603 837
603 794
603 306
603 775
683 828
683 837
683 802
683 843
683 815
683 775
716 828
716 802
716 843
716 794
716 313
716 731
731 828
731 837
731 843
731 794
731 815
731 775
775 828
775 837
775 802
775 843
775 794
775 815
794 828
794 837
794 802
794 843
802 828
802 837
802 306
802 815
802 843
815 828
815 837
815 843
815 313
815 327
828 837
828 843
837 843
843 306
843 327
9 101
9 289
9 727
9 821
101 732
101 783
101 827
289 574
289 732
289 821
289 827
727 61
727 212
727 291
727 336
727 369
727 625
727 732
727 738
727 783
727 827
821 42
821 61
821 88
821 122
821 212
821 291
821 369
821 388
821 487
821 568
821 625
821 701
821 758
821 827
732 625
732 701
732 738
732 388
732 487
732 568
732 758
732 827
783 122
783 625
783 701
783 574
783 212
783 291
783 336
783 369
783 388
783 533
783 758
783 827
827 122
827 625
827 701
827 574
827 738
827 388
827 487
827 533
827 568
827 758
574 88
574 336
574 369
574 738
574 758
61 701
61 88
212 758
291 625
291 738
336 738
336 758
369 568
625 42
625 533
625 738
738 701
738 88
738 487
738 533
738 758
42 122
42 701
388 533
487 758
487 568
568 701
568 758
701 533
701 758
758 533
10 987
10 991
10 994
10 995
987 36
987 51
987 53
987 78
987 157
987 173
987 174
987 175
987 263
987 266
987 292
987 335
987 476
987 477
987 498
987 520
987 541
987 542
987 602
987 633
987 638
987 733
987 734
987 749
987 756
987 769
987 786
987 848
987 856
987 863
987 926
987 934
987 939
987 968
987 973
987 978
987 979
987 986
987 989
987 991
987 994
987 995
991 36
991 51
991 53
991 133
991 170
991 173
991 175
991 180
991 195
991 242
991 263
991 266
991 292
991 335
991 476
991 477
991 498
991 520
991 541
991 542
991 602
991 633
991 638
991 733
991 734
991 749
991 756
991 769
991 786
991 848
991 856
991 863
991 926
991 934
991 939
991 968
991 973
991 978
991 979
991 986
991 989
991 994
991 995
994 53
994 78
994 133
994 157
994 170
994 173
994 174
994 175
994 180
994 195
994 242
994 263
994 266
994 292
994 335
994 476
994 477
994 498
994 520
994 541
994 542
994 602
994 633
994 638
994 733
994 734
994 749
994 756
994 769
994 786
994 848
994 856
994 863
994 926
994 934
994 939
994 968
994 973
994 978
994 979
994 986
994 989
994 995
995 36
995 51
995 53
995 78
995 133
995 157
995 170
995 174
995 175
995 180
995 195
995 242
995 263
995 266
995 292
995 335
995 476
995 477
995 498
995 520
995 541
995 542
995 602
995 633
995 638
995 733
995 734
995 749
995 756
995 769
995 786
995 848
995 856
995 863
995 926
995 934
995 939
995 968
995 973
995 978
995 979
995 986
995 989
36 989
51 989
78 989
157 989
173 989
174 989
263 986
266 989
292 989
335 989
476 989
476 986
477 989
477 986
498 989
498 986
498 979
520 989
520 986
520 979
541 989
541 986
541 979
542 989
542 986
542 979
602 989
602 986
602 979
602 978
633 989
633 986
633 979
633 978
633 973
638 989
638 986
638 979
638 978
638 973
733 989
733 986
733 979
733 978
733 973
733 939
733 968
734 989
734 986
734 979
734 978
734 973
734 939
734 968
749 989
749 986
749 979
749 978
749 973
749 939
749 968
749 934
756 989
756 986
756 979
756 978
756 973
756 939
756 968
756 934
769 989
769 986
769 979
769 978
769 973
769 939
769 968
769 934
769 926
786 989
786 986
786 979
786 978
786 973
786 939
786 968
786 934
786 926
786 863
848 989
848 986
848 979
848 978
848 973
848 939
848 968
848 934
848 926
848 863
848 856
856 989
856 986
856 979
856 978
856 973
856 939
856 968
856 934
856 926
856 863
863 989
863 986
863 979
863 978
863 973
863 939
863 968
863 934
863 926
926 989
926 986
926 979
926 978
926 973
926 939
926 968
926 934
934 989
934 986
934 979
934 978
934 973
934 939
934 968
939 989
939 986
939 979
939 978
939 973
939 968
968 989
968 986
968 979
968 978
968 973
973 989
973 986
973 979
973 978
978 989
978 986
978 979
979 989
979 986
986 989
989 133
989 170
989 180
989 195
989 242
11 328
11 707
11 736
11 742
328 185
328 340
328 467
328 742
707 60
707 138
707 406
707 467
707 488
707 722
707 736
707 742
707 839
736 185
736 340
736 406
736 488
736 576
736 682
736 722
736 742
736 839
742 62
742 187
742 340
742 406
742 544
742 682
742 722
742 839
185 682
185 839
340 576
340 839
467 46
467 62
467 722
467 839
60 682
60 839
60 488
138 722
138 839
138 544
406 682
406 839
406 544
488 682
488 576
488 839
488 480
722 682
722 46
722 62
722 480
722 544
722 839
839 682
839 46
839 576
839 187
839 480
839 544
576 46
576 187
576 480
576 544
682 28
682 480
62 187
544 480
13 47
13 686
13 692
13 818
47 30
47 692
47 907
686 15
686 30
686 79
686 277
686 426
686 592
686 692
686 850
686 907
692 202
692 277
692 459
692 561
692 592
692 594
692 818
818 27
818 30
818 142
818 277
818 311
818 325
818 345
818 362
818 374
818 497
818 561
818 592
818 850
818 907
30 850
907 15
907 27
907 79
907 114
907 277
907 311
907 330
907 339
907 345
907 362
907 374
907 426
907 441
907 459
907 497
907 547
907 561
907 566
907 594
907 850
15 202
15 592
79 850
79 594
277 850
426 850
426 339
426 497
426 459
592 142
592 345
592 497
592 566
850 27
850 325
850 345
850 362
850 374
850 441
850 459
850 497
850 547
850 566
850 594
202 142
202 561
459 339
459 374
561 27
561 441
561 547
594 325
594 345
594 547
594 566
142 547
311 547
311 339
325 330
325 497
362 330
362 547
374 441
497 441
566 114
566 330
566 339
114 330
114 441
17 947
17 966
17 981
17 984
947 163
947 233
947 254
947 318
947 346
947 424
947 430
947 516
947 540
947 556
947 744
947 762
947 785
947 797
947 799
947 801
947 838
947 857
947 869
947 892
947 895
947 904
947 912
947 914
947 950
947 951
947 966
947 981
947 984
966 64
966 76
966 98
966 154
966 161
966 233
966 318
966 337
966 346
966 416
966 424
966 430
966 516
966 540
966 556
966 744
966 762
966 785
966 797
966 799
966 801
966 838
966 857
966 869
966 892
966 895
966 904
966 912
966 914
966 950
966 951
966 981
966 984
981 64
981 76
981 98
981 154
981 161
981 162
981 163
981 172
981 186
981 233
981 248
981 318
981 337
981 346
981 416
981 418
981 424
981 430
981 516
981 540
981 556
981 744
981 762
981 785
981 797
981 799
981 801
981 838
981 857
981 869
981 892
981 895
981 904
981 912
981 914
981 950
981 951
981 984
984 64
984 76
984 98
984 154
984 161
984 162
984 163
984 172
984 186
984 233
984 248
984 254
984 318
984 337
984 346
984 416
984 418
984 424
984 430
984 516
984 540
984 556
984 744
984 762
984 785
984 797
984 799
984 801
984 838
984 857
984 869
984 892
984 895
984 904
984 912
984 914
984 950
984 951
163 950
254 914
254 950
254 951
318 912
346 912
424 950
424 951
430 950
430 951
516 914
516 950
516 951
540 904
540 951
540 895
556 914
556 950
556 951
744 904
744 914
744 950
744 951
744 895
744 912
744 869
744 892
762 904
762 914
762 950
762 951
762 895
762 912
762 869
762 892
762 857
785 904
785 914
785 950
785 951
785 895
785 912
785 869
785 892
785 857
785 838
797 904
797 914
797 950
797 951
797 895
797 912
797 869
797 892
797 857
797 838
799 904
799 914
799 950
799 951
799 895
799 912
799 869
799 892
799 857
799 838
799 801
801 904
801 914
801 950
801 951
801 895
801 912
801 869
801 892
801 857
801 838
838 904
838 914
838 950
838 951
838 895
838 912
838 869
838 892
838 857
857 904
857 914
857 950
857 951
857 895
857 912
857 869
857 892
869 904
869 914
869 950
869 951
869 895
869 912
869 892
892 904
892 914
892 950
892 951
892 895
892 912
895 904
895 914
895 950
895 951
895 162
895 418
895 912
904 64
904 161
904 337
904 912
904 914
904 950
904 951
912 914
912 950
912 951
912 337
912 416
912 418
914 76
914 186
914 416
914 950
914 951
950 98
950 162
950 172
950 248
950 418
950 951
951 154
951 172
951 186
951 248
951 416
951 418
20 120
20 812
20 885
20 954
120 779
120 897
120 954
812 105
812 141
812 193
812 573
812 654
812 679
812 721
812 729
812 779
812 885
812 897
812 917
812 948
812 954
885 44
885 141
885 156
885 223
885 307
885 419
885 437
885 522
885 573
885 654
885 679
885 729
885 735
885 779
885 844
885 897
885 917
885 948
885 954
954 44
954 105
954 109
954 127
954 139
954 150
954 156
954 193
954 198
954 223
954 352
954 419
954 427
954 437
954 510
954 522
954 573
954 654
954 679
954 721
954 729
954 735
954 779
954 844
954 897
954 917
954 948
779 917
779 948
779 141
779 510
779 522
779 573
779 721
779 729
779 735
779 844
897 917
897 948
897 109
897 139
897 141
897 150
897 223
897 307
897 419
897 427
897 437
897 573
897 654
897 679
897 721
897 729
897 735
897 844
105 917
105 948
193 948
193 510
573 917
573 948
573 735
654 917
654 948
654 419
654 721
654 729
679 917
679 948
679 844
679 510
679 427
679 735
721 917
721 948
721 844
721 419
721 437
721 729
729 917
729 948
729 844
729 735
917 44
917 109
917 127
917 150
917 156
917 198
917 307
917 352
917 427
917 437
917 510
917 522
917 735
917 844
917 948
948 44
948 109
948 127
948 139
948 150
948 156
948 198
948 223
948 307
948 352
948 419
948 427
948 437
948 510
948 522
948 735
948 844
307 844
522 844
522 735
735 844
844 127
844 139
844 198
844 352
844 427
352 510
22 81
22 315
22 642
22 860
81 26
81 811
81 860
315 711
315 743
315 804
315 860
642 144
642 532
642 606
642 711
642 743
642 804
642 811
642 860
860 23
860 45
860 144
860 235
860 470
860 496
860 532
860 563
860 584
860 606
860 677
860 711
860 743
860 804
860 811
26 811
26 45
26 804
811 23
811 600
811 677
811 132
811 235
811 532
811 563
811 584
811 711
811 743
811 804
711 600
711 804
711 144
711 496
711 606
711 743
743 600
743 677
743 804
743 584
743 235
743 606
743 496
804 600
804 677
804 45
804 132
804 470
804 496
804 532
804 584
144 584
532 600
532 677
532 470
606 677
606 563
606 584
606 235
23 600
23 677
45 132
470 677
470 584
470 496
496 677
496 563
563 600
563 677
563 132
584 600
24 265
24 720
24 902
24 925
265 245
265 840
265 902
265 925
720 304
720 384
720 528
720 558
720 627
720 688
720 874
720 889
720 902
720 925
902 29
902 239
902 269
902 299
902 304
902 331
902 341
902 501
902 558
902 571
902 611
902 615
902 627
902 688
902 706
902 759
902 840
902 874
902 889
902 925
925 29
925 31
925 239
925 269
925 281
925 299
925 331
925 341
925 384
925 423
925 482
925 501
925 528
925 571
925 611
925 615
925 627
925 688
925 759
925 840
925 874
925 889
245 889
245 331
245 874
840 759
840 627
840 889
840 239
840 269
840 281
840 331
840 384
840 413
840 482
840 571
840 615
840 706
840 874
304 627
304 874
304 571
384 706
384 423
528 688
528 889
528 874
528 379
528 611
558 31
558 615
558 706
558 874
558 889
627 688
627 31
627 571
627 874
688 29
688 501
688 706
688 759
688 874
874 759
874 889
874 379
874 413
874 423
874 482
874 501
874 611
874 615
874 706
889 759
889 31
889 239
889 269
889 299
889 331
889 341
889 413
889 423
889 482
889 501
889 611
889 706
29 759
269 759
299 501
299 611
341 759
341 706
501 615
571 611
571 423
611 423
615 759
615 706
706 413
759 281
759 379
281 379
281 482
482 413
28 881
28 935
28 957
881 49
881 97
881 209
881 284
881 354
881 422
881 446
881 457
881 629
881 634
881 652
881 737
881 747
881 842
881 846
881 903
881 933
881 935
881 957
881 965
935 49
935 75
935 86
935 148
935 182
935 275
935 287
935 354
935 435
935 446
935 648
935 652
935 695
935 726
935 737
935 747
935 805
935 842
935 846
935 864
935 903
935 933
935 938
935 957
935 965
957 56
957 75
957 97
957 148
957 182
957 251
957 271
957 284
957 287
957 354
957 422
957 435
957 443
957 525
957 634
957 648
957 652
957 695
957 726
957 737
957 747
957 805
957 842
957 846
957 864
957 903
957 933
957 938
957 965
49 842
49 965
97 965
97 846
209 965
209 933
209 864
284 965
284 938
284 933
354 965
354 938
422 965
422 933
422 846
422 169
446 965
446 933
446 903
446 805
457 938
457 933
457 864
457 903
457 737
629 842
629 965
629 938
629 933
629 846
629 903
629 726
629 695
634 842
634 965
634 938
634 846
634 903
634 726
634 747
652 842
652 56
652 695
652 864
652 903
652 938
737 965
737 938
737 933
737 864
737 846
737 903
737 443
737 525
747 965
747 938
747 933
747 864
747 903
747 648
747 805
747 726
842 56
842 251
842 726
842 805
842 846
842 864
842 903
842 933
842 938
842 965
846 965
846 938
846 933
846 864
846 271
846 648
846 695
846 903
903 965
903 938
903 933
903 864
903 99
903 251
903 287
903 443
903 525
903 695
903 805
933 965
933 938
933 75
933 99
933 271
933 275
933 435
933 443
933 525
933 648
933 726
933 805
933 864
965 75
965 86
965 99
965 148
965 169
965 251
965 271
965 275
965 287
965 435
965 443
965 525
965 648
965 695
965 726
965 864
965 938
86 938
86 864
148 938
182 938
182 726
275 938
275 805
287 805
435 864
435 805
648 938
648 169
648 695
695 938
695 864
726 864
726 805
805 938
805 864
805 169
805 251
864 938
864 525
938 56
938 99
938 271
938 443
938 525
379 413
32 853
32 976
32 982
32 983
853 319
853 412
853 518
853 589
853 693
853 739
853 750
853 751
853 841
853 847
853 882
853 937
853 944
853 975
853 976
853 982
853 983
976 55
976 90
976 111
976 136
976 220
976 240
976 241
976 274
976 319
976 353
976 372
976 408
976 412
976 414
976 421
976 503
976 518
976 537
976 550
976 572
976 589
976 618
976 637
976 693
976 715
976 739
976 750
976 751
976 841
976 847
976 882
976 937
976 944
976 975
976 982
976 983
982 55
982 90
982 111
982 178
982 220
982 226
982 240
982 241
982 274
982 319
982 353
982 360
982 361
982 372
982 408
982 412
982 414
982 421
982 503
982 518
982 537
982 550
982 572
982 589
982 618
982 637
982 693
982 715
982 739
982 750
982 751
982 841
982 847
982 882
982 937
982 944
982 975
982 983
983 55
983 90
983 111
983 136
983 178
983 220
983 226
983 240
983 241
983 274
983 319
983 353
983 360
983 361
983 372
983 408
983 412
983 414
983 421
983 503
983 518
983 537
983 550
983 572
983 589
983 618
983 637
983 693
983 715
983 739
983 750
983 751
983 841
983 847
983 882
983 937
983 944
983 975
319 975
412 975
412 937
518 975
518 944
518 841
589 975
589 944
589 847
589 882
693 975
693 937
693 944
693 847
693 882
693 841
739 975
739 937
739 944
739 847
739 882
739 841
739 715
739 750
750 975
750 937
750 944
750 847
750 882
750 637
750 751
751 975
751 937
751 944
751 847
751 882
751 841
751 715
841 975
841 937
841 944
841 847
841 882
841 537
841 550
841 572
841 618
847 975
847 937
847 944
847 408
847 503
847 637
847 715
847 882
882 975
882 937
882 944
882 414
882 421
882 537
882 572
882 618
882 637
882 715
937 975
937 90
937 178
937 226
937 274
937 353
937 360
937 361
937 408
937 421
937 503
937 550
937 572
937 618
937 715
937 944
944 975
944 136
944 241
944 360
944 361
944 372
944 414
944 421
944 503
944 537
944 550
944 572
944 618
944 637
944 715
975 55
975 111
975 136
975 178
975 220
975 226
975 240
975 274
975 353
975 360
975 361
975 372
975 408
975 414
975 503
975 537
975 550
975 572
975 618
975 637
975 715
637 715
35 508
35 795
35 829
35 900
508 68
508 134
508 273
508 668
508 725
508 795
795 57
795 377
795 397
795 491
795 526
795 598
795 668
795 725
795 730
795 803
795 829
795 900
829 57
829 134
829 147
829 213
829 273
829 526
829 598
829 635
829 668
829 725
829 730
829 755
829 803
829 900
900 57
900 68
900 102
900 143
900 147
900 196
900 213
900 258
900 273
900 377
900 397
900 526
900 598
900 635
900 725
900 730
900 746
900 755
900 803
68 273
68 803
134 803
134 755
273 755
668 755
668 635
668 730
668 258
668 324
668 725
725 803
725 635
725 746
725 258
725 491
725 598
57 213
377 102
377 746
377 755
397 755
397 526
397 730
397 491
491 635
491 746
491 730
491 324
526 803
526 143
526 746
598 803
598 755
598 730
598 324
730 803
730 635
730 746
730 196
803 102
803 196
803 258
803 324
803 635
803 746
147 755
147 746
213 102
635 755
635 143
755 196
755 746
143 746
258 746
746 324
41 65
41 376
41 581
41 878
65 500
65 773
65 878
376 215
376 398
376 410
376 878
581 54
581 77
581 188
581 398
581 512
581 555
581 878
878 54
878 77
878 124
878 158
878 188
878 204
878 215
878 398
878 410
878 438
878 500
878 511
878 512
878 555
878 593
878 773
500 512
500 215
500 398
500 438
500 593
773 512
773 77
773 124
773 158
773 204
773 215
773 398
773 410
773 438
773 555
773 593
398 593
410 124
410 438
410 593
54 511
54 512
77 204
188 511
188 124
512 511
512 158
555 511
555 204
555 593
555 438
158 593
438 511
511 593
43 386
43 428
43 906
43 931
386 661
386 760
386 906
386 931
428 545
428 666
428 717
428 760
428 931
906 203
906 206
906 210
906 320
906 391
906 429
906 478
906 527
906 545
906 580
906 622
906 649
906 661
906 666
906 704
906 713
906 717
906 760
906 788
906 883
906 931
931 203
931 206
931 210
931 320
931 348
931 391
931 429
931 474
931 478
931 527
931 545
931 569
931 580
931 622
931 649
931 661
931 666
931 704
931 713
931 717
931 760
931 788
931 883
661 203
661 429
661 474
661 649
661 717
661 883
760 206
760 478
760 527
760 569
760 649
760 666
760 713
760 788
760 883
545 883
545 704
545 569
545 713
666 883
666 788
666 391
666 649
666 713
717 883
717 622
717 788
717 391
717 704
717 527
717 713
203 580
206 883
210 580
210 320
320 883
320 429
391 883
391 704
429 883
429 788
478 580
478 883
478 569
527 622
527 704
527 569
580 348
580 788
580 883
622 883
622 348
622 649
622 713
622 788
649 883
649 788
649 704
704 883
704 788
704 474
713 883
713 788
713 474
713 569
788 883
788 348
788 474
883 348
883 474
883 569
50 941
50 961
50 962
50 964
941 314
941 371
941 375
941 451
941 466
941 514
941 562
941 577
941 662
941 687
941 703
941 712
941 757
941 772
941 814
941 865
941 879
941 898
941 899
941 918
941 924
941 928
941 930
941 958
941 961
941 962
941 964
961 96
961 100
961 155
961 166
961 247
961 272
961 314
961 371
961 375
961 451
961 466
961 514
961 562
961 577
961 662
961 687
961 703
961 712
961 757
961 772
961 814
961 865
961 879
961 898
961 899
961 918
961 924
961 928
961 930
961 958
961 962
961 964
962 96
962 100
962 155
962 166
962 211
962 247
962 272
962 314
962 371
962 375
962 451
962 466
962 514
962 562
962 577
962 662
962 687
962 703
962 712
962 757
962 772
962 814
962 865
962 879
962 898
962 899
962 918
962 924
962 928
962 930
962 958
962 964
964 96
964 100
964 155
964 166
964 211
964 247
964 272
964 314
964 371
964 375
964 451
964 466
964 514
964 562
964 577
964 662
964 687
964 703
964 712
964 757
964 772
964 814
964 865
964 879
964 898
964 899
964 918
964 924
964 928
964 930
964 958
314 958
371 958
375 958
451 958
451 928
466 958
466 928
514 958
514 928
514 930
562 958
562 928
562 930
577 958
577 928
577 930
577 918
662 958
662 928
662 930
662 918
662 924
687 958
687 928
687 930
687 918
687 924
687 898
703 958
703 928
703 930
703 918
703 924
703 898
712 958
712 928
712 930
712 918
712 924
712 898
757 958
757 928
757 930
757 918
757 924
757 898
757 879
757 899
772 958
772 928
772 930
772 918
772 924
772 898
772 879
772 899
772 865
814 958
814 928
814 930
814 918
814 924
814 898
814 879
814 899
814 865
865 958
865 928
865 930
865 918
865 924
865 898
865 879
865 899
879 958
879 928
879 930
879 918
879 924
879 898
879 899
898 958
898 928
898 930
898 918
898 924
898 899
899 958
899 928
899 930
899 918
899 924
918 958
918 928
918 930
918 924
924 958
924 928
924 930
928 958
928 211
928 272
928 930
930 958
958 96
958 100
958 155
958 166
958 211
958 247
958 272
58 244
244 463
244 768
463 303
59 588
59 601
59 650
59 908
588 464
588 529
588 617
588 796
588 798
588 832
588 908
601 529
601 531
601 763
601 796
601 819
601 832
601 908
650 358
650 523
650 616
650 763
650 796
650 861
650 868
650 908
908 69
908 282
908 310
908 350
908 366
908 399
908 464
908 492
908 523
908 529
908 531
908 616
908 763
908 796
908 798
908 819
908 832
908 861
908 868
464 832
464 531
464 798
464 796
529 832
529 868
529 796
529 486
617 399
617 619
617 819
617 531
617 868
617 310
617 796
796 399
796 619
796 554
796 832
796 868
796 798
796 523
798 861
798 554
798 819
798 832
798 531
798 763
798 868
798 366
798 350
798 434
798 486
832 619
832 205
832 819
832 350
832 366
832 486
832 523
832 763
832 868
531 282
531 492
763 619
763 861
763 554
763 819
763 282
763 523
763 616
763 868
819 861
819 205
819 305
819 310
819 358
819 365
819 434
819 486
819 492
819 868
358 861
358 350
358 434
523 868
523 365
616 861
616 868
616 366
616 434
616 492
861 69
861 399
861 619
861 205
861 282
861 310
861 365
861 434
861 486
861 492
861 554
861 868
868 619
868 554
868 282
868 305
868 434
868 486
868 492
69 399
69 619
310 305
350 365
366 305
399 619
492 365
66 610
66 728
66 858
66 875
610 82
610 534
610 596
610 700
610 728
610 858
610 875
728 123
728 356
728 367
728 385
728 596
728 700
728 765
728 858
728 875
858 82
858 116
858 214
858 260
858 356
858 367
858 385
858 411
858 439
858 534
858 596
858 645
858 700
858 765
858 875
875 82
875 116
875 123
875 149
875 214
875 260
875 268
875 356
875 367
875 385
875 411
875 439
875 596
875 645
875 700
875 765
82 123
534 765
534 214
534 268
534 356
534 439
596 765
596 700
596 645
596 367
700 123
700 765
700 367
700 385
700 439
356 645
385 765
765 116
765 411
765 260
765 268
765 439
765 645
116 411
214 149
260 645
260 268
411 439
411 645
645 149
645 268
205 554
554 305
72 626
72 639
72 833
72 851
626 219
626 621
626 639
626 660
626 748
626 792
626 833
626 851
639 243
639 394
639 433
639 450
639 621
639 691
639 833
833 74
833 234
833 243
833 276
833 322
833 329
833 450
833 595
833 660
833 691
833 748
833 792
833 851
851 74
851 113
851 152
851 234
851 276
851 308
851 322
851 394
851 433
851 447
851 450
851 621
851 660
851 748
851 792
219 450
219 308
219 621
621 748
621 792
621 449
621 595
621 691
660 748
660 792
660 449
660 308
660 243
660 276
748 74
748 113
748 276
748 329
748 595
748 691
748 792
792 113
792 447
792 322
792 329
792 394
792 433
792 595
792 691
243 308
394 691
394 595
394 322
433 447
433 329
433 322
450 74
450 152
691 447
691 234
691 276
691 595
234 449
329 152
595 449
595 308
113 447
152 449
447 449
80 669
80 672
80 867
80 880
669 128
669 559
669 670
669 676
669 752
669 826
669 834
669 867
669 880
672 368
672 539
672 559
672 570
672 623
672 752
672 826
672 867
672 880
867 87
867 117
867 126
867 151
867 176
867 252
867 257
867 368
867 494
867 539
867 570
867 623
867 670
867 826
867 834
867 880
880 126
880 151
880 176
880 194
880 252
880 257
880 368
880 442
880 494
880 539
880 559
880 570
880 670
880 676
880 752
880 826
880 834
128 826
128 834
128 442
559 834
559 257
559 752
559 194
670 826
670 834
670 117
670 494
670 539
670 676
670 752
676 623
676 826
676 834
676 126
676 368
676 494
676 570
752 623
752 117
752 194
752 252
752 494
752 539
752 570
826 87
826 623
826 126
826 151
826 176
826 442
826 539
826 570
826 834
834 87
834 623
834 252
834 257
834 368
834 442
834 494
834 570
539 623
623 87
623 194
117 257
151 252
176 442
494 442
89 651
89 696
89 921
89 971
651 495
651 771
651 866
651 894
651 910
651 921
651 970
651 971
696 396
696 675
696 709
696 866
696 894
696 910
696 921
696 970
696 971
921 285
921 355
921 396
921 460
921 548
921 607
921 608
921 653
921 675
921 678
921 709
921 741
921 753
921 771
921 780
921 782
921 790
921 866
921 872
921 891
921 894
921 970
921 971
971 95
971 146
971 153
971 159
971 168
971 285
971 317
971 355
971 396
971 404
971 460
971 479
971 495
971 548
971 607
971 608
971 653
971 675
971 678
971 709
971 741
971 753
971 771
971 780
971 782
971 790
971 866
971 872
971 891
971 894
971 910
971 970
495 970
495 872
495 910
495 741
495 782
771 970
771 153
771 338
771 404
771 741
771 753
771 780
771 790
771 866
771 910
866 891
866 894
866 970
866 872
866 910
866 741
866 782
866 479
866 608
866 653
866 675
866 709
866 753
866 780
894 95
894 891
894 146
894 168
894 285
894 479
894 548
894 607
894 653
894 675
894 741
894 780
894 782
894 790
894 872
894 910
894 970
910 970
910 678
910 159
910 872
910 285
910 338
910 396
910 404
910 460
910 479
910 607
910 608
910 653
910 753
910 780
910 782
910 790
970 95
970 891
970 146
970 159
970 168
970 285
970 317
970 338
970 355
970 396
970 404
970 460
970 479
970 548
970 607
970 608
970 653
970 675
970 678
970 709
970 741
970 753
970 780
970 782
970 790
970 872
396 782
675 891
675 872
675 790
675 780
709 891
709 782
709 790
709 753
709 780
355 891
355 872
460 678
460 872
548 678
548 753
548 780
607 891
607 338
607 753
608 891
608 872
608 753
653 891
653 741
653 790
678 146
678 153
678 753
678 780
741 891
741 872
741 168
741 782
753 891
780 891
780 872
780 790
782 891
782 872
782 317
782 790
790 891
790 872
790 479
872 891
872 159
872 317
872 338
872 404
891 95
891 153
891 317
891 404
92 718
92 800
92 849
92 876
718 452
718 517
718 620
718 664
718 800
718 830
718 849
718 852
718 871
718 876
800 357
800 452
800 471
800 575
800 620
800 658
800 664
800 710
800 830
800 849
800 852
800 871
800 876
849 262
849 343
849 357
849 453
849 471
849 517
849 575
849 620
849 658
849 664
849 710
849 830
849 852
849 871
849 876
876 179
876 183
876 225
876 343
876 452
876 453
876 471
876 517
876 575
876 620
876 658
876 664
876 710
876 830
876 852
876 871
452 852
452 871
452 620
517 852
517 871
517 830
517 710
620 658
620 852
620 871
620 830
664 852
664 871
664 830
664 710
664 575
830 658
830 852
830 871
830 183
830 262
830 343
830 357
830 453
830 575
852 179
852 658
852 225
852 262
852 357
852 453
852 575
852 710
852 871
871 179
871 658
871 183
871 225
871 262
871 357
871 453
871 471
871 575
871 710
471 658
471 225
575 710
658 179
710 262
710 343
343 453
103 208
103 578
103 776
103 820
208 552
208 702
208 810
578 586
578 697
578 776
578 784
578 806
578 810
578 816
776 505
776 586
776 591
776 697
776 708
776 724
776 764
776 806
776 810
776 816
776 820
820 256
820 378
820 505
820 552
820 591
820 674
820 702
820 708
820 724
820 764
820 784
820 806
820 810
820 816
552 351
552 674
552 764
552 806
552 810
702 256
702 680
702 697
702 724
702 764
702 784
702 810
702 816
810 586
810 591
810 674
810 680
810 708
810 764
810 784
810 806
810 816
586 674
586 724
586 806
586 816
586 680
697 674
697 351
697 505
697 591
697 680
697 806
697 816
784 256
784 674
784 764
784 409
784 505
784 591
784 708
784 724
784 806
784 816
806 764
806 351
806 724
806 378
806 409
806 680
806 708
816 674
816 764
816 505
816 724
816 409
816 708
816 591
816 680
505 351
505 409
591 764
591 680
708 674
708 764
708 724
708 378
724 351
724 409
724 680
764 256
764 378
764 680
256 674
378 409
674 680
135 468
135 671
135 862
135 884
468 485
468 509
468 671
468 862
468 884
671 221
671 323
671 359
671 614
671 667
671 705
671 862
671 884
862 164
862 189
862 230
862 259
862 321
862 359
862 415
862 485
862 509
862 553
862 614
862 667
862 694
862 705
862 719
862 884
884 164
884 189
884 221
884 230
884 259
884 321
884 359
884 415
884 485
884 509
884 553
884 605
884 614
884 667
884 694
884 705
884 719
485 221
485 694
485 705
509 221
509 359
509 694
509 705
323 605
323 719
323 359
323 415
614 605
614 719
614 259
614 553
614 705
667 605
667 719
667 189
667 259
667 553
667 694
705 719
705 321
705 415
705 553
164 605
164 719
189 321
230 719
230 694
259 605
321 694
415 694
415 553
553 719
694 605
694 719
719 605
