0 882
0 941
0 949
0 985
882 439
882 475
882 486
882 488
882 614
882 641
882 652
882 657
882 670
882 711
882 797
882 867
882 890
882 897
882 931
882 939
882 941
882 949
882 970
882 981
941 9
941 38
941 113
941 199
941 371
941 393
941 469
941 486
941 558
941 606
941 614
941 627
941 641
941 670
941 793
941 847
941 851
941 864
941 865
941 890
941 931
941 932
941 933
941 943
941 949
941 981
941 991
949 9
949 38
949 168
949 199
949 307
949 393
949 439
949 475
949 486
949 488
949 558
949 614
949 627
949 641
949 644
949 670
949 687
949 711
949 793
949 815
949 830
949 870
949 873
949 890
949 931
949 932
949 939
949 975
985 22
985 60
985 92
985 115
985 132
985 215
985 234
985 240
985 304
985 348
985 380
985 402
985 445
985 495
985 508
985 538
985 546
985 552
985 598
985 599
985 616
985 665
985 770
985 775
985 800
985 829
985 833
985 838
985 843
985 844
985 850
985 867
985 870
985 877
985 887
985 921
985 951
985 955
985 958
985 964
985 982
439 931
439 973
439 932
439 637
475 816
475 11
475 931
475 932
486 17
486 877
486 931
486 932
488 932
488 840
488 627
488 789
488 393
614 890
614 931
614 978
614 838
614 932
614 877
641 890
641 803
641 932
641 331
641 758
641 711
652 731
652 977
652 895
652 739
652 956
652 943
652 826
652 134
652 510
657 890
657 263
657 931
657 113
657 323
657 371
657 393
657 711
657 794
670 890
670 440
670 931
670 793
670 932
670 929
670 584
711 890
711 960
711 931
711 793
711 932
711 500
711 355
797 827
797 873
797 931
797 962
797 968
797 903
797 757
797 758
797 851
797 818
797 612
797 635
797 584
867 731
867 913
867 895
867 983
867 997
867 943
867 838
867 780
867 857
867 647
867 834
867 766
867 205
867 216
867 372
867 524
867 583
867 644
890 9
890 147
890 149
890 345
890 390
890 469
890 517
890 606
890 627
890 648
890 785
890 793
890 931
890 932
897 484
897 737
897 762
897 858
897 917
897 976
897 968
897 44
897 534
897 49
897 88
897 95
897 342
897 539
897 571
897 594
897 788
897 809
897 845
897 862
897 939
931 674
931 966
931 38
931 113
931 149
931 199
931 216
931 371
931 558
931 627
931 646
931 743
931 793
931 843
931 932
931 948
939 909
939 977
939 77
939 142
939 167
939 180
939 222
939 225
939 261
939 394
939 402
939 410
939 474
939 480
939 565
939 568
939 658
939 703
939 708
939 743
939 747
939 836
939 854
939 876
939 893
939 901
970 873
970 969
970 688
970 778
970 34
970 192
970 247
970 283
970 289
970 313
970 350
970 357
970 382
970 398
970 420
970 470
970 493
970 508
970 564
970 588
970 608
970 646
970 667
970 725
970 750
970 752
970 784
970 787
970 792
970 840
970 855
970 860
970 924
970 940
970 971
970 972
970 997
981 881
981 923
981 988
981 966
981 107
981 872
981 878
981 993
981 916
981 56
981 846
981 96
981 119
981 124
981 136
981 190
981 253
981 293
981 298
981 416
981 429
981 442
981 448
981 464
981 497
981 514
981 572
981 601
981 602
981 665
981 680
981 682
981 687
981 728
981 751
981 821
981 841
981 946
981 948
9 617
38 791
113 697
199 560
371 977
371 549
371 932
393 932
393 481
469 793
469 72
469 790
469 932
558 977
558 793
558 932
558 273
606 913
606 983
606 956
606 943
606 989
606 857
627 762
627 866
627 932
627 286
793 923
793 62
793 358
793 399
793 928
793 932
847 906
847 947
847 974
847 919
847 864
847 916
847 490
847 884
847 994
847 567
847 301
847 311
847 620
847 673
847 768
847 914
851 827
851 920
851 962
851 968
851 984
851 739
851 677
851 903
851 757
851 758
851 189
851 588
851 694
851 801
851 874
864 729
864 913
864 338
864 895
864 983
864 45
864 347
864 351
864 555
864 644
864 826
864 833
864 857
864 943
864 956
864 964
864 993
865 904
865 817
865 899
865 223
865 520
865 98
865 315
865 346
865 387
865 419
865 529
865 660
865 685
865 754
865 780
865 781
865 901
865 907
932 966
932 940
932 984
932 149
932 196
932 251
932 565
932 756
932 766
932 924
933 563
933 878
933 385
933 997
933 992
933 993
933 343
933 893
933 973
933 894
933 804
933 948
933 735
933 965
933 151
933 247
933 506
933 516
933 620
933 699
933 707
933 756
933 772
933 810
933 828
933 831
933 853
943 730
943 731
943 913
943 977
943 338
943 895
943 983
943 956
943 67
943 94
943 129
943 321
943 348
943 504
943 510
943 524
943 589
943 644
943 681
943 753
943 766
943 826
943 857
943 915
991 559
991 762
991 123
991 317
991 36
991 918
991 990
991 63
991 89
991 155
991 177
991 202
991 238
991 242
991 260
991 296
991 328
991 339
991 438
991 447
991 450
991 477
991 506
991 525
991 550
991 560
991 607
991 704
991 705
991 763
991 769
991 813
991 823
991 832
991 850
991 856
991 863
991 898
991 915
991 953
991 955
991 980
991 992
991 996
168 927
168 958
168 603
307 992
307 993
307 973
307 965
644 913
644 895
644 983
644 956
644 458
687 881
687 923
687 988
687 190
687 250
687 640
687 795
687 841
815 436
815 967
815 944
815 880
815 813
815 783
815 668
815 875
815 589
815 287
815 754
815 680
815 705
815 795
830 982
830 896
830 899
830 383
830 813
830 783
830 697
830 150
830 154
830 158
830 182
830 405
830 593
830 738
830 834
870 909
870 664
870 14
870 261
870 308
870 394
870 459
870 503
870 521
870 539
870 568
870 732
870 743
870 835
870 854
870 876
870 891
870 977
873 827
873 5
873 326
873 497
873 591
873 635
873 716
873 721
873 739
873 757
873 758
873 845
873 902
873 903
873 920
873 926
873 962
873 968
975 6
975 963
975 57
975 136
975 141
975 172
975 181
975 200
975 264
975 314
975 324
975 347
975 354
975 430
975 435
975 454
975 496
975 508
975 543
975 547
975 554
975 573
975 654
975 672
975 681
975 684
975 733
975 746
975 779
975 789
975 799
975 848
975 852
975 920
975 938
975 971
975 982
975 987
22 240
22 574
22 598
60 988
60 115
60 887
92 969
92 132
92 838
115 478
115 911
132 256
132 495
215 887
215 100
215 955
234 709
234 996
234 96
234 911
240 692
240 776
240 964
304 203
304 89
304 213
304 720
348 956
348 511
348 753
380 887
380 911
380 344
380 498
380 665
402 152
402 977
402 459
402 696
445 896
445 813
445 783
445 738
445 555
495 872
495 833
495 838
495 623
495 635
508 833
508 838
508 911
508 877
538 64
538 134
538 776
538 843
538 894
538 964
546 759
546 997
546 777
546 874
546 877
546 770
552 959
552 964
552 844
552 809
552 911
552 874
598 256
598 455
598 765
598 833
598 843
598 908
599 698
599 846
599 838
599 844
599 901
599 874
599 720
616 953
616 964
616 833
616 879
616 911
616 877
616 665
616 406
665 624
665 930
665 887
665 911
665 829
665 843
770 974
770 887
770 709
770 964
770 833
770 844
770 327
770 776
770 829
770 877
770 433
775 921
775 638
775 869
775 925
775 946
775 771
775 884
775 177
775 438
775 451
775 619
775 683
800 974
800 858
800 887
800 964
800 838
800 945
800 829
800 877
800 623
800 318
800 454
800 655
800 843
829 310
829 938
829 983
829 992
829 887
829 964
829 857
829 874
829 227
829 344
829 843
829 877
833 744
833 887
833 964
833 74
833 396
833 455
833 799
833 877
833 911
838 964
838 256
838 429
838 776
838 794
838 843
838 874
838 911
843 977
843 964
843 844
843 849
843 776
843 874
843 720
843 825
843 717
844 961
844 709
844 964
844 98
844 229
844 454
844 568
844 597
844 720
844 874
844 877
844 911
850 559
850 990
850 908
850 900
850 898
850 996
850 980
850 111
850 572
850 609
850 769
850 806
850 832
850 840
850 955
877 998
877 887
877 709
877 964
877 256
877 936
877 454
877 491
877 713
877 720
887 110
887 296
887 503
887 566
887 623
887 782
887 874
887 911
887 922
887 934
887 964
921 999
921 942
921 50
921 305
921 312
921 376
921 411
921 463
921 521
921 550
921 561
921 610
921 629
921 700
921 713
921 717
921 767
921 835
921 852
921 924
921 930
921 945
921 950
921 965
951 791
951 816
951 961
951 674
951 969
951 858
951 727
951 46
951 105
951 114
951 229
951 261
951 266
951 277
951 283
951 455
951 532
951 615
951 625
951 640
951 692
951 710
951 728
951 735
951 766
951 799
951 818
951 842
951 859
951 880
955 910
955 918
955 990
955 930
955 388
955 964
955 253
955 934
955 607
955 898
955 996
955 732
955 812
955 832
955 243
955 994
955 863
955 238
955 257
955 260
955 523
955 551
955 609
955 699
955 704
955 715
955 763
955 823
958 669
958 927
958 923
958 16
958 688
958 919
958 91
958 213
958 220
958 245
958 268
958 318
958 355
958 357
958 403
958 471
958 494
958 498
958 537
958 581
958 630
958 653
958 693
958 718
958 719
958 764
958 767
958 837
958 908
958 922
958 971
964 203
964 969
964 64
964 993
964 916
964 69
964 122
964 227
964 260
964 318
964 453
964 454
964 455
964 623
964 639
964 720
964 776
964 874
964 901
964 907
964 911
982 824
982 963
982 987
982 888
982 13
982 733
982 53
982 57
982 180
982 185
982 186
982 264
982 293
982 324
982 336
982 347
982 354
982 389
982 435
982 491
982 496
982 547
982 573
982 579
982 605
982 622
982 654
982 672
982 681
982 684
982 716
982 772
982 779
982 781
982 789
982 794
982 899
982 948
1 85
1 595
1 827
1 937
85 58
85 910
85 934
595 420
595 481
595 649
595 666
595 901
595 937
595 974
827 155
827 524
827 676
827 694
827 758
827 782
827 902
827 947
827 962
827 963
827 968
937 3
937 54
937 102
937 131
937 161
937 178
937 218
937 239
937 265
937 274
937 333
937 424
937 426
937 428
937 465
937 602
937 649
937 666
937 706
937 796
937 824
937 957
937 969
937 974
937 983
937 990
58 971
58 972
58 860
910 888
910 16
910 39
910 96
910 143
910 146
910 151
910 267
910 322
910 323
910 390
910 423
910 429
910 443
910 528
910 628
910 661
910 675
910 682
910 928
910 934
910 965
934 909
934 415
934 807
934 778
934 81
934 861
934 928
934 146
934 190
934 248
934 258
934 267
934 323
934 390
934 457
934 458
934 528
934 535
934 566
934 628
934 661
934 675
934 682
934 855
420 971
420 940
420 926
420 646
481 796
481 824
481 335
481 649
649 824
649 920
649 993
649 424
649 239
649 291
649 706
666 824
666 952
666 428
666 615
666 693
666 178
666 274
666 706
901 904
901 791
901 520
901 98
901 246
901 291
901 346
901 387
901 419
901 478
901 490
901 567
901 663
901 781
901 785
901 803
901 907
974 310
974 14
974 906
974 947
974 184
974 204
974 321
974 353
974 369
974 372
974 392
974 403
974 413
974 437
974 467
974 468
974 485
974 526
974 567
974 596
974 604
974 620
974 650
974 662
974 767
974 768
974 794
974 826
974 881
974 884
974 903
974 914
974 916
974 994
155 990
155 980
524 983
524 212
524 220
524 555
676 918
676 962
676 968
676 903
676 996
676 757
676 801
676 612
676 556
694 906
694 920
694 942
694 651
694 962
694 968
694 686
694 801
694 612
758 920
758 179
758 449
758 623
758 635
758 721
758 782
758 994
782 729
782 920
782 651
782 962
782 968
782 903
782 849
782 902
782 874
782 591
902 759
902 920
902 651
902 962
902 968
902 739
902 953
902 903
902 929
902 197
902 273
902 449
902 569
902 581
902 585
902 591
902 673
902 721
902 776
947 14
947 906
947 37
947 184
947 218
947 283
947 301
947 413
947 437
947 467
947 510
947 518
947 526
947 604
947 653
947 662
947 672
947 755
947 768
947 783
947 794
947 884
947 914
947 916
947 976
947 980
947 994
962 530
962 920
962 41
962 651
962 139
962 189
962 197
962 267
962 273
962 449
962 547
962 580
962 585
962 591
962 612
962 635
962 684
962 721
962 739
962 757
962 801
962 863
962 884
962 903
962 911
962 953
962 968
963 6
963 57
963 185
963 250
963 314
963 389
963 430
963 491
963 496
963 543
963 547
963 554
963 573
963 579
963 594
963 605
963 620
963 622
963 632
963 654
963 672
963 681
963 684
963 706
963 728
963 779
963 789
963 898
963 915
963 959
963 965
963 987
968 740
968 906
968 688
968 920
968 41
968 651
968 48
968 82
968 133
968 189
968 197
968 326
968 341
968 430
968 449
968 585
968 612
968 634
968 635
968 660
968 721
968 739
968 757
968 801
968 903
968 929
968 973
968 978
3 252
3 796
3 824
54 102
54 428
54 465
102 428
102 457
131 796
131 428
131 926
161 796
161 971
161 426
178 824
178 805
218 994
218 567
239 824
239 878
239 611
265 796
265 824
265 922
265 764
274 879
274 435
274 706
333 969
333 144
333 691
333 859
424 796
424 987
424 76
424 706
426 796
426 896
426 706
426 794
428 823
465 796
465 824
465 479
465 703
602 988
602 872
602 993
602 601
602 751
602 136
706 796
706 824
706 992
706 989
796 86
796 917
796 942
796 994
824 342
824 769
824 785
824 986
957 370
957 29
957 74
957 76
957 104
957 121
957 148
957 166
957 280
957 345
957 379
957 395
957 400
957 407
957 516
957 528
957 580
957 621
957 724
957 774
957 776
957 805
957 819
957 879
957 883
957 911
957 914
957 929
957 945
957 950
957 979
957 989
969 791
969 816
969 961
969 11
969 674
969 177
969 229
969 230
969 273
969 507
969 519
969 532
969 615
969 625
969 636
969 639
969 671
969 691
969 692
969 719
969 720
969 728
969 735
969 746
969 799
969 859
969 869
969 880
969 914
969 978
969 980
969 996
983 729
983 731
983 913
983 33
983 895
983 45
983 51
983 62
983 129
983 134
983 159
983 183
983 184
983 254
983 351
983 372
983 374
983 395
983 472
983 510
983 555
983 583
983 647
983 753
983 766
983 822
983 826
983 837
983 857
983 866
983 876
983 905
983 956
990 559
990 998
990 317
990 36
990 918
990 111
990 172
990 238
990 242
990 257
990 260
990 309
990 352
990 363
990 388
990 479
990 485
990 523
990 525
990 535
990 571
990 609
990 640
990 701
990 704
990 715
990 763
990 774
990 801
990 806
990 812
990 823
990 832
990 839
990 863
990 871
990 898
990 953
990 980
990 996
2 152
2 509
2 904
2 909
152 891
152 997
509 185
509 527
509 680
509 742
509 871
509 944
904 160
904 210
904 231
904 315
904 387
904 444
904 490
904 520
904 556
904 579
904 663
904 746
904 780
904 781
904 803
904 866
904 907
904 956
904 960
909 25
909 77
909 100
909 110
909 219
909 480
909 503
909 565
909 568
909 702
909 703
909 740
909 747
909 816
909 876
909 891
909 922
909 923
909 977
909 992
891 740
891 998
891 977
891 972
891 986
891 989
891 835
891 747
891 894
891 224
891 288
891 410
891 539
891 565
891 702
891 703
891 708
891 722
891 743
997 624
997 906
997 988
997 727
997 563
997 972
997 878
997 385
997 49
997 53
997 153
997 174
997 179
997 187
997 214
997 235
997 237
997 247
997 266
997 275
997 278
997 313
997 361
997 378
997 461
997 506
997 660
997 699
997 707
997 756
997 772
997 804
997 808
997 810
997 820
997 828
997 831
997 853
997 894
997 948
997 965
997 973
997 992
997 993
185 314
527 999
527 848
527 967
527 944
527 158
527 705
680 967
680 944
680 809
680 560
680 912
680 871
680 705
742 317
742 460
742 967
742 103
742 399
742 462
742 540
742 589
742 734
742 871
742 875
871 913
871 967
871 809
871 697
871 329
871 875
871 589
871 287
871 754
871 378
871 419
871 482
871 504
871 577
871 705
871 715
944 952
944 966
944 998
944 976
944 967
944 56
944 175
944 399
944 406
944 427
944 437
944 462
944 504
944 540
944 577
944 589
944 643
944 668
944 697
944 705
944 795
944 799
944 809
944 875
944 907
944 996
160 803
160 596
160 907
210 946
210 478
210 198
231 879
231 394
231 907
231 781
315 746
315 907
315 912
387 930
387 866
387 781
444 919
444 908
444 885
444 693
444 922
490 866
490 104
490 291
490 529
520 642
520 63
520 803
520 907
556 736
556 925
556 946
556 771
556 587
579 987
579 733
579 992
579 512
579 684
663 989
663 945
663 780
663 803
663 907
663 346
663 419
663 625
746 23
746 291
746 432
746 645
746 780
746 781
746 785
746 866
780 916
780 866
780 129
780 183
780 246
780 346
780 785
780 907
781 866
781 907
781 936
781 529
781 564
781 785
803 862
803 866
803 135
803 246
803 432
803 613
803 785
803 907
866 930
866 98
866 432
866 478
866 529
866 622
866 667
866 785
866 852
866 907
907 878
907 223
907 992
907 893
907 774
907 198
907 246
907 785
907 818
956 731
956 913
956 988
956 338
956 895
956 518
956 51
956 120
956 134
956 183
956 212
956 244
956 351
956 410
956 464
956 510
956 583
956 647
956 743
956 753
956 798
956 826
956 832
956 857
956 973
960 913
960 18
960 47
960 80
960 173
960 228
960 282
960 321
960 367
960 368
960 369
960 397
960 421
960 482
960 483
960 487
960 489
960 633
960 686
960 689
960 709
960 717
960 723
960 741
960 825
960 836
960 886
960 915
960 954
960 959
960 984
960 998
25 698
25 817
25 977
77 651
77 677
100 977
100 747
110 868
110 926
219 709
219 911
219 874
480 817
480 678
480 918
480 805
503 678
503 821
503 78
503 708
565 817
565 747
565 197
565 854
568 977
568 899
568 821
568 835
702 740
702 786
702 677
702 835
702 929
702 708
702 494
702 703
702 721
703 817
703 977
703 677
703 856
703 459
703 790
740 13
740 30
740 40
740 165
740 328
740 708
740 876
740 977
747 999
747 817
747 977
747 232
747 91
747 319
747 525
816 7
816 615
816 719
816 728
816 751
816 818
816 859
816 896
816 952
816 961
816 978
876 817
876 977
876 835
876 903
876 94
876 163
876 167
876 319
876 459
876 473
876 474
876 539
876 635
876 726
876 743
876 854
922 927
922 688
922 919
922 739
922 908
922 954
922 139
922 206
922 213
922 220
922 268
922 355
922 498
922 537
922 581
922 630
922 658
922 718
922 761
922 834
922 837
923 15
923 56
923 119
923 140
923 190
923 193
923 293
923 350
923 416
923 448
923 464
923 497
923 502
923 536
923 577
923 751
923 807
923 821
923 841
923 846
923 872
977 817
977 142
977 167
977 225
977 235
977 256
977 257
977 261
977 308
977 319
977 394
977 410
977 473
977 474
977 678
977 708
977 743
977 768
977 790
977 835
977 854
977 918
977 993
992 935
992 872
992 727
992 563
992 878
992 385
992 930
992 53
992 90
992 187
992 237
992 275
992 278
992 361
992 378
992 404
992 410
992 419
992 461
992 506
992 699
992 707
992 756
992 772
992 804
992 810
992 828
992 831
992 836
992 853
992 894
992 948
992 965
992 973
992 980
992 993
252 226
252 570
252 915
252 984
226 967
226 948
226 668
226 875
570 984
570 915
570 106
570 173
570 321
570 384
570 485
915 913
915 979
915 984
915 916
915 80
915 173
915 228
915 321
915 349
915 487
915 489
915 533
915 633
915 686
915 689
915 831
915 836
915 886
915 954
984 952
984 999
984 530
984 169
984 47
984 483
984 967
984 111
984 122
984 224
984 228
984 276
984 282
984 295
984 367
984 368
984 374
984 379
984 397
984 421
984 482
984 487
984 533
984 545
984 633
984 686
984 689
984 723
984 825
984 836
984 853
984 855
984 886
984 893
984 954
984 996
86 607
86 898
86 996
917 938
917 952
917 484
917 531
917 737
917 19
917 858
917 44
917 49
917 125
917 163
917 271
917 342
917 421
917 501
917 534
917 545
917 571
917 633
917 845
917 862
917 885
917 950
917 967
942 730
942 935
942 976
942 773
942 39
942 81
942 128
942 384
942 412
942 418
942 476
942 575
942 587
942 645
942 690
942 691
942 695
942 748
942 765
942 769
942 784
942 885
942 893
942 900
942 905
942 995
994 310
994 906
994 972
994 995
994 916
994 926
994 826
994 468
994 811
994 832
994 884
994 526
994 596
994 342
994 184
994 204
994 283
994 301
994 308
994 353
994 359
994 392
994 403
994 413
994 431
994 467
994 485
994 513
994 567
994 604
994 620
994 650
994 662
994 710
994 725
994 755
994 768
994 794
994 914
342 163
769 953
769 603
769 898
769 996
769 980
769 894
769 172
769 715
769 863
785 483
785 419
785 432
785 529
785 714
986 966
986 998
986 999
986 848
986 698
986 492
986 37
986 41
986 65
986 83
986 192
986 209
986 221
986 245
986 286
986 311
986 332
986 364
986 377
986 411
986 434
986 479
986 502
986 512
986 515
986 535
986 551
986 586
986 673
986 714
986 716
986 760
986 761
986 777
986 792
986 820
986 822
986 912
986 936
986 954
986 973
986 995
4 729
4 730
4 731
4 913
729 395
729 583
729 697
729 731
729 766
729 826
729 914
729 918
730 125
730 611
730 885
730 892
730 893
730 900
730 905
730 976
730 995
731 51
731 78
731 127
731 826
731 895
913 62
913 120
913 205
913 372
913 406
913 472
913 555
913 661
913 753
913 789
913 826
913 857
913 928
395 618
395 895
395 857
583 335
583 582
583 418
583 510
697 967
697 809
697 647
697 668
697 795
697 875
766 895
766 826
766 183
766 216
766 662
766 753
766 790
826 94
826 195
826 753
826 772
914 310
914 906
914 971
914 950
914 916
914 926
914 884
914 567
914 650
914 738
914 301
914 437
914 485
914 604
914 662
914 755
914 768
914 794
918 971
918 36
918 108
918 328
918 609
918 704
918 732
918 760
918 763
918 806
918 810
918 812
918 823
918 832
918 863
918 898
918 911
918 953
918 996
125 988
125 862
611 995
611 905
611 511
611 695
611 704
611 715
611 784
885 872
885 976
885 995
885 993
885 690
885 608
885 75
885 97
885 384
885 418
885 446
885 575
885 626
885 685
885 784
885 789
885 893
892 8
892 664
892 744
892 26
892 45
892 302
892 363
892 422
892 484
892 507
892 617
892 655
892 788
892 807
892 814
892 822
892 860
892 868
892 899
892 926
892 935
893 976
893 549
893 995
893 900
893 87
893 298
893 384
893 511
893 575
893 685
893 765
893 784
893 795
893 806
893 905
900 674
900 927
900 976
900 549
900 995
900 926
900 690
900 84
900 128
900 259
900 384
900 412
900 584
900 645
900 748
900 765
900 849
900 924
905 744
905 976
905 979
905 773
905 995
905 690
905 130
905 861
905 97
905 176
905 352
905 412
905 471
905 511
905 584
905 626
905 645
905 696
976 935
976 101
976 28
976 375
976 920
976 84
976 87
976 120
976 128
976 135
976 176
976 198
976 384
976 412
976 418
976 446
976 471
976 476
976 533
976 575
976 584
976 626
976 645
976 690
976 695
976 712
976 748
976 756
976 765
976 773
976 995
995 938
995 888
995 999
995 300
995 817
995 101
995 773
995 39
995 549
995 84
995 87
995 156
995 176
995 259
995 404
995 412
995 418
995 446
995 467
995 471
995 476
995 511
995 534
995 575
995 584
995 626
995 685
995 690
995 695
995 734
995 748
995 765
995 784
995 819
995 839
995 854
995 948
51 878
78 979
78 835
127 888
127 849
127 434
895 807
895 33
895 205
895 216
895 217
895 228
895 647
895 708
895 788
895 857
895 883
895 967
62 821
120 94
205 519
372 973
372 212
406 967
406 809
406 875
472 638
472 736
472 925
472 946
555 857
555 325
661 733
661 928
661 143
661 146
661 258
661 349
661 528
753 948
753 857
753 776
753 532
753 763
789 987
789 779
789 354
789 912
789 491
789 543
789 573
789 654
857 959
857 889
857 129
857 346
857 381
857 647
928 415
928 688
928 878
928 81
928 861
928 151
928 248
928 267
928 281
928 322
928 323
928 423
928 443
928 457
928 458
928 566
928 571
928 628
928 675
928 682
928 721
928 822
5 559
5 562
5 618
559 752
559 980
559 996
562 230
562 287
562 477
562 701
562 726
562 790
562 846
618 147
618 477
618 578
618 648
618 701
618 752
618 764
752 971
752 972
752 940
752 860
752 855
752 198
752 382
752 667
752 750
980 881
980 737
980 762
980 935
980 920
980 953
980 701
980 607
980 898
980 996
980 732
980 89
980 812
980 201
980 202
980 238
980 257
980 278
980 326
980 358
980 447
980 450
980 523
980 525
980 548
980 609
980 704
980 763
980 806
980 832
980 863
996 966
996 123
996 317
996 862
996 953
996 978
996 607
996 898
996 111
996 126
996 172
996 187
996 212
996 242
996 243
996 257
996 309
996 339
996 358
996 382
996 429
996 450
996 523
996 561
996 567
996 704
996 715
996 732
996 763
996 787
996 806
996 812
996 823
996 832
996 863
230 978
230 692
230 859
287 809
287 754
477 762
477 734
477 764
701 69
701 452
701 288
701 613
701 726
701 734
701 790
726 143
726 165
726 191
726 578
726 613
726 648
726 675
726 764
726 790
790 452
790 603
790 764
790 648
790 613
790 578
790 517
846 415
846 988
846 862
846 56
846 93
846 316
846 429
846 442
846 514
846 572
846 821
846 841
846 884
147 292
147 734
578 452
578 835
578 965
578 764
578 517
648 959
648 272
648 327
648 734
648 764
648 255
764 940
764 953
764 144
764 734
764 517
326 757
326 801
497 872
497 821
497 861
497 841
591 737
591 903
591 801
591 585
635 903
635 721
716 966
716 998
716 999
716 798
716 586
716 936
716 777
716 571
721 920
721 801
721 482
739 920
739 940
739 48
739 404
739 903
757 920
757 880
757 903
757 175
757 654
757 842
845 737
845 762
845 858
845 741
845 989
845 88
845 166
845 501
845 545
845 571
845 590
845 594
845 700
845 965
903 920
903 946
903 82
903 322
903 341
903 498
903 801
903 806
920 28
920 48
920 82
920 341
920 541
920 585
920 612
920 654
920 707
920 801
926 664
926 807
926 935
926 868
926 133
926 55
926 222
926 303
926 325
926 330
926 353
926 363
926 391
926 425
926 615
926 655
926 788
926 814
926 822
6 310
6 987
987 13
987 70
987 141
987 180
987 181
987 186
987 264
987 314
987 324
987 336
987 339
987 347
987 386
987 389
987 430
987 435
987 461
987 491
987 496
987 501
987 543
987 547
987 554
987 573
987 605
987 622
987 654
987 672
987 679
987 681
987 715
987 733
987 763
987 779
987 808
987 842
987 874
987 961
57 232
250 881
250 988
250 677
314 708
389 181
389 553
389 818
430 978
430 264
491 961
491 622
496 751
496 180
496 431
543 979
543 837
543 684
547 993
547 654
554 998
554 373
554 672
554 755
573 834
573 605
573 750
594 737
594 762
594 862
594 166
594 541
605 733
605 580
605 347
605 808
620 906
620 884
620 841
620 768
622 836
622 200
622 435
622 831
632 759
632 741
632 849
632 576
632 886
632 637
632 360
632 369
654 681
654 450
672 779
672 668
672 612
672 684
681 733
681 336
681 461
681 514
684 779
684 869
684 924
728 961
728 679
728 978
728 799
728 671
728 625
728 621
779 733
779 998
779 35
779 74
779 200
779 754
898 959
898 388
898 953
898 989
898 201
898 202
898 456
898 768
898 818
898 823
898 832
898 863
959 370
959 29
959 59
959 145
959 270
959 373
959 392
959 400
959 407
959 456
959 471
959 593
959 608
959 640
959 658
959 660
959 696
959 722
959 724
959 767
959 805
959 819
959 841
959 879
959 883
959 929
959 945
959 989
965 727
965 563
965 878
965 385
965 993
965 690
965 946
965 973
965 894
965 804
965 948
965 771
965 140
965 167
965 214
965 361
965 378
965 404
965 435
965 647
965 707
965 756
965 772
965 810
965 828
965 831
965 853
965 924
136 988
141 8
141 354
181 566
200 802
264 748
324 889
324 394
354 449
454 455
733 13
733 186
733 373
733 720
799 791
799 674
799 130
799 869
799 671
799 691
799 692
799 842
848 966
848 998
848 999
848 21
848 260
848 378
848 414
848 522
848 714
848 760
848 777
848 820
848 912
848 936
852 967
852 930
852 950
852 610
852 629
852 924
852 738
852 361
852 376
852 463
852 561
852 592
852 700
852 717
938 10
938 21
938 70
938 112
938 138
938 156
938 207
938 251
938 254
938 292
938 294
938 306
938 360
938 500
938 513
938 541
938 557
938 642
938 650
938 802
938 809
938 856
938 863
938 952
971 34
971 35
971 150
971 162
971 289
971 313
971 344
971 357
971 382
971 398
971 413
971 493
971 564
971 601
971 608
971 615
971 646
971 667
971 725
971 750
971 787
971 792
971 806
971 840
971 855
971 860
971 879
971 940
971 972
70 952
70 802
186 329
336 966
336 600
339 967
339 953
386 950
386 924
386 206
386 700
386 713
461 993
461 973
501 737
501 858
501 862
501 613
679 961
679 617
679 32
679 114
679 808
679 842
679 859
679 880
715 953
715 732
715 309
715 358
763 821
763 953
763 806
763 818
763 704
808 365
808 978
808 736
808 691
808 710
808 359
808 507
808 625
808 671
808 818
842 961
842 880
842 978
842 735
842 639
842 560
842 356
842 320
842 507
842 592
842 768
842 818
874 709
874 692
874 238
874 318
874 362
874 581
874 623
874 720
961 7
961 791
961 67
961 105
961 356
961 519
961 532
961 536
961 587
961 636
961 653
961 671
961 691
961 692
961 710
961 719
961 735
961 814
961 818
961 840
961 859
961 880
961 966
961 978
961 979
7 203
7 791
203 776
791 46
791 79
791 153
791 229
791 735
791 818
791 979
776 911
776 344
776 695
46 365
46 385
79 869
79 925
79 946
153 993
153 948
229 365
735 724
735 880
735 978
735 869
735 114
735 859
818 880
818 978
818 560
818 519
979 370
979 29
979 104
979 211
979 290
979 345
979 379
979 396
979 400
979 407
979 409
979 441
979 451
979 456
979 532
979 542
979 593
979 640
979 658
979 660
979 691
979 696
979 722
979 767
979 774
979 805
979 819
979 879
979 883
979 929
979 945
979 973
979 989
615 978
615 130
615 710
719 669
719 674
719 978
719 191
719 656
719 814
719 859
751 988
751 872
751 544
751 978
751 124
751 366
751 514
859 978
859 639
859 636
859 280
859 456
859 506
859 507
859 516
859 597
896 664
896 15
896 52
896 106
896 158
896 182
896 236
896 249
896 383
896 405
896 433
896 738
896 777
896 798
896 813
896 834
896 899
896 973
952 10
952 624
952 71
952 112
952 138
952 207
952 251
952 285
952 292
952 294
952 300
952 306
952 343
952 398
952 460
952 500
952 513
952 557
952 590
952 642
952 689
952 802
952 812
952 856
952 860
978 674
978 940
978 993
978 67
978 880
978 105
978 237
978 266
978 351
978 507
978 519
978 560
978 625
978 636
978 639
978 656
978 671
978 691
978 692
978 710
978 718
978 805
978 925
67 880
105 103
356 636
356 242
356 510
519 989
519 710
532 880
532 656
536 988
536 574
536 872
536 841
536 738
587 925
587 946
587 788
587 337
587 553
636 639
636 179
636 528
636 792
653 669
653 927
653 919
653 45
653 537
653 693
653 908
671 370
671 786
671 745
671 625
691 880
691 856
691 182
692 365
692 880
692 176
710 338
710 972
710 880
710 204
814 744
814 617
814 807
814 935
814 868
814 822
814 754
814 363
814 391
814 655
814 787
840 972
840 940
840 860
840 171
840 313
840 588
840 646
840 750
840 787
840 792
840 855
840 883
880 889
880 157
880 255
880 341
880 625
880 656
966 18
966 65
966 83
966 217
966 279
966 377
966 414
966 427
966 512
966 515
966 522
966 535
966 551
966 586
966 673
966 695
966 714
966 760
966 761
966 777
966 820
966 856
966 863
966 912
966 936
966 998
966 999
8 664
8 744
664 293
664 302
664 303
664 391
664 807
744 291
744 655
744 807
744 822
744 868
744 935
744 972
293 872
302 868
302 682
302 425
303 405
303 788
303 277
391 484
391 999
391 788
807 20
807 277
807 325
807 600
807 868
807 935
655 788
655 822
655 912
655 425
655 517
822 935
822 868
822 209
822 788
822 330
822 353
822 551
868 531
868 935
868 26
868 34
868 277
868 330
868 422
868 699
868 725
868 788
868 879
868 946
935 617
935 881
935 20
935 26
935 55
935 133
935 202
935 209
935 222
935 277
935 325
935 363
935 422
935 425
935 449
935 778
935 788
972 34
972 35
972 68
972 162
972 188
972 247
972 248
972 289
972 357
972 382
972 462
972 470
972 493
972 515
972 564
972 576
972 588
972 608
972 667
972 725
972 750
972 787
972 792
972 798
972 855
972 860
972 940
972 950
26 101
363 886
422 617
422 773
422 146
484 17
484 271
484 762
507 819
617 20
617 788
617 820
788 999
788 209
860 236
860 418
860 470
860 505
860 588
860 750
860 787
860 792
860 855
860 954
899 988
899 999
899 31
899 72
899 154
899 182
899 236
899 290
899 297
899 383
899 405
899 433
899 738
899 798
899 813
899 834
20 370
820 998
820 999
820 698
820 483
820 76
820 279
820 451
820 673
820 760
820 912
149 526
345 945
345 886
390 861
390 675
390 540
517 734
517 613
10 624
10 669
624 207
624 251
624 557
624 630
624 642
669 494
669 498
669 512
669 908
669 919
669 927
207 534
251 883
557 802
557 856
557 634
557 592
630 927
630 967
630 908
630 837
630 718
630 628
642 21
642 523
642 541
642 601
642 856
494 919
494 908
494 408
494 837
498 919
498 908
512 998
512 936
512 912
908 927
908 919
908 55
908 73
908 245
908 299
908 476
908 581
908 596
908 718
908 810
908 837
908 936
919 759
919 927
919 16
919 71
919 73
919 126
919 206
919 220
919 268
919 299
919 355
919 639
919 693
919 787
919 825
919 837
919 998
927 12
927 73
927 139
927 206
927 268
927 279
927 299
927 355
927 537
927 581
927 626
927 688
927 693
927 718
927 725
927 741
927 810
927 954
21 300
112 548
112 856
138 36
138 856
156 773
156 748
254 309
254 285
254 541
292 31
292 460
294 802
294 343
294 883
306 856
306 114
306 500
360 888
360 741
360 778
360 576
500 734
500 513
500 723
513 925
513 856
513 639
541 802
541 856
650 906
650 916
650 526
650 855
650 222
650 662
802 300
802 950
802 71
802 285
802 316
802 856
802 875
809 103
809 453
809 540
809 643
809 754
856 906
856 300
856 460
856 707
863 950
863 953
863 732
863 832
863 201
863 705
863 717
71 343
285 858
285 343
398 137
398 792
398 855
460 31
460 629
590 889
590 712
590 582
590 634
590 839
590 683
689 530
689 374
689 989
689 954
689 403
689 482
812 365
812 953
812 89
812 344
812 450
812 463
812 704
812 707
812 823
11 415
11 674
415 458
415 861
674 656
674 861
458 259
458 528
861 81
861 267
861 332
861 443
861 457
861 528
861 533
861 566
861 628
861 682
861 720
656 869
656 316
656 804
656 560
656 266
177 639
273 341
625 474
720 453
869 638
869 736
869 118
869 337
869 438
869 448
869 451
869 548
869 553
869 683
869 771
869 925
869 946
12 335
12 759
12 888
335 417
335 849
759 61
759 196
759 369
759 441
759 493
759 741
759 849
759 888
888 61
888 164
888 196
888 318
888 334
888 434
888 441
888 499
888 576
888 597
888 631
888 637
888 778
888 849
888 854
417 741
417 675
417 441
417 312
417 597
849 169
849 741
849 499
849 736
849 126
849 334
849 597
849 637
849 673
61 499
61 638
196 441
369 778
369 637
441 675
493 225
493 667
493 760
741 32
741 169
741 334
741 542
164 778
164 576
164 765
334 685
334 748
434 499
434 576
434 637
499 745
499 778
499 760
576 778
576 973
597 778
597 993
597 637
631 263
631 745
631 375
631 440
631 973
631 811
631 116
631 408
637 778
637 241
778 32
778 476
854 574
854 817
854 677
854 743
854 539
854 473
854 553
854 474
854 459
854 410
854 704
73 608
139 693
268 633
279 998
279 786
299 998
299 607
537 447
537 855
537 837
581 688
581 718
626 732
626 685
626 596
626 784
688 16
688 91
688 837
693 988
693 245
693 246
693 837
718 837
718 245
718 258
718 831
725 940
725 401
725 608
725 667
725 750
725 787
810 993
810 953
810 973
810 948
810 662
810 828
810 831
810 853
954 530
954 858
954 483
954 374
954 80
954 208
954 224
954 228
954 276
954 282
954 295
954 349
954 367
954 368
954 487
954 489
954 633
954 667
954 686
954 723
954 738
954 801
954 825
954 886
373 989
373 929
373 696
30 817
30 563
30 678
40 786
40 272
40 889
165 678
165 586
328 953
328 331
708 678
708 743
708 723
53 993
772 993
772 894
772 948
772 659
772 828
772 853
772 621
794 906
794 916
794 468
794 884
794 912
794 768
948 727
948 940
948 878
948 993
948 973
948 894
948 804
948 108
948 811
948 140
948 174
948 275
948 699
948 756
948 828
948 831
948 853
14 906
906 248
906 358
906 359
906 392
906 485
906 561
906 755
906 768
906 884
906 916
261 743
308 539
308 806
394 142
459 643
521 930
521 950
521 732
521 924
521 592
539 440
732 88
732 269
732 806
743 817
743 549
835 881
835 858
835 817
835 142
835 288
835 340
835 839
248 566
359 916
359 884
359 723
392 662
392 828
485 755
561 930
561 924
561 700
755 884
755 596
755 431
755 545
755 683
755 768
768 825
884 916
884 468
884 118
884 236
884 567
884 596
884 623
884 828
916 749
916 55
916 283
916 288
916 403
916 431
916 437
916 596
916 604
916 662
916 924
37 998
37 64
301 774
413 712
413 604
437 514
467 993
467 853
518 43
518 262
518 505
518 569
518 811
526 837
526 936
604 365
604 705
662 872
783 383
783 993
783 813
783 106
783 154
783 249
783 297
783 613
783 738
783 834
204 431
353 403
468 563
468 99
767 774
767 945
767 805
767 241
767 396
767 542
767 696
767 883
881 15
881 24
881 99
881 193
881 253
881 448
881 464
881 574
881 700
881 821
881 841
881 872
881 911
881 988
15 988
988 24
988 93
988 99
988 119
988 124
988 193
988 195
988 201
988 253
988 298
988 316
988 350
988 366
988 416
988 429
988 442
988 514
988 515
988 544
988 572
988 574
988 601
988 634
988 690
988 727
988 841
988 872
988 945
988 999
24 544
24 727
99 872
193 325
253 80
448 841
448 453
464 821
464 514
574 544
574 841
574 872
700 375
700 930
700 950
700 629
700 593
821 872
821 93
821 366
821 572
821 771
841 544
841 953
841 925
841 195
841 612
872 23
872 135
872 416
872 699
911 967
911 709
911 227
911 319
911 453
911 621
52 724
52 749
52 798
106 798
158 834
236 383
249 798
249 813
249 761
383 42
405 798
405 189
433 813
433 834
433 340
738 798
738 834
738 290
777 998
777 999
777 936
777 174
777 473
777 761
777 912
798 150
798 297
798 834
798 853
813 232
813 72
813 290
813 297
813 450
813 834
834 879
834 150
834 290
834 801
973 727
973 563
973 878
973 993
973 90
973 179
973 187
973 235
973 237
973 270
973 278
973 404
973 588
973 699
973 707
973 756
973 787
973 804
973 828
973 831
973 853
973 894
119 682
140 993
350 601
350 442
416 925
416 839
502 998
502 999
502 95
502 792
502 912
577 889
577 967
577 875
577 883
577 795
93 629
124 276
195 298
298 748
316 96
366 999
366 572
366 377
442 677
442 227
515 998
515 999
515 936
544 886
544 946
572 548
572 194
601 107
601 362
634 786
634 889
634 233
634 600
634 839
690 773
690 65
690 837
727 853
727 878
727 894
727 993
945 388
945 989
945 774
945 109
945 879
945 145
945 270
945 280
945 396
945 407
945 446
945 619
945 621
945 640
945 658
945 722
945 771
945 805
945 819
945 883
945 929
999 18
999 998
999 65
999 75
999 83
999 121
999 148
999 192
999 208
999 217
999 221
999 286
999 332
999 364
999 377
999 397
999 414
999 425
999 432
999 479
999 522
999 535
999 551
999 586
999 673
999 698
999 714
999 760
999 761
999 786
999 912
999 936
91 930
837 213
837 575
39 549
143 82
151 675
322 423
322 443
323 682
423 368
423 170
423 628
443 819
443 295
628 457
628 875
628 696
675 682
675 258
682 566
126 447
787 940
787 855
787 792
787 646
825 530
825 638
825 836
825 368
825 886
825 533
825 723
825 421
825 823
998 18
998 42
998 75
998 121
998 123
998 192
998 208
998 217
998 221
998 284
998 286
998 311
998 332
998 364
998 377
998 399
998 414
998 447
998 479
998 522
998 535
998 551
998 698
998 714
998 760
998 761
998 862
998 912
998 936
357 894
471 748
17 531
17 737
531 95
531 737
531 805
531 858
737 713
737 762
737 862
271 858
271 188
271 545
762 19
762 571
762 858
762 862
95 862
805 774
805 128
805 660
805 722
805 929
858 19
858 166
858 534
858 545
858 862
858 953
713 930
713 950
713 610
713 603
713 924
713 717
713 592
862 49
862 163
862 545
862 571
862 580
47 483
47 967
173 819
282 886
282 784
367 586
367 886
367 522
368 154
397 374
397 431
397 533
421 836
421 886
482 723
487 774
487 886
487 875
489 836
489 117
489 612
489 886
633 836
633 886
633 349
686 836
686 87
686 349
686 723
686 924
709 698
709 64
709 84
717 930
717 950
717 946
717 924
717 376
723 886
723 455
836 530
836 878
836 83
836 122
836 224
886 548
886 276
886 224
886 295
886 425
377 505
414 936
414 659
427 175
427 381
427 659
427 754
522 946
522 912
535 773
551 912
586 208
586 714
673 698
673 936
673 761
695 773
695 879
695 765
695 784
695 584
714 989
714 936
714 912
714 750
760 936
760 761
760 912
760 296
761 817
761 936
761 330
761 912
912 698
912 936
912 284
912 311
912 330
936 698
936 894
936 170
936 305
936 311
936 332
936 364
936 479
936 801
42 233
42 600
75 736
121 243
123 27
221 609
284 638
284 925
284 946
286 883
364 269
364 259
399 967
399 754
447 953
698 376
148 989
148 580
432 940
786 23
786 352
786 362
786 582
786 736
786 749
786 839
786 889
19 530
534 44
534 88
953 63
953 66
953 243
953 269
953 525
953 607
953 609
953 643
953 806
953 823
953 832
44 223
950 50
950 930
950 59
950 159
950 170
950 244
950 305
950 312
950 376
950 463
950 529
950 550
950 610
950 629
950 804
950 855
950 924
950 925
967 817
967 436
967 103
967 194
967 329
967 381
967 462
967 504
967 540
967 589
967 643
967 668
967 705
967 750
967 754
967 795
967 823
967 875
370 989
989 724
989 470
989 74
989 76
989 109
989 145
989 211
989 270
989 280
989 379
989 396
989 400
989 409
989 542
989 580
989 593
989 621
989 640
989 645
989 658
989 667
989 696
989 722
989 774
989 795
989 819
989 879
989 883
989 929
600 466
600 749
600 839
600 993
133 48
523 745
523 832
378 993
765 773
765 214
765 259
765 476
765 784
23 107
107 804
804 878
804 993
804 894
804 564
804 853
645 685
645 748
645 446
352 889
352 362
362 889
362 582
582 749
582 171
582 668
582 839
736 553
736 683
736 771
736 925
736 946
749 889
749 137
749 171
749 281
749 705
749 712
749 839
839 272
839 889
839 233
839 930
839 466
839 712
889 272
889 66
889 137
889 171
889 233
889 235
889 281
889 466
889 585
889 712
135 748
699 878
699 993
699 894
946 638
946 925
946 117
946 118
946 320
946 337
946 438
946 451
946 462
946 548
946 553
946 619
946 683
946 771
853 436
853 993
853 894
853 795
853 831
878 43
878 707
878 756
878 828
878 894
878 993
894 993
894 97
894 658
894 707
894 831
993 563
993 385
993 90
993 174
993 214
993 235
993 275
993 361
993 506
993 704
993 707
993 756
993 831
376 924
225 232
225 288
319 340
473 677
473 340
474 400
678 50
678 194
678 677
678 875
101 685
685 607
685 511
879 109
879 407
879 456
879 593
879 640
879 660
879 722
879 883
879 929
27 263
27 492
27 745
263 505
263 659
492 241
492 262
492 659
492 745
492 811
745 331
745 375
745 401
745 505
745 569
745 811
505 569
505 659
659 440
659 401
659 811
659 569
241 408
241 262
262 811
262 832
811 375
811 157
811 108
811 269
811 116
811 331
811 806
331 157
375 28
401 43
401 463
401 569
569 929
569 542
28 440
440 408
408 116
408 588
585 651
585 511
412 619
446 409
533 295
575 258
575 281
584 784
712 66
712 466
712 90
712 281
712 828
748 525
756 925
756 828
773 33
773 275
773 784
29 317
104 774
280 883
379 244
379 883
400 819
407 540
516 580
516 929
516 883
516 621
580 819
621 724
621 883
724 340
724 658
724 722
724 819
724 929
774 409
774 658
819 462
819 542
819 660
883 929
883 409
883 456
883 696
929 162
929 211
929 409
929 542
929 623
929 640
929 658
929 660
929 696
929 722
929 784
59 930
59 610
145 647
270 696
593 396
593 660
608 940
722 651
722 930
211 237
451 925
50 930
194 668
677 232
875 668
875 242
875 504
875 589
875 643
875 754
875 795
875 828
31 436
436 175
436 795
795 329
795 381
795 705
629 930
629 466
629 924
72 374
297 452
32 169
33 338
784 337
647 351
159 930
159 924
247 855
289 940
289 643
313 452
382 940
470 940
470 68
564 940
564 438
564 667
588 792
646 940
646 566
646 792
750 940
750 855
792 855
792 592
855 940
855 188
924 930
924 610
924 244
924 305
924 411
924 550
924 592
924 609
940 35
940 68
940 162
940 188
940 276
940 668
940 828
806 823
68 130
754 381
828 831
108 269
609 823
823 638
823 832
832 116
309 243
388 610
388 63
525 506
296 453
296 623
438 925
550 233
550 930
550 610
41 651
411 930
411 683
411 463
549 97
404 831
734 144
734 327
734 255
272 137
66 466
651 312
312 930
43 157
223 478
478 109
266 589
329 643
381 540
504 643
504 831
122 278
361 925
930 170
930 244
930 305
930 592
610 529
925 638
925 117
925 118
925 227
925 320
925 548
925 619
925 683
925 771
457 771
771 117
771 337
771 619
69 452
69 603
255 603
255 191
603 191
603 613
613 327
553 619
683 320
683 619
320 619
144 327
