0 681
0 938
0 940
0 974
681 601
681 866
681 905
681 907
681 948
681 970
681 983
681 993
938 1
938 19
938 70
938 186
938 321
938 411
938 497
938 519
938 542
938 576
938 610
938 632
938 676
938 685
938 688
938 704
938 713
938 778
938 850
938 931
938 936
938 940
938 954
938 960
938 974
940 19
940 38
940 97
940 116
940 172
940 335
940 370
940 426
940 427
940 497
940 519
940 576
940 584
940 610
940 632
940 674
940 676
940 704
940 713
940 797
940 936
940 954
940 960
940 974
940 995
974 19
974 20
974 38
974 70
974 97
974 209
974 233
974 282
974 306
974 321
974 331
974 335
974 426
974 427
974 431
974 476
974 497
974 560
974 576
974 584
974 610
974 632
974 676
974 704
974 713
974 824
974 830
974 904
974 936
974 937
974 954
974 960
974 983
601 983
601 993
601 11
601 785
601 839
601 891
866 981
866 983
866 993
866 947
866 948
866 907
866 901
866 705
866 138
866 419
866 758
866 839
866 891
866 905
866 970
905 981
905 983
905 993
905 878
905 948
905 531
905 845
905 891
905 908
905 970
905 793
905 310
905 320
905 342
905 369
905 437
905 785
905 839
907 981
907 983
907 993
907 948
907 666
907 39
907 64
907 419
907 463
907 487
907 654
907 705
907 758
907 793
907 845
907 891
907 908
907 970
948 981
948 983
948 993
948 23
948 56
948 222
948 363
948 399
948 460
948 463
948 554
948 634
948 705
948 758
948 785
948 839
948 845
948 891
948 908
948 919
948 970
948 988
948 995
970 989
970 981
970 983
970 993
970 705
970 967
970 634
970 845
970 891
970 908
970 247
970 758
970 305
970 306
970 339
970 371
970 399
970 416
970 419
970 430
970 437
970 449
970 463
970 487
970 565
970 631
970 747
970 785
970 793
983 976
983 7
983 981
983 23
983 40
983 43
983 131
983 305
983 310
983 362
983 363
983 396
983 416
983 460
983 487
983 513
983 565
983 631
983 668
983 705
983 740
983 758
983 785
983 793
983 839
983 845
983 872
983 891
983 908
983 941
983 993
993 7
993 981
993 40
993 43
993 131
993 158
993 160
993 247
993 305
993 310
993 320
993 371
993 396
993 399
993 416
993 419
993 460
993 463
993 487
993 568
993 631
993 634
993 690
993 705
993 748
993 758
993 761
993 785
993 793
993 839
993 845
993 849
993 891
993 908
993 917
993 929
993 986
1 243
1 936
1 960
19 973
70 960
70 718
186 936
186 960
186 906
321 960
321 954
321 996
411 990
411 995
411 966
411 644
497 960
497 980
497 542
519 960
519 963
519 431
519 954
542 936
542 960
542 954
542 311
542 690
576 960
576 431
576 863
576 713
610 936
610 954
610 211
610 282
610 536
632 936
632 960
632 963
632 913
632 370
676 936
676 960
676 954
676 388
676 713
676 715
685 921
685 789
685 944
685 80
685 340
685 498
685 797
685 816
688 459
688 749
688 318
688 939
688 724
688 317
688 466
688 429
704 936
704 960
704 972
704 954
704 282
704 713
713 960
713 954
713 975
778 999
778 944
778 826
778 968
778 776
778 924
778 606
778 808
778 755
778 460
850 825
850 945
850 946
850 791
850 871
850 774
850 139
850 198
850 422
850 442
850 482
850 593
850 706
850 743
931 9
931 918
931 159
931 220
931 267
931 352
931 432
931 534
931 547
931 582
931 604
931 613
931 639
931 701
931 709
931 723
931 733
931 760
931 770
931 875
931 879
931 880
931 904
931 947
936 38
936 97
936 233
936 306
936 426
936 427
936 476
936 549
936 560
936 584
936 662
936 672
936 677
936 751
936 954
936 960
954 960
954 431
954 994
954 20
954 306
954 333
954 335
954 370
954 426
954 427
954 476
954 560
954 584
954 599
954 768
954 803
954 955
960 20
960 233
960 282
960 306
960 370
960 560
960 584
960 752
960 813
960 838
960 856
960 868
960 952
38 920
97 896
116 997
116 984
116 894
172 858
172 941
172 843
335 912
335 476
370 875
426 982
427 600
584 361
584 560
674 809
674 826
674 831
674 137
674 176
674 322
674 897
797 790
797 921
797 789
797 589
797 207
797 670
797 329
797 689
797 729
797 816
995 441
995 990
995 985
995 49
995 771
995 57
995 91
995 114
995 127
995 129
995 195
995 212
995 222
995 231
995 232
995 242
995 275
995 281
995 307
995 338
995 361
995 379
995 383
995 406
995 502
995 524
995 558
995 588
995 617
995 644
995 684
995 731
995 744
995 765
995 796
995 801
995 813
995 814
995 865
995 943
995 956
995 966
995 979
20 912
209 958
209 971
209 583
233 459
282 864
331 742
331 820
331 508
331 848
431 13
431 94
476 999
476 915
560 918
560 648
824 15
824 278
824 567
824 668
824 697
824 736
824 893
824 912
824 920
824 923
824 952
824 964
824 996
830 972
830 977
830 994
830 988
830 882
830 860
830 896
830 854
830 957
830 902
830 846
830 469
830 499
904 986
904 767
904 890
904 764
904 762
904 932
904 489
904 183
904 216
904 244
904 261
904 302
904 315
904 405
904 499
904 739
904 794
904 929
937 13
937 673
937 111
937 123
937 161
937 227
937 327
937 339
937 435
937 439
937 468
937 490
937 504
937 509
937 570
937 572
937 573
937 609
937 639
937 653
937 787
937 828
937 835
937 897
937 951
243 946
243 969
243 982
946 969
946 982
946 986
946 55
946 80
946 184
946 189
946 315
946 356
946 382
946 387
946 405
946 409
946 633
946 636
946 698
946 739
946 763
946 764
946 794
946 869
946 890
946 924
946 929
946 932
969 972
969 35
969 55
969 86
969 145
969 199
969 208
969 213
969 216
969 283
969 302
969 314
969 356
969 382
969 405
969 489
969 492
969 531
969 595
969 619
969 638
969 647
969 698
969 739
969 764
969 794
969 842
969 890
969 929
969 932
969 982
969 986
982 963
982 35
982 74
982 109
982 145
982 184
982 189
982 199
982 213
982 244
982 261
982 284
982 302
982 315
982 356
982 357
982 387
982 402
982 409
982 499
982 531
982 544
982 605
982 620
982 636
982 638
982 729
982 739
982 761
982 773
982 794
982 890
982 929
982 932
982 986
549 927
549 930
549 728
549 73
549 820
549 848
662 837
662 973
662 989
662 997
662 702
662 885
662 737
672 856
672 901
672 985
672 953
672 121
672 161
672 847
677 962
677 987
677 89
677 471
677 538
677 684
677 844
677 919
751 6
751 95
751 373
751 486
751 752
751 756
751 818
751 918
751 928
751 933
752 790
752 933
752 928
752 849
752 51
752 171
752 551
752 648
752 864
813 837
813 973
813 989
813 997
813 984
813 967
813 456
813 894
813 294
813 628
813 877
838 821
838 999
838 980
838 944
838 991
838 968
838 776
838 624
838 238
838 378
838 394
838 481
838 909
838 924
856 990
856 42
856 138
856 404
856 461
856 602
856 616
856 630
856 647
856 686
856 776
856 815
856 847
856 985
868 942
868 985
868 922
868 69
868 86
868 105
868 200
868 218
868 417
868 503
868 543
868 691
868 693
868 887
868 917
952 825
952 912
952 513
952 996
952 64
952 553
952 139
952 192
952 278
952 366
952 413
952 552
952 596
952 682
952 697
952 720
952 754
952 779
952 805
952 848
952 863
952 880
952 893
952 923
952 950
952 964
2 512
2 790
2 837
2 921
512 566
512 790
512 812
512 816
512 921
790 498
790 670
790 689
790 716
790 729
790 867
790 921
790 934
837 451
837 667
837 833
837 854
837 885
837 894
837 899
837 967
837 973
837 984
837 989
837 997
921 80
921 207
921 329
921 340
921 425
921 498
921 518
921 626
921 670
921 689
921 716
921 729
921 789
921 799
921 812
921 816
921 934
921 976
566 977
566 994
566 988
566 154
566 902
566 957
812 928
812 985
812 791
812 816
812 626
812 340
812 729
812 498
812 518
812 689
812 716
816 789
816 996
816 670
816 264
816 328
816 626
816 716
816 729
498 910
498 626
670 207
670 322
670 689
670 716
689 989
689 729
689 716
689 518
716 789
716 912
716 409
716 518
729 789
729 827
729 340
867 961
867 979
867 991
867 726
867 965
867 265
867 926
867 228
867 559
867 679
867 753
867 775
867 877
867 892
867 903
934 24
934 780
934 60
934 84
934 119
934 132
934 214
934 280
934 523
934 554
934 633
934 659
934 660
934 665
934 721
934 819
934 844
934 861
934 879
934 910
934 922
934 955
934 998
451 989
451 984
451 967
451 894
451 194
667 973
667 989
667 997
667 942
667 967
667 939
667 628
833 862
833 927
833 788
833 913
833 234
833 772
833 270
833 343
833 355
833 479
833 730
833 766
833 834
854 972
854 977
854 994
854 988
854 943
854 168
854 611
854 376
854 466
854 782
854 798
854 803
854 846
885 973
885 989
885 997
885 857
885 345
885 780
885 984
885 882
885 967
885 894
885 899
885 720
885 219
885 477
885 545
885 628
894 973
894 989
894 997
894 862
894 967
894 815
894 219
894 268
894 348
894 408
894 415
894 477
894 536
894 899
899 973
899 989
899 997
899 949
899 984
899 967
899 456
899 143
899 326
899 334
899 449
899 608
899 657
899 793
899 872
899 929
967 973
967 989
967 997
967 930
967 79
967 345
967 987
967 984
967 869
967 71
967 96
967 191
967 202
967 205
967 268
967 408
967 449
967 507
967 586
967 608
967 628
967 657
967 737
967 909
967 965
973 5
973 27
973 79
973 88
973 202
973 238
973 268
973 289
973 326
973 334
973 345
973 374
973 496
973 507
973 545
973 586
973 608
973 628
973 737
973 753
973 772
973 820
973 823
973 984
973 989
973 997
984 989
984 997
984 918
984 345
984 987
984 27
984 71
984 96
984 99
984 143
984 166
984 191
984 238
984 289
984 294
984 301
984 325
984 326
984 334
984 348
984 374
984 449
984 456
984 477
984 536
984 545
984 586
984 628
984 657
984 737
984 851
984 923
984 964
989 5
989 27
989 71
989 79
989 81
989 96
989 202
989 289
989 294
989 301
989 330
989 348
989 374
989 408
989 443
989 456
989 477
989 478
989 507
989 536
989 545
989 546
989 586
989 608
989 657
989 737
989 900
989 926
989 985
989 997
997 5
997 27
997 75
997 96
997 143
997 191
997 202
997 219
997 238
997 268
997 289
997 294
997 301
997 326
997 334
997 348
997 374
997 408
997 443
997 449
997 456
997 507
997 536
997 545
997 586
997 608
997 657
997 664
997 737
997 769
997 770
997 869
997 898
997 902
997 932
997 977
80 789
207 792
329 789
329 957
329 626
340 945
425 980
425 99
425 808
425 968
518 789
518 919
626 789
626 465
626 386
789 9
789 547
799 999
799 28
799 87
799 605
799 808
799 909
799 914
799 924
799 944
799 968
799 980
976 4
976 354
976 916
976 68
976 187
976 239
976 298
976 323
976 325
976 346
976 364
976 377
976 385
976 389
976 407
976 424
976 436
976 450
976 494
976 548
976 568
976 678
976 698
976 750
976 817
976 832
976 852
976 855
976 886
976 896
976 924
976 935
976 943
976 998
3 459
3 462
3 749
3 795
459 255
459 454
459 749
462 757
462 807
462 810
462 840
462 878
749 31
749 78
749 454
749 702
749 724
749 734
749 787
795 31
795 147
795 454
795 465
795 466
795 555
795 702
795 724
795 757
795 758
795 933
255 959
255 147
255 323
454 965
454 724
454 429
757 22
757 475
757 90
757 170
757 798
757 807
757 810
757 841
757 878
807 475
807 878
807 810
807 841
807 615
807 700
807 210
807 144
807 328
807 606
807 712
810 878
810 29
810 102
810 149
810 615
810 635
810 712
810 840
810 841
810 953
840 475
840 878
840 29
840 65
840 90
840 115
840 564
840 615
840 700
840 708
840 712
840 739
840 841
878 22
878 29
878 65
878 149
878 328
878 590
878 700
878 712
878 841
878 876
878 902
31 26
31 465
78 823
78 324
78 318
702 465
702 769
702 640
702 163
702 429
702 724
724 575
724 465
724 920
724 555
724 212
734 485
734 985
734 953
734 718
734 815
734 847
734 250
734 404
734 761
787 951
787 735
787 266
787 897
787 587
787 203
787 439
787 594
787 490
787 801
147 344
147 640
465 575
466 324
466 323
466 317
555 55
555 163
555 312
555 318
555 323
758 981
758 891
758 247
758 714
933 6
933 447
933 95
933 155
933 171
933 181
933 373
933 486
933 488
933 528
933 551
933 571
933 621
933 648
933 753
933 756
933 765
933 767
933 849
933 870
933 928
933 977
4 354
4 441
4 916
354 723
354 935
354 943
441 50
441 796
441 814
441 990
916 68
916 239
916 258
916 277
916 325
916 424
916 494
916 503
916 543
916 568
916 678
916 682
916 750
916 817
916 832
916 846
916 879
916 886
916 935
916 943
723 918
723 947
723 875
723 972
723 709
723 879
723 770
723 733
935 852
935 971
935 23
935 41
935 253
935 258
935 277
935 346
935 364
935 385
935 407
935 436
935 450
935 548
935 568
935 678
935 750
935 817
935 832
935 886
935 943
935 996
943 852
943 63
943 68
943 187
943 239
943 258
943 298
943 325
943 346
943 364
943 424
943 436
943 494
943 548
943 590
943 678
943 695
943 701
943 750
943 832
943 886
50 987
50 731
50 744
796 857
796 990
796 901
796 911
796 57
796 242
796 397
796 588
796 801
796 966
814 990
814 873
814 771
814 966
814 829
814 843
814 801
814 232
814 617
814 644
814 765
990 980
990 33
990 49
990 57
990 91
990 114
990 127
990 129
990 195
990 212
990 222
990 231
990 232
990 275
990 307
990 338
990 379
990 381
990 383
990 397
990 502
990 558
990 565
990 588
990 614
990 617
990 644
990 731
990 744
990 765
990 771
990 777
990 801
990 860
990 909
990 926
990 966
68 705
239 558
258 886
277 901
277 750
277 377
325 678
424 897
424 750
494 994
494 886
494 436
503 887
503 914
503 917
503 691
543 887
543 914
543 917
543 297
543 508
568 852
568 817
568 832
678 227
678 886
678 817
678 280
682 999
682 920
682 996
682 893
682 964
682 863
682 950
750 852
750 886
750 274
750 286
817 852
817 958
817 886
817 187
817 317
817 389
817 480
817 548
832 852
832 886
832 720
832 590
832 775
832 385
832 389
832 407
832 548
846 949
846 972
846 977
846 988
846 860
846 896
846 798
846 957
846 903
846 902
846 366
846 710
879 918
879 947
879 875
879 262
879 352
879 432
879 534
879 547
879 582
879 613
879 621
879 701
879 733
886 852
886 875
886 891
886 157
886 407
886 450
886 548
886 590
187 809
298 852
298 479
298 590
323 163
346 852
346 400
364 747
364 450
377 852
377 385
377 657
385 981
389 852
389 644
407 978
436 808
436 612
450 590
450 334
548 696
698 986
698 890
698 777
698 357
698 287
698 387
852 10
852 567
852 953
855 994
855 959
855 975
855 978
855 992
855 906
855 925
855 773
855 801
855 384
855 444
855 646
855 745
855 865
896 821
896 972
896 977
896 994
896 696
896 988
896 882
896 860
896 154
896 204
896 273
896 611
896 782
896 902
896 957
924 821
924 999
924 980
924 786
924 944
924 956
924 968
924 738
924 514
924 650
924 521
924 950
924 257
924 341
924 386
924 400
924 525
924 808
998 999
998 972
998 24
998 780
998 30
998 53
998 60
998 83
998 84
998 90
998 113
998 119
998 173
998 204
998 271
998 303
998 330
998 421
998 435
998 446
998 472
998 473
998 474
998 482
998 501
998 510
998 532
998 554
998 592
998 599
998 607
998 633
998 660
998 665
998 666
998 721
998 742
998 747
998 763
998 771
998 819
998 844
998 853
998 910
998 922
998 939
998 955
998 957
5 577
577 7
577 861
577 889
577 919
577 962
577 987
7 981
861 962
861 987
861 883
861 41
861 61
861 101
861 171
861 561
861 784
861 800
861 806
861 827
861 842
861 919
889 999
889 836
889 962
889 987
889 687
889 41
889 61
889 210
889 237
889 398
889 561
889 784
889 800
889 806
889 888
889 919
889 964
919 927
919 836
919 962
919 987
919 661
919 883
919 906
919 888
919 800
919 89
919 237
919 313
919 538
919 561
919 784
919 806
919 877
962 21
962 836
962 36
962 67
962 152
962 156
962 196
962 313
962 316
962 398
962 440
962 471
962 538
962 561
962 613
962 684
962 687
962 784
962 800
962 806
962 827
962 844
962 876
962 877
962 925
962 987
987 21
987 836
987 36
987 41
987 61
987 89
987 101
987 152
987 156
987 178
987 196
987 253
987 289
987 313
987 398
987 440
987 448
987 471
987 538
987 561
987 608
987 614
987 661
987 684
987 687
987 784
987 800
987 806
987 827
987 877
987 883
987 888
987 992
79 18
88 629
88 658
88 762
268 324
326 556
345 21
374 892
496 887
496 914
496 917
496 655
496 691
507 857
507 443
545 977
545 485
586 477
586 766
608 805
608 737
628 988
628 657
737 992
737 252
737 443
753 961
753 979
753 991
753 288
753 900
753 250
753 679
753 717
772 823
772 828
772 680
772 781
772 225
772 479
772 581
772 730
772 834
820 930
820 963
820 93
820 103
820 453
820 522
820 546
820 741
820 802
820 848
823 862
823 18
823 788
823 225
823 343
823 380
823 527
823 581
823 618
823 658
823 680
71 438
81 353
81 708
81 727
294 270
301 219
301 645
330 747
330 607
330 844
348 863
408 137
443 914
443 536
456 101
477 501
478 961
478 979
478 991
478 880
478 900
546 963
546 122
546 272
546 675
546 851
657 284
900 942
900 961
900 968
900 965
900 926
900 197
900 283
900 535
900 559
900 649
900 690
900 715
900 775
900 804
900 892
900 903
926 942
926 956
926 961
926 991
926 965
926 174
926 177
926 224
926 241
926 430
926 458
926 625
926 715
926 717
926 775
926 804
926 874
926 880
926 892
926 903
985 994
985 299
985 45
985 485
985 630
985 901
985 98
985 121
985 125
985 138
985 148
985 165
985 208
985 225
985 246
985 404
985 421
985 461
985 484
985 533
985 595
985 602
985 616
985 641
985 647
985 652
985 654
985 686
985 718
985 748
985 761
985 815
985 847
985 941
985 953
75 977
75 988
75 860
143 776
191 942
449 947
664 981
664 958
664 971
664 869
664 956
664 585
664 818
769 873
769 703
769 58
769 221
769 290
769 637
769 831
769 876
769 915
770 918
770 947
770 875
770 841
770 267
770 639
770 701
770 733
869 692
869 958
869 971
869 63
869 150
869 393
869 493
869 541
869 564
869 569
869 818
869 956
898 947
898 884
898 986
898 822
898 873
898 911
898 703
898 881
898 58
898 142
898 185
898 226
898 290
898 291
898 341
898 457
898 876
898 915
902 972
902 977
902 994
902 988
902 966
902 882
902 957
902 803
902 782
902 269
902 420
902 593
902 694
932 986
932 531
932 890
932 764
932 109
932 184
932 208
932 213
932 244
932 284
932 287
932 343
932 356
932 409
932 492
932 621
932 665
932 739
932 754
932 929
977 14
977 972
977 46
977 54
977 92
977 110
977 256
977 273
977 360
977 366
977 420
977 434
977 515
977 694
977 696
977 745
977 746
977 782
977 798
977 803
977 829
977 860
977 895
977 957
977 988
977 994
977 996
6 447
6 862
447 214
447 767
447 849
447 928
862 17
862 380
862 467
862 479
862 620
862 645
862 730
862 766
862 788
862 834
862 913
862 988
214 763
214 472
767 928
767 849
767 51
767 130
767 488
767 551
767 756
767 808
849 928
849 46
849 95
849 221
849 373
849 571
849 621
849 653
849 756
849 864
928 930
928 34
928 95
928 149
928 171
928 181
928 373
928 486
928 488
928 528
928 551
928 571
928 621
928 653
928 756
928 805
928 864
373 693
486 864
486 648
486 618
756 958
756 883
756 864
756 155
756 551
756 653
818 673
818 958
818 859
818 956
818 759
818 719
818 217
818 541
818 598
818 779
918 9
918 159
918 220
918 262
918 534
918 547
918 582
918 613
918 639
918 671
918 701
918 709
918 733
918 875
918 947
918 978
17 945
17 821
17 999
380 658
380 680
380 218
467 18
467 290
467 618
467 629
467 781
479 781
479 913
620 828
620 680
620 834
620 730
620 581
620 766
645 881
645 762
645 913
645 343
645 540
645 350
730 955
730 925
730 781
730 913
730 834
730 350
766 658
766 781
766 913
766 834
766 618
766 581
766 646
788 18
788 270
788 521
788 581
788 618
788 762
788 781
788 841
788 913
834 629
834 658
834 913
834 263
834 540
834 432
834 706
834 715
913 731
913 826
913 762
913 126
913 781
913 234
913 263
913 270
913 350
913 540
913 618
913 654
988 972
988 994
988 687
988 44
988 696
988 46
988 59
988 92
988 110
988 154
988 205
988 235
988 269
988 300
988 360
988 368
988 376
988 434
988 474
988 480
988 505
988 515
988 611
988 694
988 746
988 782
988 798
988 860
988 882
988 908
988 957
155 915
155 571
181 883
181 864
488 864
488 52
488 648
528 51
528 653
528 714
528 864
551 786
551 864
571 947
571 621
571 624
621 864
621 653
648 864
648 179
648 835
765 994
765 731
765 966
765 891
765 558
765 777
765 406
870 942
870 961
870 979
870 991
870 131
870 260
870 304
870 399
870 430
870 649
870 804
870 874
870 880
870 903
870 965
981 23
981 40
981 43
981 129
981 160
981 305
981 310
981 320
981 363
981 371
981 396
981 416
981 437
981 460
981 487
981 565
981 631
981 634
981 638
981 785
981 839
981 845
981 883
981 890
981 891
981 908
981 945
981 980
40 556
43 809
129 966
160 893
160 908
305 888
310 847
320 405
320 371
363 917
363 631
371 915
396 999
396 845
416 281
437 908
437 332
437 530
460 908
487 964
565 908
565 793
565 500
631 793
631 707
631 839
634 968
634 115
634 845
634 908
638 986
638 929
638 216
638 563
638 636
785 891
785 908
785 457
785 839
785 581
839 947
839 660
839 845
839 908
839 401
839 463
845 630
845 131
845 199
845 784
845 891
883 836
883 661
883 36
883 687
883 237
883 392
883 398
883 684
883 800
883 827
883 877
883 888
890 986
890 74
890 244
890 260
890 283
890 382
890 402
890 764
890 794
890 871
890 923
890 929
891 705
891 153
891 717
891 793
891 908
908 864
908 762
908 499
908 793
945 8
945 391
945 825
945 120
945 136
945 151
945 286
945 422
945 442
945 452
945 520
945 539
945 593
945 663
945 707
945 728
945 743
945 774
945 791
945 871
945 880
945 949
945 965
980 821
980 999
980 857
980 28
980 32
980 37
980 87
980 99
980 107
980 108
980 117
980 140
980 223
980 344
980 386
980 481
980 517
980 521
980 525
980 527
980 650
980 738
980 755
980 768
980 776
980 804
980 808
980 909
980 910
980 944
980 950
980 968
362 912
362 996
362 950
362 567
513 39
513 736
513 950
513 996
668 975
668 992
668 906
668 925
668 865
668 483
705 483
740 556
740 562
740 135
740 137
740 167
740 338
740 375
740 711
740 831
793 825
793 263
872 927
872 930
872 963
872 603
872 642
872 829
872 455
872 633
872 272
872 388
872 714
872 741
872 760
872 848
872 851
941 56
941 683
941 858
941 66
941 104
941 193
941 236
941 249
941 303
941 332
941 347
941 404
941 410
941 423
941 448
941 464
941 526
941 597
941 622
941 671
941 726
941 783
941 827
941 843
158 762
158 680
158 234
247 297
399 791
419 336
463 444
690 942
690 961
690 979
690 991
690 965
690 715
748 630
748 901
748 953
748 815
748 491
748 652
748 309
748 647
761 953
761 847
761 616
761 654
761 686
761 533
761 647
917 873
917 69
917 887
917 914
917 105
917 146
917 200
917 218
917 251
917 297
917 417
917 580
917 655
917 691
917 693
917 964
929 986
929 764
929 489
929 965
929 183
929 314
929 213
929 287
929 307
929 351
929 402
929 492
929 636
929 739
929 794
986 930
986 35
986 74
986 106
986 109
986 183
986 184
986 189
986 208
986 216
986 283
986 284
986 287
986 302
986 314
986 315
986 357
986 382
986 387
986 395
986 409
986 489
986 492
986 499
986 531
986 561
986 614
986 636
986 693
986 739
986 764
8 391
8 825
8 949
391 663
391 831
391 949
825 286
825 428
825 452
825 482
825 663
825 707
825 774
825 844
825 949
949 151
949 198
949 286
949 415
949 422
949 428
949 452
949 482
949 520
949 526
949 539
949 593
949 663
949 706
949 707
949 774
949 791
949 860
949 871
949 909
949 992
663 965
663 198
663 539
663 593
831 557
831 955
831 809
831 562
831 826
831 135
831 367
831 375
831 412
831 711
286 791
428 743
428 199
428 707
452 893
452 791
452 871
482 200
482 707
707 650
707 706
707 415
774 881
774 871
774 136
774 520
774 357
774 593
774 743
844 666
844 955
844 922
844 510
844 853
844 819
844 607
844 554
844 659
120 552
120 791
120 871
136 871
136 520
151 871
151 743
422 961
422 871
442 520
442 539
442 706
442 420
520 641
539 871
539 229
539 533
593 871
728 927
728 28
728 641
728 760
728 802
728 829
728 848
728 851
743 791
743 871
743 853
743 706
743 746
791 414
791 415
791 706
871 963
871 953
871 415
871 706
880 942
880 961
880 979
880 991
880 759
880 197
880 384
880 625
880 649
880 717
880 804
965 942
965 438
965 961
965 979
965 991
965 157
965 759
965 278
965 288
965 337
965 430
965 458
965 506
965 625
965 679
965 691
965 715
965 717
965 775
965 804
965 874
965 892
965 903
198 944
526 597
526 843
526 347
526 410
706 337
860 972
860 959
860 882
860 300
860 694
860 746
860 798
860 957
909 516
909 999
909 786
909 944
909 768
909 738
909 776
909 843
909 624
909 481
909 606
909 808
909 394
909 525
992 912
992 25
992 959
992 975
992 978
992 42
992 82
992 112
992 118
992 132
992 141
992 166
992 178
992 188
992 206
992 224
992 279
992 384
992 412
992 444
992 453
992 483
992 505
992 530
992 544
992 563
992 611
992 619
992 627
992 635
992 646
992 709
992 745
992 773
992 786
992 811
992 865
992 888
992 906
992 925
9 947
947 159
947 220
947 262
947 267
947 352
947 432
947 495
947 534
947 547
947 582
947 613
947 639
947 701
947 709
947 733
947 875
547 875
547 975
159 822
220 955
262 875
534 996
534 733
582 875
582 709
582 701
613 875
613 686
613 701
639 709
639 777
639 352
671 858
671 600
671 316
671 464
671 332
671 851
701 922
709 875
709 84
733 875
733 991
733 640
875 14
875 432
875 570
978 25
978 959
978 975
978 42
978 82
978 118
978 132
978 141
978 166
978 188
978 224
978 279
978 372
978 384
978 392
978 455
978 483
978 505
978 530
978 544
978 563
978 579
978 619
978 627
978 635
978 646
978 745
978 773
978 811
978 842
978 865
978 906
978 925
978 964
267 911
267 432
352 697
604 884
604 895
604 725
604 319
604 433
604 591
760 927
760 930
760 699
760 675
760 495
760 368
760 643
760 851
495 927
495 963
495 274
495 802
10 927
10 930
10 963
927 231
927 402
927 511
927 522
927 529
927 641
927 699
927 714
927 741
927 792
927 802
927 829
927 848
927 851
927 930
927 963
930 122
930 145
930 288
930 388
930 455
930 511
930 522
930 529
930 579
930 675
930 714
930 741
930 742
930 848
930 851
930 963
963 73
963 103
963 190
963 241
963 272
963 274
963 388
963 395
963 414
963 455
963 508
963 579
963 603
963 642
963 693
963 699
963 714
963 741
963 742
963 829
963 865
567 975
567 964
567 552
567 863
953 299
953 485
953 901
953 66
953 98
953 121
953 125
953 165
953 309
953 404
953 461
953 484
953 602
953 616
953 647
953 654
953 718
953 736
953 847
953 979
231 966
402 794
511 445
511 711
511 579
511 851
522 910
522 122
522 848
529 991
529 103
529 802
529 848
641 675
641 241
641 579
641 851
699 742
699 73
699 257
699 609
699 714
699 802
714 742
714 848
714 851
741 725
741 829
741 675
741 472
741 388
792 12
792 100
792 358
792 365
792 445
792 535
792 537
792 708
792 722
792 842
802 642
802 615
802 923
802 508
802 368
802 851
829 103
829 368
829 455
829 508
829 579
829 691
829 848
848 776
848 794
848 851
851 910
851 579
122 731
145 489
288 177
288 649
455 180
675 414
675 168
675 272
675 395
742 34
742 642
742 274
742 892
73 414
190 49
190 395
190 414
241 603
272 618
274 603
395 603
508 642
603 34
603 882
642 34
642 174
642 368
693 887
693 914
693 146
693 251
865 959
865 975
865 906
865 811
865 925
865 874
865 392
865 533
865 619
865 635
11 516
11 821
11 999
516 755
516 903
516 944
516 968
821 98
821 344
821 517
821 624
821 786
821 979
821 999
999 28
999 32
999 37
999 67
999 87
999 107
999 146
999 223
999 257
999 276
999 344
999 378
999 386
999 394
999 400
999 481
999 514
999 517
999 521
999 525
999 605
999 606
999 624
999 625
999 650
999 736
999 738
999 755
999 768
999 776
999 782
999 786
999 808
999 944
999 966
999 968
755 786
755 527
755 768
755 968
755 517
755 783
755 300
903 942
903 881
903 961
903 979
903 991
903 759
903 874
903 260
903 304
903 327
903 337
903 625
903 775
944 786
944 37
944 58
944 107
944 117
944 257
944 400
944 514
944 525
944 605
944 624
944 650
944 768
944 808
944 923
944 968
944 996
968 994
968 971
968 858
968 527
968 99
968 107
968 108
968 223
968 276
968 344
968 378
968 386
968 394
968 514
968 605
968 606
968 650
968 738
968 776
968 808
968 957
98 815
517 696
517 108
624 768
624 188
786 994
786 32
786 164
786 605
979 942
979 841
979 961
979 85
979 110
979 157
979 174
979 177
979 185
979 197
979 250
979 260
979 264
979 304
979 458
979 514
979 559
979 625
979 679
979 715
979 717
979 759
979 775
979 804
979 853
979 874
979 892
979 991
32 661
37 884
67 527
67 768
87 972
146 887
223 768
276 575
276 606
276 808
378 873
378 738
394 468
400 521
481 527
481 273
514 117
521 164
525 679
605 759
606 746
625 961
625 607
650 124
650 164
736 912
736 996
736 553
736 578
736 923
736 950
738 108
738 292
738 776
738 806
768 959
768 776
782 972
782 994
782 836
782 882
782 254
782 746
808 763
966 731
966 744
966 57
966 91
966 114
966 195
966 275
966 281
966 307
966 338
966 358
966 397
966 406
966 502
966 524
966 541
966 558
966 585
966 588
966 644
966 745
966 777
966 835
12 128
12 359
12 557
128 491
128 732
128 951
359 535
359 537
359 573
359 925
557 308
557 418
557 562
557 711
557 826
491 708
491 727
491 842
491 365
732 162
732 353
732 842
732 293
732 365
732 537
732 540
732 573
732 623
951 13
951 673
951 33
951 111
951 123
951 211
951 249
951 259
951 311
951 333
951 339
951 350
951 435
951 439
951 468
951 504
951 509
951 574
951 594
951 609
951 735
951 779
951 828
951 897
951 950
535 727
535 712
535 722
537 445
537 842
537 248
537 293
573 708
573 727
573 656
573 722
925 959
925 975
925 906
925 811
925 112
925 384
925 392
925 453
925 544
925 596
925 619
925 627
925 646
925 745
925 773
925 939
308 959
308 72
308 711
308 826
418 556
418 412
418 719
418 375
562 809
562 72
562 322
562 806
711 809
711 826
711 939
711 375
826 230
826 809
826 72
826 135
826 176
826 195
826 322
100 445
100 656
100 842
358 708
358 727
358 722
365 353
365 828
445 622
445 842
708 656
708 727
708 842
722 727
722 656
722 842
722 827
722 433
722 293
842 162
842 353
842 656
842 293
13 673
673 574
673 828
673 835
673 897
94 884
94 895
94 319
574 897
574 594
574 304
574 473
574 835
828 735
828 111
828 435
828 468
828 509
828 572
828 594
828 835
835 897
835 587
835 504
835 311
835 339
835 327
835 333
835 435
897 735
897 996
897 609
897 211
897 161
897 259
897 333
897 417
897 435
897 490
897 587
111 609
123 211
123 266
161 572
227 33
227 504
327 587
327 490
339 311
439 468
439 203
439 957
468 126
490 958
490 311
504 922
504 572
509 735
509 383
509 259
570 942
570 438
570 961
570 991
570 892
572 629
572 266
572 259
609 735
609 266
609 694
653 470
653 179
33 735
249 858
249 622
333 735
350 680
594 587
594 203
594 540
735 484
735 887
779 971
779 996
779 956
779 470
779 719
779 585
779 228
779 296
950 912
950 959
950 920
950 996
950 651
950 893
950 578
950 964
950 781
950 923
950 805
950 863
950 754
950 351
950 248
950 285
950 312
950 500
950 596
950 612
14 972
14 994
972 54
972 168
972 235
972 269
972 273
972 376
972 420
972 434
972 480
972 515
972 669
972 694
972 696
972 798
972 803
972 882
972 957
972 991
972 994
994 44
994 46
994 54
994 59
994 92
994 110
994 154
994 205
994 235
994 254
994 256
994 273
994 300
994 360
994 366
994 376
994 420
994 434
994 480
994 515
994 532
994 611
994 696
994 746
994 803
994 882
994 939
994 957
54 162
168 611
235 803
269 957
269 602
376 726
434 127
434 957
480 882
480 803
515 882
515 458
669 958
669 971
669 859
669 956
669 643
669 564
669 598
694 957
694 803
694 746
696 44
696 957
798 170
798 366
798 803
798 843
798 957
803 475
803 800
882 996
882 59
882 256
882 646
882 746
882 957
957 920
957 611
957 205
957 254
957 256
957 300
957 360
957 710
957 746
991 942
991 438
991 961
991 85
991 174
991 197
991 250
991 261
991 264
991 265
991 304
991 337
991 398
991 430
991 458
991 506
991 559
991 611
991 616
991 649
991 679
991 715
991 717
991 759
991 775
991 804
991 874
991 877
991 892
92 881
360 920
745 959
745 975
745 811
745 635
895 16
895 857
895 884
895 53
895 77
895 124
895 153
895 169
895 175
895 245
895 342
895 433
895 493
895 591
895 725
895 914
996 912
996 920
996 39
996 93
996 106
996 139
996 182
996 194
996 229
996 240
996 248
996 278
996 285
996 351
996 403
996 413
996 500
996 552
996 578
996 589
996 596
996 612
996 651
996 697
996 710
996 720
996 754
996 805
996 863
996 893
996 923
996 964
44 906
59 91
254 318
532 53
532 148
532 472
532 607
939 666
939 955
939 763
939 113
939 910
939 119
939 134
939 201
939 204
939 280
939 292
939 303
939 446
939 523
939 592
939 599
939 659
939 665
939 721
939 747
939 819
15 692
15 958
15 971
692 587
692 623
692 804
692 859
692 956
692 958
692 971
958 130
958 133
958 152
958 215
958 296
958 470
958 541
958 564
958 569
958 583
958 585
958 598
958 623
958 643
958 719
958 809
958 859
958 956
958 971
971 63
971 130
971 133
971 150
971 165
971 215
971 217
971 296
971 367
971 393
971 470
971 550
971 559
971 564
971 569
971 583
971 585
971 623
971 643
971 683
971 719
971 859
971 864
971 956
587 179
623 956
623 150
623 564
623 569
804 942
804 874
804 892
804 649
859 16
859 228
859 393
859 446
859 470
859 541
859 550
859 598
859 658
859 719
859 956
956 63
956 130
956 133
956 217
956 228
956 246
956 296
956 319
956 393
956 541
956 550
956 569
956 583
956 598
956 719
956 763
278 229
697 920
697 893
697 680
697 923
697 194
893 912
893 920
893 553
893 93
893 234
893 500
893 612
893 754
893 805
893 923
893 964
912 180
912 192
912 413
912 553
912 592
912 720
912 754
912 863
912 920
912 964
920 39
920 182
920 285
920 336
920 552
920 578
920 612
920 651
920 710
920 863
920 923
920 964
923 510
923 651
923 964
923 139
923 336
923 403
923 596
923 710
923 754
923 805
923 863
964 553
964 589
964 651
964 106
964 192
964 248
964 285
964 336
964 403
964 464
964 500
964 596
964 612
964 710
964 720
964 754
964 805
133 423
152 888
215 876
215 585
296 629
470 150
541 719
564 643
569 295
569 492
583 472
583 550
583 643
585 643
598 651
598 781
643 550
719 169
719 550
809 230
809 72
809 167
809 367
809 412
165 421
217 811
367 135
367 176
393 119
550 387
559 942
559 961
683 56
683 74
683 316
683 600
683 726
683 843
683 858
864 51
864 179
16 857
16 884
857 77
857 124
857 175
857 245
857 342
857 349
857 433
857 493
857 591
857 884
884 48
884 153
884 169
884 175
884 245
884 252
884 342
884 433
884 461
884 591
884 725
77 725
77 169
124 153
175 975
245 506
342 906
349 48
349 236
349 591
349 725
433 252
493 725
493 319
493 591
591 712
446 666
446 955
446 910
658 680
658 762
48 252
48 725
461 847
461 652
725 164
725 319
53 955
914 69
914 887
914 86
914 105
914 118
914 177
914 200
914 218
914 251
914 297
914 417
914 580
914 655
914 691
290 881
290 783
618 629
629 540
629 781
781 126
781 382
270 762
581 762
762 225
841 475
841 29
841 102
841 115
841 170
841 328
841 712
343 263
680 126
180 720
180 805
192 754
413 975
413 612
553 858
553 64
592 955
592 853
592 819
592 607
720 589
720 194
720 805
754 727
754 863
863 961
863 552
863 182
863 336
863 500
599 955
599 922
599 910
599 201
955 30
955 666
955 173
955 280
955 292
955 474
955 501
955 544
955 554
955 665
955 721
955 763
955 819
955 853
955 910
955 922
21 836
836 101
836 253
836 580
836 614
836 819
836 827
836 877
836 888
253 614
580 887
580 655
580 297
580 691
614 687
614 888
614 806
819 922
819 204
819 501
819 590
819 659
819 721
827 440
827 888
827 684
827 196
827 784
827 806
877 440
877 661
877 901
877 888
877 800
877 684
877 538
877 471
877 784
888 661
888 771
888 61
888 89
888 156
888 356
888 471
36 687
156 684
196 655
313 687
313 775
316 597
316 464
440 24
440 806
471 822
538 315
538 806
561 661
684 806
687 285
784 661
784 800
784 764
784 721
800 62
800 649
800 806
876 873
876 881
876 695
876 915
876 783
876 185
876 293
876 355
876 369
876 372
876 381
876 457
178 975
178 906
448 726
448 597
448 843
448 622
22 299
22 475
299 148
299 652
148 654
652 901
652 961
652 533
652 647
90 210
170 712
65 615
65 700
149 615
328 700
700 102
700 144
700 210
700 887
712 615
56 858
222 801
554 922
554 910
24 780
780 271
780 303
780 510
780 615
780 633
780 747
780 922
271 922
271 453
271 747
303 501
510 83
510 292
633 922
633 201
633 474
747 660
747 910
747 659
922 660
922 858
922 60
922 173
922 280
922 501
922 523
922 659
922 721
922 853
60 83
84 763
132 959
523 473
523 563
523 665
659 379
659 473
660 30
660 847
660 853
665 853
665 805
721 853
721 915
721 473
910 666
910 763
910 113
910 134
910 292
910 472
910 473
910 607
30 666
83 764
113 237
173 265
421 718
421 616
474 763
474 853
607 853
763 853
771 49
771 232
771 383
771 588
771 617
771 777
853 822
853 134
25 959
25 975
959 166
959 206
959 279
959 453
959 483
959 505
959 530
959 544
959 563
959 578
959 619
959 635
959 646
959 811
959 906
959 975
975 42
975 112
975 141
975 188
975 206
975 224
975 275
975 279
975 444
975 483
975 505
975 530
975 544
975 619
975 627
975 635
975 646
975 717
975 773
975 811
975 906
206 906
279 117
453 906
505 811
530 906
563 773
563 627
578 106
578 710
619 627
635 906
811 906
811 82
811 141
811 644
906 118
906 773
112 597
275 777
444 911
444 773
627 744
627 815
717 942
717 759
773 134
773 392
82 47
372 911
372 915
372 401
412 167
26 324
26 575
26 942
324 640
575 163
575 312
575 640
942 85
942 265
942 337
942 438
942 506
942 715
942 873
942 874
942 892
942 961
640 312
640 317
640 647
312 317
85 961
265 892
438 892
506 961
506 251
715 775
873 47
873 76
873 185
873 226
873 341
873 355
873 401
873 469
873 695
873 911
874 961
874 759
874 201
874 203
874 397
874 679
874 775
874 892
892 858
892 637
892 961
892 264
892 679
961 76
961 264
961 406
961 458
961 649
961 727
961 759
140 887
140 655
140 105
102 115
739 502
739 794
847 901
847 911
847 718
847 815
847 125
847 602
484 901
484 602
484 686
887 69
887 86
887 242
887 417
887 655
887 691
114 361
127 383
212 502
307 801
338 801
379 524
379 588
381 637
381 915
381 369
397 801
502 617
558 406
558 777
588 240
617 744
617 524
617 794
644 731
731 281
731 524
744 242
744 314
744 777
744 801
777 361
777 801
805 229
805 710
35 230
230 556
556 137
556 322
55 531
283 794
302 375
314 183
405 261
489 266
492 764
595 901
595 815
595 121
595 309
595 410
764 636
794 703
109 353
189 226
284 357
499 636
636 429
287 403
58 881
182 524
552 351
612 589
651 93
651 596
710 589
64 589
654 901
654 246
240 351
240 403
138 616
602 309
616 815
630 45
630 686
630 718
630 815
686 718
686 915
686 533
815 901
815 390
167 142
45 485
45 901
485 901
901 125
901 246
901 718
718 193
221 62
221 783
47 822
47 911
822 52
822 291
822 457
822 469
822 637
822 695
822 881
822 911
822 915
911 142
911 291
911 295
911 355
911 369
911 390
911 469
911 637
911 703
911 783
911 881
52 703
52 881
291 881
291 622
457 915
457 390
469 695
469 915
637 881
637 62
637 390
695 76
695 656
695 783
695 915
881 703
881 295
881 401
881 783
881 915
915 703
915 142
915 144
915 355
915 369
915 390
915 783
76 295
226 62
341 295
341 783
401 703
703 783
783 144
236 66
236 726
281 361
162 656
656 727
318 429
858 410
858 423
858 597
858 622
858 726
858 843
600 423
600 104
600 347
600 843
726 104
726 332
726 843
843 193
843 410
843 464
843 622
423 66
597 332
622 193
104 655
347 176
347 464
309 679
759 157
540 263
