1	431
1	765
1	989
1	998
2	922
2	933
2	954
2	981
3	405
3	832
3	905
3	957
4	62
4	438
4	777
4	826
5	611
5	651
5	925
5	953
6	241
6	743
6	919
6	963
7	520
7	631
7	828
7	995
8	897
8	928
8	962
8	994
9	544
9	656
9	662
9	722
10	185
10	435
10	508
10	953
11	455
11	888
11	905
11	948
12	345
12	554
12	691
12	726
13	224
13	490
13	899
13	949
14	179
14	892
14	970
14	992
15	52
15	677
15	779
15	847
16	358
16	565
16	807
16	986
17	271
17	298
17	951
17	984
18	656
18	698
18	942
18	963
19	972
19	980
19	990
19	1000
20	483
20	675
20	858
20	986
21	343
21	805
21	958
21	961
22	642
22	687
22	888
22	940
23	206
23	652
23	695
23	960
24	887
24	903
24	980
24	987
25	41
25	309
25	923
25	997
26	457
26	866
26	897
26	979
27	273
27	694
27	944
27	998
28	635
28	814
28	982
28	997
29	33
29	658
29	719
29	884
30	777
30	921
30	988
30	993
31	610
31	651
31	953
31	977
32	700
32	702
32	929
32	948
33	29
33	320
33	761
33	960
34	517
34	946
34	949
34	959
35	310
35	805
35	856
35	958
36	438
36	906
36	947
36	978
37	60
37	293
37	334
37	646
38	769
38	948
38	972
38	976
39	627
39	866
39	983
39	996
40	267
40	433
40	892
40	967
41	25
41	706
41	778
41	926
42	817
42	944
42	960
42	998
43	110
43	845
43	964
43	969
44	429
44	931
44	972
44	976
45	346
45	958
45	973
45	992
46	99
46	485
46	788
46	794
47	141
47	623
47	901
47	981
48	467
48	726
48	980
48	984
49	819
49	958
49	961
49	978
50	531
50	878
50	908
50	985
51	183
51	347
51	919
51	963
52	15
52	55
52	737
52	927
53	636
53	891
53	923
53	926
54	559
54	591
54	827
54	973
55	52
55	691
55	897
55	979
56	359
56	656
56	839
56	911
57	613
57	968
57	974
57	1000
58	874
58	935
58	947
58	978
59	451
59	906
59	913
59	925
60	37
60	627
60	750
60	939
61	474
61	795
61	835
61	908
62	4
62	267
62	902
62	931
63	555
63	865
63	989
63	995
64	726
64	934
64	975
64	1000
65	818
65	960
65	961
65	989
66	75
66	120
66	680
66	888
67	736
67	893
67	984
67	986
68	846
68	881
68	951
68	994
69	909
69	970
69	992
69	995
70	624
70	900
70	992
70	998
71	438
71	682
71	769
71	898
72	353
72	594
72	695
72	874
73	285
73	689
73	878
73	908
74	768
74	818
74	931
74	958
75	66
75	355
75	882
75	948
76	134
76	231
76	985
76	994
77	884
77	904
77	946
77	955
78	560
78	623
78	675
78	811
79	145
79	850
79	879
79	936
80	533
80	885
80	937
80	995
81	495
81	861
81	871
81	995
82	580
82	689
82	783
82	856
83	111
83	145
83	776
83	789
84	584
84	950
84	954
84	959
85	773
85	821
85	985
85	987
86	198
86	776
86	940
86	956
87	217
87	876
87	935
87	977
88	490
88	953
88	969
88	981
89	435
89	856
89	958
89	961
90	701
90	844
90	985
90	991
91	136
91	772
91	920
91	980
92	795
92	838
92	878
92	935
93	532
93	889
93	910
93	988
94	896
94	927
94	932
94	983
95	323
95	901
95	930
95	934
96	621
96	812
96	895
96	946
97	810
97	929
97	948
97	983
98	322
98	362
98	894
98	912
99	46
99	234
99	258
99	520
100	507
100	681
100	683
100	826
101	385
101	452
101	583
101	991
102	251
102	458
102	836
102	996
103	624
103	743
103	970
103	992
104	944
104	952
104	955
104	967
105	934
105	945
105	969
105	990
106	475
106	832
106	958
106	961
107	492
107	728
107	771
107	996
108	881
108	893
108	967
108	985
109	821
109	902
109	972
109	976
110	43
110	283
110	451
110	997
111	83
111	750
111	927
111	962
112	613
112	730
112	789
112	989
113	439
113	633
113	742
113	992
114	211
114	228
114	926
114	943
115	738
115	809
115	835
115	966
116	749
116	767
116	901
116	922
117	215
117	766
117	926
117	943
118	598
118	670
118	919
118	927
119	153
119	496
119	613
119	789
120	66
120	844
120	860
120	893
121	841
121	910
121	967
121	997
122	831
122	930
122	956
122	1000
123	516
123	827
123	870
123	1000
124	500
124	580
124	850
124	918
125	254
125	985
125	987
125	994
126	860
126	904
126	972
126	976
127	304
127	904
127	926
127	963
128	604
128	787
128	795
128	878
129	609
129	885
129	965
129	995
130	672
130	821
130	987
130	994
131	635
131	830
131	953
131	977
132	395
132	495
132	878
132	908
133	216
133	827
133	871
133	973
134	76
134	301
134	826
134	867
135	529
135	628
135	851
135	996
136	91
136	836
136	984
136	986
137	602
137	681
137	730
137	993
138	152
138	804
138	872
138	991
139	644
139	888
139	898
139	952
140	612
140	810
140	970
140	992
141	47
141	676
141	887
141	951
142	402
142	498
142	756
142	888
143	295
143	505
143	851
143	953
144	562
144	780
144	909
144	989
145	79
145	83
145	673
145	976
146	703
146	858
146	984
146	986
147	414
147	869
147	907
147	944
148	228
148	539
148	563
148	846
149	741
149	879
149	959
149	971
150	588
150	603
150	813
150	935
151	362
151	479
151	893
151	980
152	138
152	662
152	755
152	995
153	119
153	360
153	714
153	777
154	451
154	508
154	875
154	919
155	272
155	757
155	897
155	979
156	288
156	698
156	743
156	904
157	676
157	786
157	797
157	898
158	942
158	952
158	954
158	982
159	519
159	847
159	962
159	974
160	713
160	911
160	946
160	957
161	330
161	414
161	637
161	991
162	398
162	884
162	896
162	949
163	168
163	827
163	937
163	973
164	192
164	901
164	932
164	947
165	926
165	985
165	987
165	994
166	381
166	535
166	761
166	960
167	472
167	725
167	940
167	983
168	163
168	930
168	968
168	990
169	539
169	753
169	780
169	982
170	703
170	863
170	876
170	977
171	514
171	843
171	993
171	999
172	825
172	923
172	926
172	943
173	175
173	859
173	897
173	963
174	800
174	893
174	965
174	980
175	173
175	181
175	781
175	963
176	602
176	837
176	902
176	994
177	411
177	803
177	915
177	991
178	262
178	653
178	881
178	981
179	14
179	448
179	988
179	992
180	551
180	759
180	983
180	996
181	175
181	700
181	972
181	976
182	712
182	884
182	920
182	946
183	51
183	356
183	365
183	833
184	245
184	334
184	592
184	991
185	10
185	651
185	712
185	890
186	230
186	687
186	862
186	972
187	749
187	818
187	961
187	996
188	574
188	773
188	873
188	903
189	589
189	680
189	709
189	948
190	950
190	954
190	957
190	993
191	631
191	697
191	970
191	977
192	164
192	630
192	731
192	820
193	577
193	961
193	964
193	981
194	686
194	862
194	975
194	1000
195	626
195	902
195	972
195	976
196	478
196	725
196	868
196	942
197	774
197	893
197	986
197	999
198	86
198	519
198	803
198	991
199	314
199	751
199	815
199	969
200	238
200	800
200	909
200	992
201	352
201	903
201	966
201	973
202	226
202	857
202	890
202	922
203	454
203	876
203	973
203	977
204	921
204	991
204	993
204	999
205	545
205	907
205	955
205	998
206	23
206	914
206	991
206	999
207	392
207	935
207	977
207	987
208	358
208	668
208	974
208	987
209	564
209	788
209	903
209	973
210	795
210	885
210	982
210	995
211	114
211	891
211	926
211	965
212	344
212	812
212	984
212	986
213	316
213	515
213	923
213	943
214	609
214	644
214	855
214	1000
215	117
215	426
215	661
215	935
216	133
216	903
216	951
216	973
217	87
217	615
217	869
217	978
218	661
218	754
218	919
218	920
219	764
219	812
219	959
219	971
220	835
220	914
220	978
220	999
221	499
221	596
221	934
221	937
222	404
222	590
222	916
222	993
223	657
223	703
223	750
223	989
224	13
224	500
224	957
224	979
225	848
225	950
225	954
225	974
226	202
226	589
226	820
226	989
227	281
227	339
227	885
227	937
228	114
228	148
228	835
228	941
229	295
229	460
229	758
229	882
229	984
230	186
230	609
230	892
230	983
230	996
231	76
231	462
231	890
231	919
231	950
232	245
232	256
232	882
232	888
232	898
233	502
233	668
233	707
233	935
233	977
234	99
234	436
234	665
234	966
234	978
235	256
235	598
235	671
235	674
235	997
236	594
236	652
236	732
236	742
236	960
237	521
237	722
237	756
237	819
237	953
238	200
238	411
238	767
238	932
238	957
239	303
239	680
239	761
239	880
239	960
240	367
240	415
240	676
240	988
240	999
241	6
241	538
241	833
241	879
241	971
242	715
242	949
242	968
242	990
242	1000
243	660
243	782
243	804
243	870
243	956
244	713
244	778
244	961
244	964
244	969
245	184
245	232
245	519
245	771
245	991
246	261
246	416
246	499
246	660
246	992
247	793
247	825
247	907
247	959
247	971
248	456
248	924
248	974
248	987
248	994
249	456
249	621
249	855
249	876
249	900
250	350
250	693
250	843
250	910
250	966
251	102
251	804
251	836
251	925
251	983
252	453
252	800
252	947
252	959
252	971
253	678
253	760
253	799
253	911
253	960
254	125
254	293
254	856
254	958
254	961
255	541
255	672
255	719
255	795
255	908
256	232
256	235
256	739
256	995
256	997
257	535
257	886
257	950
257	968
257	990
258	99
258	437
258	959
258	964
258	971
259	753
259	873
259	903
259	945
259	973
260	393
260	565
260	955
260	980
260	986
261	246
261	499
261	528
261	773
261	820
262	178
262	811
262	901
262	932
262	1000
263	683
263	790
263	942
263	944
263	998
264	624
264	761
264	895
264	970
264	980
265	808
265	812
265	825
265	901
265	959
266	391
266	616
266	799
266	883
266	960
267	40
267	62
267	602
267	730
267	789
268	712
268	912
268	988
268	993
268	999
269	364
269	588
269	877
269	890
269	972
270	670
270	976
270	988
270	993
270	999
271	17
271	339
271	375
271	774
271	893
272	155
272	824
272	830
272	925
272	979
273	27
273	427
273	845
273	865
273	965
274	480
274	855
274	869
274	938
274	947
275	445
275	912
275	918
275	990
275	997
276	339
276	373
276	443
276	549
276	727
277	647
277	808
277	894
277	980
277	984
278	402
278	645
278	740
278	944
278	992
279	484
279	502
279	828
279	858
279	986
280	759
280	931
280	972
280	976
280	981
281	227
281	287
281	441
281	782
281	970
282	400
282	592
282	747
282	936
282	967
283	110
283	523
283	596
283	733
283	809
284	384
284	416
284	617
284	794
284	919
285	73
285	486
285	497
285	647
285	878
286	643
286	671
286	924
286	987
286	994
287	281
287	341
287	634
287	867
287	970
288	156
288	721
288	801
288	993
288	999
289	801
289	816
289	912
289	975
289	999
290	456
290	968
290	988
290	993
290	999
291	573
291	594
291	665
291	939
291	996
292	884
292	894
292	957
292	961
292	974
293	37
293	254
293	515
293	858
293	998
294	451
294	638
294	794
294	858
294	967
295	143
295	229
295	297
295	858
295	986
296	585
296	864
296	956
296	968
296	990
297	295
297	523
297	834
297	970
297	992
298	17
298	302
298	399
298	729
298	978
299	656
299	774
299	839
299	865
299	937
300	710
300	812
300	913
300	959
300	971
301	134
301	554
301	714
301	846
301	890
302	298
302	454
302	843
302	978
302	988
303	239
303	461
303	485
303	846
303	941
304	127
304	434
304	505
304	524
304	977
305	432
305	737
305	822
305	965
305	979
306	759
306	909
306	921
306	993
306	999
307	654
307	724
307	739
307	830
307	979
308	734
308	833
308	879
308	971
308	972
309	25
309	917
309	952
309	967
309	997
310	35
310	607
310	785
310	958
310	961
311	528
311	548
311	713
311	946
311	949
312	723
312	855
312	869
312	895
312	938
313	418
313	434
313	875
313	903
313	966
314	199
314	819
314	958
314	961
314	971
315	768
315	814
315	919
315	980
315	986
316	213
316	814
316	951
316	990
316	1000
317	425
317	687
317	688
317	848
317	987
318	446
318	876
318	883
318	935
318	977
319	428
319	540
319	541
319	847
319	863
320	33
320	869
320	921
320	988
320	999
321	685
321	838
321	858
321	972
321	975
322	98
322	731
322	871
322	928
322	989
323	95
323	597
323	796
323	848
323	958
324	752
324	870
324	945
324	974
324	981
325	338
325	422
325	893
325	980
325	986
326	329
326	623
326	767
326	871
326	932
327	407
327	486
327	564
327	813
327	908
328	409
328	415
328	885
328	936
328	999
329	326
329	409
329	642
329	901
329	932
330	161
330	332
330	353
330	476
330	690
331	547
331	883
331	891
331	980
331	984
332	330
332	453
332	612
332	959
332	971
333	557
333	565
333	700
333	707
333	804
334	37
334	184
334	608
334	991
334	996
335	380
335	622
335	762
335	769
335	793
336	559
336	798
336	833
336	971
336	991
337	542
337	895
337	909
337	984
337	992
338	325
338	425
338	776
338	932
338	936
339	227
339	271
339	276
339	911
339	913
340	822
340	899
340	907
340	917
340	953
341	287
341	503
341	985
341	987
341	994
342	496
342	696
342	792
342	969
342	981
343	21
343	394
343	785
343	958
343	961
344	212
344	675
344	798
344	957
344	984
345	12
345	493
345	842
345	892
345	996
346	45
346	591
346	903
346	938
346	974
347	51
347	778
347	788
347	804
347	991
348	804
348	844
348	883
348	953
348	991
349	395
349	662
349	989
349	995
349	997
350	250
350	366
350	489
350	928
350	962
351	628
351	665
351	687
351	899
351	991
352	201
352	903
352	988
352	993
352	999
353	72
353	330
353	691
353	972
353	998
354	651
354	827
354	873
354	939
354	973
355	75
355	506
355	510
355	899
355	957
356	183
356	464
356	606
356	875
356	939
357	442
357	584
357	700
357	932
357	944
358	16
358	208
358	920
358	941
358	957
359	56
359	695
359	749
359	824
359	982
360	153
360	510
360	591
360	957
360	974
361	605
361	702
361	901
361	932
361	985
362	98
362	151
362	363
362	565
362	647
363	362
363	654
363	834
363	909
363	992
364	269
364	839
364	924
364	950
364	954
365	183
365	378
365	400
365	654
365	748
366	350
366	598
366	823
366	927
366	962
367	240
367	815
367	879
367	959
367	971
368	687
368	781
368	868
368	942
368	997
369	698
369	891
369	923
369	943
369	997
370	682
370	931
370	964
370	969
370	981
371	742
371	792
371	850
371	912
371	918
372	802
372	829
372	877
372	909
372	935
373	276
373	409
373	575
373	896
373	983
374	706
374	785
374	790
374	907
374	918
375	271
375	473
375	845
375	901
375	932
376	665
376	945
376	968
376	975
376	996
377	482
377	706
377	815
377	944
377	955
378	365
378	396
378	877
378	926
378	990
379	756
379	921
379	951
379	988
379	999
380	335
380	451
380	682
380	867
380	1000
381	166
381	732
381	880
381	991
381	994
382	708
382	714
382	773
382	905
382	973
383	486
383	497
383	795
383	796
383	878
384	284
384	749
384	932
384	965
384	998
385	101
385	754
385	845
385	946
385	974
386	466
386	527
386	917
386	931
386	972
387	692
387	819
387	961
387	965
387	999
388	741
388	779
388	850
388	918
388	943
389	793
389	859
389	877
389	963
389	979
390	794
390	931
390	933
390	972
390	976
391	266
391	532
391	899
391	949
391	967
392	207
392	524
392	876
392	911
392	919
392	977
393	260
393	493
393	525
393	806
393	891
393	905
394	343
394	558
394	659
394	895
394	970
394	992
395	132
395	349
395	672
395	878
395	953
395	965
396	378
396	441
396	720
396	739
396	859
396	994
397	688
397	907
397	951
397	985
397	987
397	994
398	162
398	753
398	988
398	993
398	997
398	999
399	298
399	680
399	732
399	869
399	911
399	913
400	282
400	365
400	592
400	942
400	979
400	997
401	521
401	756
401	823
401	906
401	941
401	953
402	142
402	278
402	420
402	613
402	708
402	965
403	615
403	668
403	862
403	869
403	900
403	938
404	222
404	576
404	834
404	909
404	970
404	992
405	3
405	433
405	742
405	905
405	913
405	939
406	818
406	856
406	881
406	955
406	958
406	961
407	327
407	649
407	795
407	847
407	908
407	922
408	588
408	642
408	687
408	688
408	818
408	940
409	328
409	329
409	373
409	497
409	936
409	940
410	819
410	889
410	906
410	910
410	947
410	957
411	177
411	238
411	767
411	822
411	828
411	932
412	553
412	891
412	901
412	923
412	943
412	994
413	506
413	745
413	753
413	828
413	831
413	981
414	147
414	161
414	626
414	813
414	860
414	991
415	240
415	328
415	764
415	893
415	936
415	940
416	246
416	284
416	448
416	638
416	658
416	962
417	548
417	623
417	869
417	890
417	922
417	933
418	313
418	536
418	831
418	956
418	966
418	978
419	572
419	648
419	669
419	927
419	960
419	962
420	402
420	790
420	943
420	962
420	965
420	998
421	449
421	513
421	756
421	840
421	953
421	969
422	325
422	682
422	709
422	717
422	826
422	941
423	695
423	778
423	792
423	895
423	964
423	981
424	619
424	864
424	882
424	898
424	905
424	929
425	317
425	338
425	741
425	775
425	936
425	940
426	215
426	525
426	659
426	931
426	935
426	977
427	273
427	758
427	810
427	964
427	981
427	999
428	319
428	510
428	541
428	750
428	844
428	978
429	44
429	780
429	843
429	875
429	947
429	961
430	736
430	763
430	842
430	983
430	985
430	996
431	1
431	596
431	738
431	809
431	887
431	943
432	305
432	797
432	824
432	890
432	907
432	998
433	40
433	405
433	570
433	717
433	806
433	987
434	304
434	313
434	668
434	776
434	843
434	977
435	10
435	89
435	726
435	798
435	965
435	998
436	234
436	513
436	805
436	851
436	873
436	966
437	258
437	636
437	764
437	769
437	959
437	971
438	4
438	36
438	71
438	509
438	826
438	941
439	113
439	666
439	868
439	890
439	933
439	954
440	480
440	625
440	880
440	893
440	951
440	960
441	281
441	396
441	639
441	895
441	970
441	992
442	357
442	700
442	771
442	849
442	901
442	932
443	276
443	669
443	730
443	823
443	834
443	996
444	804
444	851
444	889
444	910
444	947
444	966
445	275
445	725
445	850
445	912
445	986
445	1000
446	318
446	464
446	768
446	858
446	980
446	986
447	678
447	737
447	873
447	876
447	935
447	977
448	179
448	416
448	499
448	528
448	809
448	985
449	421
449	689
449	761
449	882
449	928
449	962
450	524
450	887
450	951
450	985
450	994
450	1000
451	59
451	110
451	154
451	294
451	380
451	809
452	101
452	716
452	914
452	916
452	988
452	999
453	252
453	332
453	764
453	801
453	879
453	946
454	203
454	302
454	737
454	828
454	860
454	861
455	11
455	864
455	884
455	899
455	923
455	957
456	248
456	249
456	290
456	855
456	913
456	937
457	26
457	713
457	720
457	812
457	904
457	919
458	102
458	515
458	749
458	845
458	893
458	998
459	821
459	825
459	858
459	886
459	980
459	984
460	229
460	528
460	738
460	809
460	836
460	958
461	303
461	484
461	688
461	707
461	759
461	941
462	231
462	635
462	772
462	890
462	922
462	987
463	660
463	736
463	814
463	883
463	902
463	996
464	356
464	446
464	835
464	859
464	868
464	904
465	900
465	911
465	913
465	925
465	927
465	990
466	386
466	762
466	772
466	795
466	862
466	976
467	48
467	530
467	980
467	984
467	986
467	998
468	532
468	652
468	695
468	955
468	998
468	999
469	696
469	808
469	844
469	916
469	993
469	999
470	791
470	817
470	822
470	908
470	944
470	998
471	639
471	744
471	805
471	843
471	906
471	953
472	167
472	723
472	760
472	829
472	877
472	904
473	375
473	642
473	736
473	767
473	901
473	983
474	61
474	526
474	659
474	788
474	989
474	995
475	106
475	504
475	806
475	819
475	991
475	999
476	330
476	596
476	609
476	721
476	788
476	894
477	739
477	753
477	888
477	939
477	974
477	997
478	196
478	739
478	840
478	895
478	932
478	938
479	151
479	791
479	847
479	904
479	928
479	962
480	274
480	440
480	649
480	678
480	783
480	880
481	493
481	520
481	669
481	681
481	708
481	742
481	806
482	377
482	607
482	836
482	916
482	968
482	993
482	999
483	20
483	857
483	951
483	960
483	985
483	987
483	994
484	279
484	461
484	704
484	793
484	835
484	870
484	941
485	46
485	303
485	583
485	833
485	915
485	960
485	991
486	285
486	327
486	383
486	522
486	556
486	908
486	930
487	679
487	797
487	848
487	929
487	940
487	948
487	973
488	596
488	847
488	911
488	925
488	937
488	938
488	964
489	350
489	787
489	842
489	872
489	894
489	912
489	959
490	13
490	88
490	548
490	933
490	950
490	954
490	997
491	788
491	895
491	909
491	936
491	961
491	970
491	992
492	107
492	842
492	883
492	917
492	939
492	996
492	998
493	345
493	393
493	481
493	527
493	633
493	717
493	903
494	689
494	704
494	791
494	904
494	927
494	928
494	971
495	81
495	132
495	751
495	888
495	964
495	969
495	981
496	119
496	342
496	688
496	719
496	723
496	751
496	940
497	285
497	383
497	409
497	843
497	906
497	910
497	966
498	142
498	505
498	611
498	756
498	915
498	950
498	953
499	221
499	246
499	261
499	448
499	685
499	794
499	849
500	124
500	224
500	560
500	667
500	705
500	745
500	796
501	659
501	663
501	718
501	872
501	912
501	918
501	956
502	233
502	279
502	640
502	697
502	800
502	980
502	986
503	341
503	509
503	678
503	732
503	761
503	799
503	960
504	475
504	552
504	567
504	695
504	929
504	958
504	961
505	143
505	304
505	498
505	567
505	651
505	810
505	953
506	355
506	413
506	569
506	880
506	929
506	964
506	981
507	100
507	808
507	841
507	846
507	888
507	941
507	990
508	10
508	154
508	748
508	760
508	763
508	963
508	980
509	438
509	503
509	792
509	950
509	964
509	969
509	981
510	355
510	360
510	428
510	766
510	904
510	957
510	974
511	650
511	766
511	923
511	943
511	986
511	988
511	989
512	744
512	770
512	923
512	928
512	952
512	967
512	997
513	421
513	436
513	620
513	651
513	953
513	954
513	975
514	171
514	802
514	863
514	916
514	930
514	988
514	999
515	213
515	293
515	458
515	788
515	824
515	845
515	944
516	123
516	651
516	733
516	924
516	951
516	987
516	994
517	34
517	843
517	883
517	899
517	920
517	974
517	980
518	562
518	707
518	777
518	897
518	966
518	979
518	998
519	159
519	198
519	245
519	563
519	867
519	915
519	991
520	7
520	99
520	481
520	775
520	860
520	915
520	991
521	237
521	401
521	635
521	646
521	712
521	826
521	953
522	486
522	604
522	636
522	672
522	908
522	963
522	971
523	283
523	297
523	607
523	916
523	921
523	993
523	1000
524	304
524	392
524	450
524	751
524	828
524	968
524	977
525	393
525	426
525	570
525	840
525	876
525	935
525	989
526	474
526	814
526	866
526	882
526	945
526	975
526	990
527	386
527	493
527	634
527	710
527	800
527	801
527	992
528	261
528	311
528	448
528	460
528	794
528	918
528	1000
529	135
529	906
529	946
529	947
529	966
529	973
529	978
530	467
530	569
530	681
530	717
530	772
530	806
530	905
531	50
531	576
531	586
531	715
531	791
531	928
531	962
532	93
532	391
532	468
532	853
532	946
532	974
532	999
533	80
533	710
533	800
533	834
533	891
533	915
533	992
534	724
534	728
534	848
534	897
534	922
534	967
534	979
535	166
535	257
535	575
535	588
535	725
535	883
535	896
536	418
536	543
536	825
536	879
536	959
536	971
536	998
537	608
537	711
537	768
537	878
537	902
537	931
537	976
538	241
538	557
538	700
538	785
538	789
538	901
538	932
539	148
539	169
539	920
539	967
539	982
539	996
539	997
540	319
540	593
540	679
540	888
540	898
540	929
540	945
541	255
541	319
541	428
541	571
541	696
541	928
541	962
542	337
542	702
542	766
542	891
542	926
542	943
542	963
543	536
543	734
543	829
543	952
543	980
543	982
543	997
544	9
544	663
544	864
544	870
544	886
544	956
544	1000
545	205
545	650
545	679
545	891
545	923
545	926
545	943
546	850
546	894
546	912
546	918
546	953
546	959
546	978
547	331
547	697
547	758
547	955
547	979
547	980
547	984
548	311
548	417
548	490
548	728
548	933
548	950
548	978
549	276
549	684
549	742
549	777
549	823
549	969
549	988
550	698
550	758
550	886
550	966
550	975
550	990
550	1000
551	180
551	716
551	722
551	892
551	939
551	973
551	983
552	504
552	583
552	721
552	788
552	804
552	945
552	975
553	412
553	679
553	830
553	831
553	964
553	969
553	981
554	12
554	301
554	826
554	867
554	878
554	941
554	980
555	63
555	585
555	616
555	740
555	897
555	940
555	979
556	486
556	672
556	776
556	878
556	908
556	910
556	1000
557	333
557	538
557	623
557	692
557	785
557	860
557	986
558	394
558	841
558	891
558	923
558	926
558	933
558	943
559	54
559	336
559	781
559	879
559	959
559	968
559	971
560	78
560	500
560	707
560	811
560	910
560	924
560	932
561	683
561	719
561	773
561	873
561	875
561	903
561	973
562	144
562	518
562	667
562	703
562	724
562	976
562	979
563	148
563	519
563	701
563	788
563	807
563	871
563	915
563	923
564	209
564	327
564	568
564	671
564	852
564	903
564	944
564	973
565	16
565	260
565	333
565	362
565	640
565	768
565	838
565	939
566	720
566	784
566	787
566	862
566	891
566	902
566	931
566	976
567	504
567	505
567	605
567	624
567	692
567	856
567	958
567	961
568	564
568	583
568	701
568	803
568	871
568	915
568	972
568	977
569	506
569	530
569	589
569	725
569	815
569	964
569	969
569	981
570	433
570	525
570	632
570	668
570	714
570	758
570	935
570	977
571	541
571	869
571	891
571	911
571	913
571	925
571	937
571	974
572	419
572	899
572	920
572	945
572	949
572	957
572	974
572	987
573	291
573	883
573	884
573	924
573	939
573	983
573	996
573	998
574	188
574	623
574	713
574	853
574	890
574	920
574	939
574	974
575	373
575	535
575	718
575	791
575	845
575	883
575	939
575	996
576	404
576	531
576	663
576	715
576	840
576	927
576	962
576	984
577	193
577	663
577	930
577	933
577	956
577	968
577	975
577	1000
578	691
578	712
578	733
578	841
578	863
578	868
578	967
578	997
579	657
579	675
579	709
579	728
579	865
579	903
579	933
579	995
580	82
580	124
580	601
580	836
580	889
580	892
580	939
580	996
581	582
581	740
581	887
581	914
581	921
581	982
581	988
581	993
582	581
582	652
582	862
582	914
582	916
582	946
582	988
582	993
583	101
583	485
583	552
583	568
583	692
583	821
583	961
583	991
584	84
584	357
584	595
584	639
584	718
584	779
584	787
584	984
585	296
585	555
585	597
585	682
585	770
585	830
585	955
585	979
586	531
586	714
586	827
586	873
586	877
586	903
586	946
586	973
587	786
587	816
587	882
587	889
587	898
587	929
587	948
587	977
588	150
588	269
588	408
588	535
588	741
588	844
588	922
588	954
589	189
589	226
589	569
589	754
589	769
589	797
589	929
589	948
590	222
590	609
590	945
590	955
590	956
590	968
590	990
590	1000
591	54
591	346
591	360
591	773
591	837
591	873
591	973
591	982
592	184
592	282
592	400
592	776
592	863
592	982
592	990
592	997
593	540
593	836
593	881
593	924
593	951
593	970
593	985
593	994
594	72
594	236
594	291
594	691
594	749
594	763
594	979
594	998
595	584
595	771
595	798
595	834
595	842
595	921
595	983
595	996
596	221
596	283
596	431
596	476
596	488
596	617
596	738
596	987
597	323
597	585
597	740
597	745
597	854
597	873
597	897
597	960
598	118
598	235
598	366
598	720
598	781
598	829
598	861
598	919
599	632
599	766
599	812
599	849
599	891
599	923
599	926
599	943
600	647
600	757
600	820
600	881
600	885
600	947
600	989
600	995
601	580
601	690
601	699
601	771
601	798
601	872
601	896
601	996
602	137
602	176
602	267
602	630
602	727
602	832
602	905
602	928
603	150
603	644
603	828
603	845
603	876
603	935
603	940
603	977
604	128
604	522
604	636
604	757
604	878
604	905
604	908
604	911
605	361
605	567
605	623
605	707
605	785
605	908
605	962
605	986
606	356
606	637
606	655
606	698
606	736
606	829
606	963
606	989
607	310
607	482
607	523
607	774
607	811
607	816
607	988
607	993
608	334
608	537
608	616
608	626
608	690
608	911
608	982
608	991
609	129
609	214
609	230
609	476
609	590
609	644
609	844
609	915
610	31
610	618
610	872
610	894
610	912
610	918
610	931
610	978
611	5
611	498
611	630
611	674
611	675
611	712
611	953
611	980
612	140
612	332
612	800
612	850
612	859
612	909
612	970
612	992
613	57
613	112
613	119
613	402
613	642
613	776
613	936
613	994
614	721
614	803
614	807
614	810
614	915
614	950
614	975
614	991
615	217
615	403
615	755
615	910
615	921
615	947
615	962
615	978
616	266
616	555
616	608
616	632
616	719
616	880
616	960
616	964
617	284
617	596
617	627
617	638
617	794
617	809
617	859
617	995
618	610
618	779
618	861
618	872
618	894
618	918
618	951
618	970
619	424
619	685
619	755
619	852
619	874
619	966
619	978
619	995
620	513
620	635
620	644
620	712
620	756
620	952
620	953
620	992
621	96
621	249
621	694
621	750
621	888
621	946
621	968
621	974
622	335
622	720
622	802
622	842
622	877
622	904
622	919
622	978
623	47
623	78
623	326
623	417
623	557
623	574
623	605
623	918
624	70
624	103
624	264
624	567
624	732
624	970
624	972
624	992
625	440
625	649
625	658
625	719
625	880
625	881
625	960
625	997
626	195
626	414
626	608
626	807
626	876
626	906
626	922
626	991
627	39
627	60
627	617
627	842
627	863
627	921
627	983
627	996
628	135
628	351
628	665
628	723
628	913
628	936
628	940
628	973
629	766
629	817
629	822
629	864
629	866
629	931
629	955
629	998
630	192
630	602
630	611
630	635
630	651
630	712
630	839
630	944
630	953
631	7
631	191
631	727
631	737
631	828
631	841
631	868
631	941
631	977
632	570
632	599
632	616
632	678
632	719
632	880
632	960
632	977
632	983
633	113
633	493
633	727
633	823
633	832
633	905
633	922
633	974
633	981
634	287
634	527
634	834
634	837
634	895
634	908
634	909
634	966
634	992
635	28
635	131
635	462
635	521
635	620
635	630
635	751
635	953
635	994
636	53
636	437
636	522
636	604
636	648
636	672
636	795
636	908
636	949
637	161
637	606
637	715
637	802
637	877
637	904
637	938
637	963
637	984
638	294
638	416
638	617
638	711
638	716
638	738
638	794
638	838
638	929
639	441
639	471
639	584
639	850
639	872
639	894
639	901
639	918
639	981
640	502
640	565
640	647
640	674
640	883
640	893
640	935
640	980
640	984
641	646
641	812
641	821
641	853
641	854
641	920
641	949
641	957
641	974
642	22
642	329
642	408
642	473
642	613
642	776
642	936
642	940
642	996
643	286
643	775
643	797
643	910
643	921
643	945
643	956
643	990
643	1000
644	139
644	214
644	603
644	609
644	620
644	670
644	779
644	807
644	915
645	278
645	706
645	710
645	790
645	867
645	944
645	955
645	965
645	982
646	37
646	521
646	641
646	731
646	822
646	864
646	907
646	965
646	989
647	277
647	285
647	362
647	600
647	640
647	745
647	774
647	854
647	986
648	419
648	636
648	663
648	772
648	847
648	927
648	948
648	962
648	966
649	407
649	480
649	625
649	652
649	658
649	719
649	809
649	833
649	960
650	511
650	545
650	746
650	923
650	924
650	926
650	928
650	943
650	962
651	5
651	31
651	185
651	354
651	505
651	513
651	516
651	630
651	831
652	23
652	236
652	468
652	582
652	649
652	732
652	799
652	898
652	960
653	178
653	792
653	810
653	878
653	899
653	937
653	964
653	969
653	981
654	307
654	363
654	365
654	757
654	861
654	871
654	989
654	990
654	995
655	606
655	837
655	855
655	911
655	913
655	918
655	937
655	938
655	950
656	9
656	18
656	56
656	299
656	778
656	900
656	925
656	937
656	938
657	223
657	579
657	728
657	744
657	757
657	775
657	820
657	907
657	989
658	29
658	416
658	625
658	649
658	677
658	678
658	799
658	880
658	966
659	394
659	426
659	474
659	501
659	765
659	827
659	865
659	871
659	989
660	243
660	246
660	463
660	930
660	945
660	962
660	968
660	975
660	1000
661	215
661	218
661	829
661	930
661	934
661	975
661	979
661	990
661	1000
662	9
662	152
662	349
662	696
662	704
662	722
662	789
662	802
662	995
663	501
663	544
663	576
663	577
663	648
663	783
663	927
663	928
663	934
664	665
664	687
664	716
664	723
664	789
664	818
664	886
664	940
664	991
665	234
665	291
665	351
665	376
665	628
665	664
665	688
665	936
665	940
666	439
666	724
666	747
666	772
666	789
666	802
666	933
666	954
666	987
667	500
667	562
667	740
667	799
667	820
667	872
667	897
667	979
667	998
668	208
668	233
668	403
668	434
668	570
668	828
668	876
668	977
668	997
669	419
669	443
669	481
669	742
669	823
669	866
669	905
669	919
669	948
670	118
670	270
670	644
670	701
670	721
670	844
670	965
670	976
670	991
671	235
671	286
671	564
671	773
671	827
671	873
671	903
671	973
671	998
672	130
672	255
672	395
672	522
672	556
672	636
672	816
672	878
672	969
673	145
673	722
673	731
673	865
673	885
673	896
673	912
673	965
673	989
673	995
674	235
674	611
674	640
674	770
674	842
674	952
674	967
674	970
674	982
674	997
675	20
675	78
675	344
675	579
675	611
675	768
675	893
675	956
675	984
675	986
676	141
676	157
676	240
676	801
676	832
676	916
676	921
676	988
676	991
676	993
677	15
677	658
677	686
677	862
677	902
677	931
677	947
677	959
677	972
677	976
678	253
678	447
678	480
678	503
678	632
678	658
678	730
678	799
678	984
678	994
679	487
679	540
679	545
679	553
679	702
679	789
679	882
679	888
679	948
679	986
680	66
680	189
680	239
680	399
680	880
680	882
680	888
680	909
680	929
680	948
681	100
681	137
681	481
681	530
681	702
681	730
681	800
681	823
681	832
681	900
682	71
682	370
682	380
682	422
682	585
682	759
682	762
682	835
682	846
682	923
683	100
683	263
683	561
683	762
683	793
683	808
683	826
683	835
683	946
683	978
684	549
684	727
684	734
684	742
684	749
684	806
684	832
684	905
684	926
684	935
685	321
685	499
685	619
685	784
685	838
685	902
685	970
685	972
685	976
685	986
686	194
686	677
686	838
686	902
686	931
686	949
686	951
686	972
686	976
686	992
687	22
687	186
687	317
687	351
687	368
687	408
687	664
687	723
687	775
687	936
688	317
688	397
688	408
688	461
688	496
688	665
688	803
688	936
688	938
688	940
689	73
689	82
689	449
689	494
689	715
689	801
689	884
689	927
689	928
689	950
690	330
690	601
690	608
690	721
690	803
690	804
690	860
690	874
690	955
690	981
691	12
691	55
691	353
691	578
691	594
691	706
691	909
691	917
691	944
691	992
692	387
692	557
692	567
692	583
692	775
692	818
692	819
692	856
692	958
692	995
693	250
693	813
693	829
693	853
693	857
693	890
693	922
693	933
693	950
693	954
694	27
694	621
694	761
694	773
694	884
694	920
694	949
694	957
694	974
694	994
695	23
695	72
695	359
695	423
695	468
695	504
695	833
695	864
695	917
695	955
696	342
696	469
696	541
696	662
696	731
696	820
696	885
696	926
696	989
696	995
697	191
697	502
697	547
697	774
697	893
697	907
697	927
697	979
697	980
697	986
698	18
698	156
698	369
698	550
698	606
698	862
698	877
698	895
698	904
698	963
699	601
699	840
699	841
699	899
699	917
699	942
699	952
699	970
699	982
699	997
700	32
700	181
700	333
700	357
700	442
700	538
700	767
700	779
700	811
700	971
701	90
701	563
701	568
701	670
701	855
701	860
701	915
701	937
701	950
701	996
702	32
702	361
702	542
702	679
702	681
702	783
702	786
702	882
702	888
702	948
703	146
703	170
703	223
703	562
703	745
703	796
703	830
703	848
703	885
703	979
704	484
704	494
704	662
704	900
704	911
704	913
704	925
704	937
704	938
704	952
705	500
705	724
705	777
705	799
705	830
705	848
705	973
705	979
705	994
705	995
706	41
706	374
706	377
706	645
706	691
706	910
706	930
706	952
706	955
706	998
707	233
707	333
707	461
707	518
707	560
707	605
707	785
707	811
707	856
707	901
707	932
708	382
708	402
708	481
708	813
708	831
708	849
708	875
708	924
708	985
708	987
708	994
709	189
709	422
709	579
709	720
709	728
709	768
709	861
709	865
709	871
709	993
709	995
710	300
710	527
710	533
710	645
710	849
710	865
710	895
710	909
710	967
710	970
710	992
711	537
711	638
711	717
711	838
711	862
711	899
711	902
711	931
711	972
711	976
711	988
712	182
712	185
712	268
712	521
712	578
712	611
712	620
712	630
712	912
712	948
712	953
713	160
713	244
713	311
713	457
713	574
713	884
713	899
713	906
713	949
713	974
713	990
714	153
714	301
714	382
714	570
714	586
714	806
714	827
714	873
714	891
714	903
714	973
715	242
715	531
715	576
715	637
715	689
715	783
715	791
715	864
715	927
715	962
715	995
716	452
716	551
716	638
716	664
716	840
716	863
716	934
716	942
716	967
716	982
716	997
717	422
717	433
717	493
717	530
717	711
717	727
717	806
717	832
717	874
717	880
717	905
718	501
718	575
718	584
718	765
718	787
718	850
718	872
718	894
718	918
718	930
718	949
719	29
719	255
719	496
719	561
719	616
719	625
719	632
719	649
719	780
719	880
719	954
720	396
720	457
720	566
720	598
720	622
720	709
720	745
720	760
720	783
720	963
720	999
721	288
721	476
721	552
721	614
721	670
721	690
721	735
721	823
721	844
721	906
721	915
722	9
722	237
722	551
722	662
722	673
722	818
722	861
722	868
722	885
722	989
722	995
723	312
723	472
723	496
723	628
723	664
723	687
723	776
723	789
723	853
723	936
723	969
724	307
724	534
724	562
724	666
724	705
724	777
724	848
724	921
724	979
724	987
724	990
725	167
725	196
725	445
725	535
725	569
725	798
725	896
725	935
725	983
725	996
725	1000
726	12
726	48
726	64
726	435
726	892
726	917
726	944
726	955
726	956
726	965
726	998
727	276
727	602
727	631
727	633
727	684
727	717
727	762
727	818
727	823
727	832
727	928
728	107
728	534
728	548
728	579
728	657
728	709
728	760
728	861
728	885
728	931
728	995
729	298
729	752
729	755
729	774
729	822
729	843
729	874
729	875
729	888
729	889
729	906
730	112
730	137
730	267
730	443
730	678
730	681
730	823
730	832
730	881
730	905
730	946
731	192
731	322
731	646
731	673
731	696
731	765
731	790
731	861
731	867
731	959
731	989
732	236
732	381
732	399
732	503
732	624
732	652
732	761
732	778
732	880
732	884
732	960
733	283
733	516
733	578
733	744
733	801
733	914
733	916
733	933
733	988
733	993
733	999
734	308
734	543
734	684
734	829
734	840
734	863
734	942
734	952
734	977
734	982
734	997
735	721
735	745
735	795
735	839
735	900
735	911
735	913
735	916
735	925
735	938
735	949
736	67
736	430
736	463
736	473
736	606
736	892
736	896
736	907
736	939
736	983
736	996
737	52
737	305
737	447
737	454
737	631
737	828
737	935
737	952
737	957
737	977
737	988
738	115
738	431
738	460
738	596
738	638
738	794
738	809
738	828
738	886
738	912
738	914
739	256
739	307
739	396
739	477
739	478
739	748
739	873
739	942
739	967
739	975
739	982
740	278
740	555
740	581
740	597
740	667
740	745
740	787
740	848
740	938
740	947
740	979
741	149
741	388
741	425
741	588
741	746
741	784
741	890
741	922
741	950
741	954
741	991
742	113
742	236
742	371
742	405
742	481
742	549
742	669
742	684
742	823
742	889
742	906
742	945
743	6
743	103
743	156
743	747
743	781
743	786
743	802
743	809
743	859
743	904
743	963
743	966
744	471
744	512
744	657
744	733
744	801
744	816
744	921
744	987
744	988
744	990
744	993
744	999
745	413
745	500
745	597
745	647
745	703
745	720
745	735
745	740
745	796
745	830
745	958
745	979
746	650
746	741
746	772
746	805
746	854
746	857
746	922
746	933
746	937
746	950
746	954
746	960
747	282
747	666
747	743
747	769
747	824
747	857
747	890
747	922
747	933
747	950
747	954
747	983
748	365
748	508
748	739
748	781
748	802
748	824
748	877
748	916
748	919
748	925
748	963
748	988
749	116
749	187
749	359
749	384
749	458
749	594
749	684
749	822
749	965
749	980
749	984
749	998
750	60
750	111
750	223
750	428
750	621
750	783
750	825
750	847
750	927
750	928
750	962
750	964
751	199
751	495
751	496
751	524
751	635
751	763
751	810
751	815
751	831
751	916
751	969
751	981
752	324
752	729
752	775
752	780
752	870
752	875
752	929
752	934
752	945
752	990
752	995
752	1000
753	169
753	259
753	398
753	413
753	477
753	765
753	856
753	942
753	952
753	967
753	982
753	997
754	218
754	385
754	589
754	772
754	802
754	853
754	920
754	924
754	946
754	949
754	967
754	974
755	152
755	615
755	619
755	729
755	852
755	863
755	874
755	889
755	910
755	915
755	931
755	943
756	142
756	237
756	379
756	401
756	421
756	498
756	620
756	836
756	842
756	953
756	958
756	985
757	155
757	600
757	604
757	654
757	657
757	786
757	807
757	820
757	885
757	940
757	989
757	995
758	229
758	427
758	547
758	550
758	570
758	774
758	780
758	846
758	858
758	980
758	984
758	986
759	180
759	280
759	306
759	461
759	682
759	762
759	793
759	835
759	867
759	929
759	941
759	986
760	253
760	472
760	508
760	720
760	728
760	829
760	846
760	870
760	904
760	919
760	924
760	963
761	33
761	166
761	239
761	264
761	449
761	503
761	694
761	732
761	799
761	933
761	960
761	1000
762	335
762	466
762	682
762	683
762	727
762	759
762	808
762	846
762	867
762	926
762	941
762	995
763	430
763	508
763	594
763	751
763	824
763	907
763	914
763	944
763	955
763	965
763	967
763	998
764	219
764	415
764	437
764	453
764	766
764	797
764	825
764	833
764	959
764	971
764	975
764	978
765	1
765	659
765	718
765	731
765	753
765	780
765	845
765	871
765	881
765	981
765	989
765	995
766	117
766	510
766	511
766	542
766	599
766	629
766	764
766	783
766	840
766	891
766	923
766	926
766	943
767	116
767	238
767	326
767	411
767	473
767	700
767	785
767	787
767	811
767	938
767	954
767	958
767	977
768	74
768	315
768	446
768	537
768	565
768	675
768	709
768	858
768	930
768	980
768	983
768	984
768	986
769	38
769	71
769	335
769	437
769	589
769	747
769	797
769	882
769	898
769	929
769	940
769	948
769	970
770	512
770	585
770	674
770	841
770	868
770	892
770	897
770	942
770	945
770	949
770	952
770	982
770	997
771	107
771	245
771	442
771	595
771	601
771	797
771	883
771	892
771	896
771	901
771	916
771	983
771	996
772	91
772	462
772	466
772	530
772	648
772	666
772	746
772	754
772	857
772	922
772	933
772	950
772	954
773	85
773	188
773	261
773	382
773	561
773	591
773	671
773	694
773	827
773	873
773	896
773	936
773	973
774	197
774	271
774	299
774	607
774	647
774	697
774	729
774	758
774	860
774	897
774	980
774	984
774	986
775	425
775	520
775	643
775	657
775	687
775	692
775	752
775	886
775	930
775	934
775	956
775	975
775	1000
776	83
776	86
776	338
776	434
776	556
776	592
776	613
776	642
776	723
776	789
776	940
776	964
776	998
777	4
777	30
777	153
777	518
777	549
777	705
777	724
777	796
777	830
777	848
777	962
777	975
777	979
778	41
778	244
778	347
778	423
778	656
778	732
778	810
778	815
778	831
778	838
778	964
778	969
778	981
779	15
779	388
779	584
779	618
779	644
779	700
779	850
779	853
779	872
779	878
779	894
779	912
779	918
780	144
780	169
780	429
780	719
780	752
780	758
780	765
780	861
780	865
780	871
780	885
780	989
780	995
781	175
781	368
781	559
781	598
781	743
781	748
781	802
781	829
781	877
781	884
781	963
781	971
781	993
782	243
782	281
782	837
782	849
782	887
782	904
782	915
782	923
782	924
782	951
782	985
782	987
782	994
783	82
783	480
783	663
783	702
783	715
783	720
783	750
783	766
783	847
783	868
783	928
783	962
783	998
784	566
784	685
784	741
784	832
784	838
784	842
784	862
784	902
784	931
784	937
784	942
784	972
784	976
785	310
785	343
785	374
785	538
785	557
785	605
785	707
785	767
785	801
785	867
785	868
785	901
785	932
786	157
786	587
786	702
786	743
786	757
786	792
786	797
786	870
786	888
786	898
786	929
786	948
786	962
787	128
787	489
787	566
787	584
787	718
787	740
787	767
787	850
787	872
787	894
787	899
787	912
787	934
788	46
788	209
788	347
788	474
788	476
788	491
788	515
788	552
788	563
788	807
788	860
788	874
788	915
789	83
789	112
789	119
789	267
789	538
789	662
789	664
789	666
789	679
789	723
789	776
789	936
789	940
790	263
790	374
790	420
790	645
790	731
790	792
790	806
790	817
790	917
790	938
790	965
790	997
790	998
791	470
791	479
791	494
791	531
791	575
791	715
791	796
791	847
791	892
791	927
791	928
791	962
791	963
792	342
792	371
792	423
792	509
792	653
792	786
792	790
792	810
792	815
792	958
792	964
792	969
792	981
792	983
793	247
793	335
793	389
793	484
793	683
793	759
793	808
793	827
793	835
793	846
793	941
793	966
793	973
793	1000
794	46
794	284
794	294
794	390
794	499
794	528
794	617
794	638
794	738
794	809
794	889
794	916
794	951
794	986
795	61
795	92
795	128
795	210
795	255
795	383
795	407
795	466
795	636
795	735
795	858
795	878
795	905
795	908
796	323
796	383
796	500
796	703
796	745
796	777
796	791
796	848
796	897
796	909
796	920
796	979
796	980
796	993
797	157
797	432
797	487
797	589
797	643
797	764
797	769
797	771
797	786
797	882
797	896
797	898
797	929
797	948
798	336
798	344
798	435
798	595
798	601
798	725
798	836
798	883
798	892
798	905
798	939
798	956
798	983
798	996
799	253
799	266
799	503
799	652
799	658
799	667
799	678
799	705
799	761
799	929
799	947
799	960
799	982
799	985
800	174
800	200
800	252
800	502
800	527
800	533
800	612
800	681
800	834
800	895
800	909
800	936
800	970
800	992
801	288
801	289
801	453
801	527
801	676
801	689
801	733
801	744
801	785
801	844
801	914
801	988
801	993
801	999
802	372
802	514
802	622
802	637
802	662
802	666
802	743
802	748
802	754
802	781
802	829
802	859
802	865
802	956
803	177
803	198
803	568
803	614
803	688
803	690
803	807
803	877
803	900
803	910
803	915
803	960
803	969
803	991
804	138
804	243
804	251
804	333
804	347
804	348
804	444
804	552
804	690
804	806
804	820
804	844
804	860
804	991
805	21
805	35
805	436
805	471
805	746
805	819
805	851
805	874
805	889
805	900
805	910
805	947
805	966
805	978
806	393
806	433
806	475
806	481
806	530
806	684
806	714
806	717
806	790
806	804
806	832
806	905
806	964
806	999
807	16
807	563
807	614
807	626
807	644
807	757
807	788
807	803
807	847
807	860
807	923
807	939
807	989
807	991
808	265
808	277
808	469
808	507
808	683
808	762
808	793
808	826
808	835
808	841
808	866
808	867
808	868
808	941
809	115
809	283
809	431
809	448
809	451
809	460
809	617
809	649
809	738
809	743
809	794
809	901
809	912
809	940
810	97
810	140
810	427
810	505
810	614
810	653
810	751
810	778
810	792
810	831
810	872
810	964
810	969
810	981
811	78
811	262
811	560
811	607
811	700
811	707
811	767
811	824
811	897
811	901
811	916
811	924
811	932
811	952
812	96
812	212
812	219
812	265
812	300
812	457
812	599
812	641
812	825
812	833
812	879
812	959
812	971
812	1000
813	150
813	327
813	414
813	693
813	708
813	821
813	849
813	881
813	887
813	924
813	959
813	961
813	985
813	987
813	994
814	28
814	315
814	316
814	463
814	526
814	837
814	854
814	866
814	930
814	934
814	956
814	978
814	983
814	990
814	1000
815	199
815	367
815	377
815	569
815	751
815	778
815	792
815	831
815	851
815	940
815	964
815	969
815	981
815	987
815	997
816	289
816	587
816	607
816	672
816	744
816	885
816	892
816	914
816	916
816	921
816	973
816	988
816	990
816	993
816	999
817	42
817	470
817	629
817	790
817	864
817	894
817	900
817	902
817	917
817	930
817	944
817	952
817	955
817	988
817	998
818	65
818	74
818	187
818	406
818	408
818	664
818	692
818	722
818	727
818	819
818	856
818	860
818	927
818	958
818	961
819	49
819	237
819	314
819	387
819	410
819	475
819	692
819	805
819	818
819	853
819	856
819	933
819	958
819	961
819	970
820	192
820	226
820	261
820	600
820	657
820	667
820	696
820	757
820	804
820	865
820	925
820	929
820	989
820	995
820	996
821	85
821	109
821	130
821	459
821	583
821	641
821	813
821	825
821	881
821	898
821	924
821	951
821	985
821	987
821	994
822	305
822	340
822	411
822	470
822	629
822	646
822	729
822	749
822	845
822	857
822	917
822	922
822	948
822	965
822	991
823	366
823	401
823	443
823	549
823	633
823	669
823	681
823	721
823	727
823	730
823	742
823	867
823	905
823	936
823	984
824	272
824	359
824	432
824	515
824	747
824	748
824	763
824	811
824	845
824	907
824	917
824	926
824	965
824	976
824	998
825	172
825	247
825	265
825	459
825	536
825	750
825	764
825	812
825	821
825	833
825	879
825	939
825	959
825	971
825	991
826	4
826	100
826	134
826	422
826	438
826	521
826	554
826	683
826	808
826	859
826	867
826	879
826	898
826	934
826	941
826	968
827	54
827	123
827	133
827	163
827	354
827	586
827	659
827	671
827	714
827	773
827	793
827	873
827	937
827	940
827	973
827	985
828	7
828	279
828	411
828	413
828	454
828	524
828	603
828	631
828	668
828	737
828	738
828	858
828	876
828	922
828	935
828	977
829	372
829	472
829	543
829	598
829	606
829	661
829	693
829	734
829	760
829	781
829	802
829	859
829	894
829	919
829	963
829	982
830	131
830	272
830	307
830	553
830	585
830	703
830	705
830	745
830	777
830	832
830	844
830	848
830	872
830	897
830	979
830	992
831	122
831	413
831	418
831	553
831	651
831	708
831	751
831	778
831	810
831	815
831	853
831	919
831	964
831	969
831	981
831	999
832	3
832	106
832	602
832	633
832	676
832	681
832	684
832	717
832	727
832	730
832	784
832	806
832	830
832	902
832	905
832	996
833	183
833	241
833	308
833	336
833	485
833	649
833	695
833	764
833	812
833	825
833	841
833	852
833	879
833	917
833	959
833	971
834	297
834	363
834	404
834	443
834	533
834	595
834	634
834	800
834	895
834	909
834	912
834	914
834	928
834	963
834	981
834	992
835	61
835	115
835	220
835	228
835	464
835	484
835	682
835	683
835	759
835	793
835	808
835	846
835	867
835	903
835	941
835	995
836	102
836	136
836	251
836	460
836	482
836	580
836	593
836	756
836	798
836	883
836	896
836	939
836	954
836	983
836	986
836	996
837	176
837	591
837	634
837	655
837	782
837	814
837	856
837	881
837	887
837	924
837	936
837	951
837	985
837	987
837	994
837	999
838	92
838	321
838	565
838	638
838	685
838	686
838	711
838	778
838	784
838	862
838	889
838	920
838	931
838	967
838	972
838	976
839	56
839	299
839	364
839	630
839	735
839	855
839	861
839	864
839	869
839	900
839	913
839	920
839	925
839	937
839	938
839	959
840	421
840	478
840	525
840	576
840	699
840	716
840	734
840	766
840	863
840	900
840	942
840	952
840	967
840	982
840	987
840	997
841	121
841	507
841	558
841	578
841	631
841	699
841	770
841	808
841	833
841	868
841	904
841	942
841	952
841	967
841	982
841	997
842	345
842	430
842	489
842	492
842	595
842	622
842	627
842	674
842	756
842	784
842	880
842	892
842	939
842	976
842	983
842	996
843	171
843	250
843	302
843	429
843	434
843	471
843	497
843	517
843	729
843	899
843	906
843	947
843	966
843	968
843	977
843	978
844	90
844	120
844	348
844	428
844	469
844	588
844	609
844	670
844	721
844	801
844	804
844	830
844	846
844	860
844	865
844	915
844	991
845	43
845	273
845	375
845	385
845	458
845	515
845	575
845	603
845	765
845	822
845	824
845	864
845	917
845	944
845	955
845	965
845	983
846	68
846	148
846	301
846	303
846	507
846	682
846	758
846	760
846	762
846	793
846	835
846	844
846	854
846	867
846	872
846	915
846	941
847	15
847	159
847	319
847	407
847	479
847	488
847	648
847	750
847	783
847	791
847	807
847	857
847	927
847	928
847	932
847	955
847	994
848	225
848	317
848	323
848	487
848	534
848	703
848	705
848	724
848	740
848	777
848	796
848	830
848	851
848	877
848	897
848	976
848	979
849	442
849	499
849	599
849	708
849	710
849	782
849	813
849	881
849	887
849	924
849	940
849	951
849	952
849	985
849	987
849	994
849	999
850	79
850	124
850	371
850	388
850	445
850	546
850	612
850	639
850	718
850	779
850	787
850	912
850	918
850	922
850	959
850	969
850	997
851	135
851	143
851	436
851	444
851	805
851	815
851	848
851	852
851	855
851	874
851	875
851	889
851	895
851	906
851	966
851	978
851	995
852	564
852	619
852	755
852	833
852	851
852	855
852	875
852	889
852	906
852	910
852	934
852	947
852	949
852	954
852	966
852	975
852	978
853	532
853	574
853	641
853	693
853	723
853	754
853	779
853	819
853	831
853	857
853	871
853	899
853	920
853	946
853	949
853	957
853	974
854	597
854	641
854	647
854	746
854	814
854	846
854	866
854	870
854	886
854	900
854	944
854	945
854	956
854	968
854	975
854	990
854	1000
855	214
855	249
855	274
855	312
855	456
855	655
855	701
855	839
855	851
855	852
855	869
855	896
855	900
855	925
855	937
855	938
855	976
856	35
856	82
856	89
856	254
856	406
856	567
856	692
856	707
856	753
856	818
856	819
856	837
856	913
856	931
856	957
856	958
856	961
857	202
857	483
857	693
857	746
857	747
857	772
857	822
857	847
857	853
857	890
857	918
857	922
857	933
857	950
857	954
857	970
857	993
858	20
858	146
858	279
858	293
858	294
858	295
858	321
858	446
858	459
858	758
858	768
858	795
858	828
858	893
858	980
858	981
858	984
859	173
859	389
859	396
859	464
859	612
859	617
859	743
859	802
859	826
859	829
859	876
859	877
859	904
859	919
859	925
859	963
859	978
859	994
860	120
860	126
860	414
860	454
860	520
860	557
860	690
860	701
860	774
860	788
860	804
860	807
860	818
860	844
860	861
860	876
860	892
860	991
861	81
861	454
861	598
861	618
861	654
861	709
861	722
861	728
861	731
861	780
861	839
861	860
861	865
861	885
861	895
861	926
861	989
861	995
862	186
862	194
862	403
862	466
862	566
862	582
862	677
862	698
862	711
862	784
862	838
862	876
862	902
862	931
862	972
862	976
862	993
862	997
863	170
863	319
863	514
863	578
863	592
863	627
863	716
863	734
863	755
863	840
863	868
863	929
863	942
863	951
863	952
863	967
863	982
863	997
864	296
864	424
864	455
864	544
864	629
864	646
864	695
864	715
864	817
864	839
864	845
864	899
864	907
864	917
864	944
864	955
864	965
864	998
865	63
865	273
865	299
865	579
865	659
865	673
865	709
865	710
865	780
865	802
865	820
865	844
865	861
865	871
865	944
865	988
865	989
865	995
866	26
866	39
866	526
866	629
866	669
866	808
866	814
866	854
866	874
866	911
866	930
866	934
866	935
866	945
866	968
866	975
866	990
866	1000
867	134
867	287
867	380
867	519
867	554
867	645
867	731
867	759
867	762
867	785
867	808
867	823
867	826
867	835
867	846
867	941
867	957
867	961
868	196
868	368
868	439
868	464
868	578
868	631
868	722
868	770
868	783
868	785
868	808
868	841
868	863
868	908
868	952
868	967
868	982
868	997
869	147
869	217
869	274
869	312
869	320
869	399
869	403
869	417
869	571
869	839
869	855
869	900
869	911
869	925
869	937
869	938
869	947
869	971
869	996
870	123
870	243
870	324
870	484
870	544
870	752
870	760
870	786
870	854
870	877
870	886
870	915
870	941
870	968
870	971
870	975
870	990
870	998
870	1000
871	81
871	133
871	322
871	326
871	563
871	568
871	654
871	659
871	709
871	765
871	780
871	853
871	865
871	885
871	934
871	942
871	955
871	989
871	995
872	138
872	489
872	501
872	601
872	610
872	618
872	639
872	667
872	718
872	779
872	787
872	810
872	830
872	846
872	894
872	912
872	918
872	930
872	968
873	188
873	259
873	354
873	436
873	447
873	561
873	586
873	591
873	597
873	671
873	714
873	739
873	773
873	827
873	903
873	943
873	972
873	973
873	1000
874	58
874	72
874	619
874	690
874	717
874	729
874	755
874	788
874	805
874	851
874	866
874	875
874	889
874	890
874	910
874	944
874	947
874	966
874	978
875	154
875	313
875	356
875	429
875	561
875	708
875	729
875	752
875	851
875	852
875	874
875	889
875	893
875	910
875	911
875	947
875	950
875	966
875	978
876	87
876	170
876	203
876	249
876	318
876	392
876	447
876	525
876	603
876	626
876	668
876	828
876	859
876	860
876	862
876	913
876	935
876	977
876	987
877	269
877	372
877	378
877	389
877	472
877	586
877	622
877	637
877	698
877	748
877	781
877	803
877	848
877	859
877	870
877	887
877	904
877	919
877	948
878	50
878	73
878	92
878	128
878	132
878	285
878	383
878	395
878	537
878	554
878	556
878	604
878	653
878	672
878	779
878	795
878	879
878	946
878	954
879	79
879	149
879	241
879	308
879	367
879	453
879	536
879	559
879	812
879	825
879	826
879	833
879	878
879	947
879	959
879	971
879	973
879	978
879	989
880	239
880	381
880	440
880	480
880	506
880	616
880	625
880	632
880	658
880	680
880	717
880	719
880	732
880	842
880	932
880	943
880	960
880	969
880	977
881	68
881	108
881	178
881	406
881	593
881	600
881	625
881	730
881	765
881	813
881	821
881	837
881	849
881	887
881	918
881	934
881	951
881	985
881	987
881	994
882	75
882	229
882	232
882	424
882	449
882	526
882	587
882	679
882	680
882	702
882	769
882	797
882	886
882	888
882	913
882	927
882	929
882	948
882	979
882	993
883	266
883	318
883	331
883	348
883	463
883	492
883	517
883	535
883	573
883	575
883	640
883	771
883	798
883	836
883	892
883	896
883	914
883	939
883	992
883	996
884	29
884	77
884	162
884	182
884	292
884	455
884	573
884	689
884	694
884	713
884	732
884	781
884	899
884	931
884	932
884	946
884	949
884	957
884	961
884	974
885	80
885	129
885	210
885	227
885	328
885	600
885	673
885	696
885	703
885	722
885	728
885	757
885	780
885	816
885	861
885	871
885	887
885	894
885	942
885	954
885	995
886	257
886	459
886	544
886	550
886	664
886	738
886	775
886	854
886	870
886	882
886	904
886	919
886	925
886	934
886	945
886	968
886	971
886	975
886	990
886	992
886	1000
887	24
887	141
887	431
887	450
887	581
887	782
887	813
887	837
887	849
887	877
887	881
887	885
887	889
887	924
887	951
887	954
887	978
887	985
887	987
887	988
887	994
888	11
888	22
888	66
888	139
888	142
888	232
888	477
888	495
888	507
888	540
888	621
888	679
888	680
888	702
888	729
888	786
888	882
888	897
888	898
888	929
888	965
889	93
889	410
889	444
889	580
889	587
889	729
889	742
889	755
889	794
889	805
889	838
889	851
889	852
889	874
889	875
889	887
889	906
889	914
889	941
889	977
889	978
890	185
890	202
890	231
890	269
890	301
890	417
890	432
890	439
890	462
890	574
890	693
890	741
890	747
890	857
890	874
890	896
890	897
890	922
890	933
890	950
890	1000
891	53
891	211
891	331
891	369
891	393
891	412
891	533
891	542
891	545
891	558
891	566
891	571
891	599
891	714
891	766
891	923
891	926
891	943
891	965
891	979
891	990
892	14
892	40
892	230
892	345
892	551
892	580
892	726
892	736
892	770
892	771
892	791
892	798
892	816
892	842
892	860
892	883
892	926
892	939
892	983
892	985
892	996
893	67
893	108
893	120
893	151
893	174
893	197
893	271
893	325
893	415
893	440
893	458
893	640
893	675
893	697
893	858
893	875
893	927
893	929
893	984
893	986
893	989
894	98
894	277
894	292
894	476
894	489
894	546
894	610
894	618
894	639
894	718
894	779
894	787
894	817
894	829
894	872
894	885
894	902
894	912
894	918
894	942
894	992
895	96
895	264
895	312
895	337
895	394
895	423
895	441
895	478
895	491
895	634
895	698
895	710
895	800
895	834
895	851
895	861
895	909
895	970
895	984
895	992
895	1000
896	94
896	162
896	373
896	535
896	601
896	673
896	725
896	736
896	771
896	773
896	797
896	836
896	855
896	883
896	890
896	939
896	964
896	975
896	983
896	996
896	999
897	8
897	26
897	55
897	155
897	173
897	518
897	534
897	555
897	597
897	667
897	770
897	774
897	796
897	811
897	830
897	848
897	888
897	890
897	914
897	920
897	979
898	71
898	139
898	157
898	232
898	424
898	540
898	587
898	652
898	769
898	786
898	797
898	821
898	826
898	888
898	929
898	941
898	944
898	960
898	964
898	970
898	997
899	13
899	340
899	351
899	355
899	391
899	455
899	517
899	572
899	653
899	699
899	711
899	713
899	787
899	843
899	853
899	864
899	884
899	920
899	946
899	949
899	957
899	977
900	70
900	249
900	403
900	465
900	656
900	681
900	704
900	735
900	803
900	805
900	817
900	839
900	840
900	854
900	855
900	869
900	911
900	925
900	937
900	938
900	984
900	991
901	47
901	95
901	116
901	164
901	262
901	265
901	329
901	361
901	375
901	412
901	442
901	473
901	538
901	639
901	707
901	771
901	785
901	809
901	811
901	975
901	984
901	990
902	62
902	109
902	176
902	195
902	463
902	537
902	566
902	677
902	685
902	686
902	711
902	784
902	817
902	832
902	862
902	894
902	931
902	972
902	976
902	977
902	986
902	1000
903	24
903	188
903	201
903	209
903	216
903	259
903	313
903	346
903	352
903	493
903	561
903	564
903	579
903	586
903	671
903	714
903	835
903	873
903	922
903	972
903	973
903	986
904	77
904	126
904	127
904	156
904	457
904	464
904	472
904	479
904	494
904	510
904	622
904	637
904	698
904	743
904	760
904	782
904	841
904	859
904	877
904	886
904	919
904	952
905	3
905	11
905	382
905	393
905	405
905	424
905	530
905	602
905	604
905	633
905	669
905	684
905	717
905	730
905	795
905	798
905	806
905	823
905	832
905	966
905	968
905	978
906	36
906	59
906	401
906	410
906	471
906	497
906	529
906	626
906	713
906	721
906	729
906	742
906	843
906	851
906	852
906	889
906	914
906	929
906	947
906	966
906	972
906	978
907	147
907	205
907	247
907	340
907	374
907	397
907	432
907	646
907	657
907	697
907	736
907	763
907	824
907	864
907	917
907	923
907	947
907	955
907	964
907	965
907	982
907	998
908	50
908	61
908	73
908	132
908	255
908	327
908	407
908	470
908	486
908	522
908	556
908	604
908	605
908	634
908	636
908	795
908	868
908	917
908	923
908	924
908	947
908	999
909	69
909	144
909	200
909	306
909	337
909	363
909	372
909	404
909	491
909	612
909	634
909	680
909	691
909	710
909	796
909	800
909	834
909	895
909	921
909	970
909	974
909	992
910	93
910	121
910	250
910	410
910	444
910	497
910	556
910	560
910	615
910	643
910	706
910	755
910	803
910	805
910	852
910	874
910	875
910	922
910	945
910	947
910	966
910	978
910	991
911	56
911	160
911	253
911	339
911	392
911	399
911	465
911	488
911	571
911	604
911	608
911	655
911	704
911	735
911	866
911	869
911	875
911	900
911	925
911	937
911	938
911	963
911	997
912	98
912	268
912	275
912	289
912	371
912	445
912	489
912	501
912	546
912	610
912	673
912	712
912	738
912	779
912	787
912	809
912	834
912	850
912	872
912	894
912	918
912	972
912	993
913	59
913	300
913	339
913	399
913	405
913	456
913	465
913	571
913	628
913	655
913	704
913	735
913	839
913	856
913	876
913	882
913	915
913	925
913	934
913	937
913	938
913	940
913	963
914	206
914	220
914	452
914	581
914	582
914	733
914	738
914	763
914	801
914	816
914	834
914	883
914	889
914	897
914	906
914	916
914	921
914	933
914	980
914	988
914	989
914	993
914	999
915	177
915	485
915	498
915	519
915	520
915	533
915	563
915	568
915	609
915	614
915	644
915	701
915	721
915	755
915	782
915	788
915	803
915	844
915	846
915	870
915	913
915	960
915	971
915	991
916	222
916	452
916	469
916	482
916	514
916	523
916	582
916	676
916	733
916	735
916	748
916	751
916	771
916	794
916	811
916	816
916	914
916	921
916	964
916	986
916	988
916	990
916	993
916	999
917	309
917	340
917	386
917	492
917	691
917	695
917	699
917	726
917	790
917	817
917	822
917	824
917	833
917	845
917	864
917	907
917	908
917	941
917	952
917	955
917	965
917	990
917	994
917	998
918	124
918	275
918	371
918	374
918	388
918	501
918	528
918	546
918	610
918	618
918	623
918	639
918	655
918	718
918	779
918	850
918	857
918	872
918	881
918	894
918	912
918	933
918	937
918	986
919	6
919	51
919	118
919	154
919	218
919	231
919	284
919	315
919	392
919	457
919	598
919	622
919	669
919	748
919	760
919	829
919	831
919	859
919	877
919	886
919	904
919	956
919	963
919	974
920	91
920	182
920	218
920	358
920	517
920	539
920	572
920	574
920	641
920	694
920	754
920	796
920	838
920	839
920	853
920	897
920	899
920	942
920	946
920	948
920	949
920	957
920	974
920	982
921	30
921	204
921	306
921	320
921	379
921	523
921	581
921	595
921	615
921	627
921	643
921	676
921	724
921	744
921	816
921	909
921	914
921	916
921	943
921	955
921	969
921	982
921	988
921	993
921	999
922	2
922	116
922	202
922	407
922	417
922	462
922	534
922	588
922	626
922	633
922	693
922	741
922	746
922	747
922	772
922	822
922	828
922	850
922	857
922	890
922	903
922	910
922	933
922	950
922	954
923	25
923	53
923	172
923	213
923	369
923	412
923	455
923	511
923	512
923	545
923	558
923	563
923	599
923	650
923	682
923	766
923	782
923	807
923	891
923	907
923	908
923	926
923	943
923	945
923	954
924	248
924	286
924	364
924	516
924	560
924	573
924	593
924	650
924	708
924	754
924	760
924	782
924	811
924	813
924	821
924	837
924	849
924	887
924	908
924	951
924	961
924	983
924	985
924	987
924	994
925	5
925	59
925	251
925	272
925	465
925	488
925	571
925	656
925	704
925	735
925	748
925	820
925	839
925	855
925	859
925	869
925	886
925	900
925	911
925	913
925	937
925	938
925	996
925	997
925	999
926	41
926	53
926	114
926	117
926	127
926	165
926	172
926	211
926	378
926	542
926	545
926	558
926	599
926	650
926	684
926	696
926	762
926	766
926	824
926	861
926	891
926	892
926	923
926	943
926	963
927	52
927	94
927	111
927	118
927	366
927	419
927	465
927	494
927	576
927	648
927	663
927	689
927	697
927	715
927	750
927	791
927	818
927	847
927	882
927	893
927	928
927	946
927	962
927	989
927	991
928	8
928	322
928	350
928	449
928	479
928	494
928	512
928	531
928	541
928	602
928	650
928	663
928	689
928	727
928	750
928	783
928	791
928	834
928	847
928	927
928	930
928	962
928	966
928	968
928	976
929	32
929	97
929	424
929	487
929	504
929	506
929	540
929	587
929	589
929	638
929	680
929	752
929	759
929	769
929	786
929	797
929	799
929	820
929	863
929	882
929	888
929	893
929	898
929	906
929	948
930	95
930	122
930	168
930	486
930	514
930	577
930	660
930	661
930	706
930	718
930	768
930	775
930	814
930	817
930	866
930	872
930	928
930	934
930	956
930	963
930	968
930	975
930	990
930	993
930	1000
931	44
931	62
931	74
931	280
931	370
931	386
931	390
931	426
931	537
931	566
931	610
931	629
931	677
931	686
931	711
931	728
931	755
931	784
931	838
931	856
931	862
931	884
931	902
931	976
931	982
932	94
932	164
932	238
932	262
932	326
932	329
932	338
932	357
932	361
932	375
932	384
932	411
932	442
932	478
932	538
932	560
932	707
932	785
932	811
932	847
932	880
932	884
932	960
932	962
932	973
933	2
933	390
933	417
933	439
933	490
933	548
933	558
933	577
933	579
933	666
933	693
933	733
933	746
933	747
933	761
933	772
933	819
933	857
933	890
933	914
933	918
933	922
933	950
933	954
933	958
933	984
934	64
934	95
934	105
934	221
934	661
934	663
934	716
934	752
934	775
934	787
934	814
934	826
934	852
934	866
934	871
934	881
934	886
934	913
934	930
934	945
934	956
934	968
934	972
934	975
934	990
934	1000
935	58
935	87
935	92
935	150
935	207
935	215
935	233
935	318
935	372
935	426
935	447
935	525
935	570
935	603
935	640
935	684
935	725
935	737
935	828
935	866
935	876
935	942
935	975
935	977
935	987
935	990
936	79
936	282
936	328
936	338
936	409
936	415
936	425
936	491
936	613
936	628
936	642
936	665
936	687
936	688
936	723
936	773
936	789
936	800
936	823
936	837
936	940
936	945
936	948
936	971
936	981
936	992
937	80
937	163
937	221
937	227
937	299
937	456
937	488
937	571
937	653
937	655
937	656
937	701
937	704
937	746
937	784
937	827
937	839
937	855
937	869
937	900
937	911
937	913
937	918
937	925
937	938
937	962
938	274
938	312
938	346
938	403
938	478
938	488
938	637
938	655
938	656
938	688
938	704
938	735
938	740
938	767
938	790
938	839
938	855
938	869
938	900
938	911
938	913
938	925
938	937
938	944
938	948
938	962
939	60
939	291
939	354
939	356
939	405
939	477
939	492
939	551
939	565
939	573
939	574
939	575
939	580
939	736
939	798
939	807
939	825
939	836
939	842
939	883
939	892
939	896
939	953
939	981
939	983
939	996
940	22
940	86
940	167
940	408
940	409
940	415
940	425
940	487
940	496
940	555
940	603
940	628
940	642
940	664
940	665
940	688
940	757
940	769
940	776
940	789
940	809
940	815
940	827
940	849
940	913
940	936
941	228
941	303
941	358
941	401
941	422
941	438
941	461
941	484
941	507
941	554
941	631
941	759
941	762
941	793
941	808
941	826
941	835
941	846
941	867
941	870
941	889
941	898
941	917
941	966
941	974
941	995
941	999
942	18
942	158
942	196
942	263
942	368
942	400
942	699
942	716
942	734
942	739
942	753
942	770
942	784
942	840
942	841
942	863
942	871
942	885
942	894
942	920
942	935
942	952
942	956
942	967
942	982
942	985
942	997
943	114
943	117
943	172
943	213
943	369
943	388
943	412
943	420
943	431
943	511
943	542
943	545
943	558
943	599
943	650
943	755
943	766
943	873
943	880
943	891
943	921
943	923
943	926
943	944
943	948
943	975
943	987
944	27
944	42
944	104
944	147
944	263
944	278
944	357
944	377
944	470
944	515
944	564
944	630
944	645
944	691
944	726
944	763
944	817
944	845
944	854
944	864
944	865
944	874
944	898
944	938
944	943
944	955
944	998
945	105
945	259
945	324
945	376
945	526
945	540
945	552
945	572
945	590
945	643
945	660
945	742
945	752
945	770
945	854
945	866
945	886
945	910
945	923
945	934
945	936
945	950
945	956
945	968
945	975
945	990
945	994
945	1000
946	34
946	77
946	96
946	160
946	182
946	311
946	385
946	453
946	529
946	532
946	582
946	586
946	621
946	683
946	730
946	754
946	853
946	878
946	884
946	899
946	920
946	927
946	949
946	953
946	957
946	974
946	979
946	1000
947	36
947	58
947	164
947	252
947	274
947	410
947	429
947	444
947	529
947	600
947	615
947	677
947	740
947	799
947	805
947	843
947	852
947	869
947	874
947	875
947	879
947	906
947	907
947	908
947	910
947	966
947	973
947	978
948	11
948	32
948	38
948	75
948	97
948	189
948	487
948	587
948	589
948	648
948	669
948	679
948	680
948	702
948	712
948	769
948	786
948	797
948	822
948	877
948	882
948	920
948	929
948	936
948	938
948	943
948	967
948	994
949	13
949	34
949	162
949	242
949	311
949	391
949	572
949	636
949	641
949	686
949	694
949	713
949	718
949	735
949	754
949	770
949	852
949	853
949	884
949	899
949	920
949	946
949	956
949	957
949	960
949	974
949	989
949	1000
950	84
950	190
950	225
950	231
950	257
950	364
950	490
950	498
950	509
950	548
950	614
950	655
950	689
950	693
950	701
950	741
950	746
950	747
950	772
950	857
950	875
950	890
950	922
950	933
950	945
950	954
950	973
950	990
951	17
951	68
951	141
951	216
951	316
951	379
951	397
951	440
951	450
951	483
951	516
951	593
951	618
951	686
951	782
951	794
951	821
951	837
951	849
951	863
951	881
951	887
951	924
951	983
951	985
951	987
951	994
951	998
952	104
952	139
952	158
952	309
952	512
952	543
952	620
952	674
952	699
952	704
952	706
952	734
952	737
952	753
952	770
952	811
952	817
952	840
952	841
952	849
952	863
952	868
952	904
952	917
952	942
952	967
952	982
952	996
952	997
953	5
953	10
953	31
953	88
953	131
953	143
953	237
953	340
953	348
953	395
953	401
953	421
953	471
953	498
953	505
953	513
953	521
953	546
953	611
953	620
953	630
953	635
953	712
953	756
953	939
953	946
953	988
953	993
953	996
954	2
954	84
954	158
954	190
954	225
954	364
954	439
954	490
954	513
954	588
954	666
954	693
954	719
954	741
954	746
954	747
954	767
954	772
954	836
954	852
954	857
954	878
954	885
954	887
954	922
954	923
954	933
954	950
954	986
955	77
955	104
955	205
955	260
955	377
955	406
955	468
955	547
955	585
955	590
955	629
955	645
955	690
955	695
955	706
955	726
955	763
955	817
955	845
955	847
955	864
955	871
955	907
955	917
955	921
955	944
955	958
955	965
955	998
956	86
956	122
956	243
956	296
956	418
956	501
956	544
956	577
956	590
956	643
956	675
956	726
956	775
956	798
956	802
956	814
956	854
956	919
956	930
956	934
956	942
956	945
956	949
956	963
956	968
956	970
956	975
956	990
956	1000
957	3
957	160
957	190
957	224
957	238
957	292
957	344
957	355
957	358
957	360
957	410
957	455
957	510
957	572
957	641
957	694
957	737
957	853
957	856
957	867
957	884
957	899
957	920
957	946
957	949
957	965
957	972
957	974
957	999
958	21
958	35
958	45
958	49
958	74
958	89
958	106
958	254
958	310
958	314
958	323
958	343
958	406
958	460
958	504
958	567
958	692
958	745
958	756
958	767
958	792
958	818
958	819
958	856
958	933
958	955
958	961
958	976
958	989
958	992
959	34
959	84
959	149
959	219
959	247
959	252
959	258
959	265
959	300
959	332
959	367
959	437
959	489
959	536
959	546
959	559
959	677
959	731
959	764
959	812
959	813
959	825
959	833
959	839
959	850
959	879
959	962
959	971
959	984
959	992
960	23
960	33
960	42
960	65
960	166
960	236
960	239
960	253
960	266
960	419
960	440
960	483
960	485
960	503
960	597
960	616
960	625
960	632
960	649
960	652
960	732
960	746
960	761
960	799
960	803
960	880
960	898
960	915
960	932
960	949
961	21
961	49
961	65
961	89
961	106
961	187
961	193
961	244
961	254
961	292
961	310
961	314
961	343
961	387
961	406
961	429
961	491
961	504
961	567
961	583
961	813
961	818
961	819
961	856
961	867
961	884
961	924
961	958
961	974
961	999
962	8
962	111
962	159
962	350
962	366
962	416
962	419
962	420
962	449
962	479
962	531
962	541
962	576
962	605
962	615
962	648
962	650
962	660
962	715
962	750
962	777
962	783
962	786
962	791
962	927
962	928
962	932
962	937
962	938
962	959
962	970
963	6
963	18
963	51
963	127
963	173
963	175
963	389
963	508
963	522
963	542
963	606
963	637
963	698
963	720
963	743
963	748
963	760
963	781
963	791
963	829
963	834
963	859
963	911
963	913
963	919
963	926
963	930
963	956
963	969
963	993
963	995
964	43
964	193
964	244
964	258
964	370
964	423
964	427
964	488
964	495
964	506
964	509
964	553
964	569
964	616
964	653
964	750
964	776
964	778
964	792
964	806
964	810
964	815
964	831
964	896
964	898
964	907
964	916
964	969
964	979
964	981
964	995
965	129
965	174
965	211
965	273
965	305
965	384
965	387
965	395
965	402
965	420
965	435
965	645
965	646
965	670
965	673
965	726
965	749
965	763
965	790
965	822
965	824
965	845
965	864
965	888
965	891
965	907
965	917
965	955
965	957
965	968
965	971
965	994
966	115
966	201
966	234
966	250
966	313
966	418
966	436
966	444
966	497
966	518
966	529
966	550
966	619
966	634
966	648
966	658
966	743
966	793
966	805
966	843
966	851
966	852
966	874
966	875
966	905
966	906
966	910
966	928
966	941
966	947
966	967
966	978
967	40
967	104
967	108
967	121
967	282
967	294
967	309
967	391
967	512
967	534
967	539
967	578
967	674
967	710
967	716
967	739
967	753
967	754
967	763
967	838
967	840
967	841
967	863
967	868
967	942
967	948
967	952
967	966
967	982
967	988
967	992
967	997
968	57
968	168
968	242
968	257
968	290
968	296
968	376
968	482
968	524
968	559
968	577
968	590
968	621
968	660
968	826
968	843
968	854
968	866
968	870
968	872
968	886
968	905
968	928
968	930
968	934
968	945
968	956
968	965
968	975
968	980
968	998
968	1000
969	43
969	88
969	105
969	199
969	244
969	342
969	370
969	421
969	495
969	509
969	549
969	553
969	569
969	653
969	672
969	723
969	751
969	778
969	792
969	803
969	810
969	815
969	831
969	850
969	880
969	921
969	963
969	964
969	971
969	981
969	983
969	996
970	14
970	69
970	103
970	140
970	191
970	264
970	281
970	287
970	297
970	394
970	404
970	441
970	491
970	593
970	612
970	618
970	624
970	674
970	685
970	699
970	710
970	769
970	800
970	819
970	857
970	895
970	898
970	909
970	956
970	962
970	992
970	997
971	149
971	219
971	241
971	247
971	252
971	258
971	300
971	308
971	314
971	332
971	336
971	367
971	437
971	494
971	522
971	536
971	559
971	700
971	764
971	781
971	812
971	825
971	833
971	869
971	870
971	879
971	886
971	915
971	936
971	959
971	965
971	969
971	980
972	19
972	38
972	44
972	109
972	126
972	181
972	186
972	195
972	269
972	280
972	308
972	321
972	353
972	386
972	390
972	568
972	624
972	677
972	685
972	686
972	711
972	784
972	838
972	862
972	873
972	902
972	903
972	906
972	912
972	934
972	957
972	976
972	991
973	45
973	54
973	133
973	163
973	201
973	203
973	209
973	216
973	259
973	354
973	382
973	487
973	529
973	551
973	561
973	564
973	586
973	591
973	628
973	671
973	705
973	714
973	773
973	793
973	816
973	827
973	873
973	879
973	903
973	932
973	947
973	950
973	988
973	994
974	57
974	159
974	208
974	225
974	248
974	292
974	324
974	346
974	360
974	385
974	477
974	510
974	517
974	532
974	571
974	572
974	574
974	621
974	633
974	641
974	694
974	713
974	754
974	853
974	884
974	909
974	919
974	920
974	941
974	946
974	949
974	957
974	961
974	994
975	64
975	194
975	289
975	321
975	376
975	513
975	526
975	550
975	552
975	577
975	614
975	660
975	661
975	739
975	764
975	775
975	777
975	852
975	854
975	866
975	870
975	886
975	896
975	901
975	930
975	934
975	935
975	943
975	945
975	956
975	968
975	984
975	990
975	1000
976	38
976	44
976	109
976	126
976	145
976	181
976	195
976	270
976	280
976	390
976	466
976	537
976	562
976	566
976	670
976	677
976	685
976	686
976	711
976	784
976	824
976	838
976	842
976	848
976	855
976	862
976	902
976	928
976	931
976	958
976	972
976	982
976	986
976	991
976	996
977	31
977	87
977	131
977	170
977	191
977	203
977	207
977	233
977	304
977	318
977	392
977	426
977	434
977	447
977	524
977	568
977	570
977	587
977	603
977	631
977	632
977	668
977	734
977	737
977	767
977	828
977	843
977	876
977	880
977	889
977	899
977	902
977	935
977	985
977	996
978	36
978	49
978	58
978	217
978	220
978	234
978	298
978	302
978	418
978	428
978	529
978	546
978	548
978	610
978	615
978	619
978	622
978	683
978	764
978	805
978	814
978	843
978	851
978	852
978	859
978	874
978	875
978	879
978	887
978	889
978	905
978	906
978	910
978	947
978	966
979	26
979	55
979	155
979	224
979	272
979	305
979	307
979	389
979	400
979	518
979	534
979	547
979	555
979	562
979	585
979	594
979	661
979	667
979	697
979	703
979	705
979	724
979	740
979	745
979	777
979	796
979	830
979	848
979	882
979	891
979	897
979	946
979	964
979	981
979	992
980	19
980	24
980	48
980	91
980	151
980	174
980	260
980	264
980	277
980	315
980	325
980	331
980	446
980	459
980	467
980	502
980	508
980	517
980	543
980	547
980	554
980	611
980	640
980	697
980	749
980	758
980	768
980	774
980	796
980	858
980	914
980	968
980	971
980	984
980	992
981	2
981	47
981	88
981	178
981	193
981	280
981	324
981	342
981	370
981	413
981	423
981	427
981	495
981	506
981	509
981	553
981	569
981	633
981	639
981	653
981	690
981	751
981	765
981	778
981	792
981	810
981	815
981	831
981	834
981	858
981	936
981	939
981	964
981	969
981	979
981	984
982	28
982	158
982	169
982	210
982	359
982	539
982	543
982	581
982	591
982	592
982	608
982	645
982	674
982	699
982	716
982	734
982	739
982	753
982	770
982	799
982	829
982	840
982	841
982	863
982	868
982	907
982	920
982	921
982	931
982	942
982	952
982	967
982	976
982	987
982	989
982	997
983	39
983	94
983	97
983	167
983	180
983	230
983	251
983	373
983	430
983	473
983	551
983	573
983	595
983	627
983	632
983	725
983	736
983	747
983	768
983	771
983	792
983	798
983	814
983	836
983	842
983	845
983	892
983	896
983	924
983	939
983	951
983	969
983	993
983	995
983	996
983	998
984	17
984	48
984	67
984	136
984	146
984	212
984	229
984	277
984	331
984	337
984	344
984	459
984	467
984	547
984	576
984	584
984	637
984	640
984	675
984	678
984	749
984	758
984	768
984	774
984	823
984	858
984	893
984	895
984	900
984	901
984	933
984	959
984	975
984	980
984	981
984	986
985	50
985	76
985	85
985	90
985	108
985	125
985	165
985	341
985	361
985	397
985	430
985	448
985	450
985	483
985	593
985	708
985	756
985	782
985	799
985	813
985	821
985	827
985	837
985	849
985	881
985	887
985	892
985	924
985	942
985	951
985	977
985	987
985	988
985	994
985	995
985	997
985	998
986	16
986	20
986	67
986	136
986	146
986	197
986	212
986	260
986	279
986	295
986	315
986	325
986	445
986	446
986	467
986	502
986	511
986	557
986	605
986	647
986	675
986	679
986	685
986	697
986	758
986	759
986	768
986	774
986	794
986	836
986	893
986	902
986	903
986	916
986	918
986	954
986	976
986	984
986	1000
987	24
987	85
987	125
987	130
987	165
987	207
987	208
987	248
987	286
987	317
987	341
987	397
987	433
987	462
987	483
987	516
987	572
987	596
987	666
987	708
987	724
987	744
987	782
987	813
987	815
987	821
987	837
987	840
987	849
987	876
987	881
987	887
987	924
987	935
987	943
987	951
987	982
987	985
987	994
988	30
988	93
988	179
988	240
988	268
988	270
988	290
988	302
988	320
988	352
988	379
988	398
988	452
988	511
988	514
988	549
988	581
988	582
988	607
988	676
988	711
988	733
988	737
988	744
988	748
988	801
988	816
988	817
988	865
988	887
988	914
988	916
988	921
988	953
988	967
988	973
988	985
988	993
988	999
989	1
989	63
989	65
989	112
989	144
989	223
989	226
989	322
989	349
989	474
989	511
989	525
989	600
989	606
989	646
989	654
989	657
989	659
989	673
989	696
989	722
989	731
989	757
989	765
989	780
989	807
989	820
989	861
989	865
989	871
989	879
989	893
989	914
989	927
989	949
989	958
989	982
989	990
989	992
989	995
989	998
990	19
990	105
990	168
990	242
990	257
990	275
990	296
990	316
990	378
990	465
990	507
990	526
990	550
990	590
990	592
990	643
990	654
990	661
990	713
990	724
990	744
990	752
990	814
990	816
990	854
990	866
990	870
990	886
990	891
990	901
990	916
990	917
990	930
990	934
990	935
990	945
990	950
990	956
990	975
990	989
990	1000
991	90
991	101
991	138
991	161
991	177
991	184
991	198
991	204
991	206
991	245
991	334
991	336
991	347
991	348
991	351
991	381
991	414
991	475
991	485
991	519
991	520
991	583
991	608
991	614
991	626
991	664
991	670
991	676
991	741
991	803
991	804
991	807
991	822
991	825
991	844
991	860
991	900
991	910
991	915
991	927
991	972
991	976
992	14
992	45
992	69
992	70
992	103
992	113
992	140
992	179
992	200
992	246
992	278
992	297
992	337
992	363
992	394
992	404
992	441
992	491
992	527
992	533
992	612
992	620
992	624
992	634
992	686
992	691
992	710
992	800
992	830
992	834
992	883
992	886
992	894
992	895
992	909
992	936
992	958
992	959
992	967
992	970
992	979
992	980
992	989
993	30
993	137
993	171
993	190
993	204
993	222
993	268
993	270
993	288
993	290
993	306
993	352
993	398
993	469
993	482
993	523
993	581
993	582
993	607
993	676
993	709
993	733
993	744
993	781
993	796
993	801
993	816
993	857
993	862
993	882
993	912
993	914
993	916
993	921
993	930
993	953
993	963
993	983
993	988
993	994
993	996
993	998
993	999
994	8
994	68
994	76
994	125
994	130
994	165
994	176
994	248
994	286
994	341
994	381
994	396
994	397
994	412
994	450
994	483
994	516
994	593
994	613
994	635
994	678
994	694
994	705
994	708
994	782
994	813
994	821
994	837
994	847
994	849
994	859
994	881
994	887
994	917
994	924
994	945
994	948
994	951
994	965
994	973
994	974
994	985
994	987
994	993
995	7
995	63
995	69
995	80
995	81
995	129
995	152
995	210
995	256
995	349
995	474
995	579
995	600
995	617
995	619
995	654
995	662
995	673
995	692
995	696
995	705
995	709
995	715
995	722
995	728
995	752
995	757
995	762
995	765
995	780
995	820
995	835
995	851
995	861
995	865
995	871
995	885
995	941
995	963
995	964
995	983
995	985
995	989
995	999
996	39
996	102
996	107
996	135
996	180
996	187
996	230
996	291
996	334
996	345
996	376
996	430
996	443
996	463
996	492
996	539
996	573
996	575
996	580
996	595
996	601
996	627
996	642
996	701
996	725
996	736
996	771
996	798
996	820
996	832
996	836
996	842
996	869
996	883
996	892
996	896
996	925
996	939
996	952
996	953
996	969
996	976
996	977
996	983
996	993
997	25
997	28
997	110
997	121
997	235
997	256
997	275
997	309
997	349
997	368
997	369
997	398
997	400
997	477
997	490
997	512
997	539
997	543
997	578
997	592
997	625
997	668
997	674
997	699
997	716
997	734
997	753
997	770
997	790
997	815
997	840
997	841
997	850
997	862
997	863
997	868
997	898
997	911
997	925
997	942
997	952
997	967
997	970
997	982
997	985
998	1
998	27
998	42
998	70
998	205
998	263
998	293
998	353
998	384
998	420
998	432
998	435
998	458
998	467
998	468
998	470
998	492
998	518
998	536
998	573
998	594
998	629
998	667
998	671
998	706
998	726
998	749
998	763
998	776
998	783
998	790
998	817
998	824
998	864
998	870
998	907
998	917
998	944
998	951
998	955
998	968
998	983
998	985
998	989
998	993
999	171
999	197
999	204
999	206
999	220
999	240
999	268
999	270
999	288
999	289
999	290
999	306
999	320
999	328
999	352
999	379
999	387
999	398
999	427
999	452
999	468
999	469
999	475
999	482
999	514
999	532
999	720
999	733
999	744
999	801
999	806
999	816
999	831
999	837
999	849
999	896
999	908
999	914
999	916
999	921
999	925
999	941
999	957
999	961
999	988
999	993
999	995
1000	19
1000	57
1000	64
1000	122
1000	123
1000	194
1000	214
1000	242
1000	262
1000	316
1000	380
1000	445
1000	450
1000	523
1000	528
1000	544
1000	550
1000	556
1000	577
1000	590
1000	643
1000	660
1000	661
1000	725
1000	752
1000	761
1000	775
1000	793
1000	812
1000	814
1000	854
1000	866
1000	870
1000	873
1000	886
1000	890
1000	895
1000	902
1000	930
1000	934
1000	945
1000	946
1000	949
1000	956
1000	968
1000	975
1000	986
1000	990
