0 796
0 851
0 917
0 923
796 113
796 247
796 308
796 555
796 662
796 665
796 758
796 766
796 851
796 893
796 917
796 923
851 7
851 66
851 113
851 349
851 542
851 554
851 555
851 636
851 758
851 766
851 893
851 917
851 923
851 934
917 7
917 40
917 67
917 138
917 185
917 280
917 349
917 554
917 555
917 636
917 662
917 665
917 733
917 746
917 758
917 766
917 819
917 893
917 923
917 941
923 7
923 66
923 67
923 100
923 185
923 247
923 280
923 284
923 349
923 542
923 555
923 636
923 662
923 665
923 746
923 758
923 766
923 819
923 828
923 893
923 940
113 858
113 819
247 893
247 349
247 356
308 982
308 988
308 643
308 879
555 957
555 893
555 746
662 886
662 542
662 819
662 893
662 636
662 758
665 7
665 542
665 758
665 766
665 819
665 893
758 280
758 819
758 893
758 746
758 685
758 766
766 886
766 819
766 893
766 746
766 752
766 554
893 280
893 542
893 67
893 819
893 138
893 554
893 599
893 636
893 746
893 919
66 993
66 40
349 613
542 40
542 554
554 819
554 763
636 819
636 82
636 100
636 746
934 999
934 959
934 914
934 932
934 984
934 998
934 979
934 867
934 98
934 365
934 380
934 411
934 418
934 436
934 505
934 525
934 667
934 668
934 733
934 754
934 786
934 790
934 810
934 825
934 827
934 915
40 280
67 819
138 960
138 819
185 746
185 403
733 999
733 914
733 984
733 998
733 979
733 651
733 471
733 754
733 832
746 819
746 100
746 611
819 754
941 634
941 785
941 991
941 995
941 993
941 27
941 79
941 160
941 238
941 257
941 300
941 433
941 480
941 582
941 597
941 666
941 703
941 709
941 731
941 741
941 802
941 885
941 909
941 933
941 962
941 969
941 989
941 994
100 429
284 943
284 935
284 961
284 937
828 996
828 928
828 940
828 948
828 985
828 944
828 950
828 970
828 903
828 953
828 299
828 871
828 875
828 887
940 996
940 928
940 55
940 183
940 235
940 253
940 283
940 328
940 406
940 506
940 556
940 726
940 730
940 737
940 753
940 799
940 871
940 875
940 887
940 903
940 944
940 948
940 950
940 953
940 970
940 985
1 171
1 830
1 943
1 967
171 937
171 961
171 967
830 235
830 669
830 757
830 809
830 815
830 864
830 876
830 952
830 969
830 971
830 973
830 986
830 987
830 997
943 74
943 95
943 198
943 219
943 236
943 319
943 338
943 350
943 444
943 552
943 655
943 664
943 725
943 727
943 734
943 743
943 744
943 805
943 843
943 849
943 904
943 910
943 921
943 935
943 937
943 961
943 967
967 42
967 74
967 93
967 95
967 139
967 219
967 228
967 248
967 319
967 338
967 350
967 444
967 455
967 457
967 489
967 520
967 618
967 627
967 725
967 727
967 743
967 744
967 782
967 797
967 843
967 904
967 910
967 921
967 935
967 937
967 961
967 969
967 970
937 935
937 961
937 727
937 76
937 139
937 198
937 219
937 350
937 417
937 444
937 457
937 489
937 535
937 552
937 618
937 734
937 743
937 744
937 797
937 843
937 877
937 904
937 921
961 42
961 935
961 74
961 95
961 115
961 139
961 219
961 228
961 248
961 350
961 417
961 455
961 457
961 489
961 520
961 568
961 627
961 664
961 725
961 727
961 734
961 744
961 797
961 802
961 843
961 904
961 910
961 921
961 928
235 996
235 928
669 973
669 986
669 987
669 997
669 971
669 969
669 876
669 952
757 973
757 986
757 987
757 997
757 971
757 975
757 969
757 952
757 927
757 639
757 815
809 973
809 986
809 987
809 997
809 971
809 864
809 969
809 914
809 952
809 700
809 927
809 324
809 815
815 973
815 986
815 987
815 997
815 801
815 971
815 864
815 969
815 952
815 927
815 688
864 973
864 986
864 987
864 997
864 971
864 28
864 255
864 454
864 614
864 688
864 780
864 876
864 927
864 952
864 969
876 973
876 986
876 987
876 997
876 971
876 969
876 909
876 979
876 105
876 291
876 639
876 688
876 726
876 780
876 927
876 952
952 973
952 986
952 987
952 997
952 971
952 969
952 960
952 340
952 141
952 202
952 226
952 254
952 486
952 501
952 503
952 527
952 602
952 612
952 614
952 639
952 705
952 726
952 780
952 927
969 973
969 986
969 987
969 997
969 971
969 37
969 41
969 70
969 101
969 105
969 129
969 203
969 230
969 255
969 291
969 501
969 503
969 527
969 602
969 606
969 639
969 688
969 705
969 726
969 780
969 927
969 976
971 973
971 986
971 987
971 997
971 22
971 70
971 129
971 150
971 174
971 202
971 226
971 230
971 254
971 255
971 270
971 486
971 501
971 503
971 602
971 614
971 639
971 681
971 705
971 726
971 780
971 786
971 873
971 927
971 977
973 11
973 37
973 38
973 70
973 105
973 150
973 226
973 254
973 300
973 324
973 325
973 339
973 501
973 527
973 602
973 614
973 639
973 688
973 697
973 705
973 726
973 772
973 780
973 927
973 986
973 987
973 988
973 997
986 11
986 22
986 37
986 38
986 101
986 129
986 141
986 150
986 174
986 202
986 203
986 255
986 270
986 291
986 324
986 339
986 375
986 486
986 503
986 602
986 614
986 688
986 693
986 705
986 726
986 778
986 780
986 818
986 910
986 927
986 930
986 987
986 997
987 11
987 37
987 38
987 41
987 70
987 141
987 174
987 203
987 230
987 254
987 270
987 324
987 325
987 339
987 375
987 482
987 486
987 493
987 501
987 503
987 527
987 602
987 614
987 639
987 688
987 705
987 726
987 780
987 856
987 927
987 966
987 997
997 11
997 22
997 38
997 41
997 42
997 101
997 105
997 129
997 141
997 150
997 174
997 202
997 203
997 226
997 230
997 325
997 339
997 375
997 452
997 486
997 501
997 503
997 527
997 602
997 614
997 639
997 688
997 705
997 726
997 780
997 877
997 883
997 916
997 927
74 664
95 489
198 480
198 904
236 627
236 921
236 822
319 843
319 904
319 618
338 990
338 921
338 744
350 904
444 904
444 910
444 743
552 935
552 727
552 843
552 904
552 744
655 690
655 680
655 771
655 798
655 252
655 654
655 509
655 575
664 164
664 535
664 797
664 843
664 910
664 921
725 935
725 489
725 904
725 921
725 829
725 734
725 618
725 910
727 49
727 520
727 797
727 843
727 904
727 910
734 935
734 843
734 904
734 921
734 318
734 417
734 797
743 935
743 627
743 904
743 921
743 910
743 358
743 780
744 485
744 935
744 904
744 921
744 910
805 278
805 955
805 975
805 992
805 959
805 922
805 926
805 470
805 214
805 779
805 884
805 888
805 930
843 935
843 182
843 487
843 618
843 904
843 910
843 921
849 856
849 951
849 980
849 924
849 958
849 756
849 847
849 895
849 912
849 916
849 184
849 354
849 491
849 635
849 863
904 935
904 248
904 479
904 587
904 797
904 910
904 921
910 935
910 489
910 643
910 627
910 921
910 618
910 320
910 797
910 417
910 535
921 992
921 627
921 228
921 248
921 320
921 417
921 455
921 535
921 618
921 741
935 900
935 42
935 139
935 320
935 417
935 455
935 457
935 489
935 520
935 535
935 618
935 797
935 892
935 979
93 485
93 571
93 719
228 627
248 909
455 797
455 457
457 630
520 254
520 535
520 797
627 156
782 966
782 974
782 897
782 913
782 90
782 157
782 205
782 273
782 341
782 632
782 642
782 877
797 885
797 320
970 996
970 928
970 948
970 985
970 944
970 950
970 735
970 165
970 183
970 197
970 253
970 283
970 286
970 310
970 381
970 406
970 450
970 465
970 506
970 529
970 568
970 646
970 696
970 711
970 730
970 737
970 739
970 753
970 799
970 871
970 875
970 887
970 903
970 953
2 788
2 880
2 929
2 946
788 36
788 64
788 119
788 268
788 285
788 412
788 518
788 677
788 763
788 874
788 929
788 946
880 64
880 68
880 143
880 285
880 419
880 518
880 565
880 584
880 594
880 605
880 677
880 732
880 763
880 768
880 874
880 929
880 945
880 946
929 15
929 36
929 68
929 119
929 143
929 223
929 237
929 268
929 285
929 419
929 456
929 518
929 563
929 565
929 584
929 594
929 677
929 701
929 721
929 763
929 768
929 874
929 946
946 15
946 28
946 36
946 64
946 68
946 119
946 124
946 170
946 223
946 237
946 268
946 285
946 321
946 419
946 456
946 518
946 565
946 584
946 594
946 677
946 763
946 768
946 812
946 874
946 894
946 926
36 15
64 321
119 584
268 768
268 874
285 874
412 801
412 690
412 589
412 798
412 654
518 584
518 874
518 605
677 321
677 68
677 124
677 286
677 563
763 768
763 874
763 223
763 419
763 565
763 594
763 605
874 143
874 584
874 124
874 170
874 223
874 456
874 563
874 565
874 594
874 605
874 875
143 28
419 900
419 605
565 768
565 594
565 605
584 978
584 563
594 321
594 902
605 768
605 563
732 458
732 852
732 12
732 53
732 275
732 334
732 428
732 508
732 858
732 878
768 28
768 170
768 456
768 563
768 780
945 949
945 467
945 908
945 983
945 866
945 846
945 679
945 50
945 115
945 117
945 125
945 136
945 189
945 277
945 329
945 331
945 367
945 373
945 394
945 406
945 515
945 539
945 550
945 611
945 764
945 767
945 789
945 807
945 839
15 854
237 456
237 884
456 563
563 759
701 956
701 957
701 981
701 776
701 793
701 748
701 430
701 675
701 645
721 648
721 966
721 974
721 897
721 913
721 631
721 877
721 217
721 439
124 933
170 872
321 208
812 956
812 981
812 722
812 445
812 453
812 793
812 748
812 675
812 298
812 533
812 540
812 621
812 772
894 990
894 856
894 951
894 980
894 924
894 958
894 895
894 912
894 604
894 167
894 354
894 422
894 446
894 474
894 577
894 588
894 623
894 635
894 863
894 916
926 955
926 975
926 992
926 959
926 199
926 922
926 177
926 287
926 294
926 470
926 598
926 633
926 661
926 702
926 745
926 779
926 816
926 834
926 837
926 865
926 884
926 888
926 930
3 241
3 773
3 947
3 972
241 524
241 800
241 947
241 972
773 424
773 672
773 674
773 692
773 735
773 778
773 800
773 915
773 947
773 972
773 993
947 34
947 110
947 164
947 209
947 301
947 304
947 347
947 353
947 401
947 424
947 426
947 431
947 524
947 572
947 625
947 638
947 672
947 674
947 735
947 778
947 800
947 826
947 855
947 860
947 915
947 924
947 972
972 110
972 127
972 163
972 164
972 209
972 255
972 262
972 304
972 318
972 342
972 347
972 353
972 401
972 424
972 426
972 431
972 481
972 516
972 524
972 572
972 580
972 630
972 638
972 672
972 674
972 692
972 735
972 778
972 795
972 800
972 855
972 860
972 915
972 950
524 915
524 855
524 580
524 630
800 674
800 110
800 163
800 387
800 481
800 630
800 731
800 855
800 915
424 915
424 342
424 401
672 792
672 735
672 915
672 855
672 778
672 580
674 34
674 572
674 638
674 855
674 915
692 860
692 625
692 855
692 209
692 347
692 638
692 739
692 778
735 127
735 353
735 401
735 572
735 580
735 915
778 860
778 915
778 855
778 318
778 426
778 431
915 625
915 127
915 304
915 318
915 342
915 394
915 426
915 431
915 481
915 630
915 806
915 855
993 634
993 785
993 991
993 995
993 25
993 27
993 43
993 79
993 151
993 233
993 238
993 258
993 263
993 281
993 297
993 300
993 336
993 398
993 421
993 549
993 582
993 593
993 619
993 647
993 650
993 656
993 660
993 668
993 703
993 709
993 731
993 781
993 802
993 868
993 885
993 896
993 909
993 933
993 962
993 989
993 992
993 994
34 716
34 860
110 625
164 855
209 262
301 989
301 962
301 994
301 896
304 860
304 837
347 860
347 919
353 855
353 630
401 860
401 954
426 860
426 638
431 580
431 775
572 860
572 625
572 845
572 481
625 860
625 944
625 638
638 860
638 311
638 580
826 72
826 302
826 325
826 374
826 569
826 592
826 700
826 783
826 791
826 803
826 804
826 814
826 829
826 881
855 989
855 161
855 318
855 342
855 481
855 630
860 127
860 163
860 580
860 630
860 770
860 950
924 846
924 573
924 856
924 951
924 980
924 60
924 82
924 101
924 251
924 422
924 432
924 474
924 475
924 588
924 623
924 756
924 847
924 863
924 895
924 912
924 916
924 958
163 798
262 342
262 630
262 859
481 776
516 991
516 989
516 933
516 962
516 868
516 741
580 468
795 80
795 576
795 137
795 231
795 328
795 414
795 479
795 499
795 543
795 719
795 750
795 899
950 996
950 964
950 928
950 948
950 985
950 57
950 944
950 181
950 182
950 196
950 450
950 465
950 506
950 568
950 696
950 711
950 730
950 739
950 753
950 799
950 871
950 875
950 887
950 903
950 953
4 116
4 622
4 838
4 900
116 761
116 890
116 900
622 519
622 591
622 720
622 724
622 774
622 833
622 889
838 26
838 32
838 46
838 309
838 410
838 429
838 466
838 607
838 659
838 752
838 761
838 854
838 890
838 900
838 985
900 5
900 32
900 46
900 166
900 309
900 372
900 390
900 429
900 528
900 607
900 659
900 752
900 761
900 854
900 890
900 980
761 5
761 372
761 410
761 607
761 659
761 752
761 837
761 854
761 890
890 5
890 854
890 24
890 26
890 32
890 46
890 153
890 242
890 372
890 390
890 410
890 466
890 528
890 607
890 659
890 752
519 833
519 777
519 835
519 724
519 526
519 720
591 922
591 833
591 889
591 774
591 724
591 326
591 526
720 512
720 833
720 889
720 567
720 777
720 835
720 724
720 454
724 500
724 889
724 835
724 896
724 269
724 416
774 499
774 833
774 889
774 210
774 269
774 326
774 454
774 526
774 777
774 835
833 978
833 902
833 180
833 500
833 210
833 326
833 454
833 567
833 777
833 889
889 960
889 180
889 402
889 500
889 210
889 218
889 269
889 326
889 416
889 526
889 567
889 777
889 835
889 953
26 854
26 278
32 854
46 854
309 75
309 466
309 528
410 854
410 845
410 752
429 854
429 166
429 659
466 854
466 607
466 752
607 153
607 390
607 752
659 854
659 352
659 528
659 752
752 528
752 390
854 5
854 153
854 166
854 390
854 557
985 996
985 928
985 55
985 948
985 57
985 123
985 165
985 181
985 182
985 183
985 196
985 197
985 253
985 267
985 286
985 348
985 356
985 381
985 384
985 406
985 465
985 529
985 556
985 568
985 646
985 695
985 696
985 711
985 730
985 737
985 739
985 753
985 799
985 871
985 875
985 887
985 903
985 944
985 953
166 868
372 756
372 528
390 981
528 570
980 933
980 59
980 573
980 856
980 951
980 60
980 82
980 130
980 158
980 167
980 184
980 224
980 251
980 272
980 293
980 354
980 362
980 422
980 432
980 446
980 474
980 475
980 491
980 577
980 588
980 604
980 623
980 635
980 707
980 756
980 760
980 847
980 863
980 895
980 912
980 916
980 953
980 958
837 955
837 975
837 992
837 959
837 922
837 888
837 865
837 930
837 816
837 558
837 745
837 779
153 892
557 538
557 989
557 962
557 994
557 99
557 709
24 942
24 982
24 988
242 999
242 914
242 998
242 786
6 634
6 785
6 991
6 995
634 398
634 738
634 962
634 991
634 994
634 995
785 472
785 781
785 868
785 885
785 909
785 933
785 962
785 989
785 994
785 995
991 27
991 84
991 140
991 145
991 151
991 216
991 224
991 233
991 250
991 257
991 258
991 281
991 336
991 369
991 421
991 433
991 536
991 549
991 582
991 597
991 619
991 647
991 650
991 651
991 660
991 666
991 694
991 703
991 741
991 781
991 802
991 832
991 868
991 885
991 896
991 909
991 933
991 962
991 994
991 995
995 27
995 43
995 79
995 84
995 160
995 204
995 238
995 281
995 297
995 300
995 376
995 421
995 433
995 538
995 549
995 582
995 597
995 619
995 647
995 650
995 660
995 666
995 694
995 703
995 709
995 711
995 731
995 741
995 781
995 799
995 802
995 868
995 885
995 896
995 909
995 933
995 962
995 977
995 983
995 989
995 994
398 933
398 781
398 896
398 660
738 717
738 886
738 901
738 891
738 103
738 427
738 463
738 487
738 498
738 507
962 694
962 989
962 909
962 51
962 885
962 933
962 233
962 258
962 263
962 423
962 433
962 449
962 549
962 582
962 593
962 597
962 660
962 666
962 702
962 703
962 709
962 781
962 802
962 868
962 896
962 994
994 538
994 694
994 534
994 989
994 909
994 885
994 933
994 897
994 84
994 99
994 140
994 145
994 204
994 216
994 221
994 233
994 257
994 263
994 369
994 376
994 421
994 433
994 549
994 588
994 593
994 597
994 619
994 650
994 660
994 666
994 703
994 709
994 731
994 741
994 745
994 781
994 802
994 868
472 12
472 186
472 823
472 858
472 872
781 999
781 909
781 99
781 257
781 868
781 896
868 989
868 909
868 885
868 933
868 250
868 336
868 619
868 741
868 808
885 989
885 909
885 51
885 433
885 703
885 731
885 741
885 802
885 896
885 919
885 933
909 694
909 989
909 43
909 145
909 250
909 300
909 647
909 650
909 666
909 933
933 858
933 989
933 51
933 151
933 216
933 250
933 258
933 336
933 369
933 582
933 593
933 647
933 896
989 988
989 694
989 33
989 43
989 79
989 99
989 145
989 204
989 238
989 263
989 281
989 336
989 369
989 376
989 421
989 549
989 582
989 593
989 597
989 619
989 647
989 650
989 660
989 666
989 703
989 709
989 741
989 779
989 802
989 896
84 852
140 963
140 731
151 984
216 204
224 958
224 912
250 731
257 896
258 90
281 896
369 91
421 938
536 716
536 644
536 906
536 919
536 208
536 765
549 707
582 184
597 896
597 617
619 974
619 802
647 982
647 538
647 731
650 888
650 896
650 593
651 999
651 932
651 984
651 998
651 979
651 405
651 827
660 428
660 802
666 740
666 896
694 25
694 160
694 709
694 714
703 731
703 835
741 718
741 802
802 958
802 896
832 999
832 914
832 932
832 984
832 998
832 979
832 628
832 867
832 786
832 825
832 583
832 730
832 754
896 538
896 948
896 297
896 593
160 604
297 951
297 731
376 853
376 709
538 25
538 963
709 903
711 996
711 928
711 944
711 903
711 953
711 887
799 996
799 928
799 948
799 944
799 903
799 953
799 887
799 871
977 35
977 693
977 905
977 49
977 89
977 94
977 156
977 207
977 232
977 245
977 259
977 303
977 315
977 361
977 378
977 379
977 384
977 400
977 437
977 443
977 493
977 586
977 600
977 601
977 613
977 617
977 637
977 641
977 661
977 663
977 685
977 715
977 749
977 808
977 840
977 859
977 869
977 978
983 949
983 9
983 467
983 908
983 13
983 47
983 50
983 63
983 102
983 115
983 117
983 125
983 136
983 154
983 176
983 189
983 201
983 276
983 277
983 329
983 331
983 332
983 359
983 367
983 373
983 394
983 403
983 515
983 539
983 550
983 611
983 679
983 764
983 767
983 789
983 807
983 839
983 865
983 866
983 891
8 485
8 742
8 836
8 949
485 360
485 658
485 857
742 14
742 88
742 175
742 215
742 504
742 590
742 658
742 719
742 836
742 857
836 88
836 122
836 142
836 215
836 310
836 504
836 509
836 571
836 658
836 687
836 719
836 824
836 857
949 9
949 13
949 47
949 63
949 115
949 125
949 136
949 176
949 201
949 277
949 359
949 373
949 403
949 467
949 515
949 539
949 550
949 611
949 748
949 750
949 764
949 767
949 789
949 807
949 839
949 866
949 908
360 687
360 857
360 982
360 56
658 857
658 56
658 142
658 504
658 556
658 719
857 14
857 687
857 56
857 88
857 142
857 215
857 504
857 571
857 590
857 596
857 719
857 767
14 561
14 687
88 913
175 966
175 974
175 631
215 687
504 687
504 590
504 165
590 687
590 571
590 719
590 122
590 147
719 571
719 122
719 310
122 687
142 290
310 687
310 571
509 690
509 771
509 798
509 654
509 391
571 56
571 271
687 649
824 942
824 982
824 988
824 902
824 925
824 879
824 813
824 671
824 676
824 698
824 420
824 465
824 691
824 714
9 467
9 908
13 908
13 866
47 201
47 679
63 908
63 50
125 789
136 515
176 547
176 839
201 913
277 866
277 764
359 717
359 679
359 789
373 789
373 807
403 467
403 866
403 102
467 839
515 367
515 539
515 767
539 839
539 807
539 335
550 908
550 866
550 789
550 767
611 908
611 839
611 767
611 394
748 956
748 957
748 981
748 453
748 243
748 645
748 769
748 772
750 576
750 899
750 760
750 543
750 128
750 414
750 479
750 513
750 596
764 908
764 866
764 679
764 332
764 367
764 381
764 807
764 810
767 866
767 789
767 839
767 189
767 332
789 908
789 866
789 117
789 154
789 212
807 908
807 866
807 679
807 839
807 329
807 367
807 434
807 583
839 908
839 866
839 679
839 496
839 329
839 331
839 503
866 908
866 331
866 394
866 679
866 691
866 813
908 50
908 102
908 117
908 154
908 189
908 331
908 332
908 955
908 968
102 791
154 906
332 679
955 33
955 44
955 194
955 212
955 312
955 371
955 392
955 438
955 441
955 603
955 633
955 702
955 745
955 779
955 816
955 831
955 834
955 844
955 865
955 884
955 888
955 922
955 930
955 932
955 959
955 975
955 992
968 931
968 965
968 990
968 41
968 121
968 168
968 186
968 188
968 385
968 397
968 408
968 415
968 490
968 545
968 548
968 551
968 560
968 570
968 579
968 599
968 620
968 649
968 652
968 673
968 682
968 699
968 755
968 775
968 841
968 887
968 898
968 939
968 954
968 963
968 976
276 965
276 990
276 992
276 963
329 394
865 975
865 992
865 959
865 844
865 888
865 220
865 312
865 609
865 779
865 816
865 834
865 850
865 884
865 930
891 911
891 547
891 717
891 886
891 901
891 21
891 103
891 104
891 211
891 307
891 393
891 427
891 463
891 487
891 498
891 507
891 537
891 616
10 91
10 458
10 852
10 911
91 508
91 858
458 334
458 386
458 523
458 869
852 97
852 261
852 264
852 343
852 387
852 473
852 541
852 653
852 784
852 823
852 858
852 872
852 878
852 996
911 12
911 16
911 53
911 96
911 155
911 186
911 343
911 352
911 386
911 428
911 473
911 494
911 523
911 541
911 626
911 784
911 823
911 858
911 872
911 878
508 878
508 155
508 428
508 541
508 784
858 878
858 16
858 494
858 53
858 97
858 541
858 653
858 784
858 823
858 872
334 878
334 494
334 872
386 872
386 264
386 428
523 878
523 261
523 451
523 653
523 784
869 975
869 693
869 905
869 978
869 586
869 613
869 859
869 493
869 259
869 437
869 600
869 617
869 637
869 661
869 685
869 749
97 45
97 823
261 45
261 352
261 473
264 878
264 784
264 879
343 823
343 872
343 387
387 878
387 483
473 823
473 560
473 784
541 878
541 872
541 483
653 942
653 823
653 275
653 872
653 784
653 483
784 494
784 928
784 872
784 483
784 609
823 878
823 905
823 65
823 275
823 352
823 483
823 872
872 878
872 96
872 275
872 155
872 352
872 562
878 12
878 45
878 96
878 155
878 186
878 578
878 670
996 21
996 55
996 57
996 123
996 165
996 181
996 182
996 197
996 253
996 267
996 283
996 286
996 356
996 381
996 406
996 450
996 465
996 506
996 529
996 556
996 568
996 646
996 671
996 696
996 730
996 737
996 739
996 753
996 871
996 875
996 887
996 903
996 928
996 930
996 944
996 948
996 953
996 956
16 45
16 494
53 375
96 275
428 494
494 715
626 999
626 984
626 998
626 979
626 827
626 790
626 668
324 497
325 688
339 793
501 927
527 927
527 370
602 927
614 927
639 960
688 882
697 942
697 982
697 988
697 902
697 925
697 256
697 751
697 813
697 879
705 723
705 927
705 780
726 927
726 486
772 956
772 957
772 981
772 793
772 769
772 675
772 747
772 434
772 645
780 927
927 817
927 375
927 932
927 270
927 291
927 751
988 942
988 982
988 76
988 108
988 131
988 148
988 225
988 256
988 313
988 316
988 348
988 351
988 358
988 395
988 407
988 420
988 461
988 469
988 478
988 517
988 578
988 624
988 643
988 671
988 676
988 689
988 691
988 698
988 714
988 718
988 729
988 736
988 751
988 813
988 879
988 895
988 902
988 925
22 801
270 566
291 870
486 853
693 35
693 600
693 685
693 715
693 808
693 905
693 978
818 561
818 831
818 936
818 960
818 964
818 907
818 120
818 190
818 452
818 587
818 610
818 683
818 822
930 278
930 975
930 992
930 959
930 922
930 844
930 500
930 888
930 884
930 633
930 850
930 294
930 392
930 441
930 598
930 609
930 702
930 745
930 779
482 957
482 981
482 793
482 747
482 645
493 978
493 808
493 245
493 840
856 59
856 272
856 474
856 577
856 756
856 847
856 863
856 895
856 912
856 916
856 951
856 958
966 71
966 708
966 73
966 90
966 152
966 157
966 178
966 205
966 217
966 227
966 273
966 311
966 323
966 341
966 355
966 439
966 484
966 496
966 522
966 559
966 612
966 615
966 631
966 632
966 637
966 642
966 656
966 806
966 882
966 897
966 913
966 974
452 936
452 964
452 938
452 396
877 648
877 708
877 974
877 897
877 913
877 631
877 178
877 806
877 205
877 355
877 484
877 559
877 612
877 642
877 656
883 710
883 762
883 861
883 918
883 965
883 729
883 870
883 920
883 848
883 853
883 111
883 274
883 279
883 290
883 337
883 521
883 595
883 686
916 573
916 951
916 958
916 847
916 895
916 912
916 167
916 195
916 251
916 422
916 432
916 474
916 577
916 588
916 623
916 707
916 863
578 982
578 925
578 225
578 407
578 718
578 879
670 906
670 892
670 678
670 919
670 882
670 770
670 546
670 842
691 942
691 982
691 736
691 902
691 925
691 813
691 676
813 942
813 982
813 736
813 902
813 879
813 313
813 689
813 415
813 698
561 86
561 822
561 907
561 938
561 960
561 964
86 964
86 938
86 118
822 831
822 936
822 960
822 964
822 938
822 907
822 442
822 488
822 629
822 683
822 863
907 831
907 936
907 960
907 964
907 938
907 103
907 120
907 377
907 396
907 399
907 459
907 488
907 502
907 511
907 566
907 587
907 610
907 629
907 939
938 957
938 831
938 936
938 960
938 964
938 52
938 106
938 118
938 190
938 213
938 396
938 399
938 442
938 488
938 502
938 511
938 566
938 587
938 610
938 629
938 683
938 998
960 39
960 831
960 936
960 52
960 106
960 118
960 120
960 172
960 190
960 213
960 221
960 377
960 396
960 399
960 442
960 459
960 488
960 502
960 511
960 566
960 587
960 610
960 629
960 683
960 964
964 990
964 39
964 831
964 936
964 52
964 106
964 118
964 120
964 172
964 190
964 213
964 221
964 377
964 396
964 399
964 442
964 459
964 488
964 502
964 511
964 566
964 587
964 610
964 629
964 683
964 959
964 984
649 931
649 965
649 990
649 954
649 976
649 963
649 939
596 576
596 899
596 760
596 513
596 449
596 479
715 905
715 978
715 808
715 859
715 259
715 303
715 840
17 109
17 574
17 792
17 811
109 932
109 979
109 999
574 244
574 322
574 440
574 562
574 564
574 792
574 821
792 249
792 322
792 395
792 440
792 640
792 663
792 706
792 811
792 821
792 873
811 244
811 249
811 322
811 389
811 440
811 468
811 606
811 663
811 684
811 821
811 873
811 974
932 999
932 957
932 54
932 914
932 380
932 460
932 505
932 583
932 628
932 667
932 668
932 786
932 790
932 810
932 825
932 827
932 867
932 979
932 984
932 998
979 999
979 978
979 914
979 984
979 998
979 62
979 78
979 149
979 169
979 179
979 239
979 263
979 299
979 380
979 411
979 418
979 436
979 460
979 471
979 477
979 525
979 583
979 628
979 667
979 668
979 754
979 786
979 790
979 810
979 825
979 827
979 867
999 25
999 62
999 72
999 78
999 98
999 149
999 161
999 169
999 179
999 220
999 239
999 299
999 305
999 365
999 380
999 405
999 411
999 418
999 436
999 460
999 471
999 477
999 505
999 525
999 583
999 628
999 667
999 668
999 754
999 786
999 790
999 810
999 825
999 827
999 867
999 914
999 984
999 998
244 873
244 859
244 684
322 873
322 562
440 873
440 389
440 468
562 640
562 873
562 389
562 663
562 821
564 644
564 906
564 892
564 495
564 882
564 695
564 842
821 640
821 706
821 404
821 873
821 641
821 953
821 684
821 606
821 510
821 663
249 65
249 337
249 684
395 48
395 468
395 606
395 706
640 48
640 364
640 404
640 448
640 510
640 873
663 404
663 684
663 606
663 468
706 48
706 273
706 389
706 404
706 606
706 684
706 873
873 65
873 196
873 370
873 389
873 448
873 468
873 510
873 606
873 684
389 510
606 370
684 370
684 420
684 510
974 71
974 648
974 708
974 73
974 90
974 152
974 157
974 178
974 205
974 217
974 227
974 273
974 311
974 323
974 341
974 355
974 439
974 484
974 496
974 511
974 522
974 559
974 612
974 615
974 631
974 632
974 642
974 656
974 787
974 806
974 897
18 547
18 717
18 886
18 901
547 427
547 498
547 886
547 901
717 31
717 104
717 463
717 507
717 616
717 886
886 21
886 31
886 104
886 211
886 307
886 393
886 427
886 463
886 487
886 498
886 507
886 616
886 901
901 21
901 31
901 103
901 104
901 211
901 307
901 393
901 427
901 463
901 487
901 498
901 507
901 537
901 551
901 616
901 804
427 747
498 629
498 487
31 537
463 616
507 537
507 393
616 537
616 211
616 469
307 393
307 459
393 749
487 537
537 621
551 965
551 990
551 954
551 976
551 963
804 288
804 791
804 192
804 740
804 271
804 405
804 409
804 569
804 592
804 783
804 829
804 881
19 710
19 762
19 861
19 918
710 371
710 762
710 848
710 853
710 861
710 870
710 918
710 920
762 206
762 595
762 686
762 729
762 848
762 853
762 870
762 899
762 920
861 111
861 159
861 274
861 337
861 521
861 595
861 686
861 698
861 729
861 848
861 853
861 870
861 912
861 918
861 920
918 92
918 111
918 146
918 159
918 206
918 274
918 279
918 290
918 293
918 337
918 363
918 521
918 595
918 686
918 729
918 831
918 848
918 853
918 870
918 920
371 992
371 959
371 922
848 990
848 944
848 729
848 870
848 920
848 92
848 290
848 345
848 521
848 595
848 853
853 729
853 870
853 920
853 92
853 337
853 345
853 363
853 595
853 686
870 77
870 729
870 146
870 159
870 279
870 345
870 368
870 521
870 686
870 920
920 981
920 77
920 729
920 92
920 146
920 206
920 274
920 279
920 290
920 345
920 363
920 521
920 595
920 642
920 686
920 939
206 595
686 729
686 159
686 483
729 77
899 191
899 992
899 80
899 366
899 576
899 81
899 128
899 137
899 195
899 328
899 414
899 449
899 462
899 479
899 513
899 543
899 760
111 363
274 608
521 914
698 982
698 643
698 902
698 879
698 407
698 718
912 712
912 951
912 958
912 847
912 895
912 158
912 354
912 362
912 446
912 475
912 577
912 604
912 707
912 863
146 279
293 958
293 847
293 895
363 737
831 39
831 459
831 502
831 566
831 587
831 610
831 936
20 191
20 306
20 704
20 862
191 462
191 576
306 532
306 759
306 846
306 862
704 29
704 144
704 346
704 364
704 492
704 553
704 712
704 759
704 862
862 23
862 161
862 265
862 346
862 364
862 447
862 492
862 532
862 534
862 544
862 553
862 573
862 712
862 723
862 846
462 81
462 320
462 499
462 543
576 80
576 397
576 760
532 712
532 846
532 723
532 368
532 790
759 712
759 846
759 723
759 173
759 193
759 227
759 346
759 544
759 553
846 29
846 534
846 173
846 193
846 265
846 364
846 368
846 447
846 544
846 723
29 534
29 712
144 981
144 445
144 453
346 723
346 492
364 265
492 951
492 723
492 553
492 544
553 975
553 368
553 193
712 534
712 447
712 544
712 723
23 931
23 965
23 990
161 723
265 534
265 769
447 534
447 173
447 544
544 951
573 59
573 847
573 951
573 958
723 193
55 948
57 944
123 928
123 448
181 948
197 953
253 953
267 928
267 948
267 722
283 928
283 953
286 944
356 948
356 953
381 948
406 944
450 944
450 953
450 559
465 928
506 948
506 510
506 887
529 944
529 953
529 315
529 875
556 948
556 944
556 953
568 948
568 944
568 953
646 948
646 944
646 903
646 953
646 513
646 875
671 942
671 982
671 689
671 316
671 676
671 714
696 928
696 948
696 944
696 953
696 790
696 730
730 948
730 944
730 953
730 875
737 928
737 948
737 944
737 739
737 875
737 887
739 948
739 903
739 953
739 887
739 871
753 928
753 903
753 953
753 645
753 887
753 875
753 871
871 928
871 948
871 944
871 958
871 898
871 903
871 953
871 887
871 875
875 928
875 948
875 944
875 963
875 903
875 953
887 928
887 948
887 944
887 632
887 903
887 953
903 928
903 948
903 944
903 867
903 954
903 183
903 953
928 51
928 944
928 948
928 953
944 948
944 196
944 953
948 936
948 842
948 953
956 30
956 817
956 162
956 243
956 266
956 289
956 296
956 317
956 335
956 383
956 423
956 451
956 517
956 533
956 540
956 585
956 621
956 681
956 722
956 747
956 769
956 776
956 793
956 794
956 957
956 981
801 83
801 357
801 382
801 391
801 435
801 512
801 514
801 575
801 589
801 690
801 771
83 222
83 512
83 680
357 435
357 680
357 85
357 798
382 680
382 771
382 194
382 391
391 690
391 798
391 514
435 69
435 327
435 575
435 798
512 327
512 589
512 771
512 798
514 976
514 798
514 252
514 327
514 575
575 690
575 771
575 272
575 327
589 222
589 680
589 85
589 252
589 654
690 48
690 222
690 327
690 798
771 736
771 222
771 680
771 85
771 654
771 798
681 817
681 981
681 793
681 769
681 317
681 434
681 621
786 914
786 984
786 998
786 867
786 548
786 668
931 77
931 362
931 408
931 464
931 490
931 570
931 579
931 599
931 620
931 652
931 682
931 699
931 755
931 765
931 775
931 841
931 898
931 939
931 954
931 963
931 965
931 976
931 990
965 135
965 168
965 188
965 240
965 314
965 385
965 397
965 408
965 425
965 490
965 560
965 579
965 599
965 620
965 652
965 673
965 682
965 699
965 736
965 755
965 775
965 841
965 898
965 936
965 939
965 954
965 963
965 976
965 990
990 87
990 121
990 135
990 168
990 188
990 234
990 240
990 314
990 385
990 397
990 408
990 415
990 464
990 490
990 545
990 548
990 560
990 570
990 579
990 599
990 620
990 652
990 673
990 682
990 699
990 755
990 775
990 834
990 841
990 898
990 939
990 954
990 963
990 976
362 958
362 707
408 963
408 939
464 898
464 954
464 976
464 939
490 954
490 976
490 939
570 954
570 976
570 963
570 939
579 954
579 976
579 963
579 939
599 976
599 963
599 939
620 984
620 976
620 963
620 939
652 898
652 954
652 976
652 963
652 939
682 898
682 954
682 976
682 963
682 939
699 708
699 898
699 954
699 976
699 939
699 841
755 898
755 954
755 976
755 963
755 148
755 775
755 841
755 939
765 713
765 906
765 892
765 820
765 919
765 495
765 882
765 845
765 770
765 842
775 898
775 954
775 976
775 963
775 939
775 841
841 898
841 954
841 976
841 963
841 939
841 314
841 477
898 87
898 121
898 545
898 624
898 673
898 939
898 954
898 963
898 976
939 954
939 976
939 963
939 234
939 545
939 548
939 673
954 87
954 314
954 397
954 415
954 545
954 548
954 560
954 673
954 825
954 963
954 976
963 976
963 121
963 135
963 234
963 239
963 240
963 385
963 415
963 545
963 548
963 560
963 673
976 897
976 87
976 135
976 168
976 188
976 234
976 240
976 385
976 397
976 415
976 545
976 548
976 560
976 673
976 829
240 683
314 282
425 713
425 919
425 882
425 845
425 295
673 834
736 942
736 982
736 76
736 714
736 879
736 925
936 39
936 52
936 106
936 172
936 213
936 221
936 396
936 399
936 442
936 459
936 488
936 502
936 511
936 566
936 587
936 603
936 683
834 975
834 992
834 959
834 922
834 844
834 470
834 888
834 884
834 609
834 745
942 256
942 313
942 316
942 348
942 351
942 358
942 420
942 461
942 469
942 478
942 624
942 689
942 714
942 718
942 751
942 879
942 881
942 902
942 925
942 982
982 76
982 108
982 131
982 148
982 225
982 256
982 313
982 316
982 348
982 358
982 407
982 420
982 461
982 469
982 478
982 517
982 624
982 643
982 676
982 689
982 714
982 718
982 751
982 840
982 879
982 888
982 902
982 925
256 925
313 689
316 959
348 902
351 925
351 678
351 751
358 879
420 902
461 624
461 879
461 517
469 925
469 751
478 925
478 533
478 718
624 108
624 517
624 902
689 902
689 925
689 442
689 676
714 925
714 879
714 751
718 902
718 925
718 879
751 643
751 902
751 925
879 922
879 902
879 407
879 676
881 288
881 791
881 192
881 340
881 740
881 803
881 814
881 266
881 330
881 374
881 409
881 569
881 592
881 700
881 783
881 829
902 643
902 131
902 517
902 925
925 643
925 131
925 148
925 225
925 377
925 517
925 531
925 676
108 643
407 628
676 323
840 905
840 978
840 586
840 601
840 641
840 859
840 661
840 315
840 379
840 600
840 637
840 749
888 975
888 992
888 959
888 844
888 214
888 603
888 609
888 702
888 816
888 850
888 884
895 998
895 951
895 958
895 756
895 130
895 158
895 251
895 475
895 604
895 623
895 635
895 707
593 791
656 708
656 913
656 806
656 615
656 522
668 984
668 998
992 278
992 33
992 975
992 44
992 75
992 114
992 194
992 199
992 212
992 214
992 260
992 287
992 294
992 312
992 392
992 438
992 441
992 470
992 558
992 598
992 603
992 609
992 633
992 702
992 745
992 779
992 816
992 844
992 850
992 884
992 922
992 959
62 984
62 998
72 246
72 288
78 628
78 867
98 984
98 998
149 984
149 998
169 984
169 998
179 998
179 470
220 984
220 998
239 998
299 998
299 667
305 984
305 998
305 134
305 825
365 984
365 998
365 825
380 998
405 914
405 984
405 998
411 984
411 998
411 654
418 984
418 998
418 814
436 914
436 984
436 998
460 914
460 984
460 998
471 914
471 984
471 998
477 984
477 998
477 867
505 984
505 998
505 867
505 827
525 984
525 998
525 825
525 810
583 914
583 984
583 998
628 984
628 998
628 790
667 914
667 984
667 998
667 827
754 984
754 998
754 867
754 825
754 810
754 827
790 984
790 998
790 867
790 675
790 827
810 914
810 984
810 998
810 867
810 825
810 400
810 827
825 914
825 984
825 998
825 867
827 914
827 984
827 998
827 635
867 905
867 914
867 984
867 998
914 54
914 984
914 998
984 54
984 844
984 906
984 998
998 981
998 905
998 54
998 958
278 975
975 33
975 44
975 75
975 114
975 194
975 212
975 260
975 287
975 294
975 312
975 438
975 439
975 470
975 558
975 598
975 603
975 633
975 702
975 745
975 779
975 816
975 844
975 850
975 884
975 922
975 959
480 581
480 608
480 282
480 531
454 835
454 526
173 368
30 817
30 957
30 981
817 430
817 445
817 451
817 585
817 645
817 722
817 769
817 776
817 957
817 981
957 58
957 243
957 289
957 296
957 317
957 423
957 430
957 434
957 445
957 451
957 453
957 533
957 585
957 621
957 645
957 675
957 722
957 747
957 769
957 776
957 793
957 981
981 58
981 162
981 243
981 266
981 289
981 296
981 298
981 317
981 335
981 383
981 423
981 430
981 434
981 445
981 446
981 451
981 453
981 533
981 540
981 585
981 621
981 645
981 675
981 722
981 747
981 769
981 776
981 793
430 259
430 747
445 645
451 453
585 769
585 378
585 383
585 533
722 58
722 298
722 540
722 675
769 243
769 540
769 747
776 162
776 266
776 317
776 335
776 423
776 621
162 793
266 675
289 657
289 558
296 615
296 747
335 540
383 747
383 540
423 621
533 793
747 675
793 298
793 434
794 716
794 133
794 200
794 295
794 695
794 770
794 820
794 842
794 845
794 882
794 906
794 919
58 199
298 592
446 951
446 756
44 959
312 816
392 959
392 728
392 598
438 959
438 884
438 816
441 922
441 884
441 850
603 959
603 922
603 844
633 959
633 884
633 252
633 850
702 922
702 844
702 850
745 959
745 884
745 850
779 959
779 922
779 558
816 959
816 922
816 844
816 850
816 287
844 959
844 922
844 114
844 558
844 884
884 959
884 922
884 820
884 598
884 850
922 959
922 75
922 260
922 609
922 847
922 850
959 114
959 199
959 260
959 287
959 294
959 558
959 598
959 609
959 850
260 850
439 708
439 913
598 850
850 777
214 567
716 200
716 208
716 229
716 292
716 842
716 892
716 919
200 495
200 882
208 892
229 906
229 820
229 845
292 133
292 892
292 906
292 919
842 644
842 713
842 820
842 919
842 882
842 845
842 770
842 344
842 546
842 695
892 644
892 906
892 295
892 344
892 388
892 476
892 546
892 678
892 820
892 845
892 882
892 919
919 644
919 713
919 906
919 187
919 388
919 820
919 295
919 476
919 695
919 770
919 845
919 882
770 644
770 820
770 882
770 845
770 333
770 695
35 905
35 978
905 89
905 94
905 361
905 379
905 600
905 601
905 613
905 641
905 685
905 749
905 808
905 859
905 978
978 49
978 89
978 94
978 156
978 207
978 232
978 245
978 259
978 269
978 303
978 315
978 361
978 378
978 379
978 384
978 400
978 437
978 586
978 600
978 601
978 613
978 617
978 637
978 641
978 661
978 685
978 749
978 808
978 859
600 859
600 685
685 859
685 637
685 384
808 601
808 641
808 232
808 400
808 437
808 749
808 859
89 601
94 152
361 680
361 400
379 613
601 617
601 835
613 207
613 617
641 156
641 315
641 637
749 859
749 378
749 637
749 384
859 232
859 245
859 400
859 437
859 661
49 586
207 586
245 586
303 617
303 661
378 637
437 661
443 61
443 126
443 134
443 177
443 787
586 546
617 661
269 567
502 683
566 172
610 629
610 488
399 629
511 377
683 629
535 422
913 648
913 708
913 496
913 897
913 152
913 355
913 484
913 522
913 559
913 612
913 615
913 631
913 632
913 642
913 806
404 65
404 448
448 370
448 510
798 680
798 654
273 642
546 906
546 344
546 695
449 366
449 760
449 543
906 133
906 333
906 344
906 388
906 476
906 678
906 695
906 820
906 845
906 882
958 951
958 60
958 158
958 167
958 184
958 251
958 422
958 432
958 475
958 491
958 577
958 588
958 604
958 635
958 707
958 756
958 847
958 863
328 128
328 513
695 495
695 344
271 740
271 814
271 829
59 951
951 60
951 272
951 354
951 432
951 474
951 475
951 491
951 577
951 588
951 604
951 623
951 635
951 707
951 756
951 847
951 863
847 130
847 432
847 491
847 707
847 863
272 863
577 863
756 82
756 130
756 863
863 803
863 491
863 623
863 707
491 604
588 635
623 635
760 81
760 499
760 195
760 414
760 513
760 783
61 530
61 657
61 728
530 132
530 282
530 302
530 531
530 728
530 787
657 107
657 282
657 413
657 531
657 581
657 728
657 787
728 69
728 132
728 147
728 413
728 531
728 581
728 608
126 497
126 581
126 787
134 787
134 413
177 787
177 608
787 107
787 497
787 147
787 413
787 531
787 608
132 608
132 644
282 608
302 791
302 814
302 783
531 497
107 69
107 581
413 581
413 713
581 497
581 147
69 497
608 497
71 648
71 708
648 345
648 631
648 806
648 897
708 806
708 897
631 355
631 806
806 897
806 178
806 227
806 612
806 642
897 73
897 496
897 217
897 311
897 323
897 522
897 559
897 615
897 632
897 642
73 496
157 632
311 632
323 496
341 615
341 484
484 612
522 632
522 615
559 612
882 644
882 713
882 678
882 820
882 476
882 845
246 495
246 700
246 740
246 803
288 803
288 814
495 820
495 295
700 791
700 340
700 803
700 330
700 592
700 783
740 112
740 374
740 592
740 803
740 814
740 829
803 112
803 374
803 409
803 569
803 783
803 814
803 829
814 791
814 192
814 330
814 569
814 783
814 829
374 829
569 791
569 829
569 783
592 829
592 330
783 791
783 340
783 829
783 409
791 330
791 409
791 829
829 409
80 366
366 231
366 499
231 543
231 414
499 81
499 195
137 128
137 414
479 513
543 85
680 654
654 252
835 402
835 500
835 218
835 567
835 777
835 416
835 526
112 192
112 340
644 713
713 133
713 820
713 845
820 187
820 678
845 678
845 333
845 476
333 388
333 678
388 187
476 402
678 187
180 402
180 500
402 326
402 416
500 777
416 567
416 777
777 218
777 567
777 526
210 218
