1	952
1	968
1	974
1	977
2	57
2	800
2	907
2	956
3	525
3	852
3	880
3	939
4	524
4	868
4	925
4	961
5	137
5	319
5	675
5	942
6	415
6	852
6	882
6	939
7	755
7	891
7	950
7	983
8	458
8	775
8	835
8	898
9	387
9	399
9	773
9	825
10	896
10	930
10	937
10	983
11	226
11	420
11	581
11	721
12	656
12	847
12	850
12	970
13	246
13	557
13	916
13	961
14	248
14	928
14	960
14	972
15	639
15	908
15	913
15	917
16	177
16	220
16	698
16	773
17	213
17	777
17	807
17	837
18	746
18	881
18	943
18	956
19	52
19	592
19	919
19	945
20	670
20	837
20	879
20	904
21	630
21	811
21	893
21	970
22	345
22	840
22	946
22	965
23	964
23	968
23	974
23	977
24	549
24	590
24	596
24	856
25	290
25	405
25	905
25	940
26	367
26	369
26	652
26	773
27	760
27	761
27	910
27	942
28	985
28	990
28	993
28	994
29	810
29	890
29	958
29	959
30	390
30	882
30	933
30	939
31	816
31	909
31	912
31	934
32	930
32	937
32	950
32	983
33	225
33	369
33	520
33	667
34	981
34	992
34	998
34	999
35	509
35	744
35	809
35	832
36	518
36	840
36	940
36	965
37	964
37	968
37	974
37	977
38	831
38	936
38	960
38	972
39	897
39	950
39	955
39	983
40	507
40	890
40	929
40	958
41	707
41	947
41	957
41	979
42	151
42	456
42	850
42	970
43	534
43	843
43	971
43	976
44	896
44	950
44	955
44	983
45	280
45	286
45	721
45	805
46	996
46	998
46	999
46	1000
47	984
47	988
47	995
47	997
48	110
48	368
48	420
48	815
49	498
49	906
49	915
49	945
50	811
50	847
50	895
50	970
51	545
51	656
51	850
51	970
52	19
52	906
52	919
52	945
53	714
53	739
53	842
53	883
54	984
54	988
54	995
54	997
55	954
55	964
55	968
55	974
56	116
56	373
56	605
56	881
57	2
57	834
57	943
57	956
58	376
58	634
58	800
58	956
59	739
59	786
59	788
59	842
60	501
60	791
60	830
60	944
61	793
61	929
61	958
61	959
62	613
62	906
62	919
62	945
63	520
63	667
63	773
63	825
64	401
64	930
64	955
64	983
65	408
65	928
65	936
65	972
66	780
66	821
66	853
66	944
67	311
67	850
67	893
67	970
68	442
68	915
68	919
68	945
69	985
69	987
69	989
69	990
70	985
70	989
70	993
70	994
71	824
71	901
71	912
71	914
72	594
72	820
72	821
72	944
73	243
73	688
73	884
73	918
74	803
74	957
74	975
74	979
75	430
75	496
75	735
75	942
76	203
76	572
76	975
76	979
77	566
77	661
77	836
77	856
78	416
78	908
78	913
78	917
79	814
79	984
79	995
79	997
80	996
80	998
80	999
80	1000
81	628
81	647
81	792
81	918
82	878
82	988
82	995
82	997
83	952
83	954
83	964
83	977
84	822
84	962
84	971
84	976
85	675
85	735
85	910
85	942
86	756
86	820
86	821
86	944
87	870
87	908
87	913
87	917
88	346
88	556
88	681
88	717
89	558
89	922
89	946
89	965
90	416
90	639
90	908
90	917
91	552
91	678
91	884
91	918
92	439
92	706
92	870
92	908
93	267
93	561
93	757
93	907
94	469
94	875
94	936
94	972
95	949
95	982
95	986
95	991
96	274
96	740
96	793
96	959
97	675
97	761
97	873
97	910
98	275
98	441
98	523
98	792
99	897
99	930
99	955
99	983
100	989
100	990
100	993
100	994
101	353
101	781
101	892
101	898
102	922
102	935
102	940
102	965
103	947
103	957
103	975
103	979
104	921
104	988
104	995
104	997
105	766
105	777
105	787
105	807
106	905
106	922
106	940
106	965
107	855
107	905
107	935
107	946
108	981
108	998
108	999
108	1000
109	695
109	890
109	958
109	959
110	48
110	272
110	679
110	815
111	580
111	777
111	837
111	904
112	784
112	826
112	912
112	934
113	819
113	941
113	971
113	976
114	575
114	694
114	880
114	933
115	458
115	615
115	775
115	898
116	56
116	433
116	907
116	943
117	197
117	208
117	781
117	892
118	996
118	998
118	999
118	1000
119	568
119	752
119	842
119	883
120	952
120	968
120	974
120	977
121	540
121	760
121	910
121	942
122	366
122	721
122	805
122	815
123	724
123	855
123	922
123	965
124	948
124	968
124	974
124	977
125	954
125	964
125	968
125	974
126	785
126	847
126	850
126	970
127	427
127	615
127	660
127	898
128	150
128	196
128	735
128	942
129	992
129	996
129	998
129	1000
130	743
130	906
130	915
130	945
131	823
131	950
131	955
131	983
132	710
132	771
132	884
132	918
133	565
133	835
133	892
133	898
134	718
134	947
134	975
134	979
135	754
135	957
135	975
135	979
136	816
136	826
136	914
136	934
137	5
137	760
137	761
137	942
138	369
138	387
138	434
138	698
139	812
139	891
139	955
139	983
140	468
140	681
140	717
140	770
141	855
141	935
141	940
141	965
142	764
142	947
142	975
142	979
143	437
143	838
143	861
143	983
144	575
144	859
144	882
144	939
145	259
145	332
145	654
145	910
146	992
146	996
146	998
146	999
147	985
147	990
147	993
147	994
148	824
148	901
148	912
148	934
149	644
149	749
149	908
149	913
150	128
150	713
150	910
150	942
151	42
151	336
151	850
151	970
152	500
152	859
152	899
152	933
153	901
153	909
153	914
153	934
154	517
154	947
154	975
154	979
155	226
155	286
155	366
155	700
156	803
156	804
156	975
156	979
157	922
157	935
157	940
157	946
158	922
158	935
158	965
159	489
159	579
159	786
159	842
160	858
160	916
160	925
160	961
161	172
161	852
161	899
161	933
162	568
162	627
162	714
162	883
163	980
163	982
163	986
163	991
164	966
164	980
164	986
164	991
165	483
165	650
165	868
165	961
166	711
166	936
166	960
166	972
167	858
167	916
167	925
167	961
168	229
168	404
168	890
168	958
169	701
169	756
169	849
169	944
170	858
170	916
170	925
170	961
171	505
171	579
171	739
171	786
172	161
172	859
172	933
172	939
173	184
173	858
173	916
173	961
174	307
174	899
174	933
174	939
175	874
175	936
175	960
176	981
176	992
176	999
176	1000
177	16
177	369
177	514
177	652
178	973
178	982
178	986
178	991
179	191
179	668
179	792
179	918
180	980
180	982
180	986
180	991
181	996
181	998
181	999
181	1000
182	851
182	852
182	882
182	939
183	651
183	656
183	847
183	970
184	173
184	868
184	916
184	961
185	759
185	962
185	971
185	976
186	674
186	873
186	910
186	942
187	403
187	851
187	852
187	880
188	985
188	989
188	993
188	994
189	789
189	940
189	946
189	965
190	406
190	893
190	895
190	970
191	179
191	688
191	884
191	918
192	987
192	989
192	990
192	994
193	440
193	928
193	960
193	972
194	740
194	929
194	958
194	959
195	645
195	870
195	908
195	917
196	128
196	654
196	873
196	942
197	117
197	775
197	835
197	892
198	389
198	445
198	679
198	805
199	254
199	962
199	971
199	976
200	508
200	786
200	842
200	883
201	605
201	634
201	907
201	956
202	267
202	474
202	943
202	956
203	76
203	947
203	975
203	979
204	984
204	988
204	995
204	997
205	985
205	989
205	993
205	994
206	442
206	477
206	906
206	945
207	526
207	596
207	661
207	836
208	117
208	660
208	781
208	892
209	882
209	899
209	933
209	939
210	888
210	988
210	995
210	997
211	417
211	566
211	770
211	836
212	611
212	630
212	893
212	970
213	17
213	337
213	766
214	419
214	484
214	892
214	898
215	964
215	968
215	974
215	977
216	496
216	713
216	873
216	910
217	911
217	984
217	988
217	997
218	366
218	679
218	700
218	815
219	973
219	980
219	986
219	991
220	16
220	289
220	367
220	698
221	921
221	988
221	995
221	997
222	870
222	908
222	913
222	917
223	973
223	980
223	986
223	991
224	391
224	777
224	790
224	904
225	33
225	514
225	652
225	773
226	11
226	155
226	378
226	815
227	890
227	929
227	958
227	959
228	340
228	925
228	961
229	168
229	810
229	958
229	959
230	980
230	982
230	986
230	991
231	426
231	701
231	722
231	944
232	362
232	893
232	895
232	970
233	259
233	713
233	760
233	873
234	712
234	908
234	913
234	917
235	397
235	703
235	916
235	925
236	954
236	964
236	974
236	977
237	735
237	760
237	910
237	942
238	785
238	850
238	895
238	970
239	832
239	915
239	919
239	945
240	362
240	651
240	847
240	893
240	970
241	661
241	681
241	704
241	758
241	836
242	987
242	989
242	990
242	993
242	994
243	73
243	275
243	647
243	771
243	918
244	643
244	670
244	693
244	879
244	904
245	639
245	683
245	908
245	913
245	917
246	13
246	550
246	692
246	916
246	961
247	325
247	330
247	746
247	943
247	956
248	14
248	874
248	875
248	936
248	972
249	398
249	864
249	877
249	941
249	971
250	765
250	921
250	984
250	995
250	997
251	966
251	980
251	982
251	986
251	991
252	489
252	541
252	752
252	788
252	842
253	343
253	810
253	929
253	958
253	959
254	199
254	655
254	759
254	769
254	971
255	911
255	984
255	988
255	995
255	997
256	671
256	676
256	727
256	779
256	936
257	985
257	989
257	990
257	993
257	994
258	669
258	701
258	820
258	853
258	944
259	145
259	233
259	540
259	873
259	942
260	453
260	734
260	803
260	947
260	979
261	949
261	966
261	973
261	982
261	991
262	496
262	654
262	735
262	873
262	942
263	897
263	930
263	950
263	955
263	983
264	722
264	820
264	849
264	853
264	944
265	985
265	989
265	990
265	993
265	994
266	952
266	964
266	968
266	974
266	977
267	93
267	202
267	746
267	881
267	907
268	969
268	992
268	996
268	998
268	1000
269	587
269	806
269	957
269	975
269	979
270	517
270	764
270	957
270	975
270	979
271	981
271	992
271	996
271	999
271	1000
272	110
272	445
272	700
272	805
272	815
273	367
273	485
273	667
273	773
273	825
274	96
274	665
274	890
274	958
274	959
275	98
275	243
275	647
275	710
275	884
276	981
276	992
276	996
276	999
276	1000
277	826
277	909
277	912
277	914
277	934
278	784
278	901
278	909
278	914
278	934
279	840
279	922
279	940
279	946
279	965
280	45
280	679
280	700
280	805
280	815
281	428
281	678
281	688
281	884
281	918
282	370
282	649
282	829
282	858
282	925
283	292
283	724
283	922
283	940
283	965
284	618
284	670
284	790
284	807
284	904
285	861
285	937
285	950
285	955
285	983
286	45
286	155
286	366
286	581
286	805
287	729
287	814
287	984
287	988
287	997
288	743
288	809
288	863
288	919
288	945
289	220
289	434
289	652
289	825
290	25
290	724
290	935
290	940
290	965
291	426
291	791
291	830
291	849
291	944
292	283
292	922
292	935
292	946
292	965
293	601
293	650
293	692
293	858
293	925
294	985
294	987
294	990
294	993
294	994
295	578
295	858
295	868
295	916
295	961
296	359
296	735
296	873
296	910
296	942
297	867
297	877
297	962
297	971
297	976
298	723
298	874
298	936
298	960
298	972
299	424
299	632
299	784
299	909
299	912
300	948
300	954
300	968
300	974
300	977
301	508
301	579
301	752
301	842
301	883
302	724
302	855
302	940
302	946
302	965
303	428
303	688
303	710
303	884
303	918
304	441
304	628
304	710
304	792
304	918
305	823
305	861
305	930
305	937
305	983
306	310
306	376
306	499
306	907
307	174
307	859
307	880
307	933
307	939
308	456
308	811
308	847
308	895
308	970
309	966
309	973
309	982
309	986
309	991
310	306
310	475
310	834
310	881
310	943
311	67
311	456
311	893
311	895
311	970
312	981
312	996
312	998
312	999
312	1000
313	966
313	973
313	980
313	982
313	986
314	973
314	980
314	982
314	986
314	991
315	949
315	980
315	982
315	986
315	991
316	839
316	901
316	909
316	914
316	934
317	637
317	778
317	957
317	975
317	979
318	558
318	905
318	922
318	946
318	965
319	5
319	674
319	713
319	910
319	942
320	590
320	595
320	704
320	758
320	836
321	467
321	880
321	899
321	933
321	939
322	948
322	952
322	954
322	964
322	977
323	828
323	838
323	937
323	955
323	983
324	424
324	839
324	912
324	914
324	934
325	247
325	634
325	733
325	943
325	956
326	464
326	941
326	962
326	971
326	976
327	911
327	984
327	988
327	995
327	997
328	966
328	973
328	980
328	982
328	986
329	809
329	832
329	906
329	915
329	945
330	247
330	455
330	746
330	943
330	956
331	813
331	941
331	962
331	971
331	976
332	145
332	674
332	735
332	910
332	942
333	841
333	875
333	928
333	936
333	972
334	811
334	847
334	893
334	895
334	970
335	888
335	984
335	988
335	995
335	997
336	151
336	362
336	847
336	893
336	970
337	213
337	766
337	807
337	879
337	904
338	794
338	822
338	867
338	962
338	971
339	798
339	984
339	988
339	995
339	997
340	228
340	438
340	557
340	925
340	961
341	388
341	393
341	605
341	881
341	943
342	451
342	775
342	835
342	892
342	898
343	253
343	695
343	740
343	958
343	959
344	742
344	928
344	936
344	960
344	972
345	22
345	905
345	935
345	940
345	946
346	88
346	549
346	590
346	836
346	856
347	911
347	984
347	988
347	995
347	997
348	597
348	864
348	962
348	971
348	976
349	795
349	930
349	937
349	955
349	983
350	491
350	733
350	907
350	943
350	956
351	809
351	863
351	906
351	915
351	919
352	981
352	992
352	998
352	999
352	1000
353	101
353	484
353	775
353	892
353	898
354	973
354	980
354	982
354	986
354	991
355	391
355	436
355	766
355	879
355	904
356	843
356	941
356	962
356	971
356	976
357	832
357	863
357	906
357	919
357	945
358	440
358	469
358	928
358	960
358	972
359	296
359	551
359	873
359	910
359	942
360	981
360	996
360	998
360	999
360	1000
361	851
361	852
361	880
361	933
361	939
362	232
362	240
362	336
362	847
362	970
363	512
363	642
363	874
363	936
363	972
364	395
364	420
364	721
364	805
364	815
365	851
365	882
365	899
365	933
365	939
366	122
366	155
366	218
366	286
366	700
367	26
367	220
367	273
367	527
367	698
368	48
368	378
368	389
368	581
368	721
369	26
369	33
369	138
369	177
369	698
370	282
370	457
370	916
370	925
370	961
371	545
371	546
371	785
371	895
371	970
372	662
372	810
372	929
372	958
372	959
373	56
373	733
373	757
373	834
373	943
374	846
374	984
374	988
374	995
374	997
375	423
375	427
375	781
375	892
375	898
376	58
376	306
376	834
376	907
376	943
377	814
377	902
377	984
377	995
377	997
378	226
378	368
378	395
378	805
378	815
379	745
379	818
379	877
379	971
379	976
380	948
380	954
380	968
380	974
380	977
381	624
381	731
381	929
381	958
381	959
382	386
382	742
382	928
382	960
382	972
383	733
383	834
383	881
383	907
383	956
384	671
384	711
384	928
384	960
384	972
385	765
385	801
385	814
385	995
385	997
386	382
386	720
386	875
386	928
386	936
387	9
387	138
387	399
387	667
387	825
388	341
388	800
388	881
388	943
388	956
389	198
389	368
389	679
389	805
389	815
390	30
390	577
390	694
390	880
390	899
391	224
391	355
391	436
391	879
391	904
392	414
392	817
392	861
392	950
392	983
393	341
393	881
393	907
393	943
393	956
394	992
394	996
394	998
394	999
394	1000
395	364
395	378
395	679
395	721
395	815
396	905
396	922
396	935
396	940
396	946
396	965
397	235
397	550
397	829
397	916
397	925
397	961
398	249
398	813
398	819
398	941
398	962
398	976
399	9
399	387
399	527
399	667
399	741
399	825
400	861
400	896
400	937
400	950
400	955
400	983
401	64
401	502
401	891
401	937
401	955
401	983
402	759
402	867
402	941
402	962
402	971
402	976
403	187
403	859
403	880
403	899
403	933
403	939
404	168
404	624
404	890
404	929
404	958
404	959
405	25
405	840
405	855
405	905
405	946
405	965
406	190
406	611
406	656
406	811
406	893
406	970
407	789
407	855
407	905
407	922
407	940
407	946
408	65
408	676
408	831
408	841
408	928
408	972
409	542
409	787
409	790
409	807
409	879
409	904
410	572
410	778
410	804
410	947
410	957
410	979
411	572
411	587
411	844
411	957
411	975
411	979
412	769
412	864
412	867
412	941
412	962
412	971
413	669
413	756
413	780
413	791
413	820
413	944
414	392
414	828
414	930
414	950
414	955
414	983
415	6
415	859
415	880
415	899
415	933
415	939
416	78
416	90
416	639
416	870
416	913
416	917
417	211
417	522
417	590
417	658
417	680
417	856
418	489
418	621
418	714
418	752
418	788
418	883
419	214
419	565
419	591
419	835
419	892
419	898
420	11
420	48
420	364
420	721
420	805
420	815
421	891
421	896
421	930
421	950
421	955
421	983
422	784
422	816
422	824
422	901
422	909
422	912
423	375
423	484
423	615
423	781
423	835
423	892
424	299
424	324
424	901
424	912
424	914
424	934
425	814
425	888
425	984
425	988
425	995
425	997
426	231
426	291
426	722
426	748
426	751
426	944
427	127
427	375
427	775
427	781
427	835
427	892
428	281
428	303
428	585
428	710
428	884
428	918
429	819
429	864
429	941
429	962
429	971
429	976
430	75
430	674
430	761
430	873
430	910
430	942
431	564
431	695
431	793
431	890
431	929
431	959
432	981
432	992
432	996
432	998
432	999
432	1000
433	116
433	733
433	746
433	757
433	943
433	956
434	138
434	289
434	520
434	667
434	741
434	825
435	794
435	867
435	941
435	962
435	971
435	976
436	355
436	391
436	670
436	790
436	837
436	904
437	143
437	808
437	824
437	909
437	912
437	934
438	340
438	557
438	601
438	703
438	925
438	961
439	92
439	749
439	870
439	908
439	913
439	917
440	193
440	358
440	671
440	875
440	960
440	972
441	98
441	304
441	678
441	771
441	884
441	918
442	68
442	206
442	509
442	915
442	919
442	945
443	831
443	875
443	928
443	936
443	960
443	972
444	949
444	966
444	980
444	982
444	986
444	991
445	198
445	272
445	581
445	700
445	805
445	815
446	613
446	832
446	906
446	915
446	919
446	945
447	966
447	973
447	980
447	982
447	986
447	991
448	981
448	992
448	996
448	998
448	999
448	1000
449	817
449	891
449	896
449	897
449	937
449	983
450	697
450	743
450	906
450	915
450	919
450	945
451	342
451	484
451	488
451	660
451	835
451	898
452	480
452	734
452	754
452	844
452	947
452	957
453	260
453	806
453	844
453	957
453	975
453	979
454	981
454	992
454	996
454	998
454	999
454	1000
455	330
455	583
455	881
455	907
455	943
455	956
456	42
456	308
456	311
456	785
456	893
456	970
457	370
457	649
457	868
457	916
457	925
457	961
458	8
458	115
458	565
458	660
458	892
458	898
459	985
459	987
459	989
459	990
459	993
459	994
460	902
460	921
460	984
460	988
460	995
460	997
461	562
461	834
461	881
461	907
461	943
461	956
462	948
462	952
462	964
462	968
462	974
462	977
463	533
463	824
463	826
463	901
463	914
463	934
464	326
464	822
464	877
464	941
464	962
464	976
465	981
465	992
465	996
465	998
465	999
465	1000
466	731
466	740
466	810
466	890
466	929
466	958
467	321
467	570
467	851
467	852
467	882
467	933
468	140
468	658
468	681
468	704
468	770
468	856
469	94
469	358
469	831
469	928
469	936
469	972
470	985
470	987
470	989
470	990
470	993
470	994
471	520
471	527
471	652
471	741
471	773
471	825
472	948
472	952
472	954
472	964
472	974
472	977
473	747
473	911
473	984
473	988
473	995
473	997
474	202
474	499
474	881
474	907
474	943
474	956
475	310
475	561
475	605
475	757
475	907
475	956
476	985
476	987
476	989
476	990
476	993
476	994
477	206
477	630
477	847
477	850
477	895
477	970
478	985
478	987
478	989
478	990
478	993
478	994
479	949
479	966
479	980
479	982
479	986
479	991
480	452
480	806
480	844
480	947
480	975
480	979
481	516
481	546
481	847
481	893
481	895
481	970
482	903
482	973
482	980
482	982
482	986
482	991
483	165
483	686
483	692
483	703
483	925
483	961
484	214
484	353
484	423
484	451
484	781
484	898
485	273
485	652
485	667
485	698
485	741
485	773
486	911
486	921
486	984
486	988
486	995
486	997
487	505
487	530
487	541
487	714
487	786
487	883
488	451
488	565
488	615
488	835
488	892
488	898
489	159
489	252
489	418
489	541
489	788
489	883
490	905
490	922
490	935
490	940
490	946
490	965
491	350
491	800
491	881
491	907
491	943
491	956
492	949
492	973
492	980
492	982
492	986
492	991
493	969
493	992
493	996
493	998
493	999
493	1000
494	624
494	731
494	810
494	929
494	958
494	959
495	504
495	711
495	831
495	936
495	960
495	972
496	75
496	216
496	262
496	551
496	873
496	910
497	803
497	806
497	947
497	957
497	975
497	979
498	49
498	697
498	744
498	915
498	919
498	945
499	306
499	474
499	800
499	834
499	943
499	956
500	152
500	577
500	607
500	851
500	882
500	933
500	939
501	60
501	736
501	748
501	820
501	830
501	853
501	944
502	401
502	838
502	891
502	896
502	930
502	955
502	983
503	801
503	902
503	911
503	984
503	988
503	995
503	997
504	495
504	676
504	720
504	875
504	936
504	960
504	972
505	171
505	487
505	579
505	621
505	714
505	786
505	883
506	663
506	840
506	855
506	935
506	940
506	946
506	965
507	40
507	662
507	665
507	695
507	929
507	958
507	959
508	200
508	301
508	714
508	739
508	786
508	788
508	883
509	35
509	442
509	832
509	906
509	915
509	919
509	945
510	599
510	662
510	740
510	890
510	929
510	958
510	959
511	512
511	727
511	779
511	841
511	874
511	960
511	972
512	363
512	511
512	642
512	671
512	779
512	960
512	972
513	657
513	846
513	921
513	984
513	988
513	995
513	997
514	177
514	225
514	527
514	652
514	698
514	741
514	825
515	948
515	952
515	954
515	964
515	968
515	974
515	977
516	481
516	630
516	785
516	847
516	893
516	895
516	970
517	154
517	270
517	728
517	764
517	844
517	957
517	975
518	36
518	614
518	905
518	922
518	935
518	946
518	965
519	926
519	966
519	973
519	980
519	982
519	986
519	991
520	33
520	63
520	434
520	471
520	698
520	741
520	773
521	532
521	706
521	749
521	870
521	908
521	913
521	917
522	417
522	549
522	555
522	609
522	661
522	680
522	681
523	98
523	585
523	668
523	771
523	792
523	884
523	918
524	4
524	629
524	649
524	868
524	916
524	925
524	961
525	3
525	577
525	694
525	880
525	899
525	933
525	939
526	207
526	555
526	596
526	658
526	661
526	770
526	856
527	367
527	399
527	471
527	514
527	741
527	773
527	825
528	969
528	981
528	992
528	996
528	998
528	999
528	1000
529	949
529	966
529	973
529	980
529	982
529	986
529	991
530	487
530	568
530	621
530	627
530	739
530	842
530	883
531	587
531	803
531	844
531	947
531	957
531	975
531	979
532	521
532	645
532	683
532	712
532	908
532	913
532	917
533	463
533	808
533	826
533	901
533	909
533	914
533	934
534	43
534	597
534	617
534	769
534	794
534	962
534	976
535	978
535	985
535	987
535	989
535	990
535	993
535	994
536	580
536	766
536	777
536	787
536	790
536	879
536	904
537	948
537	952
537	954
537	964
537	968
537	974
537	977
538	789
538	840
538	905
538	935
538	940
538	946
538	965
539	697
539	809
539	832
539	863
539	906
539	919
539	945
540	121
540	259
540	551
540	761
540	873
540	910
540	942
541	252
541	487
541	489
541	568
541	579
541	842
541	883
542	409
542	643
542	790
542	807
542	837
542	879
542	904
543	866
543	888
543	902
543	984
543	988
543	995
543	997
544	828
544	891
544	896
544	897
544	950
544	955
544	983
545	51
545	371
545	785
545	811
545	893
545	895
545	970
546	371
546	481
546	651
546	850
546	893
546	895
546	970
547	926
547	949
547	966
547	980
547	982
547	986
547	991
548	978
548	985
548	987
548	989
548	990
548	993
548	994
549	24
549	346
549	522
549	595
549	596
549	758
549	856
550	246
550	397
550	578
550	692
550	829
550	858
550	961
551	359
551	496
551	540
551	713
551	873
551	910
551	942
552	91
552	668
552	688
552	771
552	792
552	884
552	918
553	969
553	981
553	992
553	996
553	998
553	999
553	1000
554	978
554	985
554	987
554	989
554	990
554	993
554	994
555	522
555	526
555	658
555	661
555	758
555	770
555	836
556	88
556	590
556	596
556	658
556	681
556	717
556	770
557	13
557	340
557	438
557	649
557	829
557	916
557	961
558	89
558	318
558	905
558	935
558	940
558	946
558	965
559	677
559	826
559	839
559	901
559	909
559	912
559	914
560	614
560	789
560	905
560	922
560	935
560	946
560	965
561	93
561	475
561	733
561	834
561	907
561	943
561	956
562	461
562	583
562	757
562	881
562	907
562	943
562	956
563	736
563	751
563	791
563	820
563	821
563	830
563	944
564	431
564	662
564	793
564	890
564	929
564	958
564	959
565	133
565	419
565	458
565	488
565	835
565	892
565	898
566	77
566	211
566	596
566	704
566	717
566	770
566	836
567	789
567	840
567	855
567	905
567	935
567	946
567	965
568	119
568	162
568	530
568	541
568	788
568	842
568	883
569	608
569	622
569	665
569	740
569	929
569	958
569	959
570	467
570	851
570	859
570	880
570	882
570	933
570	939
571	709
571	812
571	896
571	897
571	930
571	950
571	983
572	76
572	410
572	411
572	947
572	957
572	975
572	979
573	711
573	742
573	831
573	874
573	875
573	960
573	972
574	978
574	985
574	987
574	989
574	990
574	993
574	994
575	114
575	144
575	851
575	859
575	899
575	933
575	939
576	578
576	686
576	703
576	829
576	916
576	925
576	961
577	390
577	500
577	525
577	694
577	882
577	899
577	933
578	295
578	550
578	576
578	686
578	703
578	868
578	961
579	159
579	171
579	301
579	505
579	541
579	752
579	786
580	111
580	536
580	670
580	777
580	837
580	879
580	904
581	11
581	286
581	368
581	445
581	679
581	700
581	721
582	594
582	701
582	736
582	830
582	849
582	853
582	944
583	455
583	562
583	634
583	757
583	800
583	834
583	881
584	926
584	966
584	973
584	980
584	982
584	986
584	991
585	428
585	523
585	668
585	678
585	771
585	884
585	918
586	967
586	978
586	985
586	987
586	989
586	990
586	993
586	994
587	269
587	411
587	531
587	778
587	783
587	947
587	975
587	979
588	655
588	843
588	864
588	877
588	941
588	962
588	971
588	976
589	951
589	969
589	981
589	992
589	996
589	998
589	999
589	1000
590	24
590	320
590	346
590	417
590	556
590	595
590	704
590	770
591	419
591	615
591	660
591	775
591	781
591	835
591	892
591	898
592	19
592	697
592	744
592	863
592	906
592	915
592	919
592	945
593	637
593	718
593	783
593	806
593	947
593	957
593	975
593	979
594	72
594	582
594	748
594	780
594	821
594	830
594	849
594	944
595	320
595	549
595	590
595	609
595	680
595	717
595	836
595	856
596	24
596	207
596	526
596	549
596	556
596	566
596	704
596	717
597	348
597	534
597	745
597	794
597	843
597	962
597	971
597	976
598	817
598	823
598	861
598	897
598	937
598	950
598	955
598	983
599	510
599	622
599	624
599	731
599	793
599	890
599	958
599	959
600	631
600	772
600	846
600	878
600	984
600	988
600	995
600	997
601	293
601	438
601	829
601	858
601	868
601	916
601	925
601	961
602	659
602	795
602	812
602	896
602	937
602	950
602	955
602	983
603	644
603	664
603	712
603	715
603	749
603	908
603	913
603	917
604	801
604	902
604	911
604	921
604	984
604	988
604	995
604	997
605	56
605	201
605	341
605	475
605	733
605	800
605	881
605	956
606	613
606	619
606	832
606	863
606	906
606	915
606	919
606	945
607	500
607	852
607	859
607	880
607	882
607	899
607	933
607	939
608	569
608	622
608	695
608	793
608	890
608	929
608	958
608	959
609	522
609	595
609	681
609	704
609	717
609	758
609	836
609	856
610	923
610	948
610	952
610	954
610	964
610	968
610	974
610	977
611	212
611	406
611	811
611	847
611	850
611	893
611	895
611	970
612	967
612	978
612	985
612	987
612	989
612	990
612	993
612	994
613	62
613	446
613	606
613	832
613	863
613	915
613	919
613	945
614	518
614	560
614	855
614	922
614	935
614	940
614	946
614	965
615	115
615	127
615	423
615	488
615	591
615	835
615	892
615	898
616	923
616	948
616	952
616	954
616	964
616	968
616	974
616	977
617	534
617	745
617	776
617	822
617	843
617	962
617	971
617	976
618	284
618	643
618	693
618	787
618	807
618	837
618	879
618	904
619	606
619	744
619	809
619	863
619	906
619	915
619	919
619	945
620	951
620	969
620	981
620	992
620	996
620	998
620	999
620	1000
621	418
621	505
621	530
621	627
621	739
621	788
621	842
621	883
622	569
622	599
622	608
622	662
622	665
622	929
622	958
622	959
623	648
623	808
623	816
623	839
623	901
623	909
623	914
623	934
624	381
624	404
624	494
624	599
624	731
624	890
624	929
624	959
625	759
625	818
625	819
625	822
625	864
625	941
625	971
625	976
626	967
626	978
626	985
626	987
626	989
626	990
626	993
626	994
627	162
627	530
627	621
627	739
627	752
627	788
627	842
627	883
628	81
628	304
628	668
628	688
628	710
628	792
628	884
628	918
629	524
629	650
629	686
629	692
629	829
629	858
629	925
629	961
630	21
630	212
630	477
630	516
630	785
630	811
630	895
630	970
631	600
631	878
631	902
631	921
631	984
631	988
631	995
631	997
632	299
632	808
632	816
632	901
632	909
632	912
632	914
632	934
633	951
633	969
633	981
633	992
633	996
633	998
633	999
633	1000
634	58
634	201
634	325
634	583
634	800
634	881
634	943
634	956
635	951
635	969
635	981
635	992
635	996
635	998
635	999
635	1000
636	967
636	978
636	985
636	987
636	989
636	990
636	993
636	994
637	317
637	593
637	718
637	803
637	947
637	957
637	975
637	979
638	951
638	969
638	981
638	992
638	996
638	998
638	999
638	1000
639	15
639	90
639	245
639	416
639	664
639	715
639	870
639	913
640	967
640	978
640	985
640	987
640	989
640	990
640	993
640	994
641	694
641	852
641	859
641	880
641	882
641	899
641	933
641	939
642	363
642	512
642	720
642	841
642	874
642	936
642	960
642	972
643	244
643	542
643	618
643	693
643	787
643	837
643	879
643	904
644	149
644	603
644	664
644	706
644	870
644	908
644	913
644	917
645	195
645	532
645	706
645	715
645	870
645	908
645	913
645	917
646	951
646	969
646	981
646	992
646	996
646	998
646	999
646	1000
647	81
647	243
647	275
647	688
647	710
647	771
647	884
647	918
648	623
648	816
648	824
648	839
648	901
648	909
648	912
648	914
648	934
649	282
649	457
649	524
649	557
649	829
649	868
649	916
649	925
649	961
650	165
650	293
650	629
650	692
650	829
650	858
650	868
650	916
650	925
651	183
651	240
651	546
651	785
651	811
651	850
651	893
651	895
651	970
652	26
652	177
652	225
652	289
652	471
652	485
652	514
652	741
652	825
653	894
653	903
653	926
653	949
653	966
653	973
653	980
653	982
653	991
654	145
654	196
654	262
654	675
654	735
654	760
654	873
654	910
654	942
655	254
655	588
655	813
655	819
655	867
655	877
655	941
655	971
655	976
656	12
656	51
656	183
656	406
656	811
656	850
656	893
656	895
656	970
657	513
657	888
657	902
657	911
657	921
657	984
657	988
657	995
657	997
658	417
658	468
658	526
658	555
658	556
658	661
658	758
658	770
658	856
659	602
659	823
659	828
659	838
659	930
659	937
659	950
659	955
659	983
660	127
660	208
660	451
660	458
660	591
660	775
660	781
660	892
660	898
661	77
661	207
661	241
661	522
661	526
661	555
661	658
661	680
661	856
662	372
662	507
662	510
662	564
662	622
662	665
662	793
662	890
662	958
663	506
663	789
663	840
663	905
663	922
663	935
663	940
663	946
663	965
664	603
664	639
664	644
664	706
664	715
664	870
664	908
664	913
664	917
665	274
665	507
665	569
665	622
665	662
665	740
665	890
665	958
665	959
666	951
666	953
666	969
666	981
666	992
666	996
666	998
666	999
666	1000
667	33
667	63
667	273
667	387
667	399
667	434
667	485
667	741
667	825
668	179
668	523
668	552
668	585
668	628
668	678
668	792
668	884
668	918
669	258
669	413
669	736
669	748
669	751
669	820
669	821
669	849
669	944
670	20
670	244
670	284
670	436
670	580
670	693
670	766
670	837
670	879
671	256
671	384
671	440
671	512
671	727
671	779
671	874
671	960
671	972
672	951
672	953
672	969
672	981
672	992
672	996
672	998
672	999
672	1000
673	846
673	866
673	878
673	902
673	911
673	984
673	988
673	995
673	997
674	186
674	319
674	332
674	430
674	713
674	760
674	761
674	910
674	942
675	5
675	85
675	97
675	654
675	735
675	760
675	873
675	910
675	942
676	256
676	408
676	504
676	711
676	723
676	742
676	928
676	960
676	972
677	559
677	816
677	824
677	826
677	839
677	909
677	912
677	914
677	934
678	91
678	281
678	441
678	585
678	668
678	771
678	792
678	884
678	918
679	110
679	198
679	218
679	280
679	389
679	395
679	581
679	700
679	721
680	417
680	522
680	595
680	661
680	681
680	704
680	758
680	836
680	856
681	88
681	140
681	241
681	468
681	522
681	556
681	609
681	680
681	758
682	718
682	754
682	764
682	778
682	844
682	947
682	957
682	975
682	979
683	245
683	532
683	706
683	712
683	749
683	870
683	908
683	913
683	917
684	963
684	967
684	978
684	985
684	987
684	989
684	990
684	993
684	994
685	963
685	967
685	978
685	985
685	987
685	989
685	990
685	993
685	994
686	483
686	576
686	578
686	629
686	829
686	868
686	916
686	925
686	961
687	963
687	967
687	978
687	985
687	987
687	989
687	990
687	993
687	994
688	73
688	191
688	281
688	303
688	552
688	628
688	647
688	884
688	918
689	923
689	924
689	948
689	952
689	954
689	964
689	968
689	974
689	977
690	894
690	903
690	926
690	949
690	966
690	973
690	980
690	982
690	986
690	991
691	938
691	951
691	953
691	969
691	981
691	992
691	996
691	998
691	999
691	1000
692	246
692	293
692	483
692	550
692	629
692	650
692	858
692	868
692	916
692	961
693	244
693	618
693	643
693	670
693	766
693	777
693	787
693	790
693	879
693	904
694	114
694	390
694	525
694	577
694	641
694	851
694	880
694	882
694	899
694	939
695	109
695	343
695	431
695	507
695	608
695	793
695	810
695	929
695	958
695	959
696	894
696	903
696	926
696	949
696	966
696	973
696	980
696	982
696	986
696	991
697	450
697	498
697	539
697	592
697	744
697	809
697	863
697	906
697	915
697	945
698	16
698	138
698	220
698	367
698	369
698	485
698	514
698	520
698	741
698	825
699	938
699	951
699	953
699	969
699	981
699	992
699	996
699	998
699	999
699	1000
700	155
700	218
700	272
700	280
700	366
700	445
700	581
700	679
700	805
700	815
701	169
701	231
701	258
701	582
701	736
701	791
701	820
701	821
701	830
701	944
702	932
702	963
702	967
702	978
702	985
702	987
702	989
702	990
702	993
702	994
703	235
703	438
703	483
703	576
703	578
703	829
703	858
703	868
703	916
703	961
704	241
704	320
704	468
704	566
704	590
704	596
704	609
704	680
704	836
704	856
705	747
705	772
705	798
705	888
705	902
705	911
705	984
705	988
705	995
705	997
706	92
706	521
706	644
706	645
706	664
706	683
706	715
706	870
706	913
706	917
707	41
707	728
707	754
707	764
707	803
707	804
707	806
707	957
707	975
707	979
708	885
708	923
708	924
708	948
708	952
708	954
708	964
708	968
708	974
708	977
709	571
709	795
709	812
709	828
709	861
709	896
709	897
709	930
709	937
709	983
710	132
710	275
710	303
710	304
710	428
710	628
710	647
710	771
710	792
710	918
711	166
711	384
711	495
711	573
711	676
711	831
711	841
711	875
711	960
711	972
712	234
712	532
712	603
712	683
712	715
712	749
712	870
712	908
712	913
712	917
713	150
713	216
713	233
713	319
713	551
713	674
713	761
713	873
713	910
713	942
714	53
714	162
714	418
714	487
714	505
714	508
714	739
714	752
714	786
714	788
715	603
715	639
715	645
715	664
715	706
715	712
715	749
715	908
715	913
715	917
716	894
716	903
716	926
716	949
716	966
716	973
716	980
716	982
716	986
716	991
717	88
717	140
717	556
717	566
717	595
717	596
717	609
717	758
717	770
717	856
718	134
718	593
718	637
718	682
718	754
718	778
718	947
718	957
718	975
718	979
719	885
719	923
719	924
719	948
719	952
719	954
719	964
719	968
719	974
719	977
720	386
720	504
720	642
720	723
720	727
720	874
720	875
720	928
720	960
720	972
721	11
721	45
721	122
721	364
721	368
721	395
721	420
721	581
721	679
721	805
722	231
722	264
722	426
722	748
722	756
722	791
722	821
722	830
722	853
722	944
723	298
723	676
723	720
723	841
723	874
723	875
723	928
723	936
723	960
723	972
724	123
724	283
724	290
724	302
724	840
724	855
724	905
724	922
724	935
724	965
725	755
725	795
725	828
725	861
725	891
725	897
725	930
725	950
725	955
725	983
726	885
726	923
726	924
726	948
726	952
726	954
726	964
726	968
726	974
726	977
727	256
727	511
727	671
727	720
727	841
727	875
727	928
727	936
727	960
727	972
728	517
728	707
728	734
728	754
728	783
728	804
728	947
728	957
728	975
728	979
729	287
729	866
729	878
729	888
729	902
729	921
729	984
729	988
729	995
729	997
730	938
730	951
730	953
730	969
730	981
730	992
730	996
730	998
730	999
730	1000
731	381
731	466
731	494
731	599
731	624
731	793
731	810
731	929
731	958
731	959
732	894
732	903
732	926
732	949
732	966
732	973
732	980
732	982
732	986
732	991
733	325
733	350
733	373
733	383
733	433
733	561
733	605
733	881
733	907
733	956
734	260
734	452
734	728
734	764
734	783
734	844
734	947
734	957
734	975
734	979
735	75
735	85
735	128
735	237
735	262
735	296
735	332
735	654
735	675
735	910
735	942
736	501
736	563
736	582
736	669
736	701
736	748
736	751
736	780
736	821
736	849
736	944
737	931
737	938
737	951
737	953
737	969
737	981
737	992
737	996
737	998
737	999
737	1000
738	886
738	894
738	903
738	926
738	949
738	966
738	973
738	980
738	982
738	986
738	991
739	53
739	59
739	171
739	508
739	530
739	621
739	627
739	714
739	788
739	842
739	883
740	96
740	194
740	343
740	466
740	510
740	569
740	665
740	810
740	929
740	958
740	959
741	399
741	434
741	471
741	485
741	514
741	520
741	527
741	652
741	667
741	698
741	773
742	344
742	382
742	573
742	676
742	779
742	841
742	874
742	928
742	936
742	960
742	972
743	130
743	288
743	450
743	744
743	809
743	832
743	863
743	906
743	915
743	919
743	945
744	35
744	498
744	592
744	619
744	697
744	743
744	809
744	863
744	906
744	915
744	945
745	379
745	597
745	617
745	794
745	813
745	843
745	867
745	877
745	941
745	962
745	976
746	18
746	247
746	267
746	330
746	433
746	757
746	800
746	834
746	907
746	943
746	956
747	473
747	705
747	765
747	772
747	846
747	902
747	921
747	984
747	988
747	995
747	997
748	426
748	501
748	594
748	669
748	722
748	736
748	751
748	756
748	849
748	853
748	944
749	149
749	439
749	521
749	603
749	683
749	712
749	715
749	870
749	908
749	913
749	917
750	886
750	894
750	903
750	926
750	949
750	966
750	973
750	980
750	982
750	986
750	991
751	426
751	563
751	669
751	736
751	748
751	756
751	780
751	791
751	849
751	853
751	944
752	119
752	252
752	301
752	418
752	579
752	627
752	714
752	786
752	788
752	842
752	883
753	872
753	885
753	923
753	924
753	948
753	952
753	954
753	964
753	968
753	974
753	977
754	135
754	452
754	682
754	707
754	718
754	728
754	804
754	806
754	957
754	975
754	979
755	7
755	725
755	817
755	823
755	838
755	891
755	897
755	937
755	950
755	955
755	983
756	86
756	169
756	413
756	722
756	748
756	751
756	791
756	830
756	849
756	853
756	944
757	93
757	373
757	433
757	475
757	562
757	583
757	746
757	834
757	907
757	943
757	956
758	241
758	320
758	549
758	555
758	609
758	658
758	680
758	681
758	717
758	836
758	856
759	185
759	254
759	402
759	625
759	776
759	813
759	877
759	941
759	962
759	971
759	976
760	27
760	121
760	137
760	233
760	237
760	654
760	674
760	675
760	761
760	873
760	942
761	27
761	97
761	137
761	430
761	540
761	674
761	713
761	760
761	873
761	910
761	942
762	900
762	931
762	938
762	951
762	953
762	969
762	981
762	992
762	996
762	998
762	999
762	1000
763	862
763	872
763	885
763	923
763	924
763	948
763	952
763	954
763	964
763	968
763	974
763	977
764	142
764	270
764	517
764	682
764	707
764	734
764	778
764	783
764	947
764	957
764	975
764	979
765	250
765	385
765	747
765	846
765	866
765	878
765	888
765	921
765	984
765	988
765	995
765	997
766	105
766	213
766	337
766	355
766	536
766	670
766	693
766	787
766	790
766	837
766	879
766	904
767	920
767	927
767	932
767	963
767	967
767	978
767	985
767	987
767	989
767	990
767	993
767	994
768	920
768	927
768	932
768	963
768	967
768	978
768	985
768	987
768	989
768	990
768	993
768	994
769	254
769	412
769	534
769	794
769	813
769	818
769	843
769	864
769	877
769	962
769	971
769	976
770	140
770	211
770	468
770	526
770	555
770	556
770	566
770	590
770	658
770	717
770	836
770	856
771	132
771	243
771	441
771	523
771	552
771	585
771	647
771	678
771	710
771	792
771	884
771	918
772	600
772	705
772	747
772	878
772	888
772	902
772	911
772	921
772	984
772	988
772	995
772	997
773	9
773	16
773	26
773	63
773	225
773	273
773	471
773	485
773	520
773	527
773	741
773	825
774	920
774	927
774	932
774	963
774	967
774	978
774	985
774	987
774	989
774	990
774	993
774	994
775	8
775	115
775	197
775	342
775	353
775	427
775	591
775	660
775	781
775	835
775	892
775	898
776	617
776	759
776	794
776	818
776	819
776	822
776	867
776	877
776	941
776	962
776	971
776	976
777	17
777	105
777	111
777	224
777	536
777	580
777	693
777	790
777	807
777	837
777	879
777	904
778	317
778	410
778	587
778	682
778	718
778	764
778	783
778	804
778	947
778	957
778	975
778	979
779	256
779	511
779	512
779	671
779	742
779	831
779	841
779	874
779	875
779	928
779	936
779	960
780	66
780	413
780	594
780	736
780	751
780	791
780	820
780	821
780	830
780	849
780	853
780	944
781	101
781	117
781	208
781	375
781	423
781	427
781	484
781	591
781	660
781	775
781	892
781	898
782	862
782	872
782	885
782	923
782	924
782	948
782	952
782	954
782	964
782	968
782	974
782	977
783	587
783	593
783	728
783	734
783	764
783	778
783	803
783	844
783	947
783	957
783	975
783	979
784	112
784	278
784	299
784	422
784	808
784	826
784	839
784	901
784	909
784	912
784	914
784	934
785	126
785	238
785	371
785	456
785	516
785	545
785	630
785	651
785	811
785	893
785	895
785	970
786	59
786	159
786	171
786	200
786	487
786	505
786	508
786	579
786	714
786	752
786	842
786	883
787	105
787	409
787	536
787	618
787	643
787	693
787	766
787	790
787	807
787	837
787	879
787	904
788	59
788	252
788	418
788	489
788	508
788	568
788	621
788	627
788	714
788	739
788	752
788	883
789	189
789	407
789	538
789	560
789	567
789	663
789	840
789	905
789	922
789	935
789	940
789	946
789	965
790	224
790	284
790	409
790	436
790	536
790	542
790	693
790	766
790	777
790	787
790	807
790	879
790	904
791	60
791	291
791	413
791	563
791	701
791	722
791	751
791	756
791	780
791	821
791	849
791	853
791	944
792	81
792	98
792	179
792	304
792	523
792	552
792	628
792	668
792	678
792	710
792	771
792	884
792	918
793	61
793	96
793	431
793	564
793	599
793	608
793	662
793	695
793	731
793	810
793	890
793	929
793	959
794	338
794	435
794	534
794	597
794	745
794	769
794	776
794	813
794	818
794	864
794	867
794	941
794	976
795	349
795	602
795	709
795	725
795	861
795	891
795	896
795	897
795	930
795	937
795	950
795	955
795	983
796	887
796	900
796	931
796	938
796	951
796	953
796	969
796	981
796	992
796	996
796	998
796	999
796	1000
797	887
797	900
797	931
797	938
797	951
797	953
797	969
797	981
797	992
797	996
797	998
797	999
797	1000
798	339
798	705
798	814
798	846
798	866
798	888
798	902
798	911
798	921
798	984
798	988
798	995
798	997
799	854
799	869
799	886
799	894
799	903
799	926
799	949
799	966
799	973
799	980
799	982
799	986
799	991
800	2
800	58
800	388
800	491
800	499
800	583
800	605
800	634
800	746
800	834
800	881
800	943
800	956
801	385
801	503
801	604
801	866
801	878
801	888
801	902
801	911
801	921
801	984
801	988
801	995
801	997
802	854
802	869
802	886
802	894
802	903
802	926
802	949
802	966
802	973
802	980
802	982
802	986
802	991
803	74
803	156
803	260
803	497
803	531
803	637
803	707
803	783
803	804
803	844
803	947
803	975
803	979
804	156
804	410
804	707
804	728
804	754
804	778
804	803
804	806
804	844
804	947
804	957
804	975
804	979
805	45
805	122
805	198
805	272
805	280
805	286
805	364
805	378
805	389
805	420
805	445
805	700
805	721
806	269
806	453
806	480
806	497
806	593
806	707
806	754
806	804
806	844
806	947
806	957
806	975
806	979
807	17
807	105
807	284
807	337
807	409
807	542
807	618
807	777
807	787
807	790
807	837
807	879
807	904
808	437
808	533
808	623
808	632
808	784
808	816
808	826
808	839
808	901
808	909
808	912
808	914
808	934
809	35
809	288
809	329
809	351
809	539
809	619
809	697
809	743
809	744
809	863
809	906
809	915
809	919
809	945
810	29
810	229
810	253
810	372
810	466
810	494
810	695
810	731
810	740
810	793
810	890
810	929
810	958
810	959
811	21
811	50
811	308
811	334
811	406
811	545
811	611
811	630
811	651
811	656
811	785
811	847
811	850
811	970
812	139
812	571
812	602
812	709
812	817
812	823
812	838
812	861
812	891
812	896
812	897
812	930
812	937
812	983
813	331
813	398
813	655
813	745
813	759
813	769
813	794
813	818
813	867
813	877
813	941
813	962
813	971
813	976
814	79
814	287
814	377
814	385
814	425
814	798
814	866
814	878
814	911
814	921
814	984
814	988
814	995
814	997
815	48
815	110
815	122
815	218
815	226
815	272
815	280
815	364
815	378
815	389
815	395
815	420
815	445
815	700
816	31
816	136
816	422
816	623
816	632
816	648
816	677
816	808
816	824
816	839
816	909
816	912
816	914
816	934
817	392
817	449
817	598
817	755
817	812
817	828
817	838
817	891
817	896
817	930
817	937
817	950
817	955
817	983
818	379
818	625
818	769
818	776
818	794
818	813
818	822
818	843
818	864
818	877
818	941
818	962
818	971
818	976
819	113
819	398
819	429
819	625
819	655
819	776
819	822
819	843
819	864
819	877
819	941
819	962
819	971
819	976
820	72
820	86
820	258
820	264
820	413
820	501
820	563
820	669
820	701
820	780
820	830
820	849
820	853
820	944
821	66
821	72
821	86
821	563
821	594
821	669
821	701
821	722
821	736
821	780
821	791
821	830
821	853
821	944
822	84
822	338
822	464
822	617
822	625
822	776
822	818
822	819
822	864
822	867
822	941
822	962
822	971
822	976
823	131
823	305
823	598
823	659
823	755
823	812
823	861
823	891
823	896
823	897
823	937
823	950
823	955
823	983
824	71
824	148
824	422
824	437
824	463
824	648
824	677
824	816
824	826
824	839
824	901
824	909
824	912
824	934
825	9
825	63
825	273
825	289
825	387
825	399
825	434
825	471
825	514
825	527
825	652
825	667
825	698
825	773
826	112
826	136
826	277
826	463
826	533
826	559
826	677
826	784
826	808
826	824
826	901
826	909
826	912
826	914
826	934
827	848
827	862
827	872
827	885
827	923
827	924
827	948
827	952
827	954
827	964
827	968
827	974
827	977
828	323
828	414
828	544
828	659
828	709
828	725
828	817
828	838
828	891
828	896
828	897
828	937
828	950
828	955
828	983
829	282
829	397
829	550
829	557
829	576
829	601
829	629
829	649
829	650
829	686
829	703
829	858
829	868
829	925
829	961
830	60
830	291
830	501
830	563
830	582
830	594
830	701
830	722
830	756
830	780
830	820
830	821
830	849
830	853
830	944
831	38
831	408
831	443
831	469
831	495
831	573
831	711
831	779
831	841
831	874
831	875
831	928
831	936
831	960
831	972
832	35
832	239
832	329
832	357
832	446
832	509
832	539
832	606
832	613
832	743
832	863
832	906
832	915
832	919
832	945
833	854
833	869
833	886
833	894
833	903
833	926
833	949
833	966
833	973
833	980
833	982
833	986
833	991
834	57
834	310
834	373
834	376
834	383
834	461
834	499
834	561
834	583
834	746
834	757
834	800
834	907
834	943
834	956
835	8
835	133
835	197
835	342
835	419
835	423
835	427
835	451
835	488
835	565
835	591
835	615
835	775
835	892
835	898
836	77
836	207
836	211
836	241
836	320
836	346
836	555
836	566
836	595
836	609
836	680
836	704
836	758
836	770
836	856
837	17
837	20
837	111
837	436
837	542
837	580
837	618
837	643
837	670
837	766
837	777
837	787
837	807
837	879
837	904
838	143
838	323
838	502
838	659
838	755
838	812
838	817
838	828
838	891
838	896
838	897
838	930
838	937
838	950
838	983
839	316
839	324
839	559
839	623
839	648
839	677
839	784
839	808
839	816
839	824
839	901
839	909
839	912
839	914
839	934
840	22
840	36
840	279
840	405
840	506
840	538
840	567
840	663
840	724
840	789
840	855
840	935
840	940
840	946
840	965
841	333
841	408
841	511
841	642
841	711
841	723
841	727
841	742
841	779
841	831
841	874
841	875
841	928
841	936
841	960
841	972
842	53
842	59
842	119
842	159
842	200
842	252
842	301
842	530
842	541
842	568
842	621
842	627
842	739
842	752
842	786
842	883
843	43
843	356
843	588
843	597
843	617
843	745
843	769
843	818
843	819
843	864
843	867
843	877
843	941
843	962
843	971
843	976
844	411
844	452
844	453
844	480
844	517
844	531
844	682
844	734
844	783
844	803
844	804
844	806
844	947
844	957
844	975
844	979
845	857
845	865
845	871
845	889
845	920
845	927
845	932
845	963
845	967
845	978
845	985
845	987
845	989
845	990
845	993
845	994
846	374
846	513
846	600
846	673
846	747
846	765
846	798
846	866
846	878
846	888
846	902
846	921
846	984
846	988
846	995
846	997
847	12
847	50
847	126
847	183
847	240
847	308
847	334
847	336
847	362
847	477
847	481
847	516
847	611
847	811
847	895
847	970
848	827
848	862
848	872
848	885
848	923
848	924
848	948
848	952
848	954
848	964
848	968
848	974
848	977
849	169
849	264
849	291
849	582
849	594
849	669
849	736
849	748
849	751
849	756
849	780
849	791
849	820
849	830
849	853
849	944
850	12
850	42
850	51
850	67
850	126
850	151
850	238
850	477
850	546
850	611
850	651
850	656
850	811
850	893
850	895
850	970
851	182
851	187
851	361
851	365
851	467
851	500
851	570
851	575
851	694
851	852
851	859
851	880
851	882
851	899
851	933
851	939
852	3
852	6
852	161
852	182
852	187
852	361
852	467
852	607
852	641
852	851
852	859
852	880
852	882
852	899
852	933
852	939
853	66
853	258
853	264
853	501
853	582
853	722
853	748
853	751
853	756
853	780
853	791
853	820
853	821
853	830
853	849
853	944
854	799
854	802
854	833
854	869
854	886
854	894
854	903
854	926
854	949
854	966
854	973
854	980
854	982
854	986
854	991
855	107
855	123
855	141
855	302
855	405
855	407
855	506
855	567
855	614
855	724
855	840
855	905
855	922
855	935
855	940
855	946
855	965
856	24
856	77
856	346
856	417
856	468
856	526
856	549
856	595
856	609
856	658
856	661
856	680
856	704
856	717
856	758
856	770
856	836
857	845
857	865
857	871
857	889
857	920
857	927
857	932
857	963
857	967
857	978
857	985
857	987
857	989
857	990
857	993
857	994
858	160
858	167
858	170
858	173
858	282
858	293
858	295
858	550
858	601
858	629
858	650
858	692
858	703
858	829
858	868
858	925
858	961
859	144
859	152
859	172
859	307
859	403
859	415
859	570
859	575
859	607
859	641
859	851
859	852
859	880
859	882
859	899
859	933
859	939
860	876
860	887
860	900
860	931
860	938
860	951
860	953
860	969
860	981
860	992
860	996
860	998
860	999
860	1000
861	143
861	285
861	305
861	392
861	400
861	598
861	709
861	725
861	795
861	812
861	823
861	897
861	930
861	937
861	950
861	955
861	983
862	763
862	782
862	827
862	848
862	872
862	885
862	923
862	924
862	948
862	952
862	954
862	964
862	968
862	974
862	977
863	288
863	351
863	357
863	539
863	592
863	606
863	613
863	619
863	697
863	743
863	744
863	809
863	832
863	906
863	915
863	919
863	945
864	249
864	348
864	412
864	429
864	588
864	625
864	769
864	794
864	818
864	819
864	822
864	843
864	877
864	941
864	962
864	971
864	976
865	845
865	857
865	871
865	889
865	920
865	927
865	932
865	963
865	967
865	978
865	985
865	987
865	989
865	990
865	993
865	994
866	543
866	673
866	729
866	765
866	798
866	801
866	814
866	846
866	878
866	888
866	902
866	911
866	921
866	984
866	988
866	995
866	997
867	297
867	338
867	402
867	412
867	435
867	655
867	745
867	776
867	794
867	813
867	822
867	843
867	877
867	941
867	962
867	971
867	976
868	4
868	165
868	184
868	295
868	457
868	524
868	578
868	601
868	649
868	650
868	686
868	692
868	703
868	829
868	858
868	916
868	961
869	799
869	802
869	833
869	854
869	886
869	894
869	903
869	926
869	949
869	966
869	973
869	980
869	982
869	986
869	991
870	87
870	92
870	195
870	222
870	416
870	439
870	521
870	639
870	644
870	645
870	664
870	683
870	706
870	712
870	749
870	908
870	913
870	917
871	845
871	857
871	865
871	889
871	920
871	927
871	932
871	963
871	967
871	978
871	985
871	987
871	989
871	990
871	993
871	994
872	753
872	763
872	782
872	827
872	848
872	862
872	885
872	923
872	924
872	948
872	952
872	954
872	964
872	968
872	974
872	977
873	97
873	186
873	196
873	216
873	233
873	259
873	262
873	296
873	359
873	430
873	496
873	540
873	551
873	654
873	675
873	713
873	760
873	761
873	942
874	175
874	248
874	298
874	363
874	511
874	573
874	642
874	671
874	720
874	723
874	742
874	779
874	831
874	841
874	875
874	928
874	936
874	960
874	972
875	94
875	248
875	333
875	386
875	440
875	443
875	504
875	573
875	711
875	720
875	723
875	727
875	779
875	831
875	841
875	874
875	928
875	936
875	960
876	860
876	887
876	900
876	931
876	938
876	951
876	953
876	969
876	981
876	992
876	996
876	998
876	999
876	1000
877	249
877	297
877	379
877	464
877	588
877	655
877	745
877	759
877	769
877	776
877	813
877	818
877	819
877	843
877	864
877	867
877	962
877	971
877	976
878	82
878	600
878	631
878	673
878	729
878	765
878	772
878	801
878	814
878	846
878	866
878	888
878	902
878	911
878	921
878	984
878	988
878	995
878	997
879	20
879	244
879	337
879	355
879	391
879	409
879	536
879	542
879	580
879	618
879	643
879	670
879	693
879	766
879	777
879	787
879	790
879	807
879	837
879	904
880	3
880	114
880	187
880	307
880	321
880	361
880	390
880	403
880	415
880	525
880	570
880	607
880	641
880	694
880	851
880	852
880	859
880	882
880	899
880	939
881	18
881	56
881	267
881	310
881	341
881	383
881	388
881	393
881	455
881	461
881	474
881	491
881	562
881	583
881	605
881	634
881	733
881	800
881	907
881	956
882	6
882	30
882	144
882	182
882	209
882	365
882	467
882	500
882	570
882	577
882	607
882	641
882	694
882	851
882	852
882	859
882	880
882	899
882	933
882	939
883	53
883	119
883	162
883	200
883	301
883	418
883	487
883	489
883	505
883	508
883	530
883	541
883	568
883	621
883	627
883	739
883	752
883	786
883	788
883	842
884	73
884	91
884	132
884	191
884	275
884	281
884	303
884	428
884	441
884	523
884	552
884	585
884	628
884	647
884	668
884	678
884	688
884	771
884	792
884	918
885	708
885	719
885	726
885	753
885	763
885	782
885	827
885	848
885	862
885	872
885	923
885	924
885	948
885	952
885	954
885	964
885	968
885	974
885	977
886	738
886	750
886	799
886	802
886	833
886	854
886	869
886	894
886	903
886	926
886	949
886	966
886	973
886	980
886	982
886	986
886	991
887	796
887	797
887	860
887	876
887	900
887	931
887	938
887	951
887	953
887	969
887	981
887	992
887	996
887	998
887	999
887	1000
888	210
888	335
888	425
888	543
888	657
888	705
888	729
888	765
888	772
888	798
888	801
888	846
888	866
888	878
888	902
888	911
888	921
888	984
888	988
888	995
888	997
889	845
889	857
889	865
889	871
889	920
889	927
889	932
889	963
889	967
889	978
889	985
889	987
889	989
889	990
889	993
889	994
890	29
890	40
890	109
890	168
890	227
890	274
890	404
890	431
890	466
890	510
890	564
890	599
890	608
890	624
890	662
890	665
890	793
890	810
890	929
890	958
890	959
891	7
891	139
891	401
891	421
891	449
891	502
891	544
891	725
891	755
891	795
891	812
891	817
891	823
891	828
891	838
891	896
891	930
891	937
891	950
891	955
891	983
892	101
892	117
892	133
892	197
892	208
892	214
892	342
892	353
892	375
892	419
892	423
892	427
892	458
892	488
892	565
892	591
892	615
892	660
892	775
892	781
892	835
892	898
893	21
893	67
893	190
893	212
893	232
893	240
893	311
893	334
893	336
893	406
893	456
893	481
893	516
893	545
893	546
893	611
893	651
893	656
893	785
893	850
893	895
893	970
894	653
894	690
894	696
894	716
894	732
894	738
894	750
894	799
894	802
894	833
894	854
894	869
894	886
894	903
894	926
894	949
894	966
894	973
894	980
894	982
894	986
894	991
895	50
895	190
895	232
895	238
895	308
895	311
895	334
895	371
895	477
895	481
895	516
895	545
895	546
895	611
895	630
895	651
895	656
895	785
895	847
895	850
895	893
895	970
896	10
896	44
896	400
896	421
896	449
896	502
896	544
896	571
896	602
896	709
896	795
896	812
896	817
896	823
896	828
896	838
896	891
896	897
896	930
896	937
896	950
896	983
897	39
897	99
897	263
897	449
897	544
897	571
897	598
897	709
897	725
897	755
897	795
897	812
897	823
897	828
897	838
897	861
897	896
897	930
897	937
897	950
897	955
897	983
898	8
898	101
898	115
898	127
898	133
898	214
898	342
898	353
898	375
898	419
898	451
898	458
898	484
898	488
898	565
898	591
898	615
898	660
898	775
898	781
898	835
898	892
899	152
899	161
899	174
899	209
899	321
899	365
899	390
899	403
899	415
899	525
899	575
899	577
899	607
899	641
899	694
899	851
899	852
899	859
899	880
899	882
899	933
899	939
900	762
900	796
900	797
900	860
900	876
900	887
900	931
900	938
900	951
900	953
900	969
900	981
900	992
900	996
900	998
900	999
900	1000
901	71
901	148
901	153
901	278
901	316
901	422
901	424
901	463
901	533
901	559
901	623
901	632
901	648
901	784
901	808
901	824
901	826
901	839
901	909
901	912
901	914
901	934
902	377
902	460
902	503
902	543
902	604
902	631
902	657
902	673
902	705
902	729
902	747
902	772
902	798
902	801
902	846
902	866
902	878
902	888
902	911
902	984
902	988
902	995
902	997
903	482
903	653
903	690
903	696
903	716
903	732
903	738
903	750
903	799
903	802
903	833
903	854
903	869
903	886
903	894
903	926
903	949
903	966
903	973
903	980
903	982
903	986
903	991
904	20
904	111
904	224
904	244
904	284
904	337
904	355
904	391
904	409
904	436
904	536
904	542
904	580
904	618
904	643
904	693
904	766
904	777
904	787
904	790
904	807
904	837
904	879
905	25
905	106
905	107
905	318
905	345
905	396
905	405
905	407
905	490
905	518
905	538
905	558
905	560
905	567
905	663
905	724
905	789
905	855
905	922
905	935
905	940
905	946
905	965
906	49
906	52
906	62
906	130
906	206
906	329
906	351
906	357
906	446
906	450
906	509
906	539
906	592
906	606
906	619
906	697
906	743
906	744
906	809
906	832
906	863
906	915
906	919
906	945
907	2
907	93
907	116
907	201
907	267
907	306
907	350
907	376
907	383
907	393
907	455
907	461
907	474
907	475
907	491
907	561
907	562
907	733
907	746
907	757
907	834
907	881
907	943
907	956
908	15
908	78
908	87
908	90
908	92
908	149
908	195
908	222
908	234
908	245
908	439
908	521
908	532
908	603
908	644
908	645
908	664
908	683
908	712
908	715
908	749
908	870
908	913
908	917
909	31
909	153
909	277
909	278
909	299
909	316
909	422
909	437
909	533
909	559
909	623
909	632
909	648
909	677
909	784
909	808
909	816
909	824
909	826
909	839
909	901
909	912
909	914
909	934
910	27
910	85
910	97
910	121
910	145
910	150
910	186
910	216
910	237
910	296
910	319
910	332
910	359
910	430
910	496
910	540
910	551
910	654
910	674
910	675
910	713
910	735
910	761
910	942
911	217
911	255
911	327
911	347
911	473
911	486
911	503
911	604
911	657
911	673
911	705
911	772
911	798
911	801
911	814
911	866
911	878
911	888
911	902
911	921
911	984
911	988
911	995
911	997
912	31
912	71
912	112
912	148
912	277
912	299
912	324
912	422
912	424
912	437
912	559
912	632
912	648
912	677
912	784
912	808
912	816
912	824
912	826
912	839
912	901
912	909
912	914
912	934
913	15
913	78
913	87
913	149
913	222
913	234
913	245
913	416
913	439
913	521
913	532
913	603
913	639
913	644
913	645
913	664
913	683
913	706
913	712
913	715
913	749
913	870
913	908
913	917
914	71
914	136
914	153
914	277
914	278
914	316
914	324
914	424
914	463
914	533
914	559
914	623
914	632
914	648
914	677
914	784
914	808
914	816
914	826
914	839
914	901
914	909
914	912
914	934
915	49
915	68
915	130
915	239
915	329
915	351
915	442
915	446
915	450
915	498
915	509
915	592
915	606
915	613
915	619
915	697
915	743
915	744
915	809
915	832
915	863
915	906
915	919
915	945
916	13
916	160
916	167
916	170
916	173
916	184
916	235
916	246
916	295
916	370
916	397
916	457
916	524
916	557
916	576
916	601
916	649
916	650
916	686
916	692
916	703
916	868
916	925
916	961
917	15
917	78
917	87
917	90
917	195
917	222
917	234
917	245
917	416
917	439
917	521
917	532
917	603
917	644
917	645
917	664
917	683
917	706
917	712
917	715
917	749
917	870
917	908
917	913
918	73
918	81
918	91
918	132
918	179
918	191
918	243
918	281
918	303
918	304
918	428
918	441
918	523
918	552
918	585
918	628
918	647
918	668
918	678
918	688
918	710
918	771
918	792
918	884
919	19
919	52
919	62
919	68
919	239
919	288
919	351
919	357
919	442
919	446
919	450
919	498
919	509
919	539
919	592
919	606
919	613
919	619
919	743
919	809
919	832
919	863
919	906
919	915
919	945
920	767
920	768
920	774
920	845
920	857
920	865
920	871
920	889
920	927
920	932
920	963
920	967
920	978
920	985
920	987
920	989
920	990
920	993
920	994
921	104
921	221
921	250
921	460
921	486
921	513
921	604
921	631
921	657
921	729
921	747
921	765
921	772
921	798
921	801
921	814
921	846
921	866
921	878
921	888
921	911
921	984
921	988
921	995
921	997
922	89
922	102
922	106
922	123
922	157
922	158
922	279
922	283
922	292
922	318
922	396
922	407
922	490
922	518
922	560
922	614
922	663
922	724
922	789
922	855
922	905
922	935
922	940
922	946
922	965
923	610
923	616
923	689
923	708
923	719
923	726
923	753
923	763
923	782
923	827
923	848
923	862
923	872
923	885
923	924
923	948
923	952
923	954
923	964
923	968
923	974
923	977
924	689
924	708
924	719
924	726
924	753
924	763
924	782
924	827
924	848
924	862
924	872
924	885
924	923
924	948
924	952
924	954
924	964
924	968
924	974
924	977
925	4
925	160
925	167
925	170
925	228
925	235
925	282
925	293
925	340
925	370
925	397
925	438
925	457
925	483
925	524
925	576
925	601
925	629
925	649
925	650
925	686
925	829
925	858
925	916
925	961
926	519
926	547
926	584
926	653
926	690
926	696
926	716
926	732
926	738
926	750
926	799
926	802
926	833
926	854
926	869
926	886
926	894
926	903
926	949
926	966
926	973
926	980
926	982
926	986
926	991
927	767
927	768
927	774
927	845
927	857
927	865
927	871
927	889
927	920
927	932
927	963
927	967
927	978
927	985
927	987
927	989
927	990
927	993
927	994
928	14
928	65
928	193
928	333
928	344
928	358
928	382
928	384
928	386
928	408
928	443
928	469
928	676
928	720
928	723
928	727
928	742
928	779
928	831
928	841
928	874
928	875
928	936
928	960
928	972
929	40
929	61
929	194
929	227
929	253
929	372
929	381
929	404
929	431
929	466
929	494
929	507
929	510
929	564
929	569
929	608
929	622
929	624
929	695
929	731
929	740
929	793
929	810
929	890
929	958
929	959
930	10
930	32
930	64
930	99
930	263
930	305
930	349
930	414
930	421
930	502
930	571
930	659
930	709
930	725
930	795
930	812
930	817
930	838
930	861
930	891
930	896
930	897
930	937
930	950
930	955
930	983
931	737
931	762
931	796
931	797
931	860
931	876
931	887
931	900
931	938
931	951
931	953
931	969
931	981
931	992
931	996
931	998
931	999
931	1000
932	702
932	767
932	768
932	774
932	845
932	857
932	865
932	871
932	889
932	920
932	927
932	963
932	967
932	978
932	985
932	987
932	989
932	990
932	993
932	994
933	30
933	114
933	152
933	161
933	172
933	174
933	209
933	307
933	321
933	361
933	365
933	403
933	415
933	467
933	500
933	525
933	570
933	575
933	577
933	607
933	641
933	851
933	852
933	859
933	882
933	899
933	939
934	31
934	112
934	136
934	148
934	153
934	277
934	278
934	316
934	324
934	424
934	437
934	463
934	533
934	623
934	632
934	648
934	677
934	784
934	808
934	816
934	824
934	826
934	839
934	901
934	909
934	912
934	914
935	102
935	107
935	141
935	157
935	158
935	290
935	292
935	345
935	396
935	490
935	506
935	518
935	538
935	558
935	560
935	567
935	614
935	663
935	724
935	789
935	840
935	855
935	905
935	922
935	940
935	946
935	965
936	38
936	65
936	94
936	166
936	175
936	248
936	256
936	298
936	333
936	344
936	363
936	386
936	443
936	469
936	495
936	504
936	642
936	723
936	727
936	742
936	779
936	831
936	841
936	874
936	875
936	928
936	960
936	972
937	10
937	32
937	285
937	305
937	323
937	349
937	400
937	401
937	449
937	598
937	602
937	659
937	709
937	755
937	795
937	812
937	817
937	823
937	828
937	838
937	861
937	891
937	896
937	897
937	930
937	950
937	955
937	983
938	691
938	699
938	730
938	737
938	762
938	796
938	797
938	860
938	876
938	887
938	900
938	931
938	951
938	953
938	969
938	981
938	992
938	996
938	998
938	999
938	1000
939	3
939	6
939	30
939	144
939	172
939	174
939	182
939	209
939	307
939	321
939	361
939	365
939	403
939	415
939	500
939	525
939	570
939	575
939	607
939	641
939	694
939	851
939	852
939	859
939	880
939	882
939	899
939	933
940	25
940	36
940	102
940	106
940	141
940	157
940	189
940	279
940	283
940	290
940	302
940	345
940	396
940	407
940	490
940	506
940	538
940	558
940	614
940	663
940	789
940	840
940	855
940	905
940	922
940	935
940	946
940	965
941	113
941	249
941	326
941	331
941	356
941	398
941	402
941	412
941	429
941	435
941	464
941	588
941	625
941	655
941	745
941	759
941	776
941	794
941	813
941	818
941	819
941	822
941	843
941	864
941	867
941	962
941	971
941	976
942	5
942	27
942	75
942	85
942	121
942	128
942	137
942	150
942	186
942	196
942	237
942	259
942	262
942	296
942	319
942	332
942	359
942	430
942	540
942	551
942	654
942	674
942	675
942	713
942	735
942	760
942	761
942	873
942	910
943	18
943	57
943	116
943	202
943	247
943	310
943	325
943	330
943	341
943	350
943	373
943	376
943	388
943	393
943	433
943	455
943	461
943	474
943	491
943	499
943	561
943	562
943	634
943	746
943	757
943	800
943	834
943	907
943	956
944	60
944	66
944	72
944	86
944	169
944	231
944	258
944	264
944	291
944	413
944	426
944	501
944	563
944	582
944	594
944	669
944	701
944	722
944	736
944	748
944	751
944	756
944	780
944	791
944	820
944	821
944	830
944	849
944	853
945	19
945	49
945	52
945	62
945	68
945	130
945	206
945	239
945	288
945	329
945	357
945	442
945	446
945	450
945	498
945	509
945	539
945	592
945	606
945	613
945	619
945	697
945	743
945	744
945	809
945	832
945	863
945	906
945	915
945	919
946	22
946	89
946	107
946	157
946	189
946	279
946	292
946	302
946	318
946	345
946	396
946	405
946	407
946	490
946	506
946	518
946	538
946	558
946	560
946	567
946	614
946	663
946	789
946	840
946	855
946	905
946	922
946	935
946	940
946	965
947	41
947	103
947	134
947	142
947	154
947	203
947	260
947	410
947	452
947	480
947	497
947	531
947	572
947	587
947	593
947	637
947	682
947	718
947	728
947	734
947	764
947	778
947	783
947	803
947	804
947	806
947	844
947	957
947	975
947	979
948	124
948	300
948	322
948	380
948	462
948	472
948	515
948	537
948	610
948	616
948	689
948	708
948	719
948	726
948	753
948	763
948	782
948	827
948	848
948	862
948	872
948	885
948	923
948	924
948	952
948	954
948	964
948	968
948	974
948	977
949	95
949	261
949	315
949	444
949	479
949	492
949	529
949	547
949	653
949	690
949	696
949	716
949	732
949	738
949	750
949	799
949	802
949	833
949	854
949	869
949	886
949	894
949	903
949	926
949	966
949	973
949	980
949	982
949	986
949	991
950	7
950	32
950	39
950	44
950	131
950	263
950	285
950	392
950	400
950	414
950	421
950	544
950	571
950	598
950	602
950	659
950	725
950	755
950	795
950	817
950	823
950	828
950	838
950	861
950	891
950	896
950	897
950	930
950	937
950	955
950	983
951	589
951	620
951	633
951	635
951	638
951	646
951	666
951	672
951	691
951	699
951	730
951	737
951	762
951	796
951	797
951	860
951	876
951	887
951	900
951	931
951	938
951	953
951	969
951	981
951	992
951	996
951	998
951	999
951	1000
952	1
952	83
952	120
952	266
952	322
952	462
952	472
952	515
952	537
952	610
952	616
952	689
952	708
952	719
952	726
952	753
952	763
952	782
952	827
952	848
952	862
952	872
952	885
952	923
952	924
952	948
952	954
952	964
952	968
952	974
952	977
953	666
953	672
953	691
953	699
953	730
953	737
953	762
953	796
953	797
953	860
953	876
953	887
953	900
953	931
953	938
953	951
953	969
953	981
953	992
953	996
953	998
953	999
953	1000
954	55
954	83
954	125
954	236
954	300
954	322
954	380
954	472
954	515
954	537
954	610
954	616
954	689
954	708
954	719
954	726
954	753
954	763
954	782
954	827
954	848
954	862
954	872
954	885
954	923
954	924
954	948
954	952
954	964
954	968
954	974
954	977
955	39
955	44
955	64
955	99
955	131
955	139
955	263
955	285
955	323
955	349
955	400
955	401
955	414
955	421
955	502
955	544
955	598
955	602
955	659
955	725
955	755
955	795
955	817
955	823
955	828
955	861
955	891
955	897
955	930
955	937
955	950
955	983
956	2
956	18
956	57
956	58
956	201
956	202
956	247
956	325
956	330
956	350
956	383
956	388
956	393
956	433
956	455
956	461
956	474
956	475
956	491
956	499
956	561
956	562
956	605
956	634
956	733
956	746
956	757
956	800
956	834
956	881
956	907
956	943
957	41
957	74
957	103
957	135
957	269
957	270
957	317
957	410
957	411
957	452
957	453
957	497
957	517
957	531
957	572
957	593
957	637
957	682
957	707
957	718
957	728
957	734
957	754
957	764
957	778
957	783
957	804
957	806
957	844
957	947
957	975
957	979
958	29
958	40
958	61
958	109
958	168
958	194
958	227
958	229
958	253
958	274
958	343
958	372
958	381
958	404
958	466
958	494
958	507
958	510
958	564
958	569
958	599
958	608
958	622
958	662
958	665
958	695
958	731
958	740
958	810
958	890
958	929
958	959
959	29
959	61
959	96
959	109
959	194
959	227
959	229
959	253
959	274
959	343
959	372
959	381
959	404
959	431
959	494
959	507
959	510
959	564
959	569
959	599
959	608
959	622
959	624
959	665
959	695
959	731
959	740
959	793
959	810
959	890
959	929
959	958
960	14
960	38
960	166
960	175
960	193
960	298
960	344
960	358
960	382
960	384
960	440
960	443
960	495
960	504
960	511
960	512
960	573
960	642
960	671
960	676
960	711
960	720
960	723
960	727
960	742
960	779
960	831
960	841
960	874
960	875
960	928
960	936
960	972
961	4
961	13
961	160
961	165
961	167
961	170
961	173
961	184
961	228
961	246
961	295
961	340
961	370
961	397
961	438
961	457
961	483
961	524
961	550
961	557
961	576
961	578
961	601
961	629
961	649
961	686
961	692
961	703
961	829
961	858
961	868
961	916
961	925
962	84
962	185
962	199
962	297
962	326
962	331
962	338
962	348
962	356
962	398
962	402
962	412
962	429
962	435
962	464
962	534
962	588
962	597
962	617
962	745
962	759
962	769
962	776
962	813
962	818
962	819
962	822
962	843
962	864
962	867
962	877
962	941
962	971
962	976
963	684
963	685
963	687
963	702
963	767
963	768
963	774
963	845
963	857
963	865
963	871
963	889
963	920
963	927
963	932
963	967
963	978
963	985
963	987
963	989
963	990
963	993
963	994
964	23
964	37
964	55
964	83
964	125
964	215
964	236
964	266
964	322
964	462
964	472
964	515
964	537
964	610
964	616
964	689
964	708
964	719
964	726
964	753
964	763
964	782
964	827
964	848
964	862
964	872
964	885
964	923
964	924
964	948
964	952
964	954
964	968
964	974
964	977
965	22
965	36
965	89
965	102
965	106
965	123
965	141
965	158
965	189
965	279
965	283
965	290
965	292
965	302
965	318
965	396
965	405
965	490
965	506
965	518
965	538
965	558
965	560
965	567
965	614
965	663
965	724
965	789
965	840
965	855
965	905
965	922
965	935
965	940
965	946
966	164
966	251
966	261
966	309
966	313
966	328
966	444
966	447
966	479
966	519
966	529
966	547
966	584
966	653
966	690
966	696
966	716
966	732
966	738
966	750
966	799
966	802
966	833
966	854
966	869
966	886
966	894
966	903
966	926
966	949
966	973
966	980
966	982
966	986
966	991
967	586
967	612
967	626
967	636
967	640
967	684
967	685
967	687
967	702
967	767
967	768
967	774
967	845
967	857
967	865
967	871
967	889
967	920
967	927
967	932
967	963
967	978
967	985
967	987
967	989
967	990
967	993
967	994
968	1
968	23
968	37
968	55
968	120
968	124
968	125
968	215
968	266
968	300
968	380
968	462
968	515
968	537
968	610
968	616
968	689
968	708
968	719
968	726
968	753
968	763
968	782
968	827
968	848
968	862
968	872
968	885
968	923
968	924
968	948
968	952
968	954
968	964
968	974
968	977
969	268
969	493
969	528
969	553
969	589
969	620
969	633
969	635
969	638
969	646
969	666
969	672
969	691
969	699
969	730
969	737
969	762
969	796
969	797
969	860
969	876
969	887
969	900
969	931
969	938
969	951
969	953
969	981
969	992
969	996
969	998
969	999
969	1000
970	12
970	21
970	42
970	50
970	51
970	67
970	126
970	151
970	183
970	190
970	212
970	232
970	238
970	240
970	308
970	311
970	334
970	336
970	362
970	371
970	406
970	456
970	477
970	481
970	516
970	545
970	546
970	611
970	630
970	651
970	656
970	785
970	811
970	847
970	850
970	893
970	895
971	43
971	84
971	113
971	185
971	199
971	249
971	254
971	297
971	326
971	331
971	338
971	348
971	356
971	379
971	402
971	412
971	429
971	435
971	588
971	597
971	617
971	625
971	655
971	759
971	769
971	776
971	813
971	818
971	819
971	822
971	843
971	864
971	867
971	877
971	941
971	962
971	976
972	14
972	38
972	65
972	94
972	166
972	193
972	248
972	298
972	333
972	344
972	358
972	363
972	382
972	384
972	408
972	440
972	443
972	469
972	495
972	504
972	511
972	512
972	573
972	642
972	671
972	676
972	711
972	720
972	723
972	727
972	742
972	831
972	841
972	874
972	928
972	936
972	960
973	178
973	219
973	223
973	261
973	309
973	313
973	314
973	328
973	354
973	447
973	482
973	492
973	519
973	529
973	584
973	653
973	690
973	696
973	716
973	732
973	738
973	750
973	799
973	802
973	833
973	854
973	869
973	886
973	894
973	903
973	926
973	949
973	966
973	980
973	982
973	986
973	991
974	1
974	23
974	37
974	55
974	120
974	124
974	125
974	215
974	236
974	266
974	300
974	380
974	462
974	472
974	515
974	537
974	610
974	616
974	689
974	708
974	719
974	726
974	753
974	763
974	782
974	827
974	848
974	862
974	872
974	885
974	923
974	924
974	948
974	952
974	954
974	964
974	968
974	977
975	74
975	76
975	103
975	134
975	135
975	142
975	154
975	156
975	203
975	269
975	270
975	317
975	411
975	453
975	480
975	497
975	517
975	531
975	572
975	587
975	593
975	637
975	682
975	707
975	718
975	728
975	734
975	754
975	764
975	778
975	783
975	803
975	804
975	806
975	844
975	947
975	957
975	979
976	43
976	84
976	113
976	185
976	199
976	297
976	326
976	331
976	348
976	356
976	379
976	398
976	402
976	429
976	435
976	464
976	534
976	588
976	597
976	617
976	625
976	655
976	745
976	759
976	769
976	776
976	794
976	813
976	818
976	819
976	822
976	843
976	864
976	867
976	877
976	941
976	962
976	971
977	1
977	23
977	37
977	83
977	120
977	124
977	215
977	236
977	266
977	300
977	322
977	380
977	462
977	472
977	515
977	537
977	610
977	616
977	689
977	708
977	719
977	726
977	753
977	763
977	782
977	827
977	848
977	862
977	872
977	885
977	923
977	924
977	948
977	952
977	954
977	964
977	968
977	974
978	535
978	548
978	554
978	574
978	586
978	612
978	626
978	636
978	640
978	684
978	685
978	687
978	702
978	767
978	768
978	774
978	845
978	857
978	865
978	871
978	889
978	920
978	927
978	932
978	963
978	967
978	985
978	987
978	989
978	990
978	993
978	994
979	41
979	74
979	76
979	103
979	134
979	135
979	142
979	154
979	156
979	203
979	260
979	269
979	270
979	317
979	410
979	411
979	453
979	480
979	497
979	531
979	572
979	587
979	593
979	637
979	682
979	707
979	718
979	728
979	734
979	754
979	764
979	778
979	783
979	803
979	804
979	806
979	844
979	947
979	957
979	975
980	163
980	164
980	180
980	219
980	223
980	230
980	251
980	313
980	314
980	315
980	328
980	354
980	444
980	447
980	479
980	482
980	492
980	519
980	529
980	547
980	584
980	653
980	690
980	696
980	716
980	732
980	738
980	750
980	799
980	802
980	833
980	854
980	869
980	886
980	894
980	903
980	926
980	949
980	966
980	973
980	982
980	986
980	991
981	34
981	108
981	176
981	271
981	276
981	312
981	352
981	360
981	432
981	448
981	454
981	465
981	528
981	553
981	589
981	620
981	633
981	635
981	638
981	646
981	666
981	672
981	691
981	699
981	730
981	737
981	762
981	796
981	797
981	860
981	876
981	887
981	900
981	931
981	938
981	951
981	953
981	969
981	992
981	996
981	998
981	999
981	1000
982	95
982	163
982	178
982	180
982	230
982	251
982	261
982	309
982	313
982	314
982	315
982	328
982	354
982	444
982	447
982	479
982	482
982	492
982	519
982	529
982	547
982	584
982	653
982	690
982	696
982	716
982	732
982	738
982	750
982	799
982	802
982	833
982	854
982	869
982	886
982	894
982	903
982	926
982	949
982	966
982	973
982	980
982	986
982	991
983	7
983	10
983	32
983	39
983	44
983	64
983	99
983	131
983	139
983	143
983	263
983	285
983	305
983	323
983	349
983	392
983	400
983	401
983	414
983	421
983	449
983	502
983	544
983	571
983	598
983	602
983	659
983	709
983	725
983	755
983	795
983	812
983	817
983	823
983	828
983	838
983	861
983	891
983	896
983	897
983	930
983	937
983	950
983	955
984	47
984	54
984	79
984	204
984	217
984	250
984	255
984	287
984	327
984	335
984	339
984	347
984	374
984	377
984	425
984	460
984	473
984	486
984	503
984	513
984	543
984	600
984	604
984	631
984	657
984	673
984	705
984	729
984	747
984	765
984	772
984	798
984	801
984	814
984	846
984	866
984	878
984	888
984	902
984	911
984	921
984	988
984	995
984	997
985	28
985	69
985	70
985	147
985	188
985	205
985	257
985	265
985	294
985	459
985	470
985	476
985	478
985	535
985	548
985	554
985	574
985	586
985	612
985	626
985	636
985	640
985	684
985	685
985	687
985	702
985	767
985	768
985	774
985	845
985	857
985	865
985	871
985	889
985	920
985	927
985	932
985	963
985	967
985	978
985	987
985	989
985	990
985	993
985	994
986	95
986	163
986	164
986	178
986	180
986	219
986	223
986	230
986	251
986	309
986	313
986	314
986	315
986	328
986	354
986	444
986	447
986	479
986	482
986	492
986	519
986	529
986	547
986	584
986	690
986	696
986	716
986	732
986	738
986	750
986	799
986	802
986	833
986	854
986	869
986	886
986	894
986	903
986	926
986	949
986	966
986	973
986	980
986	982
986	991
987	69
987	192
987	242
987	294
987	459
987	470
987	476
987	478
987	535
987	548
987	554
987	574
987	586
987	612
987	626
987	636
987	640
987	684
987	685
987	687
987	702
987	767
987	768
987	774
987	845
987	857
987	865
987	871
987	889
987	920
987	927
987	932
987	963
987	967
987	978
987	985
987	989
987	990
987	993
987	994
988	47
988	54
988	82
988	104
988	204
988	210
988	217
988	221
988	255
988	287
988	327
988	335
988	339
988	347
988	374
988	425
988	460
988	473
988	486
988	503
988	513
988	543
988	600
988	604
988	631
988	657
988	673
988	705
988	729
988	747
988	765
988	772
988	798
988	801
988	814
988	846
988	866
988	878
988	888
988	902
988	911
988	921
988	984
988	995
988	997
989	69
989	70
989	100
989	188
989	192
989	205
989	242
989	257
989	265
989	459
989	470
989	476
989	478
989	535
989	548
989	554
989	574
989	586
989	612
989	626
989	636
989	640
989	684
989	685
989	687
989	702
989	767
989	768
989	774
989	845
989	857
989	865
989	871
989	889
989	920
989	927
989	932
989	963
989	967
989	978
989	985
989	987
989	990
989	993
989	994
990	28
990	69
990	100
990	147
990	192
990	242
990	257
990	265
990	294
990	459
990	470
990	476
990	478
990	535
990	548
990	554
990	574
990	586
990	612
990	626
990	636
990	640
990	684
990	685
990	687
990	702
990	767
990	768
990	774
990	845
990	857
990	865
990	871
990	889
990	920
990	927
990	932
990	963
990	967
990	978
990	985
990	987
990	989
990	993
990	994
991	95
991	163
991	164
991	178
991	180
991	219
991	223
991	230
991	251
991	261
991	309
991	314
991	315
991	354
991	444
991	447
991	479
991	482
991	492
991	519
991	529
991	547
991	584
991	653
991	690
991	696
991	716
991	732
991	738
991	750
991	799
991	802
991	833
991	854
991	869
991	886
991	894
991	903
991	926
991	949
991	966
991	973
991	980
991	982
991	986
992	34
992	129
992	146
992	176
992	268
992	271
992	276
992	352
992	394
992	432
992	448
992	454
992	465
992	493
992	528
992	553
992	589
992	620
992	633
992	635
992	638
992	646
992	666
992	672
992	691
992	699
992	730
992	737
992	762
992	796
992	797
992	860
992	876
992	887
992	900
992	931
992	938
992	951
992	953
992	969
992	981
992	996
992	998
992	999
992	1000
993	28
993	70
993	100
993	147
993	188
993	205
993	242
993	257
993	265
993	294
993	459
993	470
993	476
993	478
993	535
993	548
993	554
993	574
993	586
993	612
993	626
993	636
993	640
993	684
993	685
993	687
993	702
993	767
993	768
993	774
993	845
993	857
993	865
993	871
993	889
993	920
993	927
993	932
993	963
993	967
993	978
993	985
993	987
993	989
993	990
993	994
994	28
994	70
994	100
994	147
994	188
994	192
994	205
994	242
994	257
994	265
994	294
994	459
994	470
994	476
994	478
994	535
994	548
994	554
994	574
994	586
994	612
994	626
994	636
994	640
994	684
994	685
994	687
994	702
994	767
994	768
994	774
994	845
994	857
994	865
994	871
994	889
994	920
994	927
994	932
994	963
994	967
994	978
994	985
994	987
994	989
994	990
994	993
995	47
995	54
995	79
995	82
995	104
995	204
995	210
995	221
995	250
995	255
995	327
995	335
995	339
995	347
995	374
995	377
995	385
995	425
995	460
995	473
995	486
995	503
995	513
995	543
995	600
995	604
995	631
995	657
995	673
995	705
995	729
995	747
995	765
995	772
995	798
995	801
995	814
995	846
995	866
995	878
995	888
995	902
995	911
995	921
995	984
995	988
995	997
996	46
996	80
996	118
996	129
996	146
996	181
996	268
996	271
996	276
996	312
996	360
996	394
996	432
996	448
996	454
996	465
996	493
996	528
996	553
996	589
996	620
996	633
996	635
996	638
996	646
996	666
996	672
996	691
996	699
996	730
996	737
996	762
996	796
996	797
996	860
996	876
996	887
996	900
996	931
996	938
996	951
996	953
996	969
996	981
996	992
996	998
996	999
996	1000
997	47
997	54
997	79
997	82
997	104
997	204
997	210
997	217
997	221
997	250
997	255
997	287
997	327
997	335
997	339
997	347
997	374
997	377
997	385
997	425
997	460
997	473
997	486
997	503
997	513
997	543
997	600
997	604
997	631
997	657
997	673
997	705
997	729
997	747
997	765
997	772
997	798
997	801
997	814
997	846
997	866
997	878
997	888
997	902
997	911
997	921
997	984
997	988
997	995
998	34
998	46
998	80
998	108
998	118
998	129
998	146
998	181
998	268
998	312
998	352
998	360
998	394
998	432
998	448
998	454
998	465
998	493
998	528
998	553
998	589
998	620
998	633
998	635
998	638
998	646
998	666
998	672
998	691
998	699
998	730
998	737
998	762
998	796
998	797
998	860
998	876
998	887
998	900
998	931
998	938
998	951
998	953
998	969
998	981
998	992
998	996
998	999
998	1000
999	34
999	46
999	80
999	108
999	118
999	146
999	176
999	181
999	271
999	276
999	312
999	352
999	360
999	394
999	432
999	448
999	454
999	465
999	493
999	528
999	553
999	589
999	620
999	633
999	635
999	638
999	646
999	666
999	672
999	691
999	699
999	730
999	737
999	762
999	796
999	797
999	860
999	876
999	887
999	900
999	931
999	938
999	951
999	953
999	969
999	981
999	992
999	996
999	998
999	1000
1000	46
1000	80
1000	108
1000	118
1000	129
1000	176
1000	181
1000	268
1000	271
1000	276
1000	312
1000	352
1000	360
1000	394
1000	432
1000	448
1000	454
1000	465
1000	493
1000	528
1000	553
1000	589
1000	620
1000	633
1000	635
1000	638
1000	646
1000	666
1000	672
1000	691
1000	699
1000	730
1000	737
1000	762
1000	796
1000	797
1000	860
1000	876
1000	887
1000	900
1000	931
1000	938
1000	951
1000	953
1000	969
1000	981
1000	992
1000	996
1000	998
1000	999
