1	300
1	520
1	868
1	909
2	578
2	736
2	750
2	924
3	447
3	671
3	786
3	970
4	851
4	976
4	982
4	987
5	255
5	623
5	656
5	793
6	471
6	494
6	840
6	865
7	230
7	564
7	927
7	983
8	369
8	967
8	979
8	999
9	365
9	599
9	989
9	997
10	128
10	398
10	942
10	1000
11	445
11	702
11	771
11	912
12	299
12	523
12	863
12	929
13	401
13	873
13	965
13	976
14	434
14	599
14	770
14	984
15	193
15	498
15	610
15	921
16	49
16	429
16	983
16	987
17	654
17	875
17	949
17	971
18	819
18	938
18	991
18	993
19	116
19	213
19	631
19	952
20	170
20	515
20	849
20	877
21	713
21	890
21	917
21	994
22	78
22	875
22	923
22	991
23	475
23	675
23	752
23	999
24	176
24	449
24	901
24	968
25	705
25	874
25	961
25	981
26	706
26	898
26	975
26	983
27	647
27	872
27	931
27	1000
28	154
28	412
28	821
28	977
29	694
29	847
29	875
29	943
30	729
30	757
30	820
30	916
31	726
31	989
31	991
31	993
32	284
32	526
32	581
32	914
33	508
33	915
33	928
33	995
34	445
34	795
34	950
34	999
35	453
35	496
35	926
35	930
36	297
36	624
36	811
36	996
37	821
37	916
37	975
37	990
38	298
38	709
38	909
38	964
39	485
39	946
39	961
39	994
40	853
40	917
40	927
40	997
41	769
41	928
41	933
41	977
42	232
42	519
42	626
42	947
43	843
43	896
43	955
43	995
44	140
44	888
44	940
44	960
45	821
45	918
45	953
45	974
46	487
46	726
46	826
46	911
47	70
47	464
47	624
47	883
48	431
48	768
48	797
48	969
49	16
49	565
49	798
49	977
50	669
50	946
50	953
50	968
51	697
51	890
51	955
51	995
52	232
52	906
52	988
52	990
53	270
53	370
53	606
53	990
54	224
54	315
54	457
54	909
55	522
55	937
55	962
55	973
56	442
56	885
56	943
56	1000
57	260
57	354
57	556
57	845
58	151
58	418
58	769
58	981
59	60
59	623
59	958
59	998
60	59
60	570
60	869
60	999
61	717
61	885
61	926
61	998
62	129
62	535
62	941
62	956
63	283
63	640
63	721
63	980
64	563
64	853
64	877
64	956
65	832
65	891
65	902
65	907
66	344
66	469
66	827
66	887
67	591
67	737
67	998
67	999
68	275
68	719
68	860
68	886
69	800
69	838
69	870
69	982
70	47
70	623
70	892
70	901
71	747
71	784
71	952
71	999
72	106
72	292
72	308
72	583
73	731
73	805
73	941
73	993
74	591
74	728
74	842
74	856
75	858
75	900
75	939
75	970
76	681
76	935
76	967
76	989
77	400
77	835
77	987
77	997
78	22
78	699
78	731
78	861
79	146
79	256
79	991
79	993
80	716
80	947
80	979
80	996
81	323
81	850
81	905
81	945
82	446
82	879
82	932
82	948
83	207
83	355
83	589
83	756
84	228
84	411
84	930
84	933
85	267
85	367
85	677
85	995
86	243
86	395
86	476
86	969
87	296
87	548
87	800
87	928
88	555
88	826
88	830
88	940
89	149
89	569
89	576
89	985
90	92
90	194
90	882
90	971
91	560
91	878
91	983
91	987
92	90
92	615
92	789
92	894
93	195
93	318
93	971
93	992
94	123
94	819
94	844
94	951
95	264
95	426
95	642
95	992
96	485
96	658
96	816
96	962
97	207
97	341
97	926
97	971
98	233
98	842
98	894
98	994
99	209
99	601
99	859
99	896
100	459
100	838
100	863
100	930
101	550
101	876
101	941
101	956
102	829
102	927
102	928
102	953
103	414
103	811
103	833
103	977
104	560
104	912
104	980
104	989
105	548
105	585
105	820
105	969
106	72
106	515
106	823
106	865
107	668
107	790
107	919
107	962
108	202
108	884
108	963
108	974
109	585
109	824
109	907
109	933
110	591
110	937
110	984
110	999
111	280
111	578
111	940
111	997
112	714
112	737
112	765
112	830
113	339
113	901
113	934
113	970
114	206
114	328
114	639
114	990
115	356
115	914
115	962
115	969
116	19
116	676
116	823
116	983
117	219
117	403
117	918
117	986
118	662
118	856
118	985
118	995
119	823
119	865
119	887
119	927
120	563
120	769
120	774
120	858
121	483
121	544
121	918
121	989
122	209
122	509
122	519
122	792
123	94
123	852
123	903
123	999
124	941
124	979
124	994
124	996
125	301
125	558
125	581
125	889
126	645
126	714
126	738
126	814
127	202
127	902
127	986
127	1000
128	10
128	420
128	837
128	997
129	62
129	725
129	857
129	1000
130	704
130	820
130	875
130	971
131	818
131	931
131	938
131	996
132	300
132	657
132	820
132	974
133	748
133	894
133	912
133	952
134	514
134	960
134	966
134	990
135	261
135	862
135	875
135	971
136	596
136	650
136	980
136	995
137	511
137	669
137	735
137	963
138	976
138	982
138	987
138	999
139	695
139	783
139	869
139	964
140	44
140	154
140	389
140	394
141	395
141	680
141	742
141	854
142	342
142	383
142	533
142	855
143	458
143	621
143	639
143	977
144	247
144	700
144	891
144	951
145	697
145	711
145	747
145	862
146	79
146	539
146	881
146	973
147	634
147	901
147	928
147	978
148	735
148	738
148	940
148	963
149	89
149	864
149	971
149	1000
150	780
150	794
150	880
150	960
151	58
151	550
151	584
151	779
152	646
152	654
152	925
152	938
153	549
153	820
153	905
153	961
154	28
154	140
154	701
154	798
155	307
155	875
155	910
155	971
156	677
156	761
156	908
156	992
157	357
157	836
157	947
157	949
158	943
158	944
158	985
158	995
159	248
159	921
159	925
159	996
160	682
160	833
160	863
160	930
161	894
161	932
161	940
161	997
162	183
162	856
162	859
162	897
163	409
163	693
163	899
163	986
164	607
164	644
164	882
164	971
165	647
165	818
165	825
165	936
166	290
166	754
166	760
166	995
167	296
167	653
167	925
167	965
168	759
168	839
168	905
168	998
169	424
169	459
169	700
169	711
170	20
170	501
170	973
170	1000
171	873
171	948
171	969
171	973
172	503
172	737
172	981
172	984
173	915
173	978
173	979
173	989
174	729
174	937
174	981
174	983
175	313
175	821
175	848
175	983
176	24
176	369
176	787
176	992
177	423
177	802
177	903
177	999
178	275
178	902
178	944
178	993
179	422
179	497
179	847
179	981
180	617
180	697
180	806
180	927
181	295
181	455
181	598
181	663
182	556
182	629
182	965
182	976
183	162
183	531
183	757
183	901
184	822
184	878
184	976
184	978
185	612
185	741
185	849
185	980
186	689
186	813
186	821
186	977
187	657
187	737
187	958
187	983
188	618
188	882
188	938
188	971
189	574
189	991
189	993
189	996
190	859
190	902
190	957
190	963
191	447
191	674
191	973
191	993
192	412
192	830
192	848
192	998
193	15
193	239
193	805
193	950
194	90
194	692
194	882
194	970
195	93
195	505
195	586
195	969
196	749
196	927
196	949
196	952
197	524
197	639
197	782
197	804
198	712
198	829
198	945
198	964
199	772
199	963
199	965
199	982
200	454
200	530
200	887
200	990
201	255
201	473
201	978
201	995
202	108
202	127
202	330
202	987
203	713
203	823
203	928
203	967
204	473
204	831
204	838
204	937
205	566
205	964
205	966
205	972
206	114
206	877
206	933
206	975
207	83
207	97
207	824
207	971
208	765
208	956
208	978
208	994
209	99
209	122
209	796
209	919
210	935
210	940
210	949
210	979
211	585
211	827
211	882
211	1000
212	381
212	438
212	736
212	952
213	19
213	291
213	463
213	927
214	372
214	491
214	968
214	995
215	462
215	798
215	960
215	989
216	218
216	339
216	714
216	831
217	785
217	815
217	906
217	1000
218	216
218	668
218	799
218	817
219	117
219	298
219	967
219	999
220	469
220	983
220	996
220	1000
221	278
221	753
221	801
221	901
222	784
222	876
222	980
222	985
223	789
223	912
223	934
223	995
224	54
224	515
224	699
224	973
225	520
225	670
225	944
225	955
226	398
226	594
226	792
226	959
227	493
227	605
227	798
227	977
228	84
228	529
228	546
228	925
229	479
229	819
229	985
229	995
230	7
230	263
230	713
230	992
231	460
231	750
231	779
231	802
232	42
232	52
232	460
232	990
233	98
233	614
233	791
233	996
234	799
234	829
234	943
234	983
235	510
235	604
235	618
235	879
236	578
236	905
236	952
236	994
237	675
237	736
237	984
237	994
238	564
238	701
238	728
238	795
239	193
239	799
239	886
239	992
239	996
240	334
240	702
240	941
240	956
240	974
241	378
241	386
241	849
241	971
241	977
242	295
242	383
242	677
242	988
242	998
243	86
243	477
243	918
243	942
243	986
244	345
244	496
244	514
244	543
244	952
245	336
245	436
245	444
245	881
245	973
246	713
246	852
246	907
246	948
246	972
247	144
247	406
247	694
247	816
247	897
248	159
248	555
248	701
248	914
248	921
249	720
249	730
249	745
249	757
249	918
250	702
250	743
250	783
250	941
250	954
251	709
251	913
251	927
251	983
251	988
252	517
252	772
252	792
252	972
252	979
253	513
253	755
253	793
253	810
253	956
254	326
254	688
254	788
254	923
254	929
255	5
255	201
255	638
255	710
255	915
256	79
256	392
256	520
256	907
256	942
257	294
257	602
257	714
257	801
257	923
258	309
258	594
258	968
258	987
258	997
259	296
259	536
259	711
259	742
259	999
260	57
260	390
260	836
260	872
260	1000
261	135
261	585
261	772
261	776
261	975
262	776
262	781
262	831
262	877
262	982
263	230
263	530
263	896
263	944
263	990
264	95
264	478
264	920
264	932
264	933
265	416
265	838
265	951
265	978
265	997
266	839
266	849
266	891
266	940
266	974
267	85
267	569
267	655
267	898
267	980
268	644
268	710
268	862
268	886
268	959
269	313
269	707
269	900
269	912
269	989
270	53
270	390
270	516
270	715
270	960
271	627
271	822
271	957
271	970
271	987
272	493
272	701
272	725
272	937
272	961
273	364
273	474
273	734
273	830
273	868
274	626
274	865
274	921
274	976
274	982
275	68
275	178
275	767
275	916
275	953
276	544
276	906
276	933
276	978
276	997
277	923
277	956
277	965
277	976
277	982
278	221
278	356
278	883
278	923
278	966
279	331
279	751
279	909
279	956
279	964
280	111
280	383
280	535
280	849
280	973
281	699
281	900
281	911
281	912
281	936
282	644
282	892
282	955
282	958
282	994
283	63
283	717
283	853
283	854
283	879
284	32
284	818
284	950
284	961
284	997
285	617
285	710
285	746
285	814
285	894
286	331
286	593
286	604
286	837
286	999
287	716
287	796
287	854
287	863
287	924
288	571
288	586
288	603
288	985
288	995
289	452
289	526
289	831
289	941
289	1000
290	166
290	776
290	930
290	966
290	990
291	213
291	600
291	803
291	853
291	928
292	72
292	559
292	725
292	800
292	815
293	556
293	710
293	907
293	959
293	984
294	257
294	317
294	397
294	900
294	963
295	181
295	242
295	757
295	896
295	932
296	87
296	167
296	259
296	787
296	897
297	36
297	588
297	727
297	848
297	987
298	38
298	219
298	471
298	723
298	962
299	12
299	333
299	872
299	992
299	995
300	1
300	132
300	506
300	853
300	938
301	125
301	499
301	617
301	904
301	945
302	515
302	740
302	937
302	938
302	977
303	435
303	688
303	722
303	764
303	902
304	325
304	751
304	777
304	930
304	935
305	796
305	945
305	965
305	976
305	978
306	536
306	554
306	555
306	712
306	853
307	155
307	891
307	892
307	968
307	970
308	72
308	414
308	703
308	925
308	942
309	258
309	799
309	836
309	987
309	988
310	466
310	483
310	903
310	942
310	1000
311	580
311	867
311	939
311	983
311	988
312	351
312	402
312	487
312	637
312	895
313	175
313	269
313	411
313	595
313	921
314	707
314	762
314	821
314	953
314	955
315	54
315	456
315	493
315	580
315	942
316	488
316	568
316	858
316	926
316	965
317	294
317	674
317	880
317	882
317	971
318	93
318	578
318	921
318	978
318	989
319	328
319	407
319	430
319	759
319	820
320	380
320	526
320	852
320	959
320	971
321	630
321	830
321	848
321	990
321	992
322	565
322	617
322	771
322	980
322	985
323	81
323	553
323	905
323	938
323	962
324	417
324	435
324	840
324	991
324	993
325	304
325	406
325	661
325	868
325	930
326	254
326	382
326	817
326	953
326	955
327	664
327	785
327	816
327	986
327	991
328	114
328	319
328	614
328	832
328	894
329	417
329	774
329	777
329	830
329	893
330	202
330	629
330	799
330	949
330	954
331	279
331	286
331	945
331	981
331	988
332	434
332	705
332	816
332	920
332	931
333	299
333	711
333	930
333	985
333	995
334	240
334	782
334	851
334	858
334	920
335	696
335	829
335	847
335	854
335	867
336	245
336	486
336	869
336	903
336	909
337	773
337	786
337	868
337	955
337	964
338	414
338	732
338	761
338	943
338	996
339	113
339	216
339	638
339	883
339	967
340	534
340	694
340	882
340	949
340	971
341	97
341	656
341	659
341	914
341	938
342	142
342	705
342	837
342	902
342	946
343	584
343	805
343	829
343	896
343	1000
344	66
344	741
344	817
344	923
344	963
345	244
345	392
345	968
345	987
345	998
346	616
346	673
346	827
346	892
346	899
347	579
347	741
347	844
347	894
347	952
348	579
348	799
348	906
348	943
348	986
349	624
349	671
349	869
349	979
349	982
350	584
350	877
350	912
350	939
350	956
351	312
351	505
351	892
351	970
351	988
352	836
352	940
352	949
352	957
352	986
353	703
353	845
353	932
353	946
353	994
354	57
354	517
354	829
354	928
354	995
355	83
355	856
355	894
355	951
355	954
356	115
356	278
356	733
356	752
356	817
357	157
357	469
357	947
357	953
357	974
358	512
358	802
358	961
358	969
358	979
359	368
359	556
359	727
359	774
359	915
360	556
360	761
360	805
360	813
360	858
361	518
361	652
361	747
361	862
361	966
362	552
362	807
362	905
362	950
362	972
363	615
363	918
363	987
363	988
363	998
364	273
364	639
364	844
364	951
364	995
365	9
365	643
365	745
365	950
365	972
366	441
366	533
366	739
366	849
366	867
367	85
367	545
367	909
367	973
367	980
368	359
368	455
368	797
368	855
368	988
369	8
369	176
369	810
369	968
369	991
370	53
370	687
370	771
370	900
370	992
371	678
371	862
371	886
371	933
371	948
372	214
372	455
372	632
372	739
372	754
373	684
373	949
373	964
373	968
373	986
374	727
374	923
374	959
374	963
374	999
375	550
375	566
375	820
375	902
375	917
376	638
376	912
376	980
376	985
376	988
377	559
377	736
377	938
377	941
377	957
378	241
378	837
378	889
378	913
378	996
379	598
379	682
379	797
379	898
379	932
380	320
380	715
380	894
380	951
380	958
381	212
381	752
381	775
381	975
381	983
382	326
382	471
382	744
382	797
382	926
383	142
383	242
383	280
383	781
383	821
384	420
384	772
384	942
384	951
384	1000
385	511
385	558
385	629
385	841
385	904
386	241
386	740
386	875
386	928
386	949
387	534
387	541
387	817
387	831
387	886
388	550
388	606
388	666
388	811
388	815
389	140
389	736
389	817
389	845
389	952
390	260
390	270
390	614
390	616
390	942
391	413
391	807
391	817
391	870
391	984
392	256
392	345
392	489
392	874
392	991
393	788
393	901
393	907
393	929
393	936
393	988
394	140
394	463
394	765
394	921
394	928
394	949
395	86
395	141
395	825
395	836
395	881
395	973
396	435
396	650
396	677
396	769
396	833
396	844
397	294
397	558
397	780
397	836
397	939
397	986
398	10
398	226
398	622
398	656
398	749
398	899
399	818
399	840
399	900
399	917
399	961
399	963
400	77
400	433
400	729
400	848
400	886
400	949
401	13
401	436
401	757
401	818
401	901
401	976
402	312
402	455
402	815
402	911
402	947
402	974
403	117
403	466
403	674
403	759
403	771
403	872
404	837
404	922
404	944
404	946
404	978
404	985
405	699
405	823
405	831
405	922
405	928
405	929
406	247
406	325
406	553
406	608
406	863
406	924
407	319
407	814
407	864
407	924
407	959
407	991
408	534
408	627
408	766
408	878
408	883
408	938
409	163
409	509
409	610
409	854
409	930
409	959
410	919
410	935
410	943
410	989
410	991
410	997
411	84
411	313
411	525
411	734
411	909
411	994
412	28
412	192
412	789
412	888
412	954
412	977
413	391
413	970
413	972
413	988
413	994
413	999
414	103
414	308
414	338
414	790
414	804
414	844
415	530
415	612
415	690
415	742
415	825
415	864
416	265
416	462
416	632
416	884
416	918
416	974
417	324
417	329
417	491
417	573
417	800
417	941
418	58
418	659
418	726
418	768
418	818
418	992
419	467
419	664
419	909
419	919
419	942
419	945
420	128
420	384
420	531
420	659
420	986
420	997
421	813
421	817
421	870
421	954
421	976
421	982
422	179
422	665
422	715
422	875
422	942
422	971
423	177
423	528
423	651
423	710
423	929
423	973
424	169
424	522
424	850
424	909
424	969
424	981
425	653
425	866
425	965
425	976
425	982
425	998
426	95
426	827
426	863
426	866
426	992
426	993
427	492
427	552
427	661
427	842
427	899
427	935
428	641
428	717
428	927
428	939
428	992
428	998
429	16
429	562
429	844
429	925
429	951
429	958
430	319
430	668
430	729
430	811
430	820
430	870
431	48
431	476
431	666
431	695
431	729
431	839
432	685
432	778
432	842
432	860
432	948
432	959
433	400
433	571
433	930
433	949
433	986
433	987
434	14
434	332
434	549
434	786
434	795
434	917
435	303
435	324
435	396
435	458
435	580
435	849
436	245
436	401
436	733
436	883
436	960
436	989
437	441
437	533
437	605
437	744
437	867
437	992
438	212
438	661
438	710
438	885
438	948
438	957
439	464
439	609
439	643
439	976
439	982
439	997
440	598
440	744
440	819
440	966
440	972
440	990
441	366
441	437
441	497
441	793
441	833
441	977
442	56
442	513
442	885
442	886
442	992
442	997
443	467
443	528
443	782
443	869
443	967
443	999
444	245
444	607
444	674
444	825
444	960
444	961
445	11
445	34
445	869
445	908
445	970
445	990
446	82
446	680
446	715
446	741
446	768
446	898
447	3
447	191
447	825
447	884
447	939
447	998
448	567
448	823
448	883
448	916
448	921
448	953
449	24
449	744
449	917
449	926
449	930
449	971
450	479
450	773
450	841
450	864
450	907
450	987
451	549
451	668
451	695
451	836
451	967
451	999
452	289
452	486
452	846
452	927
452	989
452	997
453	35
453	705
453	838
453	899
453	900
453	938
454	200
454	576
454	672
454	701
454	858
454	928
455	181
455	368
455	372
455	402
455	559
455	993
456	315
456	500
456	747
456	871
456	966
456	992
457	54
457	502
457	514
457	872
457	928
457	1000
458	143
458	435
458	753
458	885
458	937
458	977
459	100
459	169
459	468
459	611
459	925
459	951
460	231
460	232
460	477
460	711
460	855
460	954
461	713
461	718
461	861
461	954
461	977
461	999
462	215
462	416
462	516
462	870
462	914
462	966
463	213
463	394
463	485
463	950
463	962
463	981
464	47
464	439
464	761
464	979
464	995
464	996
465	625
465	720
465	831
465	838
465	939
465	973
466	310
466	403
466	861
466	872
466	891
466	985
467	419
467	443
467	868
467	926
467	964
467	992
468	459
468	677
468	685
468	949
468	986
468	993
469	66
469	220
469	357
469	956
469	963
469	1000
470	859
470	915
470	917
470	921
470	928
470	933
471	6
471	298
471	382
471	658
471	751
471	983
472	582
472	590
472	700
472	730
472	826
472	911
473	201
473	204
473	753
473	942
473	957
473	1000
474	273
474	561
474	631
474	749
474	862
474	872
475	23
475	778
475	889
475	910
475	958
475	978
475	989
476	86
476	431
476	489
476	820
476	850
476	962
476	981
477	243
477	460
477	613
477	851
477	949
477	981
477	986
478	264
478	554
478	658
478	705
478	706
478	814
478	924
479	229
479	450
479	819
479	885
479	886
479	942
479	990
480	682
480	884
480	941
480	947
480	965
480	974
480	979
481	766
481	841
481	859
481	874
481	948
481	957
481	978
482	643
482	843
482	865
482	876
482	970
482	987
482	988
483	121
483	310
483	650
483	978
483	989
483	996
483	997
484	670
484	739
484	913
484	944
484	955
484	965
484	982
485	39
485	96
485	463
485	500
485	897
485	968
485	987
486	336
486	452
486	810
486	914
486	990
486	992
486	995
487	46
487	312
487	632
487	708
487	777
487	888
487	981
488	316
488	621
488	639
488	717
488	775
488	864
488	879
489	392
489	476
489	498
489	880
489	947
489	991
489	993
490	529
490	557
490	650
490	866
490	947
490	968
490	974
491	214
491	417
491	572
491	690
491	826
491	891
491	958
492	427
492	557
492	914
492	950
492	972
492	973
492	994
493	227
493	272
493	315
493	668
493	861
493	967
493	999
494	6
494	517
494	750
494	761
494	818
494	869
494	944
495	731
495	737
495	983
495	987
495	988
495	992
495	998
496	35
496	244
496	816
496	889
496	931
496	946
496	982
497	179
497	441
497	672
497	801
497	873
497	922
497	982
498	15
498	489
498	846
498	848
498	939
498	991
498	993
499	301
499	647
499	841
499	885
499	915
499	943
499	950
500	456
500	485
500	755
500	781
500	908
500	944
500	981
501	170
501	828
501	914
501	934
501	948
501	959
501	992
502	457
502	844
502	856
502	892
502	968
502	988
502	998
503	172
503	824
503	826
503	873
503	922
503	948
503	959
504	659
504	918
504	926
504	939
504	972
504	984
504	994
505	195
505	351
505	851
505	882
505	933
505	941
505	975
506	300
506	587
506	627
506	822
506	827
506	859
506	890
507	662
507	759
507	843
507	969
507	980
507	985
507	995
508	33
508	706
508	720
508	783
508	836
508	837
508	986
509	122
509	409
509	764
509	841
509	861
509	889
509	946
510	235
510	523
510	571
510	882
510	935
510	980
510	985
511	137
511	385
511	651
511	839
511	919
511	963
511	969
512	358
512	613
512	685
512	723
512	732
512	918
512	976
513	253
513	442
513	621
513	787
513	950
513	991
513	993
514	134
514	244
514	457
514	707
514	923
514	929
514	978
515	20
515	106
515	224
515	302
515	625
515	881
515	991
516	270
516	462
516	599
516	828
516	856
516	871
516	998
517	252
517	354
517	494
517	657
517	906
517	969
517	996
518	361
518	561
518	580
518	619
518	682
518	942
518	984
519	42
519	122
519	803
519	832
519	835
519	946
519	951
520	1
520	225
520	256
520	942
520	950
520	992
520	1000
521	714
521	742
521	823
521	864
521	887
521	911
521	963
522	55
522	424
522	792
522	928
522	936
522	979
522	996
523	12
523	510
523	625
523	729
523	788
523	936
523	966
524	197
524	558
524	564
524	728
524	856
524	961
524	987
525	411
525	566
525	592
525	797
525	835
525	907
525	909
526	32
526	289
526	320
526	813
526	876
526	941
526	956
527	684
527	743
527	893
527	903
527	967
527	980
527	999
528	423
528	443
528	881
528	942
528	948
528	973
528	975
529	228
529	490
529	867
529	882
529	926
529	936
529	957
530	200
530	263
530	415
530	603
530	688
530	859
530	992
531	183
531	420
531	690
531	832
531	897
531	902
531	931
532	704
532	731
532	853
532	881
532	977
532	991
532	993
533	142
533	366
533	437
533	605
533	748
533	849
533	977
534	340
534	387
534	408
534	864
534	877
534	941
534	989
535	62
535	280
535	677
535	912
535	988
535	998
535	999
536	259
536	306
536	600
536	743
536	821
536	991
536	993
537	633
537	873
537	902
537	919
537	951
537	961
537	980
538	640
538	646
538	674
538	702
538	762
538	825
538	973
539	146
539	807
539	872
539	879
539	885
539	942
539	1000
540	568
540	661
540	815
540	825
540	839
540	895
540	935
541	387
541	661
541	724
541	820
541	905
541	957
541	989
542	706
542	722
542	725
542	800
542	868
542	911
542	915
543	244
543	628
543	686
543	708
543	736
543	853
543	912
544	121
544	276
544	578
544	870
544	965
544	982
544	999
545	367
545	594
545	808
545	825
545	881
545	969
545	973
546	228
546	566
546	950
546	958
546	970
546	984
546	994
547	566
547	574
547	685
547	693
547	890
547	945
547	964
548	87
548	105
548	724
548	786
548	815
548	905
548	919
548	971
549	153
549	434
549	451
549	753
549	899
549	908
549	975
549	990
550	101
550	151
550	375
550	388
550	724
550	905
550	957
550	985
551	685
551	687
551	730
551	808
551	942
551	984
551	986
551	1000
552	362
552	427
552	692
552	767
552	820
552	843
552	888
552	984
553	323
553	406
553	618
553	741
553	749
553	812
553	827
553	867
554	306
554	478
554	634
554	660
554	833
554	873
554	895
554	901
555	88
555	248
555	306
555	714
555	758
555	817
555	883
555	901
556	57
556	182
556	293
556	359
556	360
556	868
556	884
556	915
557	490
557	492
557	888
557	897
557	920
557	947
557	974
557	975
558	125
558	385
558	397
558	524
558	768
558	875
558	919
558	935
559	292
559	377
559	455
559	689
559	773
559	876
559	934
559	975
560	91
560	104
560	583
560	759
560	793
560	827
560	927
560	968
561	474
561	518
561	847
561	861
561	891
561	960
561	978
561	989
562	429
562	668
562	757
562	861
562	886
562	914
562	967
562	999
563	64
563	120
563	620
563	635
563	828
563	847
563	895
563	994
564	7
564	238
564	524
564	687
564	841
564	957
564	964
564	982
565	49
565	322
565	602
565	779
565	810
565	838
565	892
565	968
566	205
566	375
566	525
566	546
566	547
566	686
566	927
566	964
567	448
567	641
567	687
567	779
567	879
567	944
567	953
567	977
568	316
568	540
568	749
568	758
568	873
568	944
568	953
568	955
569	89
569	267
569	732
569	771
569	843
569	844
569	881
569	980
570	60
570	778
570	896
570	961
570	966
570	972
570	981
570	995
571	288
571	433
571	510
571	652
571	742
571	784
571	980
571	985
572	491
572	692
572	802
572	937
572	949
572	958
572	972
572	982
573	417
573	576
573	632
573	649
573	827
573	905
573	964
573	1000
574	189
574	547
574	609
574	683
574	734
574	769
574	945
574	946
575	700
575	703
575	719
575	766
575	848
575	927
575	983
575	998
576	89
576	454
576	573
576	577
576	619
576	639
576	739
576	1000
577	576
577	713
577	802
577	876
577	890
577	958
577	984
577	990
578	2
578	111
578	236
578	318
578	544
578	736
578	862
578	873
579	347
579	348
579	663
579	840
579	902
579	911
579	940
579	979
580	311
580	315
580	435
580	518
580	582
580	649
580	663
580	1000
581	32
581	125
581	726
581	867
581	896
581	924
581	974
581	992
582	472
582	580
582	830
582	841
582	864
582	893
582	963
582	980
583	72
583	560
583	664
583	767
583	840
583	930
583	942
583	1000
584	151
584	343
584	350
584	649
584	730
584	803
584	828
584	928
585	105
585	109
585	211
585	261
585	858
585	920
585	932
585	958
586	195
586	288
586	811
586	875
586	882
586	971
586	972
586	977
587	506
587	772
587	797
587	898
587	929
587	933
587	945
587	996
588	297
588	654
588	812
588	815
588	864
588	982
588	987
588	998
589	83
589	608
589	625
589	654
589	752
589	827
589	855
589	920
590	472
590	630
590	672
590	716
590	829
590	854
590	915
590	921
591	67
591	74
591	110
591	903
591	931
591	995
591	996
591	999
592	525
592	896
592	937
592	955
592	960
592	961
592	969
592	990
593	286
593	620
593	635
593	636
593	778
593	869
593	967
593	999
594	226
594	258
594	545
594	724
594	774
594	904
594	961
594	979
595	313
595	616
595	897
595	915
595	921
595	928
595	941
595	951
596	136
596	718
596	826
596	874
596	952
596	964
596	991
596	993
597	663
597	677
597	704
597	787
597	788
597	917
597	991
597	993
598	181
598	379
598	440
598	770
598	821
598	871
598	911
598	992
599	9
599	14
599	516
599	723
599	767
599	809
599	811
599	958
600	291
600	536
600	647
600	874
600	879
600	908
600	991
600	993
601	99
601	665
601	800
601	845
601	857
601	893
601	954
601	994
602	257
602	565
602	792
602	924
602	927
602	964
602	987
602	998
603	288
603	530
603	671
603	865
603	906
603	945
603	979
603	996
604	235
604	286
604	766
604	841
604	856
604	859
604	866
604	970
605	227
605	437
605	533
605	637
605	675
605	751
605	796
605	879
606	53
606	388
606	629
606	918
606	926
606	949
606	986
606	997
607	164
607	444
607	778
607	841
607	869
607	899
607	938
607	957
608	406
608	589
608	623
608	886
608	920
608	932
608	975
608	985
609	439
609	574
609	870
609	872
609	937
609	947
609	965
609	982
610	15
610	409
610	863
610	877
610	879
610	908
610	923
610	930
611	459
611	652
611	747
611	803
611	862
611	952
611	964
611	979
612	185
612	415
612	799
612	804
612	872
612	912
612	980
612	995
613	477
613	512
613	732
613	835
613	921
613	936
613	967
613	980
614	233
614	328
614	390
614	639
614	894
614	951
614	969
614	1000
615	92
615	363
615	729
615	844
615	851
615	884
615	894
615	925
616	346
616	390
616	595
616	657
616	781
616	872
616	874
616	983
616	1000
617	180
617	285
617	301
617	322
617	700
617	756
617	804
617	808
617	834
618	188
618	235
618	553
618	717
618	741
618	777
618	871
618	926
618	996
619	518
619	576
619	767
619	812
619	942
619	943
619	971
619	980
619	1000
620	563
620	593
620	648
620	809
620	874
620	927
620	986
620	991
620	993
621	143
621	488
621	513
621	694
621	841
621	856
621	938
621	957
621	958
622	398
622	631
622	656
622	702
622	786
622	899
622	900
622	957
622	981
623	5
623	59
623	70
623	608
623	785
623	966
623	970
623	987
623	988
624	36
624	47
624	349
624	800
624	898
624	904
624	911
624	982
624	996
625	465
625	515
625	523
625	589
625	651
625	674
625	881
625	892
625	987
626	42
626	274
626	642
626	678
626	806
626	884
626	974
626	984
626	998
627	271
627	408
627	506
627	822
627	902
627	903
627	919
627	957
627	959
628	543
628	757
628	788
628	917
628	923
628	929
628	933
628	936
628	958
629	182
629	330
629	385
629	606
629	684
629	835
629	855
629	986
629	992
630	321
630	590
630	653
630	776
630	786
630	908
630	909
630	936
630	992
631	19
631	474
631	622
631	747
631	749
631	787
631	950
631	952
631	968
632	372
632	416
632	487
632	573
632	650
632	910
632	917
632	947
632	974
633	537
633	805
633	850
633	878
633	950
633	961
633	962
633	963
633	969
634	147
634	554
634	757
634	791
634	851
634	883
634	903
634	905
634	995
635	563
635	593
635	768
635	785
635	904
635	909
635	966
635	970
635	996
636	593
636	855
636	910
636	940
636	942
636	973
636	975
636	978
636	997
637	312
637	605
637	904
637	906
637	932
637	943
637	962
637	979
637	996
638	255
638	339
638	376
638	768
638	896
638	903
638	937
638	961
638	962
639	114
639	143
639	197
639	364
639	488
639	576
639	614
639	666
639	806
640	63
640	538
640	662
640	695
640	739
640	898
640	909
640	945
640	964
641	428
641	567
641	655
641	691
641	763
641	939
641	944
641	955
641	981
642	95
642	626
642	737
642	749
642	925
642	950
642	958
642	984
642	994
643	365
643	439
643	482
643	651
643	825
643	849
643	881
643	973
643	982
644	164
644	268
644	282
644	730
644	798
644	818
644	972
644	984
644	994
645	126
645	762
645	802
645	819
645	836
645	837
645	852
645	895
645	959
646	152
646	538
646	653
646	804
646	825
646	842
646	894
646	951
646	984
647	27
647	165
647	499
647	600
647	761
647	833
647	874
647	895
647	976
648	620
648	718
648	787
648	814
648	908
648	933
648	991
648	993
648	998
649	573
649	580
649	584
649	697
649	710
649	759
649	793
649	990
649	1000
650	136
650	396
650	483
650	490
650	632
650	815
650	884
650	947
650	974
651	423
651	511
651	625
651	643
651	780
651	825
651	852
651	919
651	973
652	361
652	571
652	611
652	686
652	749
652	824
652	862
652	874
652	931
653	167
653	425
653	630
653	646
653	700
653	806
653	915
653	925
653	961
654	17
654	152
654	588
654	589
654	672
654	765
654	779
654	803
654	829
655	267
655	641
655	669
655	704
655	770
655	866
655	914
655	966
655	992
656	5
656	341
656	398
656	622
656	744
656	838
656	857
656	974
656	1000
657	132
657	187
657	517
657	616
657	682
657	777
657	827
657	888
657	974
658	96
658	471
658	478
658	846
658	856
658	891
658	957
658	960
658	997
659	341
659	418
659	420
659	504
659	878
659	887
659	960
659	989
659	997
660	554
660	667
660	757
660	817
660	883
660	943
660	945
660	971
660	996
661	325
661	427
661	438
661	540
661	541
661	666
661	896
661	905
661	973
662	118
662	507
662	640
662	752
662	844
662	858
662	898
662	926
662	975
663	181
663	579
663	580
663	597
663	827
663	830
663	874
663	887
663	954
664	327
664	419
664	583
664	725
664	775
664	832
664	878
664	913
664	931
665	422
665	601
665	674
665	817
665	875
665	882
665	948
665	971
665	976
666	388
666	431
666	639
666	661
666	692
666	706
666	764
666	839
666	861
667	660
667	749
667	812
667	853
667	881
667	939
667	968
667	970
667	996
668	107
668	218
668	430
668	451
668	493
668	562
668	783
668	869
668	974
669	50
669	137
669	655
669	691
669	709
669	852
669	916
669	953
669	955
669	970
670	225
670	484
670	690
670	722
670	738
670	745
670	760
670	808
670	831
670	976
671	3
671	349
671	603
671	692
671	707
671	791
671	892
671	904
671	973
671	996
672	454
672	497
672	590
672	654
672	734
672	803
672	826
672	915
672	959
672	991
673	346
673	786
673	857
673	871
673	893
673	908
673	966
673	970
673	990
673	992
674	191
674	317
674	403
674	444
674	538
674	625
674	665
674	973
674	974
674	986
675	23
675	237
675	605
675	750
675	861
675	903
675	909
675	911
675	967
675	999
676	116
676	789
676	823
676	899
676	917
676	918
676	929
676	936
676	958
676	977
677	85
677	156
677	242
677	396
677	468
677	535
677	597
677	968
677	983
677	998
678	371
678	626
678	682
678	846
678	884
678	888
678	895
678	915
678	925
678	974
679	698
679	703
679	737
679	811
679	829
679	910
679	920
679	973
679	994
679	998
680	141
680	446
680	801
680	822
680	854
680	877
680	915
680	926
680	930
680	993
681	76
681	725
681	791
681	792
681	799
681	866
681	880
681	934
681	943
681	979
682	160
682	379
682	480
682	518
682	657
682	678
682	888
682	930
682	947
682	979
683	574
683	775
683	784
683	863
683	868
683	909
683	945
683	964
683	974
683	988
684	373
684	527
684	629
684	693
684	730
684	745
684	746
684	780
684	861
684	920
685	432
685	468
685	512
685	547
685	551
685	780
685	813
685	875
685	885
685	949
686	543
686	566
686	652
686	736
686	850
686	862
686	897
686	952
686	956
686	989
687	370
687	551
687	564
687	567
687	693
687	780
687	870
687	892
687	949
687	986
688	254
688	303
688	530
688	721
688	735
688	790
688	794
688	897
688	913
688	999
689	186
689	559
689	735
689	740
689	798
689	832
689	833
689	973
689	977
689	1000
690	415
690	491
690	531
690	670
690	693
690	738
690	866
690	893
690	918
690	954
691	641
691	669
691	788
691	834
691	868
691	894
691	908
691	916
691	944
691	981
692	194
692	552
692	572
692	666
692	671
692	698
692	721
692	904
692	972
692	994
693	163
693	547
693	684
693	687
693	690
693	696
693	791
693	800
693	946
693	986
694	29
694	247
694	340
694	621
694	775
694	790
694	897
694	902
694	988
694	998
695	139
695	431
695	451
695	640
695	734
695	807
695	868
695	945
695	952
695	980
696	335
696	693
696	720
696	732
696	801
696	816
696	918
696	949
696	956
696	972
697	51
697	145
697	180
697	649
697	758
697	763
697	846
697	916
697	932
697	953
697	955
698	679
698	692
698	745
698	758
698	870
698	873
698	927
698	951
698	962
698	972
698	984
699	78
699	224
699	281
699	405
699	832
699	900
699	930
699	958
699	963
699	966
699	999
700	144
700	169
700	472
700	575
700	617
700	653
700	801
700	831
700	925
700	953
700	961
701	154
701	238
701	248
701	272
701	454
701	763
701	779
701	921
701	928
701	938
701	955
702	11
702	240
702	250
702	538
702	622
702	806
702	831
702	877
702	898
702	956
702	982
703	308
703	353
703	575
703	679
703	737
703	764
703	777
703	906
703	950
703	984
703	994
704	130
704	532
704	597
704	655
704	744
704	787
704	874
704	966
704	991
704	993
704	998
705	25
705	332
705	342
705	453
705	478
705	776
705	876
705	898
705	932
705	934
705	975
706	26
706	478
706	508
706	542
706	666
706	742
706	750
706	840
706	885
706	923
706	954
707	269
707	314
707	514
707	671
707	740
707	868
707	920
707	929
707	936
707	963
707	971
708	487
708	543
708	709
708	720
708	746
708	748
708	843
708	922
708	980
708	985
708	995
709	38
709	251
709	669
709	708
709	777
709	833
709	884
709	888
709	947
709	965
709	974
710	255
710	268
710	285
710	293
710	423
710	438
710	649
710	773
710	884
710	948
710	959
711	145
711	169
711	259
711	333
711	460
711	840
711	865
711	887
711	924
711	926
711	998
712	198
712	306
712	740
712	767
712	769
712	789
712	798
712	799
712	833
712	849
712	985
713	21
713	203
713	230
713	246
713	461
713	577
713	861
713	863
713	887
713	903
713	967
714	112
714	126
714	216
714	257
714	521
714	555
714	755
714	765
714	808
714	941
714	956
715	270
715	380
715	422
715	446
715	727
715	917
715	919
715	923
715	929
715	946
715	963
716	80
716	287
716	590
716	816
716	818
716	895
716	943
716	950
716	956
716	983
716	996
717	61
717	283
717	428
717	488
717	618
717	741
717	796
717	889
717	902
717	921
717	978
718	461
718	596
718	648
718	731
718	804
718	805
718	972
718	981
718	991
718	993
718	996
719	68
719	575
719	760
719	770
719	783
719	808
719	870
719	931
719	965
719	976
719	982
720	249
720	465
720	508
720	696
720	708
720	858
720	890
720	901
720	915
720	918
720	986
721	63
721	688
721	692
721	868
721	909
721	937
721	939
721	945
721	964
721	978
721	983
722	303
722	542
722	670
722	805
722	808
722	840
722	965
722	976
722	982
722	986
722	999
723	298
723	512
723	599
723	744
723	786
723	796
723	863
723	867
723	930
723	989
723	998
724	541
724	548
724	550
724	594
724	725
724	729
724	775
724	815
724	824
724	839
724	968
725	129
725	272
725	292
725	542
725	664
725	681
725	724
725	818
725	911
725	924
725	932
726	31
726	46
726	418
726	581
726	802
726	844
726	880
726	961
726	969
726	980
726	981
727	297
727	359
727	374
727	715
727	732
727	900
727	923
727	940
727	963
727	972
727	994
728	74
728	238
728	524
728	838
728	844
728	850
728	851
728	938
728	962
728	995
728	996
729	30
729	174
729	400
729	430
729	431
729	523
729	615
729	724
729	815
729	839
729	962
730	249
730	472
730	551
730	584
730	644
730	684
730	798
730	836
730	862
730	918
730	977
731	73
731	78
731	495
731	532
731	718
731	798
731	874
731	888
731	991
731	993
731	996
732	338
732	512
732	569
732	613
732	696
732	727
732	740
732	780
732	836
732	918
732	940
733	356
733	436
733	757
733	775
733	883
733	898
733	901
733	923
733	930
733	934
733	951
734	273
734	411
734	574
734	672
734	695
734	763
734	893
734	926
734	929
734	945
734	964
735	137
735	148
735	688
735	689
735	768
735	816
735	823
735	893
735	900
735	917
735	936
735	965
736	2
736	212
736	237
736	377
736	389
736	543
736	578
736	686
736	841
736	848
736	947
736	952
737	67
737	112
737	172
737	187
737	495
737	642
737	679
737	703
737	949
737	958
737	979
737	993
738	126
738	148
738	670
738	690
738	814
738	826
738	839
738	887
738	890
738	903
738	954
738	960
739	366
739	372
739	484
739	576
739	640
739	771
739	833
739	912
739	923
739	980
739	985
739	995
740	302
740	386
740	689
740	707
740	712
740	732
740	769
740	964
740	965
740	968
740	977
740	993
741	185
741	344
741	347
741	446
741	553
741	618
741	717
741	795
741	796
741	803
741	841
741	854
742	141
742	259
742	415
742	521
742	571
742	706
742	750
742	865
742	902
742	963
742	970
742	987
743	250
743	527
743	536
743	767
743	783
743	826
743	861
743	869
743	943
743	967
743	968
743	999
744	382
744	437
744	440
744	449
744	656
744	704
744	723
744	879
744	922
744	930
744	931
744	989
745	249
745	365
745	670
745	684
745	698
745	760
745	811
745	877
745	886
745	890
745	972
745	984
746	285
746	684
746	708
746	819
746	860
746	865
746	885
746	894
746	907
746	948
746	959
746	989
747	71
747	145
747	361
747	456
747	611
747	631
747	756
747	771
747	865
747	952
747	975
747	984
748	133
748	533
748	708
748	787
748	807
748	890
748	912
748	913
748	918
748	980
748	985
748	995
749	196
749	398
749	474
749	553
749	568
749	631
749	642
749	652
749	667
749	862
749	952
749	991
750	2
750	231
750	494
750	675
750	706
750	742
750	830
750	893
750	916
750	931
750	954
750	964
751	279
751	304
751	471
751	605
751	766
751	796
751	820
751	854
751	877
751	926
751	962
751	979
752	23
752	356
752	381
752	589
752	662
752	771
752	883
752	901
752	932
752	933
752	934
752	947
753	221
753	458
753	473
753	549
753	763
753	770
753	866
753	879
753	908
753	925
753	990
753	992
754	166
754	372
754	806
754	843
754	860
754	912
754	951
754	972
754	976
754	985
754	991
754	995
755	253
755	500
755	714
755	792
755	831
755	859
755	877
755	941
755	954
755	956
755	959
755	996
756	83
756	617
756	747
756	804
756	806
756	882
756	905
756	925
756	936
756	951
756	962
756	990
757	30
757	183
757	249
757	295
757	401
757	562
757	628
757	634
757	660
757	733
757	817
757	907
758	555
758	568
758	697
758	698
758	760
758	834
758	910
758	944
758	953
758	955
758	975
758	990
759	168
759	319
759	403
759	507
759	560
759	649
759	767
759	793
759	857
759	895
759	931
759	1000
760	166
760	670
760	719
760	745
760	758
760	766
760	808
760	922
760	955
760	965
760	976
760	982
761	156
761	338
761	360
761	464
761	494
761	647
761	787
761	822
761	839
761	847
761	854
761	895
762	314
762	538
762	645
762	773
762	852
762	890
762	904
762	907
762	915
762	948
762	959
762	983
763	641
763	697
763	701
763	734
763	753
763	770
763	821
763	834
763	875
763	916
763	944
763	964
764	303
764	509
764	666
764	703
764	889
764	916
764	922
764	926
764	930
764	931
764	946
764	994
765	112
765	208
765	394
765	654
765	714
765	860
765	870
765	877
765	941
765	956
765	985
765	995
766	408
766	481
766	575
766	604
766	751
766	760
766	794
766	857
766	859
766	877
766	899
766	938
767	275
767	552
767	583
767	599
767	619
767	712
767	743
767	759
767	793
767	844
767	942
767	1000
768	48
768	418
768	446
768	558
768	635
768	638
768	735
768	917
768	924
768	937
768	947
768	962
769	41
769	58
769	120
769	396
769	574
769	712
769	740
769	789
769	833
769	842
769	888
769	905
770	14
770	598
770	655
770	719
770	753
770	763
770	861
770	871
770	982
770	990
770	992
770	993
771	11
771	322
771	370
771	403
771	569
771	739
771	747
771	752
771	975
771	985
771	989
771	995
772	199
772	252
772	261
772	384
772	587
772	788
772	837
772	858
772	876
772	933
772	975
772	984
773	337
773	450
773	559
773	710
773	762
773	796
773	799
773	824
773	828
773	852
773	959
773	996
773	998
774	120
774	329
774	359
774	594
774	785
774	846
774	904
774	938
774	943
774	974
774	975
774	979
774	1000
775	381
775	488
775	664
775	683
775	694
775	724
775	733
775	790
775	889
775	913
775	922
775	946
775	948
776	261
776	262
776	290
776	630
776	705
776	795
776	866
776	885
776	887
776	908
776	914
776	924
776	966
777	304
777	329
777	487
777	618
777	657
777	703
777	709
777	845
777	884
777	888
777	911
777	947
777	995
778	432
778	475
778	570
778	593
778	607
778	781
778	806
778	814
778	873
778	919
778	936
778	937
778	969
779	151
779	231
779	565
779	567
779	654
779	701
779	813
779	845
779	906
779	915
779	928
779	971
779	981
780	150
780	397
780	651
780	684
780	685
780	687
780	732
780	835
780	906
780	969
780	986
780	988
780	997
781	262
781	383
781	500
781	616
781	778
781	873
781	896
781	919
781	937
781	938
781	957
781	981
781	984
782	197
782	334
782	443
782	830
782	834
782	846
782	891
782	910
782	933
782	960
782	969
782	978
782	997
783	139
783	250
783	508
783	668
783	719
783	743
783	869
783	879
783	903
783	947
783	967
783	983
783	999
784	71
784	222
784	571
784	683
784	795
784	850
784	873
784	922
784	961
784	962
784	969
784	972
784	981
785	217
785	327
785	623
785	635
785	774
785	818
785	886
785	906
785	954
785	967
785	979
785	996
785	997
786	3
786	337
786	434
786	548
786	622
786	630
786	673
786	723
786	908
786	914
786	919
786	944
786	992
787	176
787	296
787	513
787	597
787	631
787	648
787	704
787	748
787	761
787	864
787	874
787	991
787	993
788	254
788	393
788	523
788	597
788	628
788	691
788	772
788	917
788	932
788	936
788	963
788	974
788	979
789	92
789	223
789	412
789	676
789	712
789	769
789	798
789	828
789	849
789	977
789	978
789	981
789	988
790	107
790	414
790	688
790	694
790	775
790	794
790	828
790	902
790	913
790	916
790	917
790	922
790	956
790	984
791	233
791	634
791	671
791	681
791	693
791	847
791	857
791	865
791	904
791	912
791	918
791	943
791	968
791	979
792	122
792	226
792	252
792	522
792	602
792	681
792	755
792	813
792	814
792	830
792	847
792	904
792	937
792	979
793	5
793	253
793	441
793	560
793	649
793	759
793	767
793	804
793	827
793	850
793	872
793	912
793	969
793	1000
794	150
794	688
794	766
794	790
794	809
794	832
794	889
794	894
794	897
794	922
794	925
794	946
794	961
794	1000
795	34
795	238
795	434
795	741
795	776
795	784
795	866
795	908
795	935
795	961
795	966
795	967
795	990
795	993
796	209
796	287
796	305
796	605
796	717
796	723
796	741
796	751
796	773
796	812
796	879
796	905
796	949
796	971
797	48
797	368
797	379
797	382
797	525
797	587
797	846
797	856
797	876
797	920
797	934
797	975
797	983
797	997
798	49
798	154
798	215
798	227
798	644
798	689
798	712
798	730
798	731
798	789
798	833
798	852
798	975
798	977
799	218
799	234
799	239
799	309
799	330
799	348
799	612
799	681
799	712
799	773
799	906
799	915
799	979
799	996
800	69
800	87
800	292
800	417
800	542
800	601
800	624
800	693
800	881
800	924
800	925
800	954
800	969
800	993
801	221
801	257
801	497
801	680
801	696
801	700
801	806
801	850
801	910
801	937
801	961
801	962
801	969
801	981
802	177
802	231
802	358
802	572
802	577
802	645
802	726
802	809
802	890
802	894
802	950
802	958
802	969
802	972
803	291
803	519
803	584
803	611
803	654
803	672
803	741
803	805
803	813
803	901
803	903
803	915
803	928
803	996
804	197
804	414
804	612
804	617
804	646
804	718
804	756
804	793
804	806
804	842
804	850
804	870
804	878
804	894
805	73
805	193
805	343
805	360
805	633
805	718
805	722
805	803
805	813
805	857
805	883
805	915
805	921
805	989
806	180
806	626
806	639
806	653
806	702
806	754
806	756
806	778
806	801
806	804
806	834
806	925
806	951
806	987
806	993
807	362
807	391
807	539
807	695
807	748
807	846
807	870
807	891
807	904
807	910
807	935
807	959
807	960
807	978
807	989
808	545
808	551
808	617
808	670
808	714
808	719
808	722
808	760
808	831
808	870
808	965
808	976
808	982
808	995
808	999
809	599
809	620
809	794
809	802
809	842
809	851
809	860
809	872
809	890
809	928
809	950
809	959
809	984
809	994
809	995
810	253
810	369
810	486
810	565
810	819
810	935
810	962
810	968
810	970
810	972
810	974
810	983
810	987
810	988
810	998
811	36
811	103
811	388
811	430
811	586
811	599
811	679
811	745
811	842
811	907
811	916
811	950
811	958
811	984
811	994
812	553
812	588
812	619
812	667
812	796
812	871
812	878
812	892
812	927
812	965
812	968
812	970
812	980
812	983
812	987
813	186
813	360
813	421
813	526
813	685
813	779
813	792
813	803
813	805
813	824
813	829
813	921
813	928
813	953
813	986
814	126
814	285
814	407
814	478
814	648
814	738
814	778
814	792
814	826
814	859
814	887
814	924
814	942
814	980
814	997
815	217
815	292
815	388
815	402
815	540
815	548
815	588
815	650
815	724
815	729
815	834
815	839
815	880
815	905
815	977
816	96
816	247
816	327
816	332
816	496
816	696
816	716
816	735
816	841
816	845
816	872
816	875
816	922
816	931
816	946
817	218
817	326
817	344
817	356
817	387
817	389
817	391
817	421
817	555
817	660
817	665
817	757
817	883
817	901
817	945
818	131
818	165
818	284
818	399
818	401
818	418
818	494
818	644
818	716
818	725
818	785
818	827
818	847
818	895
818	980
819	18
819	94
819	229
819	440
819	479
819	645
819	746
819	810
819	824
819	860
819	907
819	948
819	959
819	979
819	991
820	30
820	105
820	130
820	132
820	153
820	319
820	375
820	430
820	476
820	541
820	552
820	751
820	905
820	921
820	951
821	28
821	37
821	45
821	175
821	186
821	314
821	383
821	536
821	598
821	763
821	916
821	922
821	944
821	955
821	974
822	184
822	271
822	506
822	627
822	680
822	761
822	838
822	855
822	899
822	900
822	938
822	949
822	952
822	957
822	989
823	106
823	116
823	119
823	203
823	405
823	448
823	521
823	676
823	735
823	888
823	900
823	917
823	936
823	963
823	993
824	109
824	207
824	503
824	652
824	724
824	773
824	813
824	819
824	840
824	860
824	904
824	929
824	943
824	948
824	959
825	165
825	395
825	415
825	444
825	447
825	538
825	540
825	545
825	643
825	646
825	651
825	831
825	881
825	904
825	938
825	973
826	46
826	88
826	472
826	491
826	503
826	596
826	672
826	738
826	743
826	814
826	857
826	894
826	911
826	921
826	973
826	999
827	66
827	211
827	346
827	426
827	506
827	553
827	560
827	573
827	589
827	657
827	663
827	793
827	818
827	877
827	942
827	1000
828	501
828	516
828	563
828	584
828	773
828	789
828	790
828	843
828	866
828	871
828	872
828	914
828	966
828	990
828	992
828	998
829	102
829	198
829	234
829	335
829	343
829	354
829	590
829	654
829	679
829	813
829	853
829	915
829	921
829	944
829	960
829	992
830	88
830	112
830	192
830	273
830	321
830	329
830	582
830	663
830	750
830	782
830	792
830	840
830	864
830	865
830	916
830	919
831	204
831	216
831	262
831	289
831	387
831	405
831	465
831	670
831	700
831	702
831	755
831	808
831	825
831	929
831	941
831	956
832	65
832	328
832	519
832	531
832	664
832	689
832	699
832	794
832	845
832	884
832	913
832	931
832	952
832	956
832	981
832	992
833	103
833	160
833	396
833	441
833	554
833	647
833	689
833	709
833	712
833	739
833	769
833	798
833	849
833	862
833	927
833	993
834	617
834	691
834	758
834	763
834	782
834	806
834	815
834	852
834	889
834	916
834	920
834	935
834	944
834	953
834	955
834	999
835	77
835	519
835	525
835	613
835	629
835	780
835	836
835	844
835	918
835	948
835	949
835	953
835	964
835	966
835	976
835	986
836	157
836	260
836	309
836	352
836	395
836	397
836	451
836	508
836	645
836	730
836	732
836	835
836	860
836	869
836	918
836	978
837	128
837	286
837	342
837	378
837	404
837	508
837	645
837	772
837	845
837	885
837	889
837	897
837	913
837	922
837	985
837	986
838	69
838	100
838	204
838	265
838	453
838	465
838	565
838	656
838	728
838	822
838	854
838	856
838	892
838	899
838	957
838	980
839	168
839	266
839	431
839	511
839	540
839	666
839	724
839	729
839	738
839	761
839	815
839	857
839	889
839	905
839	942
839	1000
840	6
840	324
840	399
840	579
840	583
840	706
840	711
840	722
840	824
840	830
840	857
840	896
840	911
840	926
840	954
840	989
841	385
841	450
841	481
841	499
841	509
841	564
841	582
841	604
841	607
841	621
841	736
841	741
841	816
841	899
841	938
841	957
842	74
842	98
842	427
842	432
842	646
842	769
842	804
842	809
842	811
842	863
842	940
842	950
842	958
842	972
842	974
842	994
843	43
843	482
843	507
843	552
843	569
843	708
843	754
843	828
843	850
843	852
843	897
843	980
843	983
843	985
843	989
843	995
844	94
844	347
844	364
844	396
844	414
844	429
844	502
844	569
844	615
844	662
844	726
844	728
844	767
844	835
844	925
844	951
845	57
845	353
845	389
845	601
845	777
845	779
845	816
845	832
845	837
845	874
845	897
845	902
845	913
845	922
845	946
845	972
846	452
846	498
846	658
846	678
846	697
846	774
846	782
846	797
846	807
846	858
846	880
846	891
846	935
846	965
846	977
846	997
847	29
847	179
847	335
847	561
847	563
847	761
847	791
847	792
847	818
847	873
847	900
847	906
847	914
847	949
847	979
847	988
847	997
848	175
848	192
848	297
848	321
848	400
848	498
848	575
848	736
848	851
848	906
848	939
848	973
848	974
848	983
848	988
848	996
848	998
849	20
849	185
849	241
849	266
849	280
849	366
849	435
849	533
849	643
849	712
849	789
849	833
849	857
849	959
849	962
849	977
849	985
850	81
850	424
850	476
850	633
850	686
850	728
850	784
850	793
850	801
850	804
850	843
850	919
850	969
850	975
850	981
850	982
850	994
851	4
851	334
851	477
851	505
851	615
851	634
851	728
851	809
851	848
851	855
851	858
851	876
851	920
851	933
851	934
851	972
851	975
852	123
852	246
852	320
852	645
852	651
852	669
852	762
852	773
852	798
852	834
852	843
852	885
852	886
852	914
852	948
852	959
852	962
853	40
853	64
853	283
853	291
853	300
853	306
853	532
853	543
853	667
853	829
853	927
853	968
853	970
853	983
853	988
853	991
853	998
854	141
854	283
854	287
854	335
854	409
854	590
854	680
854	741
854	751
854	761
854	838
854	867
854	878
854	895
854	903
854	926
854	966
855	142
855	368
855	460
855	589
855	629
855	636
855	822
855	851
855	859
855	864
855	876
855	898
855	932
855	934
855	956
855	970
855	975
856	74
856	118
856	162
856	355
856	502
856	516
856	524
856	604
856	621
856	658
856	797
856	838
856	899
856	951
856	957
856	975
856	998
857	129
857	601
857	656
857	673
857	759
857	766
857	791
857	805
857	826
857	839
857	840
857	849
857	864
857	865
857	893
857	930
857	954
858	75
858	120
858	316
858	334
858	360
858	454
858	585
858	662
858	720
858	772
858	846
858	851
858	876
858	933
858	934
858	975
858	996
859	99
859	162
859	190
859	470
859	481
859	506
859	530
859	604
859	755
859	766
859	814
859	855
859	899
859	938
859	950
859	957
859	972
860	68
860	432
860	746
860	754
860	765
860	809
860	819
860	824
860	836
860	882
860	885
860	886
860	907
860	948
860	969
860	985
860	990
860	997
861	78
861	461
861	466
861	493
861	509
861	561
861	562
861	666
861	675
861	684
861	713
861	743
861	770
861	903
861	967
861	984
861	988
861	999
862	135
862	145
862	268
862	361
862	371
862	474
862	578
862	611
862	652
862	686
862	730
862	749
862	833
862	881
862	920
862	952
862	971
862	991
863	12
863	100
863	160
863	287
863	406
863	426
863	610
863	683
863	713
863	723
863	842
863	867
863	897
863	908
863	926
863	930
863	950
863	963
864	149
864	407
864	415
864	450
864	488
864	521
864	534
864	582
864	588
864	787
864	830
864	855
864	857
864	887
864	893
864	924
864	938
864	941
864	954
865	6
865	106
865	119
865	274
865	482
865	603
865	711
865	742
865	746
865	747
865	791
865	830
865	857
865	883
865	911
865	924
865	951
865	962
865	998
866	425
866	426
866	490
866	604
866	655
866	681
866	690
866	753
866	776
866	795
866	828
866	913
866	965
866	966
866	973
866	983
866	990
866	992
866	994
867	311
867	335
867	366
867	437
867	529
867	553
867	581
867	723
867	854
867	863
867	873
867	875
867	879
867	902
867	926
867	965
867	991
867	993
867	994
868	1
868	273
868	325
868	337
868	467
868	542
868	556
868	683
868	691
868	695
868	707
868	721
868	909
868	931
868	945
868	947
868	964
868	971
868	986
869	60
869	139
869	336
869	349
869	443
869	445
869	494
869	593
869	607
869	668
869	743
869	783
869	836
869	888
869	903
869	963
869	967
869	986
869	999
870	69
870	391
870	421
870	430
870	462
870	544
870	609
870	687
870	698
870	719
870	765
870	804
870	807
870	808
870	876
870	965
870	975
870	976
870	982
871	456
871	516
871	598
871	618
871	673
871	770
871	812
871	828
871	885
871	913
871	914
871	915
871	916
871	934
871	955
871	958
871	966
871	990
871	992
872	27
872	260
872	299
872	403
872	457
872	466
872	474
872	539
872	609
872	612
872	616
872	793
872	809
872	816
872	828
872	889
872	932
872	968
872	1000
873	13
873	171
873	497
873	503
873	537
873	554
873	568
873	578
873	698
873	778
873	781
873	784
873	847
873	867
873	896
873	925
873	937
873	962
873	981
874	25
874	392
874	481
874	596
874	600
874	616
874	620
874	647
874	652
874	663
874	704
874	731
874	787
874	845
874	921
874	930
874	956
874	991
874	993
875	17
875	22
875	29
875	130
875	135
875	155
875	386
875	422
875	558
875	586
875	665
875	685
875	763
875	816
875	867
875	882
875	906
875	963
875	971
876	101
876	222
876	482
876	526
876	559
876	577
876	705
876	772
876	797
876	851
876	855
876	858
876	870
876	920
876	927
876	934
876	961
876	993
876	998
877	20
877	64
877	206
877	262
877	350
877	534
877	610
877	680
877	702
877	745
877	751
877	755
877	765
877	766
877	827
877	889
877	908
877	941
877	956
878	91
878	184
878	408
878	633
878	659
878	664
878	804
878	812
878	854
878	880
878	904
878	910
878	912
878	935
878	940
878	960
878	971
878	978
878	989
878	997
879	82
879	235
879	283
879	488
879	539
879	567
879	600
879	605
879	610
879	744
879	753
879	783
879	796
879	867
879	914
879	926
879	929
879	968
879	969
879	982
880	150
880	317
880	489
880	681
880	726
880	815
880	846
880	878
880	891
880	902
880	910
880	935
880	960
880	963
880	978
880	984
880	985
880	989
880	997
880	1000
881	146
881	245
881	395
881	515
881	528
881	532
881	545
881	569
881	625
881	643
881	667
881	800
881	825
881	862
881	907
881	923
881	965
881	973
881	981
881	990
882	90
882	164
882	188
882	194
882	211
882	317
882	340
882	505
882	510
882	529
882	586
882	665
882	756
882	860
882	875
882	956
882	971
882	990
882	994
882	997
883	47
883	278
883	339
883	408
883	436
883	448
883	555
883	634
883	660
883	733
883	752
883	805
883	817
883	865
883	894
883	901
883	920
883	928
883	981
883	989
884	108
884	416
884	447
884	480
884	556
884	615
884	626
884	650
884	678
884	709
884	710
884	777
884	832
884	888
884	893
884	904
884	927
884	956
884	974
884	998
885	56
885	61
885	438
885	442
885	458
885	479
885	499
885	539
885	685
885	706
885	746
885	776
885	837
885	852
885	860
885	871
885	886
885	907
885	959
885	961
886	68
886	239
886	268
886	371
886	387
886	400
886	442
886	479
886	562
886	608
886	745
886	785
886	852
886	860
886	885
886	925
886	934
886	948
886	959
886	1000
887	66
887	119
887	200
887	521
887	659
887	663
887	711
887	713
887	738
887	776
887	814
887	864
887	893
887	924
887	951
887	954
887	974
887	979
887	998
887	999
888	44
888	412
888	487
888	552
888	557
888	657
888	678
888	682
888	709
888	731
888	769
888	777
888	823
888	869
888	884
888	915
888	947
888	972
888	974
888	985
889	125
889	378
889	475
889	496
889	509
889	717
889	764
889	775
889	794
889	834
889	837
889	839
889	872
889	877
889	902
889	931
889	937
889	944
889	946
889	975
890	21
890	51
890	506
890	547
890	577
890	720
890	738
890	745
890	748
890	762
890	802
890	809
890	912
890	919
890	950
890	958
890	972
890	984
890	994
890	995
891	65
891	144
891	266
891	307
891	466
891	491
891	561
891	658
891	782
891	807
891	846
891	880
891	907
891	940
891	964
891	967
891	972
891	989
891	997
891	998
892	70
892	282
892	307
892	346
892	351
892	502
892	565
892	625
892	671
892	687
892	812
892	838
892	909
892	932
892	939
892	960
892	970
892	987
892	988
892	998
893	329
893	527
893	582
893	601
893	673
893	690
893	734
893	735
893	750
893	857
893	864
893	884
893	887
893	911
893	924
893	949
893	954
893	960
893	961
893	987
893	991
894	92
894	98
894	133
894	161
894	285
894	328
894	347
894	355
894	380
894	614
894	615
894	646
894	691
894	746
894	794
894	802
894	804
894	826
894	883
894	951
894	999
895	312
895	540
895	554
895	563
895	645
895	647
895	678
895	716
895	759
895	761
895	818
895	854
895	904
895	906
895	929
895	939
895	943
895	979
895	984
895	988
895	996
896	43
896	99
896	263
896	295
896	343
896	570
896	581
896	592
896	638
896	661
896	781
896	840
896	873
896	909
896	919
896	937
896	962
896	969
896	979
896	986
896	990
897	162
897	247
897	296
897	485
897	531
897	557
897	595
897	686
897	688
897	694
897	794
897	837
897	843
897	845
897	863
897	902
897	907
897	913
897	922
897	931
897	969
898	26
898	267
898	379
898	446
898	587
898	624
898	640
898	662
898	702
898	705
898	733
898	855
898	920
898	932
898	933
898	934
898	964
898	975
898	976
898	990
898	996
899	163
899	346
899	398
899	427
899	453
899	549
899	607
899	622
899	676
899	766
899	822
899	838
899	841
899	856
899	859
899	938
899	952
899	976
899	981
899	989
899	993
900	75
900	269
900	281
900	294
900	370
900	399
900	453
900	622
900	699
900	727
900	735
900	822
900	823
900	847
900	908
900	913
900	917
900	936
900	953
900	985
900	988
901	24
901	70
901	113
901	147
901	183
901	221
901	393
901	401
901	554
901	555
901	720
901	733
901	752
901	803
901	817
901	883
901	908
901	960
901	975
901	985
901	997
902	65
902	127
902	178
902	190
902	303
902	342
902	375
902	531
902	537
902	579
902	627
902	694
902	717
902	742
902	790
902	845
902	867
902	880
902	889
902	897
902	913
902	931
903	123
903	177
903	310
903	336
903	527
903	591
903	627
903	634
903	638
903	675
903	713
903	738
903	783
903	803
903	854
903	861
903	869
903	909
903	923
903	958
903	980
903	999
904	301
904	385
904	594
904	624
904	635
904	637
904	671
904	692
904	762
904	774
904	791
904	792
904	807
904	824
904	825
904	878
904	884
904	895
904	911
904	935
904	976
904	996
905	81
905	153
905	168
905	236
905	323
905	362
905	541
905	548
905	550
905	573
905	634
905	661
905	756
905	769
905	796
905	815
905	820
905	839
905	907
905	986
905	990
905	999
906	52
906	217
906	276
906	348
906	517
906	603
906	637
906	703
906	779
906	780
906	785
906	799
906	847
906	848
906	875
906	895
906	910
906	939
906	943
906	960
906	981
906	996
906	998
907	65
907	109
907	246
907	256
907	293
907	393
907	450
907	525
907	746
907	757
907	762
907	811
907	819
907	860
907	881
907	885
907	891
907	897
907	905
907	911
907	948
907	959
907	977
908	156
908	445
908	500
908	549
908	600
908	610
908	630
908	648
908	673
908	691
908	753
908	776
908	786
908	795
908	863
908	877
908	900
908	901
908	918
908	966
908	967
908	990
908	994
909	1
909	38
909	54
909	279
909	336
909	367
909	411
909	419
909	424
909	525
909	630
909	635
909	640
909	675
909	683
909	721
909	868
909	892
909	896
909	903
909	945
909	953
909	964
910	155
910	475
910	632
910	636
910	679
910	758
910	782
910	801
910	807
910	878
910	880
910	906
910	911
910	921
910	935
910	936
910	940
910	946
910	960
910	971
910	978
910	989
910	997
911	46
911	281
911	402
911	472
911	521
911	542
911	579
911	598
911	624
911	675
911	725
911	777
911	826
911	840
911	865
911	893
911	904
911	907
911	910
911	924
911	954
911	960
911	970
912	11
912	104
912	133
912	223
912	269
912	281
912	350
912	376
912	535
912	543
912	612
912	739
912	748
912	754
912	791
912	793
912	878
912	890
912	980
912	985
912	989
912	995
912	999
913	251
913	378
913	484
913	664
913	688
913	748
913	775
913	790
913	832
913	837
913	845
913	866
913	871
913	897
913	900
913	902
913	922
913	924
913	944
913	946
913	948
913	987
913	993
914	32
914	115
914	248
914	341
914	462
914	486
914	492
914	501
914	562
914	655
914	776
914	786
914	828
914	847
914	852
914	871
914	879
914	924
914	957
914	966
914	976
914	990
914	992
915	33
915	173
915	255
915	359
915	470
915	499
915	542
915	556
915	590
915	595
915	653
915	672
915	678
915	680
915	720
915	762
915	779
915	799
915	803
915	805
915	829
915	871
915	888
915	928
916	30
916	37
916	275
916	448
916	669
916	691
916	697
916	750
916	763
916	764
916	790
916	811
916	821
916	830
916	834
916	871
916	918
916	926
916	944
916	949
916	953
916	955
916	969
916	984
917	21
917	40
917	375
917	399
917	434
917	449
917	470
917	597
917	628
917	632
917	676
917	715
917	735
917	768
917	788
917	790
917	823
917	900
917	923
917	929
917	936
917	955
917	963
917	994
918	45
918	117
918	121
918	243
918	249
918	363
918	416
918	504
918	512
918	606
918	676
918	690
918	696
918	720
918	730
918	732
918	748
918	791
918	835
918	836
918	908
918	916
918	986
918	988
919	107
919	209
919	410
919	419
919	511
919	537
919	548
919	558
919	627
919	651
919	715
919	778
919	781
919	786
919	830
919	850
919	890
919	896
919	922
919	953
919	961
919	962
919	981
919	1000
920	264
920	332
920	334
920	557
920	585
920	589
920	608
920	679
920	684
920	707
920	797
920	834
920	851
920	862
920	876
920	883
920	898
920	922
920	932
920	933
920	943
920	955
920	971
920	975
921	15
921	159
921	248
921	274
921	313
921	318
921	394
921	448
921	470
921	590
921	595
921	613
921	701
921	717
921	805
921	813
921	820
921	826
921	829
921	874
921	910
921	976
921	982
921	985
922	404
922	405
922	497
922	503
922	708
922	744
922	760
922	764
922	775
922	784
922	790
922	794
922	816
922	821
922	837
922	845
922	897
922	913
922	919
922	920
922	931
922	946
922	981
922	994
923	22
923	254
923	257
923	277
923	278
923	344
923	374
923	514
923	610
923	628
923	706
923	715
923	727
923	733
923	739
923	881
923	903
923	917
923	929
923	944
923	963
923	979
923	992
923	1000
924	2
924	287
924	406
924	407
924	478
924	581
924	602
924	711
924	725
924	768
924	776
924	800
924	814
924	864
924	865
924	887
924	893
924	911
924	913
924	914
924	946
924	954
924	982
924	995
924	1000
925	152
925	159
925	167
925	228
925	308
925	429
925	459
925	615
925	642
925	653
925	678
925	700
925	753
925	756
925	794
925	800
925	806
925	844
925	873
925	886
925	940
925	946
925	951
925	967
925	993
926	35
926	61
926	97
926	316
926	382
926	449
926	467
926	504
926	529
926	606
926	618
926	662
926	680
926	711
926	734
926	751
926	764
926	840
926	854
926	863
926	867
926	879
926	916
926	973
926	978
927	7
927	40
927	102
927	119
927	180
927	196
927	213
927	251
927	428
927	452
927	560
927	566
927	575
927	602
927	620
927	698
927	812
927	833
927	853
927	876
927	884
927	970
927	983
927	987
927	988
928	33
928	41
928	87
928	102
928	147
928	203
928	291
928	354
928	386
928	394
928	405
928	454
928	457
928	470
928	522
928	584
928	595
928	701
928	779
928	803
928	809
928	813
928	883
928	915
928	957
929	12
929	254
929	393
929	405
929	423
929	514
929	587
929	628
929	676
929	707
929	715
929	734
929	824
929	831
929	879
929	895
929	917
929	923
929	936
929	945
929	955
929	963
929	968
929	977
929	984
930	35
930	84
930	100
930	160
930	290
930	304
930	325
930	333
930	409
930	433
930	449
930	583
930	610
930	680
930	682
930	699
930	723
930	733
930	744
930	764
930	857
930	863
930	874
930	959
930	996
931	27
931	131
931	332
931	496
931	531
931	591
931	652
931	664
931	719
931	744
931	750
931	759
931	764
931	816
931	832
931	868
931	889
931	897
931	902
931	922
931	941
931	946
931	948
931	965
931	985
932	82
932	161
932	264
932	295
932	353
932	379
932	585
932	608
932	637
932	697
932	705
932	725
932	752
932	788
932	855
932	872
932	892
932	898
932	920
932	933
932	934
932	960
932	967
932	979
932	994
933	41
933	84
933	109
933	206
933	264
933	276
933	371
933	470
933	505
933	587
933	628
933	648
933	752
933	772
933	782
933	851
933	858
933	898
933	920
933	932
933	934
933	959
933	963
933	967
933	975
934	113
934	223
934	501
934	559
934	681
934	705
934	733
934	752
934	797
934	851
934	855
934	858
934	871
934	876
934	886
934	898
934	932
934	933
934	942
934	947
934	953
934	954
934	968
934	975
934	976
935	76
935	210
935	304
935	410
935	427
935	510
935	540
935	558
935	795
935	807
935	810
935	834
935	846
935	878
935	880
935	904
935	910
935	939
935	940
935	960
935	966
935	970
935	971
935	978
935	989
935	997
936	165
936	281
936	393
936	522
936	523
936	529
936	613
936	628
936	630
936	676
936	707
936	735
936	756
936	778
936	788
936	823
936	900
936	910
936	917
936	929
936	947
936	955
936	963
936	966
936	967
936	978
937	55
937	110
937	174
937	204
937	272
937	302
937	458
937	572
937	592
937	609
937	638
937	721
937	768
937	778
937	781
937	792
937	801
937	873
937	889
937	896
937	948
937	962
937	981
937	991
937	996
937	999
938	18
938	131
938	152
938	188
938	300
938	302
938	323
938	341
938	377
938	408
938	453
938	607
938	621
938	701
938	728
938	766
938	774
938	781
938	822
938	825
938	841
938	859
938	864
938	899
938	970
938	983
939	75
939	311
939	350
939	397
939	428
939	447
939	465
939	498
939	504
939	641
939	667
939	721
939	848
939	892
939	895
939	906
939	935
939	941
939	968
939	970
939	976
939	983
939	987
939	988
939	994
939	998
940	44
940	88
940	111
940	148
940	161
940	210
940	266
940	352
940	579
940	636
940	727
940	732
940	842
940	878
940	891
940	910
940	925
940	935
940	950
940	952
940	955
940	960
940	964
940	987
940	989
940	997
941	62
941	73
941	101
941	124
941	240
941	250
941	289
941	377
941	417
941	480
941	505
941	526
941	534
941	595
941	714
941	755
941	765
941	831
941	864
941	877
941	931
941	939
941	943
941	954
941	956
941	975
941	981
942	10
942	243
942	256
942	308
942	310
942	315
942	384
942	390
942	419
942	422
942	473
942	479
942	518
942	520
942	528
942	539
942	551
942	583
942	619
942	636
942	767
942	814
942	827
942	839
942	934
942	952
942	1000
943	29
943	56
943	158
943	234
943	338
943	348
943	410
943	499
943	619
943	637
943	660
943	681
943	716
943	743
943	774
943	791
943	824
943	895
943	906
943	920
943	941
943	953
943	979
943	980
943	985
943	987
943	996
944	158
944	178
944	225
944	263
944	404
944	484
944	494
944	500
944	567
944	568
944	641
944	691
944	758
944	763
944	786
944	821
944	829
944	834
944	889
944	913
944	916
944	923
944	948
944	953
944	955
944	985
944	987
945	81
945	198
945	301
945	305
945	331
945	419
945	547
945	574
945	587
945	603
945	640
945	660
945	683
945	695
945	721
945	734
945	817
945	868
945	909
945	929
945	946
945	958
945	964
945	979
945	980
945	986
945	988
946	39
946	50
946	342
946	353
946	404
946	496
946	509
946	519
946	574
946	693
946	715
946	764
946	775
946	794
946	816
946	845
946	889
946	910
946	913
946	922
946	924
946	925
946	931
946	945
946	962
946	986
946	995
947	42
947	80
947	157
947	357
947	402
947	480
947	489
947	490
947	557
947	609
947	632
947	650
947	682
947	709
947	736
947	752
947	768
947	777
947	783
947	868
947	888
947	934
947	936
947	952
947	963
947	967
947	974
948	82
948	171
948	246
948	371
948	432
948	438
948	481
948	501
948	503
948	528
948	665
948	710
948	746
948	762
948	775
948	819
948	824
948	835
948	852
948	860
948	886
948	907
948	913
948	931
948	937
948	944
948	967
948	986
949	17
949	157
949	196
949	210
949	330
949	340
949	352
949	373
949	386
949	394
949	400
949	433
949	468
949	477
949	572
949	606
949	685
949	687
949	696
949	737
949	796
949	822
949	835
949	847
949	893
949	916
949	986
949	991
950	34
950	193
950	284
950	362
950	365
950	463
950	492
950	499
950	513
950	520
950	546
950	631
950	633
950	642
950	703
950	716
950	802
950	809
950	811
950	842
950	859
950	863
950	890
950	940
950	959
950	972
950	984
950	994
951	94
951	144
951	265
951	355
951	364
951	380
951	384
951	429
951	459
951	519
951	537
951	595
951	614
951	646
951	698
951	733
951	754
951	756
951	806
951	820
951	844
951	856
951	865
951	887
951	894
951	925
951	970
951	993
952	19
952	71
952	133
952	196
952	212
952	236
952	244
952	347
952	389
952	596
952	611
952	631
952	686
952	695
952	736
952	747
952	749
952	822
952	832
952	862
952	899
952	940
952	942
952	947
952	961
952	991
952	992
952	998
953	45
953	50
953	102
953	275
953	314
953	326
953	357
953	448
953	567
953	568
953	669
953	697
953	700
953	758
953	813
953	834
953	835
953	900
953	909
953	916
953	919
953	934
953	943
953	944
953	955
953	962
953	973
953	988
953	1000
954	250
954	330
954	355
954	412
954	421
954	460
954	461
954	601
954	663
954	690
954	706
954	738
954	750
954	755
954	785
954	800
954	840
954	857
954	864
954	887
954	893
954	911
954	924
954	934
954	941
954	955
954	965
954	998
954	1000
955	43
955	51
955	225
955	282
955	314
955	326
955	337
955	484
955	568
955	592
955	641
955	669
955	697
955	701
955	758
955	760
955	821
955	834
955	871
955	916
955	917
955	920
955	929
955	936
955	940
955	944
955	953
955	954
955	974
956	62
956	64
956	101
956	208
956	240
956	253
956	277
956	279
956	350
956	469
956	526
956	686
956	696
956	702
956	714
956	716
956	755
956	765
956	790
956	831
956	832
956	855
956	874
956	877
956	882
956	884
956	941
956	989
956	997
957	190
957	271
957	352
957	377
957	438
957	473
957	481
957	529
957	541
957	550
957	564
957	607
957	621
957	622
957	627
957	658
957	781
957	822
957	838
957	841
957	856
957	859
957	914
957	928
957	966
957	969
957	971
957	990
957	998
958	59
958	187
958	282
958	380
958	429
958	475
958	491
958	546
958	572
958	577
958	585
958	599
958	621
958	628
958	642
958	676
958	699
958	737
958	802
958	811
958	842
958	871
958	890
958	903
958	945
958	959
958	972
958	984
958	994
958	1000
959	226
959	268
959	293
959	320
959	374
959	407
959	409
959	432
959	501
959	503
959	627
959	645
959	672
959	710
959	746
959	755
959	762
959	773
959	807
959	809
959	819
959	824
959	849
959	852
959	885
959	886
959	907
959	930
959	933
959	950
959	958
960	44
960	134
960	150
960	215
960	270
960	436
960	444
960	561
960	592
960	658
960	659
960	738
960	782
960	807
960	829
960	878
960	880
960	892
960	893
960	901
960	906
960	910
960	911
960	932
960	935
960	940
960	963
960	978
960	986
960	989
960	997
961	25
961	39
961	153
961	272
961	284
961	358
961	399
961	444
961	524
961	537
961	570
961	592
961	594
961	633
961	638
961	653
961	700
961	726
961	784
961	794
961	795
961	801
961	876
961	885
961	893
961	919
961	952
961	967
961	981
961	990
961	997
962	55
962	96
962	107
962	115
962	298
962	323
962	463
962	476
962	633
962	637
962	638
962	698
962	728
962	729
962	751
962	756
962	768
962	784
962	801
962	810
962	849
962	852
962	865
962	873
962	896
962	919
962	937
962	946
962	953
962	969
962	992
962	997
963	108
963	137
963	148
963	190
963	199
963	294
963	344
963	374
963	399
963	469
963	511
963	521
963	582
963	633
963	699
963	707
963	715
963	727
963	742
963	788
963	823
963	863
963	869
963	875
963	880
963	917
963	923
963	929
963	933
963	936
963	947
963	960
964	38
964	139
964	198
964	205
964	279
964	337
964	373
964	467
964	547
964	564
964	566
964	573
964	596
964	602
964	611
964	640
964	683
964	721
964	734
964	740
964	750
964	763
964	835
964	868
964	891
964	898
964	909
964	940
964	945
964	987
964	991
964	999
965	13
965	167
965	182
965	199
965	277
965	305
965	316
965	425
965	480
965	484
965	544
965	609
965	709
965	719
965	722
965	735
965	740
965	760
965	808
965	812
965	846
965	866
965	867
965	870
965	881
965	931
965	954
965	976
965	978
965	982
965	988
965	996
966	134
966	205
966	278
966	290
966	361
966	440
966	456
966	462
966	523
966	570
966	623
966	635
966	655
966	673
966	699
966	704
966	776
966	795
966	828
966	835
966	854
966	866
966	871
966	908
966	914
966	935
966	936
966	957
966	983
966	990
966	992
966	999
967	8
967	76
967	203
967	219
967	339
967	443
967	451
967	493
967	527
967	562
967	593
967	613
967	675
967	713
967	743
967	783
967	785
967	795
967	861
967	869
967	891
967	908
967	925
967	932
967	933
967	936
967	947
967	948
967	961
967	988
967	995
967	999
968	24
968	50
968	214
968	258
968	307
968	345
968	369
968	373
968	485
968	490
968	502
968	560
968	565
968	631
968	667
968	677
968	724
968	740
968	743
968	791
968	810
968	812
968	853
968	872
968	879
968	929
968	934
968	939
968	983
968	987
968	988
968	989
968	998
969	48
969	86
969	105
969	115
969	171
969	195
969	358
969	424
969	507
969	511
969	517
969	545
969	592
969	614
969	633
969	726
969	778
969	780
969	782
969	784
969	793
969	800
969	801
969	802
969	850
969	860
969	879
969	896
969	897
969	916
969	957
969	962
969	981
970	3
970	75
970	113
970	194
970	271
970	307
970	351
970	413
970	445
970	482
970	546
970	604
970	623
970	635
970	667
970	669
970	673
970	742
970	810
970	812
970	853
970	855
970	892
970	911
970	927
970	935
970	938
970	939
970	951
970	981
970	983
970	987
970	988
970	998
971	17
971	90
971	93
971	97
971	130
971	135
971	149
971	155
971	164
971	188
971	207
971	241
971	317
971	320
971	340
971	422
971	449
971	548
971	586
971	619
971	660
971	665
971	707
971	779
971	796
971	862
971	868
971	875
971	878
971	882
971	910
971	920
971	935
971	957
972	205
972	246
972	252
972	362
972	365
972	413
972	440
972	492
972	504
972	570
972	572
972	586
972	644
972	692
972	696
972	698
972	718
972	727
972	745
972	754
972	784
972	802
972	810
972	842
972	845
972	851
972	859
972	888
972	890
972	891
972	950
972	958
972	984
972	994
973	55
973	146
973	170
973	171
973	191
973	224
973	245
973	280
973	367
973	395
973	423
973	465
973	492
973	528
973	538
973	545
973	636
973	643
973	651
973	661
973	671
973	674
973	679
973	689
973	825
973	826
973	848
973	866
973	881
973	926
973	953
973	978
973	994
973	999
974	45
974	108
974	132
974	240
974	266
974	357
974	402
974	416
974	480
974	490
974	557
974	581
974	626
974	632
974	650
974	656
974	657
974	668
974	674
974	678
974	683
974	709
974	774
974	788
974	810
974	821
974	842
974	848
974	884
974	887
974	888
974	947
974	955
974	982
974	991
975	26
975	37
975	206
975	261
975	381
975	505
975	528
975	549
975	557
975	559
975	608
975	636
975	662
975	705
975	747
975	758
975	771
975	772
975	774
975	797
975	798
975	850
975	851
975	855
975	856
975	858
975	870
975	889
975	898
975	901
975	920
975	933
975	934
975	941
975	994
976	4
976	13
976	138
976	182
976	184
976	274
976	277
976	305
976	401
976	421
976	425
976	439
976	512
976	647
976	665
976	670
976	719
976	722
976	754
976	760
976	808
976	835
976	870
976	898
976	899
976	904
976	914
976	921
976	934
976	939
976	965
976	977
976	982
976	984
976	999
977	28
977	41
977	49
977	103
977	143
977	186
977	227
977	241
977	302
977	412
977	441
977	458
977	461
977	532
977	533
977	567
977	586
977	676
977	689
977	730
977	740
977	789
977	798
977	815
977	846
977	849
977	907
977	929
977	976
977	979
977	982
977	984
977	994
977	997
977	1000
978	147
978	173
978	184
978	201
978	208
978	265
978	276
978	305
978	318
978	404
978	475
978	481
978	483
978	514
978	561
978	636
978	717
978	721
978	782
978	789
978	807
978	836
978	878
978	880
978	910
978	926
978	935
978	936
978	960
978	965
978	973
978	980
978	982
978	989
978	997
978	998
979	8
979	80
979	124
979	173
979	210
979	252
979	349
979	358
979	464
979	480
979	522
979	579
979	594
979	603
979	611
979	637
979	681
979	682
979	737
979	751
979	774
979	785
979	788
979	791
979	792
979	799
979	819
979	847
979	887
979	895
979	896
979	923
979	932
979	943
979	945
979	977
979	996
980	63
980	104
980	136
980	185
980	222
980	267
980	322
980	367
980	376
980	507
980	510
980	527
980	537
980	569
980	571
980	582
980	612
980	613
980	619
980	695
980	708
980	726
980	739
980	748
980	812
980	814
980	818
980	838
980	843
980	903
980	912
980	943
980	945
980	978
980	984
980	985
980	995
981	25
981	58
981	172
981	174
981	179
981	331
981	424
981	463
981	476
981	477
981	487
981	500
981	570
981	622
981	641
981	691
981	718
981	726
981	779
981	781
981	784
981	789
981	801
981	832
981	850
981	873
981	881
981	883
981	899
981	906
981	919
981	922
981	937
981	941
981	961
981	969
981	970
981	1000
982	4
982	69
982	138
982	199
982	262
982	274
982	277
982	349
982	421
982	425
982	439
982	484
982	496
982	497
982	544
982	564
982	572
982	588
982	609
982	624
982	643
982	702
982	719
982	722
982	760
982	770
982	808
982	850
982	870
982	879
982	921
982	924
982	965
982	974
982	976
982	977
982	978
982	983
982	997
983	7
983	16
983	26
983	91
983	116
983	174
983	175
983	187
983	220
983	234
983	251
983	311
983	381
983	471
983	495
983	575
983	616
983	677
983	716
983	721
983	762
983	783
983	797
983	810
983	812
983	843
983	848
983	853
983	866
983	927
983	938
983	939
983	966
983	968
983	970
983	982
983	987
983	988
983	995
983	998
984	14
984	110
984	172
984	237
984	293
984	391
984	504
984	518
984	546
984	551
984	552
984	577
984	626
984	642
984	644
984	646
984	698
984	703
984	745
984	747
984	772
984	781
984	790
984	809
984	811
984	861
984	880
984	890
984	895
984	916
984	929
984	950
984	958
984	972
984	976
984	977
984	980
984	986
984	993
984	994
985	89
985	118
985	158
985	222
985	229
985	288
985	322
985	333
985	376
985	404
985	466
985	507
985	510
985	550
985	571
985	608
985	708
985	712
985	739
985	748
985	754
985	765
985	771
985	837
985	843
985	849
985	860
985	880
985	888
985	900
985	901
985	912
985	921
985	931
985	943
985	944
985	980
985	991
985	992
985	995
985	996
986	117
986	127
986	163
986	243
986	327
986	348
986	352
986	373
986	397
986	420
986	433
986	468
986	477
986	508
986	551
986	606
986	620
986	629
986	674
986	687
986	693
986	720
986	722
986	780
986	813
986	835
986	837
986	868
986	869
986	896
986	905
986	918
986	945
986	946
986	948
986	949
986	960
986	984
986	989
986	994
986	995
986	997
987	4
987	16
987	77
987	91
987	138
987	202
987	258
987	271
987	297
987	309
987	345
987	363
987	433
987	450
987	482
987	485
987	495
987	524
987	588
987	602
987	623
987	625
987	742
987	806
987	810
987	812
987	892
987	893
987	913
987	927
987	939
987	940
987	943
987	944
987	964
987	968
987	970
987	983
987	993
987	997
987	998
987	999
988	52
988	242
988	251
988	309
988	311
988	331
988	351
988	363
988	368
988	376
988	393
988	413
988	482
988	495
988	502
988	535
988	623
988	683
988	694
988	780
988	789
988	810
988	847
988	848
988	853
988	861
988	892
988	895
988	900
988	918
988	927
988	939
988	945
988	953
988	965
988	967
988	968
988	970
988	983
988	991
988	992
988	998
989	9
989	31
989	76
989	104
989	121
989	173
989	215
989	269
989	318
989	410
989	436
989	452
989	475
989	483
989	534
989	541
989	561
989	659
989	686
989	723
989	744
989	746
989	771
989	805
989	807
989	822
989	840
989	843
989	878
989	880
989	883
989	891
989	899
989	910
989	912
989	935
989	940
989	956
989	960
989	968
989	978
989	986
989	997
990	37
990	52
990	53
990	114
990	134
990	200
990	232
990	263
990	290
990	321
990	440
990	445
990	479
990	486
990	549
990	577
990	592
990	649
990	673
990	753
990	756
990	758
990	770
990	795
990	828
990	860
990	866
990	871
990	881
990	882
990	896
990	898
990	905
990	908
990	914
990	957
990	961
990	966
990	992
990	995
990	996
990	997
990	999
991	18
991	22
991	31
991	79
991	189
991	324
991	327
991	369
991	392
991	407
991	410
991	489
991	498
991	513
991	515
991	532
991	536
991	596
991	597
991	600
991	620
991	648
991	672
991	704
991	718
991	731
991	749
991	754
991	787
991	819
991	853
991	862
991	867
991	874
991	893
991	937
991	949
991	952
991	964
991	974
991	985
991	988
991	993
992	93
992	95
992	156
992	176
992	230
992	239
992	299
992	321
992	370
992	418
992	426
992	428
992	437
992	442
992	456
992	467
992	486
992	495
992	501
992	520
992	530
992	581
992	598
992	629
992	630
992	655
992	673
992	753
992	770
992	786
992	828
992	829
992	832
992	866
992	871
992	914
992	923
992	952
992	962
992	966
992	985
992	988
992	990
993	18
993	31
993	73
993	79
993	178
993	189
993	191
993	324
993	426
993	455
993	468
993	489
993	498
993	513
993	532
993	536
993	596
993	597
993	600
993	620
993	648
993	680
993	704
993	718
993	731
993	737
993	740
993	770
993	787
993	795
993	800
993	806
993	823
993	833
993	867
993	874
993	876
993	899
993	913
993	925
993	951
993	984
993	987
993	991
994	21
994	39
994	98
994	124
994	208
994	236
994	237
994	282
994	353
994	411
994	413
994	492
994	504
994	546
994	563
994	601
994	642
994	644
994	679
994	692
994	703
994	727
994	764
994	809
994	811
994	842
994	850
994	866
994	867
994	882
994	890
994	908
994	917
994	922
994	932
994	939
994	950
994	958
994	972
994	973
994	975
994	977
994	984
994	986
995	33
995	43
995	51
995	85
995	118
995	136
995	158
995	166
995	201
995	214
995	223
995	229
995	288
995	299
995	333
995	354
995	364
995	464
995	486
995	507
995	570
995	591
995	612
995	634
995	708
995	728
995	739
995	748
995	754
995	765
995	771
995	777
995	808
995	809
995	843
995	890
995	912
995	924
995	946
995	967
995	980
995	983
995	985
995	986
995	990
995	997
996	36
996	80
996	124
996	131
996	159
996	189
996	220
996	233
996	239
996	338
996	378
996	464
996	483
996	517
996	522
996	587
996	591
996	603
996	618
996	624
996	635
996	637
996	660
996	667
996	671
996	716
996	718
996	728
996	731
996	755
996	773
996	785
996	799
996	803
996	848
996	858
996	895
996	898
996	904
996	906
996	930
996	937
996	943
996	965
996	979
996	985
996	990
997	9
997	40
997	77
997	111
997	128
997	161
997	258
997	265
997	276
997	284
997	410
997	420
997	439
997	442
997	452
997	483
997	606
997	636
997	658
997	659
997	780
997	782
997	785
997	797
997	814
997	846
997	847
997	860
997	878
997	880
997	882
997	891
997	901
997	910
997	935
997	940
997	956
997	960
997	961
997	962
997	977
997	978
997	982
997	986
997	987
997	989
997	990
997	995
998	59
998	61
998	67
998	168
998	192
998	242
998	345
998	363
998	425
998	428
998	447
998	495
998	502
998	516
998	535
998	575
998	588
998	602
998	626
998	648
998	677
998	679
998	694
998	704
998	711
998	723
998	773
998	810
998	828
998	848
998	853
998	856
998	865
998	876
998	884
998	887
998	891
998	892
998	906
998	939
998	952
998	954
998	957
998	968
998	970
998	978
998	983
998	987
998	988
999	8
999	23
999	34
999	60
999	67
999	71
999	110
999	123
999	138
999	177
999	219
999	259
999	286
999	374
999	413
999	443
999	451
999	461
999	493
999	527
999	535
999	544
999	562
999	591
999	593
999	675
999	688
999	699
999	722
999	743
999	783
999	808
999	826
999	834
999	861
999	869
999	887
999	894
999	903
999	905
999	912
999	937
999	964
999	966
999	967
999	973
999	976
999	987
999	990
1000	10
1000	27
1000	56
1000	127
1000	129
1000	149
1000	170
1000	211
1000	217
1000	220
1000	260
1000	289
1000	310
1000	343
1000	384
1000	457
1000	469
1000	473
1000	520
1000	539
1000	551
1000	573
1000	576
1000	580
1000	583
1000	614
1000	616
1000	619
1000	649
1000	656
1000	689
1000	759
1000	767
1000	774
1000	793
1000	794
1000	827
1000	839
1000	872
1000	880
1000	886
1000	919
1000	923
1000	924
1000	942
1000	953
1000	954
1000	958
1000	977
1000	981
