1	176
1	690
1	770
1	910
2	279
2	436
2	655
2	766
3	346
3	655
3	835
3	901
4	360
4	690
4	825
4	910
5	235
5	823
5	856
5	992
6	603
6	946
6	949
6	961
7	346
7	766
7	821
7	876
8	200
8	702
8	902
8	950
9	412
9	751
9	912
9	917
10	86
10	427
10	758
10	874
11	634
11	869
11	940
11	942
12	969
12	976
12	977
12	996
13	131
13	753
13	793
13	905
14	896
14	988
14	990
14	992
15	911
15	913
15	952
15	989
16	709
16	843
16	916
16	997
17	362
17	519
17	811
17	904
18	766
18	830
18	901
18	924
19	773
19	914
19	980
19	985
20	954
20	982
20	990
20	992
21	793
21	796
21	905
21	939
22	436
22	495
22	670
22	924
23	527
23	832
23	940
23	942
24	826
24	993
24	994
24	995
25	983
25	987
25	998
25	999
26	487
26	738
26	823
26	856
27	378
27	575
27	929
27	985
28	862
28	913
28	938
28	952
29	453
29	561
29	636
29	830
30	655
30	691
30	901
30	924
31	364
31	571
31	897
31	979
32	883
32	932
32	953
32	1000
33	639
33	861
33	884
33	891
34	538
34	664
34	771
34	811
35	385
35	413
35	846
35	956
36	755
36	948
36	949
36	961
37	805
37	850
37	916
37	920
38	965
38	967
38	976
38	996
39	545
39	987
39	998
39	999
40	716
40	851
40	921
40	934
41	886
41	889
41	953
41	1000
42	876
42	946
42	948
42	949
43	863
43	978
43	988
43	992
44	921
44	951
44	957
44	986
45	937
45	946
45	948
45	961
46	346
46	585
46	670
46	924
47	90
47	254
47	897
47	979
48	492
48	811
48	882
48	904
49	903
49	936
49	964
49	1000
50	433
50	806
50	815
50	915
51	144
51	256
51	462
51	856
52	262
52	344
52	542
52	848
53	658
53	889
53	936
53	1000
54	639
54	884
54	891
54	1000
55	632
55	831
55	968
55	971
56	713
56	764
56	907
56	918
57	758
57	800
57	845
57	874
58	776
58	832
58	940
58	942
59	384
59	698
59	827
59	909
60	950
60	960
60	973
60	975
61	79
61	920
61	940
61	942
62	553
62	977
62	989
62	996
63	836
63	840
63	957
63	986
64	415
64	593
64	686
64	887
65	614
65	670
65	697
65	766
66	721
66	805
66	869
66	916
67	740
67	861
67	868
67	884
68	855
68	893
68	897
68	979
69	329
69	429
69	760
69	926
70	981
70	983
70	998
70	999
71	335
71	413
71	627
71	956
72	691
72	782
72	821
72	916
73	981
73	987
73	993
73	999
74	521
74	893
74	897
74	979
75	965
75	969
75	989
75	996
76	784
76	834
76	907
76	918
77	497
77	675
77	709
77	916
78	828
78	946
78	949
78	961
79	61
79	869
79	920
79	942
80	310
80	744
80	760
80	926
81	610
81	627
81	846
81	956
82	616
82	663
82	906
82	998
83	529
83	812
83	902
83	931
84	553
84	687
84	778
84	926
85	405
85	919
85	968
85	971
86	10
86	256
86	738
86	856
87	991
87	993
87	995
87	997
88	686
88	780
88	887
88	910
89	171
89	661
89	683
89	837
90	47
90	950
90	973
90	975
91	745
91	822
91	907
91	918
92	911
92	913
92	922
92	952
93	815
93	849
93	909
93	915
94	353
94	571
94	897
94	979
95	337
95	793
95	905
95	992
96	991
96	994
96	995
96	997
97	327
97	636
97	692
97	860
98	832
98	920
98	940
98	942
99	464
99	683
99	723
99	730
100	765
100	890
100	899
100	974
101	967
101	976
101	989
101	996
102	690
102	825
102	887
102	910
103	545
103	685
103	704
103	785
104	984
104	995
104	998
104	999
105	329
105	478
105	687
105	760
106	896
106	902
106	960
106	975
107	953
107	963
107	970
107	1000
108	634
108	763
108	968
108	999
109	477
109	688
109	980
109	985
110	680
110	765
110	854
110	974
111	448
111	550
111	735
111	837
112	524
112	623
112	629
112	802
113	921
113	934
113	957
113	986
114	943
114	982
114	990
114	992
115	955
115	965
115	989
115	996
116	258
116	311
116	881
116	898
117	819
117	896
117	950
117	973
118	166
118	607
118	881
118	898
119	320
119	641
119	758
119	874
120	509
120	613
120	723
120	837
121	983
121	987
121	998
121	999
122	684
122	896
122	960
122	973
123	463
123	614
123	659
123	901
124	172
124	612
124	845
124	874
125	627
125	669
125	882
125	904
126	931
126	968
126	971
126	996
127	984
127	987
127	998
127	999
128	859
128	913
128	922
128	952
129	500
129	519
129	785
129	803
130	710
130	767
130	897
130	979
131	13
131	793
131	826
131	852
132	160
132	810
132	820
132	907
133	731
133	946
133	948
133	961
134	965
134	967
134	969
134	976
135	635
135	788
135	850
135	916
136	353
136	710
136	897
136	979
137	722
137	931
137	968
137	971
138	907
138	960
138	973
138	975
139	367
139	402
139	825
139	910
140	939
140	953
140	963
140	1000
141	908
141	946
141	948
141	961
142	890
142	899
142	933
142	974
143	147
143	885
143	957
143	986
144	51
144	272
144	432
144	856
145	831
145	863
145	931
145	971
146	511
146	575
146	980
146	985
147	143
147	957
147	986
147	992
148	911
148	938
148	943
148	952
149	310
149	332
149	760
149	905
150	762
150	774
150	881
150	898
151	954
151	982
151	990
151	992
152	154
152	316
152	848
152	879
153	847
153	895
153	968
153	971
154	152
154	537
154	824
154	906
155	346
155	821
155	924
155	949
156	913
156	922
156	938
156	952
157	770
157	929
157	959
157	983
158	319
158	743
158	791
158	824
159	853
159	950
159	973
159	975
160	132
160	713
160	871
160	918
161	962
161	969
161	976
161	996
162	926
162	981
162	998
162	999
163	211
163	600
163	817
163	898
164	964
164	977
164	989
164	996
165	531
165	637
165	917
165	960
166	118
166	790
166	817
166	898
167	542
167	848
167	880
167	906
168	688
168	941
168	980
168	985
169	695
169	813
169	831
169	971
170	703
170	959
170	980
170	985
171	89
171	775
171	949
171	961
172	124
172	382
172	800
172	874
173	661
173	723
173	730
173	735
174	965
174	967
174	969
174	996
175	244
175	469
175	738
175	823
176	1
176	682
176	887
176	910
177	589
177	951
177	966
177	986
178	657
178	682
178	780
178	910
179	981
179	984
179	998
179	999
180	993
180	994
180	995
180	997
181	745
181	820
181	907
181	918
182	759
182	981
182	998
182	999
183	700
183	712
183	796
183	905
184	215
184	423
184	778
184	926
185	363
185	862
185	938
185	952
186	720
186	895
186	912
186	971
187	869
187	920
187	940
187	1000
188	289
188	824
188	970
188	1000
189	308
189	754
189	854
189	974
190	463
190	862
190	922
190	952
191	835
191	917
191	936
191	1000
192	721
192	788
192	850
192	916
193	978
193	988
193	990
193	992
194	819
194	877
194	973
194	975
195	326
195	435
195	765
195	974
196	436
196	821
196	901
196	924
197	958
197	966
197	994
197	997
198	249
198	854
198	933
198	974
199	836
199	987
199	998
199	999
200	8
200	883
200	939
200	970
201	301
201	785
201	803
201	993
202	507
202	704
202	785
202	803
203	504
203	645
203	897
203	979
204	780
204	825
204	887
204	910
205	770
205	864
205	929
205	980
206	597
206	991
206	993
206	995
207	890
207	899
207	933
207	974
208	832
208	991
208	993
208	995
209	978
209	988
209	990
209	992
210	914
210	957
210	959
210	980
211	163
211	324
211	731
211	898
212	415
212	838
212	940
212	942
213	280
213	744
213	748
213	778
214	788
214	805
214	916
214	982
215	184
215	459
215	650
215	748
216	566
216	984
216	998
216	999
217	813
217	919
217	931
217	968
218	260
218	948
218	949
218	961
219	809
219	868
219	884
219	891
220	827
220	873
220	909
220	915
221	700
221	796
221	826
221	905
222	330
222	565
222	756
222	956
223	529
223	669
223	882
223	904
224	359
224	528
224	618
224	933
225	858
225	911
225	938
225	952
226	914
226	929
226	980
226	985
227	750
227	800
227	845
227	874
228	668
228	772
228	897
228	979
229	558
229	851
229	957
229	986
230	772
230	855
230	971
230	979
231	462
231	644
231	738
231	856
232	811
232	882
232	904
232	970
233	365
233	661
233	723
233	730
233	837
234	876
234	946
234	948
234	949
234	961
235	5
235	487
235	644
235	823
235	856
236	933
236	964
236	977
236	989
236	996
237	732
237	783
237	914
237	980
237	985
238	677
238	818
238	854
238	933
238	974
239	840
239	885
239	921
239	951
239	986
240	546
240	604
240	782
240	912
240	917
241	315
241	407
241	476
241	608
241	891
242	411
242	614
242	659
242	766
242	993
243	831
243	847
243	895
243	931
243	971
244	175
244	256
244	644
244	738
244	823
245	859
245	862
245	922
245	938
245	952
246	382
246	738
246	758
246	845
246	874
247	494
247	790
247	817
247	881
247	898
248	966
248	991
248	994
248	995
248	997
249	198
249	828
249	937
249	949
249	961
250	773
250	831
250	941
250	959
250	980
251	428
251	929
251	941
251	959
251	985
252	847
252	863
252	931
252	971
252	987
253	954
253	978
253	988
253	990
253	992
254	47
254	645
254	753
254	855
254	979
255	939
255	991
255	993
255	994
255	997
256	51
256	86
256	244
256	856
256	965
257	387
257	428
257	724
257	789
257	830
258	116
258	622
258	694
258	867
258	917
259	491
259	758
259	800
259	845
259	874
260	218
260	983
260	984
260	998
260	999
261	962
261	967
261	977
261	989
261	996
262	52
262	563
262	870
262	879
262	906
263	310
263	332
263	553
263	926
263	959
264	338
264	565
264	646
264	846
264	956
265	862
265	913
265	922
265	938
265	952
266	978
266	982
266	990
266	992
266	998
267	832
267	838
267	923
267	940
267	942
268	972
268	981
268	983
268	987
268	999
269	450
269	498
269	523
269	897
269	979
270	841
270	944
270	993
270	994
270	997
271	894
271	962
271	977
271	989
271	996
272	144
272	432
272	738
272	856
272	951
273	608
273	740
273	861
273	868
273	891
274	978
274	982
274	988
274	990
274	992
275	288
275	557
275	692
275	830
275	889
276	642
276	768
276	899
276	917
276	974
277	423
277	553
277	580
277	926
277	974
278	838
278	869
278	920
278	940
278	942
279	2
279	577
279	726
279	791
279	848
280	213
280	490
280	763
280	968
280	971
281	321
281	492
281	662
281	669
281	904
282	785
282	937
282	946
282	949
282	961
283	727
283	768
283	899
283	933
283	974
284	646
284	663
284	726
284	848
284	906
285	832
285	869
285	920
285	940
285	942
286	717
286	982
286	988
286	990
286	992
287	945
287	966
287	993
287	995
287	997
288	275
288	327
288	584
288	724
288	966
289	188
289	883
289	963
289	970
289	1000
290	651
290	849
290	873
290	909
290	915
291	798
291	950
291	960
291	973
291	975
292	558
292	885
292	951
292	957
292	986
293	707
293	964
293	976
293	989
293	996
294	894
294	947
294	960
294	973
294	975
295	625
295	782
295	801
295	912
295	917
296	636
296	692
296	724
296	789
296	830
297	978
297	982
297	988
297	990
297	992
298	398
298	427
298	615
298	686
298	845
299	432
299	447
299	644
299	823
299	856
300	540
300	765
300	818
300	933
300	974
301	201
301	369
301	507
301	685
301	785
302	860
302	914
302	941
302	980
302	985
303	404
303	610
303	756
303	757
303	956
304	313
304	659
304	691
304	766
304	901
305	978
305	982
305	988
305	990
305	992
306	330
306	502
306	699
306	757
306	956
307	419
307	853
307	950
307	960
307	973
308	189
308	818
308	890
308	899
308	974
309	949
309	978
309	982
309	988
309	992
310	80
310	149
310	263
310	580
310	926
311	116
311	581
311	762
311	881
311	898
312	445
312	504
312	710
312	893
312	979
313	304
313	411
313	434
313	498
313	609
314	669
314	967
314	976
314	977
314	996
315	241
315	777
315	861
315	868
315	891
316	152
316	663
316	715
316	791
316	880
317	425
317	632
317	847
317	968
317	971
318	894
318	991
318	994
318	995
318	997
319	158
319	750
319	848
319	879
319	906
320	119
320	615
320	800
320	874
320	952
321	281
321	654
321	739
321	882
321	904
322	446
322	692
322	789
322	797
322	830
323	827
323	873
323	909
323	915
323	920
324	211
324	546
324	867
324	912
324	917
325	774
325	936
325	953
325	963
325	1000
326	195
326	742
326	941
326	959
326	985
327	97
327	288
327	692
327	724
327	830
328	419
328	509
328	547
328	683
328	837
329	69
329	105
329	687
329	778
329	926
330	222
330	306
330	404
330	530
330	956
331	677
331	765
331	768
331	933
331	974
332	149
332	263
332	578
332	687
332	926
333	350
333	473
333	699
333	846
333	956
334	978
334	982
334	988
334	990
334	992
335	71
335	627
335	757
335	846
335	956
336	514
336	601
336	740
336	884
336	891
337	95
337	712
337	852
337	892
337	905
338	264
338	967
338	969
338	989
338	996
339	877
339	993
339	994
339	995
339	997
340	420
340	886
340	920
340	940
340	942
341	663
341	791
341	848
341	849
341	879
342	734
342	819
342	894
342	973
342	975
343	885
343	951
343	957
343	981
343	986
344	52
344	708
344	902
344	960
344	975
345	978
345	982
345	988
345	990
345	992
346	3
346	7
346	46
346	155
346	901
347	709
347	788
347	805
347	850
347	916
348	805
348	843
348	850
348	916
348	972
349	982
349	988
349	990
349	992
349	994
350	333
350	586
350	648
350	757
350	956
351	773
351	860
351	959
351	980
351	985
352	628
352	690
352	831
352	887
352	910
353	94
353	136
353	855
353	893
353	979
354	569
354	832
354	838
354	920
354	984
355	752
355	885
355	951
355	957
355	986
356	752
356	836
356	921
356	951
356	986
357	737
357	776
357	819
357	960
357	975
358	576
358	759
358	937
358	949
358	961
359	224
359	836
359	934
359	971
359	986
360	4
360	682
360	712
360	780
360	887
361	397
361	680
361	890
361	933
361	974
362	17
362	754
362	771
362	882
362	904
363	185
363	945
363	991
363	994
363	997
364	31
364	668
364	767
364	772
364	979
365	233
365	448
365	562
365	723
365	837
366	720
366	812
366	919
366	968
366	971
367	139
367	657
367	690
367	887
367	910
368	776
368	838
368	920
368	940
368	942
369	301
369	545
369	629
369	685
369	704
370	739
370	921
370	951
370	957
370	986
371	698
371	806
371	815
371	873
371	916
372	740
372	861
372	868
372	884
372	891
373	654
373	662
373	754
373	882
373	904
374	573
374	765
374	854
374	933
374	974
375	593
375	859
375	922
375	938
375	952
376	667
376	717
376	921
376	951
376	986
377	964
377	967
377	976
377	977
377	989
378	27
378	978
378	982
378	988
378	990
378	992
379	465
379	679
379	855
379	893
379	964
379	979
380	713
380	955
380	962
380	964
380	967
380	996
381	663
381	824
381	848
381	870
381	880
381	906
382	172
382	246
382	615
382	845
382	874
382	878
383	893
383	981
383	983
383	984
383	998
383	999
384	59
384	806
384	849
384	873
384	909
384	915
385	35
385	413
385	652
385	757
385	846
385	956
386	654
386	754
386	771
386	882
386	904
386	963
387	257
387	453
387	557
387	617
387	789
387	952
388	838
388	869
388	920
388	940
388	942
388	975
389	410
389	796
389	826
389	852
389	875
389	905
390	863
390	895
390	919
390	968
390	971
390	976
391	533
391	658
391	936
391	953
391	970
391	1000
392	490
392	558
392	752
392	934
392	951
392	986
393	625
393	945
393	991
393	994
393	995
393	997
394	681
394	854
394	868
394	890
394	933
394	974
395	762
395	774
395	790
395	881
395	898
395	962
396	621
396	802
396	932
396	947
396	953
396	1000
397	361
397	411
397	567
397	614
397	821
397	924
398	298
398	641
398	758
398	800
398	845
398	874
399	450
399	504
399	526
399	855
399	897
399	979
400	442
400	659
400	670
400	691
400	901
400	924
401	417
401	445
401	712
401	826
401	905
401	996
402	139
402	570
402	686
402	825
402	887
402	910
403	495
403	498
403	567
403	658
403	901
403	924
404	303
404	330
404	699
404	756
404	846
404	956
405	85
405	853
405	896
405	950
405	973
405	975
406	954
406	978
406	982
406	988
406	990
406	992
407	241
407	443
407	834
407	861
407	884
407	891
408	878
408	889
408	947
408	963
408	970
408	1000
409	764
409	944
409	993
409	994
409	995
409	997
410	389
410	753
410	796
410	826
410	852
410	905
411	242
411	313
411	397
411	659
411	821
411	901
412	9
412	546
412	867
412	912
412	917
412	962
413	35
413	71
413	385
413	648
413	956
413	999
414	540
414	563
414	890
414	899
414	933
414	974
415	64
415	212
415	832
415	869
415	920
415	940
416	955
416	965
416	969
416	976
416	977
416	996
417	401
417	753
417	793
417	826
417	852
417	905
418	558
418	717
418	934
418	951
418	957
418	986
419	307
419	328
419	481
419	683
419	730
419	735
420	340
420	660
420	838
420	869
420	920
420	942
421	697
421	750
421	824
421	870
421	879
421	911
422	719
422	755
422	807
422	876
422	937
422	988
423	184
423	277
423	744
423	748
423	832
423	926
424	725
424	914
424	959
424	980
424	985
424	990
425	317
425	700
425	753
425	796
425	852
425	905
426	954
426	978
426	982
426	988
426	990
426	992
427	10
427	298
427	491
427	800
427	845
427	874
428	251
428	257
428	688
428	781
428	929
428	985
429	69
429	744
429	748
429	778
429	795
429	926
430	966
430	986
430	991
430	993
430	994
430	997
431	545
431	620
431	685
431	704
431	785
431	977
432	144
432	272
432	299
432	462
432	469
432	823
433	50
433	761
433	806
433	815
433	827
433	909
434	313
434	495
434	498
434	655
434	888
434	924
435	195
435	677
435	768
435	886
435	933
435	974
436	2
436	22
436	196
436	567
436	766
436	821
437	543
437	678
437	840
437	934
437	951
437	986
438	878
438	886
438	936
438	953
438	963
438	1000
439	574
439	687
439	744
439	748
439	760
439	926
440	530
440	648
440	699
440	756
440	846
440	956
441	858
441	911
441	913
441	922
441	938
441	952
442	400
442	981
442	983
442	984
442	998
442	999
443	407
443	514
443	608
443	868
443	884
443	891
444	932
444	936
444	947
444	963
444	970
444	1000
445	312
445	401
445	512
445	700
445	753
445	905
446	322
446	584
446	617
446	724
446	830
446	979
447	299
447	504
447	644
447	738
447	823
447	856
448	111
448	365
448	464
448	481
448	735
448	994
449	966
449	991
449	993
449	994
449	995
449	997
450	269
450	399
450	521
450	739
450	893
450	979
451	962
451	965
451	969
451	976
451	989
451	996
452	507
452	620
452	623
452	785
452	803
452	977
453	29
453	387
453	584
453	617
453	716
453	789
454	943
454	991
454	993
454	994
454	995
454	997
455	972
455	983
455	984
455	987
455	998
455	999
456	528
456	885
456	934
456	951
456	957
456	986
457	666
457	707
457	843
457	850
457	916
457	919
458	828
458	937
458	946
458	948
458	949
458	961
459	215
459	478
459	567
459	650
459	778
459	926
460	669
460	739
460	754
460	811
460	882
460	904
461	740
461	861
461	868
461	884
461	891
461	926
462	51
462	231
462	432
462	469
462	823
462	862
463	123
463	190
463	573
463	691
463	901
463	924
464	99
464	448
464	509
464	735
464	837
464	988
465	379
465	630
465	767
465	855
465	897
465	979
466	981
466	983
466	984
466	987
466	995
466	999
467	658
467	871
467	932
467	953
467	963
467	1000
468	693
468	790
468	817
468	881
468	898
468	907
469	175
469	432
469	462
469	584
469	738
469	856
470	681
470	983
470	984
470	987
470	998
470	999
471	666
471	675
471	707
471	721
471	843
471	916
472	733
472	782
472	801
472	867
472	912
472	917
473	333
473	565
473	610
473	756
473	846
473	956
474	577
474	743
474	816
474	824
474	870
474	880
475	962
475	965
475	967
475	969
475	989
475	996
476	241
476	608
476	861
476	868
476	884
476	891
477	109
477	896
477	902
477	950
477	960
477	975
478	105
478	459
478	580
478	778
478	844
478	926
479	728
479	777
479	787
479	878
479	939
479	970
480	954
480	978
480	982
480	988
480	990
480	992
481	419
481	448
481	509
481	583
481	730
481	837
482	601
482	639
482	820
482	861
482	868
482	884
483	818
483	828
483	937
483	946
483	948
483	961
484	972
484	981
484	983
484	984
484	987
484	998
485	670
485	851
485	885
485	934
485	957
485	986
486	755
486	876
486	937
486	946
486	948
486	949
486	961
487	26
487	235
487	644
487	738
487	823
487	856
487	962
488	759
488	807
488	876
488	937
488	946
488	948
488	949
489	763
489	807
489	863
489	895
489	931
489	968
489	971
490	280
490	392
490	895
490	919
490	931
490	968
490	971
491	259
491	427
491	615
491	617
491	641
491	800
491	845
492	48
492	281
492	538
492	739
492	754
492	811
492	853
493	928
493	962
493	964
493	965
493	977
493	989
493	996
494	247
494	731
494	762
494	774
494	881
494	898
494	927
495	22
495	403
495	434
495	573
495	607
495	655
495	924
496	804
496	858
496	911
496	913
496	922
496	938
496	952
497	77
497	707
497	788
497	805
497	843
497	850
497	916
498	269
498	313
498	403
498	434
498	766
498	821
498	924
499	862
499	911
499	913
499	922
499	938
499	952
499	987
500	129
500	524
500	623
500	629
500	654
500	785
500	803
501	789
501	962
501	964
501	969
501	976
501	977
501	989
502	306
502	646
502	699
502	756
502	846
502	956
502	974
503	548
503	732
503	795
503	860
503	929
503	959
503	985
504	203
504	312
504	399
504	447
504	855
504	897
504	979
505	513
505	932
505	936
505	953
505	963
505	970
505	1000
506	850
506	962
506	964
506	969
506	976
506	977
506	989
507	202
507	301
507	452
507	629
507	685
507	704
507	803
508	962
508	964
508	976
508	977
508	980
508	989
508	996
509	120
509	328
509	464
509	481
509	735
509	837
509	932
510	693
510	731
510	774
510	790
510	817
510	881
510	898
511	146
511	512
511	712
511	793
511	796
511	852
511	905
512	445
512	511
512	700
512	826
512	852
512	905
512	976
513	505
513	866
513	945
513	966
513	991
513	995
513	997
514	336
514	443
514	740
514	861
514	868
514	884
514	990
515	579
515	649
515	698
515	756
515	815
515	827
515	909
516	819
516	902
516	950
516	960
516	973
516	975
516	991
517	528
517	716
517	805
517	840
517	921
517	934
517	986
518	635
518	851
518	885
518	921
518	934
518	951
518	974
519	17
519	129
519	739
519	771
519	811
519	882
519	904
520	575
520	640
520	914
520	929
520	941
520	980
520	985
521	74
521	450
521	528
521	722
521	855
521	893
521	979
522	561
522	584
522	636
522	692
522	724
522	830
522	883
523	269
523	618
523	679
523	722
523	772
523	893
523	979
524	112
524	500
524	623
524	704
524	785
524	803
524	817
525	777
525	875
525	921
525	932
525	947
525	953
525	1000
526	399
526	613
526	645
526	684
526	767
526	893
526	979
527	23
527	768
527	776
527	869
527	920
527	940
527	942
528	224
528	456
528	517
528	521
528	934
528	957
528	986
529	83
529	223
529	536
529	813
529	831
529	919
529	971
530	330
530	440
530	586
530	610
530	846
530	882
530	956
531	165
531	604
531	625
531	760
531	782
531	867
531	912
532	784
532	810
532	820
532	844
532	871
532	907
532	918
533	391
533	680
533	681
533	854
533	899
533	933
533	974
534	714
534	742
534	929
534	941
534	959
534	980
534	985
535	944
535	966
535	991
535	993
535	994
535	995
535	997
536	529
536	632
536	701
536	704
536	863
536	919
536	968
537	154
537	726
537	791
537	870
537	879
537	880
537	968
538	34
538	492
538	771
538	811
538	882
538	898
538	904
539	720
539	813
539	831
539	847
539	895
539	968
539	971
540	300
540	414
540	620
540	677
540	899
540	933
540	974
541	651
541	714
541	806
541	827
541	873
541	909
541	915
542	52
542	167
542	577
542	697
542	750
542	824
542	880
543	437
543	851
543	883
543	934
543	951
543	957
543	986
544	954
544	968
544	978
544	982
544	988
544	990
544	992
545	39
545	103
545	369
545	431
545	623
545	685
545	803
546	240
546	324
546	412
546	813
546	867
546	912
546	917
547	328
547	858
547	859
547	911
547	913
547	938
547	952
548	503
548	725
548	737
548	773
548	929
548	980
548	985
549	819
549	853
549	884
549	896
549	950
549	973
549	975
550	111
550	661
550	723
550	730
550	735
550	837
550	934
551	784
551	823
551	834
551	844
551	871
551	907
551	918
552	858
552	859
552	911
552	913
552	922
552	938
552	952
553	62
553	84
553	263
553	277
553	687
553	744
553	926
554	559
554	761
554	806
554	815
554	849
554	909
554	915
555	745
555	834
555	839
555	844
555	871
555	907
555	918
556	810
556	853
556	902
556	950
556	960
556	973
556	975
557	275
557	387
557	561
557	617
557	636
557	789
557	830
558	229
558	292
558	392
558	418
558	840
558	957
558	986
559	554
559	609
559	806
559	849
559	873
559	915
559	972
560	775
560	876
560	937
560	946
560	948
560	954
560	961
561	29
561	522
561	557
561	617
561	636
561	789
561	830
562	365
562	579
562	651
562	806
562	849
562	873
562	915
563	262
563	414
563	726
563	750
563	824
563	879
563	880
563	906
564	859
564	935
564	954
564	978
564	982
564	988
564	990
564	992
565	222
565	264
565	473
565	586
565	646
565	756
565	788
565	956
566	216
566	775
566	876
566	937
566	946
566	948
566	949
566	961
567	397
567	403
567	436
567	459
567	691
567	821
567	901
567	924
568	885
568	943
568	966
568	991
568	993
568	994
568	995
568	997
569	354
569	665
569	776
569	838
569	920
569	940
569	942
569	980
570	402
570	599
570	628
570	657
570	686
570	780
570	887
570	945
571	31
571	94
571	668
571	722
571	772
571	857
571	893
571	979
572	899
572	972
572	981
572	983
572	984
572	987
572	998
572	999
573	374
573	463
573	495
573	614
573	659
573	670
573	901
573	924
574	439
574	784
574	810
574	822
574	834
574	844
574	907
574	918
575	27
575	146
575	520
575	929
575	941
575	959
575	980
575	985
576	358
576	759
576	852
576	937
576	946
576	948
576	949
576	961
577	279
577	474
577	542
577	578
577	791
577	870
577	879
577	906
578	332
578	577
578	616
578	715
578	726
578	824
578	880
578	906
579	515
579	562
579	649
579	761
579	873
579	909
579	915
579	948
580	277
580	310
580	478
580	650
580	744
580	760
580	860
580	926
581	311
581	693
581	731
581	790
581	809
581	817
581	881
581	898
582	781
582	795
582	860
582	941
582	959
582	980
582	985
582	997
583	481
583	944
583	966
583	991
583	993
583	994
583	995
583	997
584	288
584	446
584	453
584	469
584	522
584	692
584	724
584	789
585	46
585	702
585	894
585	896
585	950
585	960
585	973
585	975
586	350
586	530
586	565
586	599
586	699
586	757
586	846
586	956
587	680
587	858
587	859
587	911
587	913
587	922
587	938
587	952
588	858
588	862
588	911
588	913
588	922
588	928
588	938
588	952
589	177
589	716
589	836
589	921
589	934
589	951
589	957
589	986
590	696
590	742
590	770
590	929
590	941
590	959
590	980
590	985
591	622
591	688
591	751
591	782
591	801
591	867
591	912
591	917
592	969
592	972
592	981
592	983
592	984
592	987
592	998
592	999
593	64
593	375
593	628
593	682
593	690
593	825
593	887
593	910
594	899
594	943
594	944
594	966
594	993
594	994
594	995
594	997
595	958
595	972
595	981
595	983
595	984
595	987
595	998
595	999
596	930
596	935
596	954
596	978
596	982
596	988
596	990
596	992
597	206
597	972
597	981
597	983
597	984
597	987
597	998
597	999
598	930
598	935
598	954
598	978
598	982
598	988
598	990
598	992
599	570
599	586
599	657
599	682
599	686
599	825
599	887
599	910
600	163
600	965
600	967
600	969
600	976
600	977
600	989
600	996
601	336
601	482
601	639
601	641
601	861
601	868
601	884
601	891
602	825
602	944
602	945
602	991
602	993
602	994
602	995
602	997
603	6
603	708
603	853
603	894
603	950
603	960
603	973
603	975
604	240
604	531
604	694
604	732
604	733
604	801
604	912
604	917
605	702
605	723
605	896
605	902
605	950
605	960
605	973
605	975
606	637
606	694
606	727
606	733
606	751
606	801
606	912
606	917
607	118
607	495
607	693
607	762
607	774
607	790
607	817
607	881
608	241
608	273
608	443
608	476
608	639
608	740
608	861
608	891
609	313
609	559
609	815
609	827
609	849
609	873
609	909
609	915
610	81
610	303
610	473
610	530
610	627
610	756
610	757
610	956
611	943
611	966
611	988
611	991
611	993
611	994
611	995
611	997
612	124
612	943
612	966
612	991
612	993
612	994
612	995
612	997
613	120
613	526
613	679
613	710
613	722
613	855
613	897
613	979
614	65
614	123
614	242
614	397
614	573
614	655
614	901
614	924
615	298
615	320
615	382
615	491
615	641
615	800
615	845
615	874
616	82
616	578
616	726
616	743
616	870
616	880
616	906
616	997
617	387
617	446
617	453
617	491
617	557
617	561
617	789
617	830
618	224
618	523
618	717
618	851
618	921
618	934
618	951
618	957
619	878
619	888
619	903
619	932
619	939
619	953
619	973
619	1000
620	431
620	452
620	540
620	629
620	685
620	704
620	785
620	803
621	396
621	958
621	972
621	981
621	983
621	984
621	987
621	998
621	999
622	258
622	591
622	733
622	751
622	782
622	846
622	867
622	912
622	917
623	112
623	452
623	500
623	524
623	545
623	685
623	704
623	803
623	979
624	955
624	962
624	964
624	965
624	969
624	976
624	977
624	989
624	996
625	295
625	393
625	531
625	751
625	782
625	801
625	867
625	912
625	917
626	633
626	745
626	822
626	834
626	844
626	871
626	907
626	913
626	918
627	71
627	81
627	125
627	335
627	610
627	648
627	756
627	846
627	956
628	352
628	570
628	593
628	686
628	780
628	825
628	887
628	910
628	999
629	112
629	369
629	500
629	507
629	620
629	685
629	704
629	785
629	991
630	465
630	720
630	812
630	863
630	895
630	919
630	931
630	968
630	971
631	799
631	943
631	945
631	966
631	991
631	993
631	994
631	995
631	997
632	55
632	317
632	536
632	794
632	813
632	895
632	931
632	968
632	971
633	626
633	764
633	810
633	822
633	834
633	871
633	907
633	918
633	974
634	11
634	108
634	812
634	847
634	863
634	919
634	931
634	968
634	971
635	135
635	518
635	836
635	851
635	885
635	934
635	951
635	957
635	986
636	29
636	97
636	296
636	522
636	557
636	561
636	724
636	789
636	897
637	165
637	606
637	721
637	733
637	751
637	801
637	867
637	912
637	917
638	800
638	943
638	944
638	945
638	991
638	993
638	994
638	995
638	997
639	33
639	54
639	482
639	601
639	608
639	861
639	868
639	884
639	891
640	520
640	714
640	828
640	860
640	929
640	941
640	959
640	980
640	985
641	119
641	398
641	491
641	601
641	615
641	758
641	800
641	845
641	874
642	276
642	643
642	727
642	818
642	854
642	890
642	893
642	933
642	974
643	642
643	681
643	765
643	768
643	818
643	890
643	899
643	925
643	974
644	231
644	235
644	244
644	299
644	447
644	487
644	801
644	823
644	856
645	203
645	254
645	526
645	679
645	767
645	858
645	893
645	897
645	979
646	264
646	284
646	502
646	565
646	648
646	699
646	756
646	757
646	956
647	775
647	807
647	828
647	937
647	946
647	948
647	949
647	950
647	961
648	350
648	413
648	440
648	627
648	646
648	757
648	846
648	956
648	961
649	515
649	579
649	651
649	761
649	849
649	872
649	873
649	909
649	915
650	215
650	459
650	580
650	687
650	748
650	751
650	760
650	778
650	926
651	290
651	541
651	562
651	649
651	827
651	849
651	902
651	909
651	915
652	385
652	883
652	888
652	903
652	939
652	947
652	963
652	970
652	1000
653	677
653	727
653	768
653	818
653	851
653	890
653	899
653	933
653	974
654	321
654	373
654	386
654	500
654	662
654	754
654	771
654	882
654	904
655	2
655	3
655	30
655	434
655	495
655	614
655	843
655	901
655	924
656	955
656	964
656	965
656	967
656	969
656	976
656	977
656	989
656	996
657	178
657	367
657	570
657	599
657	690
657	825
657	887
657	910
657	933
658	53
658	391
658	403
658	467
658	886
658	932
658	947
658	963
658	1000
659	123
659	242
659	304
659	400
659	411
659	573
659	821
659	901
659	924
660	420
660	776
660	832
660	838
660	869
660	920
660	940
660	942
660	956
661	89
661	173
661	233
661	550
661	683
661	723
661	730
661	837
661	989
662	281
662	373
662	654
662	668
662	669
662	754
662	811
662	882
662	904
663	82
663	284
663	316
663	341
663	381
663	726
663	750
663	822
663	870
664	34
664	962
664	964
664	965
664	967
664	969
664	977
664	989
664	996
665	569
665	776
665	832
665	838
665	869
665	920
665	940
665	942
665	975
666	457
666	471
666	709
666	721
666	805
666	843
666	847
666	850
666	916
667	376
667	835
667	886
667	888
667	936
667	939
667	947
667	953
667	970
667	1000
668	228
668	364
668	571
668	662
668	710
668	722
668	767
668	772
668	855
668	979
669	125
669	223
669	281
669	314
669	460
669	662
669	739
669	771
669	882
669	904
670	22
670	46
670	65
670	400
670	485
670	573
670	766
670	821
670	901
670	924
671	835
671	878
671	889
671	924
671	932
671	939
671	947
671	963
671	970
671	1000
672	735
672	928
672	930
672	935
672	954
672	978
672	982
672	988
672	990
672	992
673	896
673	927
673	958
673	972
673	981
673	983
673	984
673	987
673	998
673	999
674	835
674	878
674	883
674	889
674	932
674	935
674	947
674	963
674	970
674	1000
675	77
675	471
675	707
675	709
675	788
675	805
675	843
675	850
675	916
675	957
676	737
676	746
676	853
676	894
676	902
676	950
676	959
676	960
676	973
676	975
677	238
677	331
677	435
677	540
677	653
677	768
677	808
677	818
677	899
677	933
678	437
678	928
678	930
678	935
678	954
678	978
678	982
678	988
678	990
678	992
679	379
679	523
679	613
679	645
679	722
679	767
679	855
679	893
679	905
679	979
680	110
680	361
680	533
680	587
680	727
680	765
680	818
680	890
680	899
680	974
681	394
681	470
681	533
681	643
681	727
681	854
681	890
681	899
681	933
681	974
682	176
682	178
682	360
682	593
682	599
682	708
682	780
682	825
682	887
682	910
683	89
683	99
683	328
683	419
683	661
683	723
683	730
683	735
683	837
683	935
684	122
684	526
684	702
684	746
684	894
684	896
684	950
684	960
684	973
684	975
685	103
685	301
685	369
685	431
685	507
685	545
685	620
685	623
685	629
685	803
686	64
686	88
686	298
686	402
686	570
686	599
686	628
686	780
686	825
686	910
687	84
687	105
687	329
687	332
687	439
687	553
687	650
687	746
687	748
687	926
688	109
688	168
688	428
688	591
688	860
688	929
688	941
688	959
688	980
688	985
689	769
689	955
689	962
689	964
689	967
689	969
689	976
689	977
689	989
689	996
690	1
690	4
690	102
690	352
690	367
690	593
690	657
690	783
690	887
690	910
691	30
691	72
691	304
691	400
691	463
691	567
691	762
691	766
691	901
691	924
692	97
692	275
692	296
692	322
692	327
692	522
692	584
692	789
692	830
692	955
693	468
693	510
693	581
693	607
693	774
693	790
693	817
693	871
693	881
693	898
694	258
694	604
694	606
694	751
694	782
694	787
694	801
694	867
694	912
694	917
695	169
695	763
695	794
695	812
695	813
695	863
695	919
695	931
695	968
695	971
696	590
696	927
696	958
696	972
696	981
696	983
696	984
696	987
696	998
696	999
697	65
697	421
697	542
697	743
697	791
697	824
697	870
697	879
697	880
697	906
698	59
698	371
698	515
698	806
698	815
698	827
698	849
698	873
698	912
698	915
699	306
699	333
699	404
699	440
699	502
699	586
699	646
699	757
699	956
699	959
700	183
700	221
700	425
700	445
700	512
700	712
700	796
700	826
700	905
700	947
701	536
701	720
701	847
701	863
701	887
701	895
701	919
701	931
701	968
701	971
702	8
702	585
702	605
702	684
702	746
702	894
702	902
702	966
702	973
702	975
703	170
703	955
703	962
703	964
703	965
703	967
703	969
703	976
703	977
703	989
703	996
704	103
704	202
704	369
704	431
704	507
704	524
704	536
704	620
704	623
704	629
704	803
705	925
705	927
705	936
705	958
705	972
705	981
705	983
705	984
705	987
705	998
705	999
706	737
706	746
706	757
706	819
706	894
706	896
706	902
706	950
706	960
706	973
706	975
707	293
707	457
707	471
707	497
707	675
707	709
707	721
707	788
707	805
707	843
707	916
708	344
708	603
708	682
708	853
708	894
708	896
708	902
708	950
708	960
708	973
708	975
709	16
709	77
709	347
709	666
709	675
709	707
709	752
709	788
709	843
709	850
709	916
710	130
710	136
710	312
710	613
710	668
710	767
710	772
710	881
710	893
710	897
710	979
711	718
711	858
711	859
711	862
711	911
711	913
711	922
711	938
711	952
711	987
712	183
712	337
712	360
712	401
712	511
712	700
712	753
712	793
712	826
712	852
712	905
713	56
713	160
713	380
713	745
713	810
713	820
713	822
713	844
713	871
713	907
713	918
714	534
714	541
714	640
714	732
714	783
714	795
714	914
714	941
714	959
714	980
714	985
715	316
715	578
715	726
715	743
715	750
715	848
715	870
715	879
715	880
715	906
715	918
716	40
716	453
716	517
716	589
716	752
716	885
716	921
716	934
716	951
716	957
716	986
717	286
717	376
717	418
717	618
717	836
717	840
717	921
717	934
717	951
717	957
717	986
718	711
718	736
718	858
718	859
718	862
718	910
718	911
718	913
718	922
718	938
718	952
719	422
719	755
719	759
719	828
719	876
719	927
719	937
719	946
719	948
719	949
719	961
720	186
720	366
720	539
720	630
720	701
720	826
720	895
720	919
720	931
720	968
720	971
721	66
721	192
721	471
721	637
721	666
721	707
721	788
721	805
721	843
721	850
721	916
722	137
722	521
722	523
722	571
722	613
722	668
722	679
722	767
722	772
722	893
722	979
723	99
723	120
723	173
723	233
723	365
723	550
723	605
723	661
723	683
723	730
723	735
724	257
724	288
724	296
724	327
724	446
724	522
724	584
724	636
724	789
724	830
724	997
725	424
725	548
725	781
725	852
725	860
725	914
725	929
725	941
725	959
725	980
725	985
726	279
726	284
726	537
726	563
726	578
726	616
726	663
726	715
726	803
726	879
726	906
727	283
727	606
727	642
727	653
727	680
727	681
727	818
727	854
727	890
727	933
727	974
728	479
728	730
728	777
728	779
728	786
728	888
728	939
728	953
728	963
728	970
728	1000
729	851
729	925
729	927
729	958
729	972
729	981
729	983
729	984
729	987
729	998
729	999
730	99
730	173
730	233
730	419
730	481
730	550
730	661
730	683
730	723
730	728
730	837
731	133
731	211
731	494
731	510
731	581
731	762
731	774
731	790
731	817
731	881
731	898
732	237
732	503
732	604
732	714
732	770
732	783
732	914
732	941
732	959
732	980
732	985
733	472
733	604
733	606
733	622
733	637
733	751
733	801
733	829
733	867
733	912
733	917
734	342
734	865
734	877
734	943
734	944
734	945
734	966
734	991
734	993
734	994
734	995
734	997
735	111
735	173
735	419
735	448
735	464
735	509
735	550
735	672
735	683
735	723
735	837
735	936
736	718
736	857
736	925
736	927
736	958
736	972
736	981
736	983
736	984
736	987
736	998
736	999
737	357
737	548
737	676
737	706
737	746
737	819
737	894
737	896
737	950
737	960
737	973
737	975
738	26
738	86
738	175
738	231
738	244
738	246
738	272
738	447
738	469
738	487
738	823
738	856
739	321
739	370
739	450
739	460
739	492
739	519
739	669
739	754
739	771
739	811
739	882
739	904
740	67
740	273
740	336
740	372
740	461
740	514
740	608
740	861
740	868
740	884
740	891
740	915
741	864
741	865
741	924
741	943
741	944
741	945
741	966
741	991
741	993
741	994
741	995
741	997
742	326
742	534
742	590
742	795
742	860
742	914
742	929
742	941
742	956
742	959
742	980
742	985
743	158
743	474
743	616
743	697
743	715
743	775
743	791
743	824
743	848
743	870
743	880
743	906
744	80
744	213
744	423
744	429
744	439
744	553
744	580
744	748
744	760
744	778
744	926
744	994
745	91
745	181
745	555
745	626
745	713
745	784
745	810
745	822
745	871
745	895
745	907
745	918
746	676
746	684
746	687
746	702
746	706
746	737
746	894
746	902
746	950
746	960
746	973
746	975
747	865
747	877
747	920
747	943
747	944
747	945
747	966
747	991
747	993
747	994
747	995
747	997
748	213
748	215
748	423
748	429
748	439
748	650
748	687
748	744
748	760
748	778
748	926
748	981
749	906
749	925
749	927
749	958
749	972
749	981
749	983
749	984
749	987
749	990
749	998
749	999
750	227
750	319
750	421
750	542
750	563
750	663
750	715
750	791
750	848
750	879
750	880
750	906
751	9
751	591
751	606
751	622
751	625
751	637
751	650
751	694
751	733
751	867
751	912
751	917
752	355
752	356
752	392
752	709
752	716
752	836
752	840
752	885
752	921
752	940
752	951
752	986
753	13
753	254
753	410
753	417
753	425
753	445
753	712
753	793
753	796
753	826
753	852
753	905
754	189
754	362
754	373
754	386
754	460
754	492
754	654
754	662
754	739
754	771
754	811
754	904
755	36
755	422
755	486
755	719
755	807
755	828
755	876
755	937
755	948
755	949
755	961
755	967
756	222
756	303
756	404
756	440
756	473
756	502
756	515
756	565
756	610
756	627
756	646
756	956
757	303
757	306
757	335
757	350
757	385
757	586
757	610
757	646
757	648
757	699
757	706
757	956
758	10
758	57
758	119
758	246
758	259
758	398
758	641
758	800
758	820
758	845
758	874
758	961
759	182
759	358
759	488
759	576
759	719
759	807
759	937
759	946
759	948
759	949
759	961
759	969
760	69
760	80
760	105
760	149
760	439
760	531
760	580
760	650
760	744
760	748
760	778
760	926
761	433
761	554
761	579
761	649
761	780
761	815
761	827
761	849
761	873
761	909
761	915
761	931
762	150
762	311
762	395
762	494
762	607
762	691
762	731
762	774
762	817
762	875
762	881
762	898
763	108
763	280
763	489
763	695
763	813
763	847
763	895
763	919
763	931
763	955
763	968
763	971
764	56
764	409
764	633
764	784
764	810
764	820
764	822
764	834
764	844
764	871
764	907
764	918
765	100
765	110
765	195
765	300
765	331
765	374
765	643
765	680
765	804
765	890
765	899
765	974
766	2
766	7
766	18
766	65
766	242
766	304
766	436
766	498
766	670
766	691
766	770
766	821
767	130
767	364
767	465
767	526
767	645
767	668
767	679
767	710
767	722
767	893
767	971
767	979
768	276
768	283
768	331
768	435
768	527
768	643
768	653
768	677
768	854
768	890
768	933
768	974
769	689
769	925
769	927
769	958
769	972
769	976
769	981
769	983
769	984
769	987
769	998
769	999
770	1
770	157
770	205
770	590
770	732
770	766
770	781
770	860
770	914
770	929
770	941
770	959
770	980
771	34
771	362
771	386
771	519
771	538
771	654
771	669
771	739
771	754
771	811
771	812
771	882
771	904
772	228
772	230
772	364
772	523
772	571
772	668
772	710
772	722
772	855
772	893
772	897
772	979
772	982
773	19
773	250
773	351
773	548
773	781
773	783
773	795
773	860
773	874
773	914
773	959
773	980
773	985
774	150
774	325
774	395
774	494
774	510
774	607
774	693
774	731
774	762
774	790
774	817
774	881
774	898
775	171
775	560
775	566
775	647
775	743
775	807
775	828
775	876
775	937
775	946
775	948
775	949
775	961
776	58
776	357
776	368
776	527
776	569
776	660
776	665
776	823
776	838
776	869
776	920
776	940
776	942
777	315
777	479
777	525
777	728
777	786
777	835
777	883
777	888
777	903
777	936
777	939
777	970
777	1000
778	84
778	184
778	213
778	329
778	429
778	459
778	478
778	650
778	744
778	748
778	760
778	880
778	926
779	728
779	802
779	819
779	875
779	889
779	903
779	936
779	939
779	947
779	953
779	963
779	970
779	1000
780	88
780	178
780	204
780	360
780	570
780	628
780	682
780	686
780	761
780	825
780	877
780	887
780	910
781	428
781	582
781	725
781	770
781	773
781	795
781	914
781	929
781	941
781	959
781	970
781	980
781	985
782	72
782	240
782	295
782	472
782	531
782	591
782	622
782	625
782	694
782	801
782	867
782	912
782	917
783	237
783	690
783	714
783	732
783	773
783	837
783	860
783	908
783	914
783	941
783	959
783	980
783	985
784	76
784	532
784	551
784	574
784	745
784	764
784	820
784	834
784	844
784	871
784	907
784	918
784	981
785	103
785	129
785	201
785	202
785	282
785	301
785	431
785	452
785	500
785	524
785	620
785	629
785	803
786	728
786	777
786	787
786	875
786	878
786	886
786	932
786	939
786	947
786	953
786	970
786	996
786	1000
787	479
787	694
787	786
787	802
787	883
787	886
787	888
787	903
787	932
787	939
787	947
787	953
787	970
787	1000
788	135
788	192
788	214
788	347
788	497
788	565
788	675
788	707
788	709
788	721
788	843
788	850
788	916
788	989
789	257
789	296
789	322
789	387
789	453
789	501
789	557
789	561
789	584
789	617
789	636
789	692
789	724
789	830
790	166
790	247
790	395
790	468
790	510
790	581
790	607
790	693
790	731
790	774
790	817
790	876
790	881
790	898
791	158
791	279
791	316
791	341
791	537
791	577
791	697
791	743
791	750
791	865
791	870
791	879
791	880
791	906
792	852
792	892
792	923
792	955
792	962
792	964
792	965
792	967
792	969
792	976
792	977
792	989
792	996
793	13
793	21
793	95
793	131
793	417
793	511
793	712
793	753
793	796
793	803
793	826
793	852
793	905
793	937
794	632
794	695
794	892
794	923
794	955
794	962
794	964
794	965
794	967
794	969
794	976
794	977
794	989
794	996
795	429
795	503
795	582
795	714
795	742
795	773
795	781
795	860
795	906
795	914
795	929
795	941
795	959
795	985
796	21
796	183
796	221
796	389
796	410
796	425
796	511
796	700
796	753
796	793
796	826
796	852
796	905
796	909
797	322
797	839
797	857
797	925
797	927
797	958
797	972
797	981
797	983
797	984
797	987
797	996
797	998
797	999
798	291
798	872
798	900
798	908
798	928
798	930
798	935
798	954
798	978
798	982
798	988
798	990
798	992
798	993
799	631
799	839
799	857
799	885
799	925
799	927
799	958
799	972
799	981
799	983
799	984
799	987
799	998
799	999
800	57
800	172
800	227
800	259
800	320
800	398
800	427
800	491
800	615
800	638
800	641
800	758
800	845
800	874
801	295
801	472
801	591
801	604
801	606
801	625
801	637
801	644
801	694
801	733
801	782
801	891
801	912
801	917
802	112
802	396
802	779
802	787
802	883
802	886
802	888
802	889
802	903
802	936
802	939
802	947
802	954
802	970
802	1000
803	129
803	201
803	202
803	452
803	500
803	507
803	524
803	545
803	620
803	623
803	685
803	704
803	726
803	785
803	793
804	496
804	765
804	842
804	872
804	900
804	908
804	928
804	930
804	935
804	954
804	978
804	982
804	988
804	990
804	992
805	37
805	66
805	214
805	347
805	348
805	497
805	517
805	666
805	675
805	707
805	721
805	843
805	850
805	916
805	953
806	50
806	371
806	384
806	433
806	541
806	554
806	559
806	562
806	698
806	815
806	827
806	849
806	909
806	915
806	983
807	422
807	488
807	489
807	647
807	755
807	759
807	775
807	828
807	849
807	876
807	937
807	946
807	948
807	949
807	961
808	677
808	829
808	864
808	866
808	877
808	943
808	944
808	945
808	956
808	966
808	991
808	993
808	994
808	995
808	997
809	219
809	581
809	814
809	892
809	923
809	955
809	962
809	964
809	965
809	967
809	969
809	976
809	977
809	989
809	996
810	132
810	532
810	556
810	574
810	633
810	713
810	745
810	764
810	820
810	834
810	841
810	844
810	871
810	907
810	918
811	17
811	34
811	48
811	232
811	460
811	492
811	519
811	538
811	662
811	739
811	754
811	771
811	824
811	882
811	904
812	83
812	366
812	630
812	634
812	695
812	771
812	831
812	847
812	863
812	866
812	895
812	919
812	946
812	968
812	971
813	169
813	217
813	529
813	539
813	546
813	632
813	695
813	763
813	831
813	847
813	863
813	919
813	931
813	968
813	971
814	809
814	816
814	892
814	903
814	923
814	955
814	962
814	964
814	965
814	967
814	969
814	976
814	977
814	989
814	996
815	50
815	93
815	371
815	433
815	515
815	554
815	609
815	698
815	761
815	806
815	873
815	902
815	909
815	915
815	936
816	474
816	814
816	892
816	914
816	923
816	955
816	962
816	964
816	965
816	967
816	969
816	976
816	977
816	989
816	996
817	163
817	166
817	247
817	468
817	510
817	524
817	581
817	607
817	693
817	731
817	762
817	774
817	790
817	881
817	898
818	238
818	300
818	308
818	483
818	642
818	643
818	653
818	677
818	680
818	727
818	854
818	889
818	890
818	933
818	974
819	117
819	194
819	342
819	357
819	516
819	549
819	706
819	737
819	779
819	853
819	894
819	896
819	960
819	973
819	975
820	132
820	181
820	482
820	532
820	713
820	758
820	764
820	784
820	810
820	822
820	834
820	844
820	871
820	907
820	918
821	7
821	72
821	155
821	196
821	397
821	411
821	436
821	498
821	567
821	659
821	670
821	766
821	901
821	921
821	924
822	91
822	574
822	626
822	633
822	663
822	713
822	745
822	764
822	820
822	834
822	844
822	863
822	871
822	907
822	918
823	5
823	26
823	175
823	235
823	244
823	299
823	432
823	447
823	462
823	487
823	551
823	644
823	738
823	776
823	856
824	154
824	158
824	188
824	381
824	421
824	474
824	542
824	563
824	578
824	697
824	743
824	811
824	848
824	870
824	879
825	4
825	102
825	139
825	204
825	402
825	593
825	599
825	602
825	628
825	657
825	682
825	686
825	780
825	887
825	910
826	24
826	131
826	221
826	389
826	401
826	410
826	417
826	512
826	700
826	712
826	720
826	753
826	793
826	796
826	852
826	905
827	59
827	220
827	323
827	433
827	515
827	541
827	609
827	651
827	698
827	761
827	806
827	849
827	873
827	909
827	915
827	996
828	78
828	249
828	458
828	483
828	640
828	647
828	719
828	755
828	775
828	807
828	876
828	937
828	946
828	948
828	949
828	961
829	733
829	808
829	841
829	844
829	864
829	866
829	877
829	943
829	944
829	945
829	966
829	991
829	993
829	994
829	995
829	997
830	18
830	29
830	257
830	275
830	296
830	322
830	327
830	446
830	522
830	557
830	561
830	617
830	692
830	724
830	789
830	859
831	55
831	145
831	169
831	243
831	250
831	352
831	529
831	539
831	812
831	813
831	847
831	863
831	919
831	931
831	968
831	971
832	23
832	58
832	98
832	208
832	267
832	285
832	354
832	415
832	423
832	660
832	665
832	838
832	869
832	920
832	940
832	942
833	839
833	857
833	900
833	925
833	927
833	942
833	958
833	972
833	981
833	983
833	984
833	987
833	998
833	999
834	76
834	407
834	551
834	555
834	574
834	626
834	633
834	764
834	784
834	810
834	820
834	822
834	844
834	871
834	899
834	918
835	3
835	191
835	667
835	671
835	674
835	777
835	875
835	878
835	889
835	903
835	945
835	947
835	953
835	963
835	970
835	1000
836	63
836	199
836	356
836	359
836	589
836	635
836	717
836	752
836	851
836	885
836	921
836	934
836	951
836	953
836	957
836	986
837	89
837	111
837	120
837	233
837	328
837	365
837	464
837	481
837	509
837	550
837	661
837	683
837	730
837	735
837	783
837	929
838	212
838	267
838	278
838	354
838	368
838	388
838	420
838	569
838	660
838	665
838	776
838	832
838	869
838	920
838	940
838	942
839	555
839	797
839	799
839	833
839	857
839	925
839	927
839	958
839	972
839	981
839	983
839	984
839	987
839	998
839	999
840	63
840	239
840	437
840	517
840	558
840	717
840	752
840	851
840	885
840	888
840	921
840	934
840	951
840	957
840	986
840	1000
841	270
841	810
841	829
841	864
841	865
841	866
841	877
841	943
841	944
841	945
841	966
841	991
841	993
841	994
841	995
841	997
842	804
842	872
842	900
842	908
842	909
842	928
842	930
842	935
842	954
842	978
842	982
842	988
842	990
842	992
843	16
843	348
843	457
843	471
843	497
843	655
843	666
843	675
843	707
843	709
843	721
843	788
843	805
843	850
843	916
843	980
844	478
844	532
844	551
844	555
844	574
844	626
844	713
844	764
844	784
844	810
844	820
844	822
844	829
844	834
844	871
844	907
844	918
845	57
845	124
845	227
845	246
845	259
845	298
845	382
845	398
845	427
845	491
845	615
845	641
845	758
845	800
845	874
845	946
845	960
846	35
846	81
846	264
846	333
846	335
846	385
846	404
846	440
846	473
846	502
846	530
846	586
846	622
846	627
846	648
846	940
846	956
847	153
847	243
847	252
847	317
847	539
847	634
847	666
847	701
847	763
847	812
847	813
847	831
847	895
847	919
847	931
847	968
847	971
848	52
848	152
848	167
848	279
848	284
848	319
848	341
848	381
848	715
848	743
848	750
848	824
848	870
848	879
848	880
848	906
848	943
849	93
849	290
849	341
849	384
849	554
849	559
849	562
849	609
849	649
849	651
849	698
849	761
849	806
849	807
849	827
849	909
849	915
850	37
850	135
850	192
850	347
850	348
850	457
850	497
850	506
850	666
850	675
850	709
850	721
850	788
850	805
850	843
850	916
850	938
851	40
851	229
851	485
851	518
851	543
851	618
851	635
851	653
851	729
851	836
851	840
851	885
851	921
851	934
851	951
851	957
851	986
852	131
852	337
852	389
852	410
852	417
852	425
852	511
852	512
852	576
852	712
852	725
852	753
852	792
852	793
852	796
852	826
852	905
853	159
853	307
853	405
853	492
853	549
853	556
853	603
853	676
853	708
853	819
853	894
853	896
853	902
853	918
853	960
853	973
853	975
854	110
854	189
854	198
854	238
854	374
854	394
854	533
854	642
854	681
854	727
854	768
854	818
854	861
854	890
854	899
854	933
854	974
855	68
855	230
855	254
855	353
855	379
855	399
855	465
855	504
855	521
855	613
855	668
855	679
855	772
855	893
855	897
855	979
855	983
856	5
856	26
856	51
856	86
856	144
856	231
856	235
856	256
856	272
856	299
856	447
856	469
856	487
856	644
856	738
856	823
856	932
857	571
857	736
857	797
857	799
857	833
857	839
857	925
857	927
857	958
857	972
857	981
857	983
857	984
857	986
857	987
857	998
857	999
858	225
858	441
858	496
858	547
858	552
858	587
858	588
858	645
858	711
858	718
858	859
858	862
858	911
858	913
858	922
858	938
858	952
858	953
859	128
859	245
859	375
859	547
859	552
859	564
859	587
859	711
859	718
859	830
859	858
859	862
859	911
859	913
859	922
859	938
859	952
860	97
860	302
860	351
860	503
860	580
860	582
860	640
860	688
860	725
860	742
860	770
860	773
860	783
860	795
860	914
860	941
860	980
860	985
861	33
861	67
861	273
861	315
861	372
861	407
861	461
861	476
861	482
861	514
861	601
861	608
861	639
861	740
861	854
861	868
861	884
861	891
862	28
862	185
862	190
862	245
862	265
862	462
862	499
862	588
862	711
862	718
862	858
862	859
862	911
862	913
862	922
862	938
862	945
862	952
863	43
863	145
863	252
863	390
863	489
863	536
863	630
863	634
863	695
863	701
863	812
863	813
863	822
863	831
863	895
863	919
863	968
863	971
864	205
864	741
864	808
864	829
864	841
864	865
864	866
864	877
864	942
864	943
864	944
864	945
864	966
864	991
864	993
864	994
864	995
864	997
865	734
865	741
865	747
865	791
865	841
865	864
865	866
865	877
865	943
865	944
865	945
865	966
865	973
865	991
865	993
865	994
865	995
865	997
866	513
866	808
866	812
866	829
866	841
866	864
866	865
866	877
866	943
866	944
866	945
866	966
866	969
866	991
866	993
866	994
866	995
866	997
867	258
867	324
867	412
867	472
867	531
867	546
867	591
867	622
867	625
867	637
867	694
867	733
867	751
867	782
867	912
867	917
867	958
867	992
868	67
868	219
868	273
868	315
868	372
868	394
868	443
868	461
868	476
868	482
868	514
868	601
868	639
868	740
868	861
868	884
868	887
868	891
869	11
869	66
869	79
869	187
869	278
869	285
869	388
869	415
869	420
869	527
869	660
869	665
869	776
869	832
869	838
869	892
869	920
869	940
869	942
870	262
870	381
870	421
870	474
870	537
870	577
870	616
870	663
870	697
870	715
870	743
870	791
870	824
870	848
870	879
870	880
870	901
870	906
870	954
871	160
871	467
871	532
871	551
871	555
871	626
871	633
871	693
871	713
871	745
871	764
871	784
871	810
871	820
871	822
871	834
871	844
871	907
871	918
872	649
872	798
872	804
872	842
872	900
872	908
872	928
872	930
872	935
872	954
872	978
872	982
872	988
872	990
872	992
873	220
873	290
873	323
873	371
873	384
873	541
873	559
873	562
873	579
873	609
873	649
873	698
873	761
873	815
873	827
873	909
873	915
873	967
873	986
874	10
874	57
874	119
874	124
874	172
874	227
874	246
874	259
874	320
874	382
874	398
874	427
874	615
874	641
874	758
874	773
874	800
874	845
874	891
875	389
875	525
875	762
875	779
875	786
875	835
875	878
875	886
875	888
875	889
875	903
875	932
875	936
875	939
875	947
875	953
875	963
875	970
875	1000
876	7
876	42
876	234
876	422
876	486
876	488
876	560
876	566
876	719
876	755
876	775
876	790
876	807
876	828
876	937
876	946
876	948
876	949
876	961
877	194
877	339
877	734
877	747
877	780
877	808
877	829
877	841
877	864
877	865
877	866
877	943
877	944
877	945
877	966
877	991
877	993
877	994
877	995
877	997
878	382
878	408
878	438
878	479
878	619
878	671
878	674
878	786
878	835
878	875
878	883
878	886
878	932
878	936
878	939
878	947
878	963
878	970
878	995
878	1000
879	152
879	262
879	319
879	341
879	421
879	537
879	563
879	577
879	697
879	715
879	726
879	750
879	791
879	824
879	848
879	870
879	880
879	906
879	941
879	978
880	167
880	316
880	381
880	474
880	537
880	542
880	563
880	578
880	616
880	697
880	715
880	743
880	750
880	778
880	791
880	848
880	870
880	879
880	906
880	982
881	116
881	118
881	150
881	247
881	311
881	395
881	468
881	494
881	510
881	581
881	607
881	693
881	710
881	731
881	762
881	774
881	790
881	817
881	898
881	985
882	48
882	125
882	223
882	232
882	321
882	362
882	373
882	386
882	460
882	519
882	530
882	538
882	654
882	662
882	669
882	739
882	771
882	811
882	904
882	984
883	32
883	200
883	289
883	522
883	543
883	652
883	674
883	777
883	787
883	802
883	878
883	886
883	888
883	903
883	932
883	936
883	939
883	963
883	970
883	1000
884	33
884	54
884	67
884	219
884	336
884	372
884	407
884	443
884	461
884	476
884	482
884	514
884	549
884	601
884	639
884	740
884	861
884	868
884	891
884	938
885	143
885	239
885	292
885	343
885	355
885	456
885	485
885	518
885	568
885	635
885	716
885	752
885	799
885	836
885	840
885	851
885	921
885	934
885	957
885	986
886	41
886	340
886	435
886	438
886	658
886	667
886	786
886	787
886	802
886	875
886	878
886	883
886	888
886	889
886	903
886	936
886	939
886	947
886	963
886	970
886	1000
887	64
887	88
887	102
887	176
887	204
887	352
887	360
887	367
887	402
887	570
887	593
887	599
887	628
887	657
887	682
887	690
887	701
887	780
887	825
887	868
887	910
888	434
888	619
888	652
888	667
888	728
888	777
888	787
888	802
888	840
888	875
888	883
888	886
888	889
888	903
888	932
888	936
888	947
888	953
888	963
888	970
888	1000
889	41
889	53
889	275
889	408
889	671
889	674
889	779
889	802
889	818
889	835
889	875
889	886
889	888
889	903
889	936
889	939
889	947
889	953
889	963
889	970
889	1000
890	100
890	142
890	207
890	308
890	361
890	394
890	414
890	642
890	643
890	653
890	680
890	681
890	727
890	765
890	768
890	818
890	854
890	899
890	922
890	957
890	974
891	33
891	54
891	219
891	241
891	273
891	315
891	336
891	372
891	407
891	443
891	461
891	476
891	601
891	608
891	639
891	740
891	801
891	861
891	868
891	874
891	884
892	337
892	792
892	794
892	809
892	814
892	816
892	869
892	923
892	955
892	962
892	964
892	965
892	967
892	969
892	976
892	977
892	989
892	996
893	68
893	74
893	312
893	353
893	379
893	383
893	450
893	521
893	523
893	526
893	571
893	642
893	645
893	679
893	710
893	722
893	767
893	772
893	855
893	897
893	979
894	271
894	294
894	318
894	342
894	585
894	603
894	676
894	684
894	702
894	706
894	708
894	737
894	746
894	819
894	853
894	896
894	902
894	950
894	960
894	973
894	975
895	153
895	186
895	243
895	390
895	489
895	490
895	539
895	630
895	632
895	701
895	720
895	745
895	763
895	812
895	847
895	863
895	919
895	931
895	968
895	971
895	994
896	14
896	106
896	117
896	122
896	405
896	477
896	549
896	585
896	605
896	673
896	684
896	706
896	708
896	737
896	819
896	853
896	894
896	902
896	950
896	960
896	973
896	975
897	31
897	47
897	68
897	74
897	94
897	130
897	136
897	203
897	228
897	269
897	399
897	465
897	504
897	613
897	636
897	645
897	710
897	772
897	855
897	893
897	975
897	979
898	116
898	118
898	150
898	163
898	166
898	211
898	247
898	311
898	395
898	468
898	494
898	510
898	538
898	581
898	693
898	731
898	762
898	774
898	790
898	817
898	881
898	985
899	100
899	142
899	207
899	276
899	283
899	308
899	414
899	533
899	540
899	572
899	594
899	643
899	653
899	677
899	680
899	681
899	765
899	834
899	854
899	890
899	933
899	974
900	798
900	804
900	833
900	842
900	872
900	908
900	928
900	930
900	931
900	935
900	954
900	978
900	982
900	988
900	990
900	992
901	3
901	18
901	30
901	123
901	196
901	304
901	346
901	400
901	403
901	411
901	463
901	567
901	573
901	614
901	655
901	659
901	670
901	691
901	821
901	870
901	922
901	924
902	8
902	83
902	106
902	344
902	477
902	516
902	556
902	605
902	651
902	676
902	702
902	706
902	708
902	746
902	815
902	853
902	894
902	896
902	950
902	960
902	973
902	975
903	49
903	619
903	652
903	777
903	779
903	787
903	802
903	814
903	835
903	875
903	883
903	886
903	888
903	889
903	932
903	939
903	947
903	953
903	963
903	970
903	972
903	1000
904	17
904	48
904	125
904	223
904	232
904	281
904	321
904	362
904	373
904	386
904	460
904	519
904	538
904	654
904	662
904	669
904	739
904	754
904	771
904	811
904	882
904	947
904	995
905	13
905	21
905	95
905	149
905	183
905	221
905	337
905	389
905	401
905	410
905	417
905	425
905	445
905	511
905	512
905	679
905	700
905	712
905	753
905	793
905	796
905	826
905	852
906	82
906	154
906	167
906	262
906	284
906	319
906	381
906	563
906	577
906	578
906	616
906	697
906	715
906	726
906	743
906	749
906	750
906	791
906	795
906	848
906	870
906	879
906	880
907	56
907	76
907	91
907	132
907	138
907	181
907	468
907	532
907	551
907	555
907	574
907	626
907	633
907	713
907	745
907	764
907	784
907	810
907	820
907	822
907	844
907	871
907	918
908	141
908	783
908	798
908	804
908	842
908	872
908	900
908	928
908	930
908	935
908	954
908	978
908	982
908	984
908	988
908	990
908	992
909	59
909	93
909	220
909	290
909	323
909	384
909	433
909	515
909	541
909	554
909	579
909	609
909	649
909	651
909	761
909	796
909	806
909	815
909	827
909	842
909	849
909	873
909	915
910	1
910	4
910	88
910	102
910	139
910	176
910	178
910	204
910	352
910	367
910	402
910	593
910	599
910	628
910	657
910	682
910	686
910	690
910	718
910	780
910	825
910	887
910	934
911	15
911	92
911	148
911	225
911	421
911	441
911	496
911	499
911	547
911	552
911	587
911	588
911	711
911	718
911	858
911	859
911	862
911	913
911	922
911	923
911	938
911	952
911	989
912	9
912	186
912	240
912	295
912	324
912	412
912	472
912	531
912	546
912	591
912	604
912	606
912	622
912	625
912	637
912	694
912	698
912	733
912	751
912	782
912	801
912	867
912	917
913	15
913	28
913	92
913	128
913	156
913	265
913	441
913	496
913	499
913	547
913	552
913	587
913	588
913	626
913	711
913	718
913	858
913	859
913	862
913	911
913	922
913	938
913	952
913	979
914	19
914	210
914	226
914	237
914	302
914	424
914	520
914	714
914	725
914	732
914	742
914	770
914	773
914	781
914	783
914	795
914	816
914	860
914	929
914	941
914	949
914	959
914	980
914	985
915	50
915	93
915	220
915	290
915	323
915	384
915	541
915	554
915	559
915	562
915	579
915	609
915	649
915	651
915	698
915	740
915	761
915	806
915	815
915	827
915	849
915	873
915	909
915	950
916	16
916	37
916	66
916	72
916	77
916	135
916	192
916	214
916	347
916	348
916	371
916	457
916	471
916	497
916	666
916	675
916	707
916	709
916	721
916	788
916	805
916	843
916	850
916	950
917	9
917	165
917	191
917	240
917	258
917	276
917	295
917	324
917	412
917	472
917	546
917	591
917	604
917	606
917	622
917	625
917	637
917	694
917	733
917	751
917	782
917	801
917	867
917	912
918	56
918	76
918	91
918	160
918	181
918	532
918	551
918	555
918	574
918	626
918	633
918	713
918	715
918	745
918	764
918	784
918	810
918	820
918	822
918	834
918	844
918	853
918	871
918	907
919	85
919	217
919	366
919	390
919	457
919	490
919	529
919	536
919	630
919	634
919	695
919	701
919	720
919	763
919	812
919	813
919	831
919	847
919	863
919	895
919	931
919	968
919	971
919	973
920	37
920	61
920	79
920	98
920	187
920	278
920	285
920	323
920	340
920	354
920	368
920	388
920	415
920	420
920	527
920	569
920	660
920	665
920	747
920	776
920	832
920	838
920	869
920	940
920	942
921	40
921	44
921	113
921	239
921	356
921	370
921	376
921	517
921	518
921	525
921	589
921	618
921	716
921	717
921	752
921	821
921	836
921	840
921	851
921	885
921	934
921	951
921	957
921	982
921	986
922	92
922	128
922	156
922	190
922	245
922	265
922	375
922	441
922	496
922	499
922	552
922	587
922	588
922	711
922	718
922	858
922	859
922	862
922	890
922	901
922	911
922	913
922	938
922	952
922	987
923	267
923	792
923	794
923	809
923	814
923	816
923	892
923	911
923	955
923	962
923	964
923	965
923	967
923	969
923	976
923	977
923	989
923	996
924	18
924	22
924	30
924	46
924	155
924	196
924	397
924	400
924	403
924	434
924	463
924	495
924	498
924	567
924	573
924	614
924	655
924	659
924	670
924	671
924	691
924	741
924	821
924	901
924	938
925	643
925	705
925	729
925	736
925	749
925	769
925	797
925	799
925	833
925	839
925	857
925	927
925	958
925	960
925	972
925	981
925	983
925	984
925	987
925	998
925	999
926	69
926	80
926	84
926	162
926	184
926	263
926	277
926	310
926	329
926	332
926	423
926	429
926	439
926	459
926	461
926	478
926	553
926	580
926	650
926	687
926	744
926	748
926	760
926	778
926	999
927	494
927	673
927	696
927	705
927	719
927	729
927	736
927	749
927	769
927	797
927	799
927	833
927	839
927	857
927	925
927	958
927	972
927	981
927	983
927	984
927	987
927	998
927	999
928	493
928	588
928	672
928	678
928	798
928	804
928	842
928	872
928	900
928	908
928	930
928	935
928	954
928	978
928	982
928	988
928	990
928	992
929	27
929	157
929	205
929	226
929	251
929	428
929	503
929	520
929	534
929	548
929	575
929	590
929	640
929	688
929	725
929	742
929	770
929	781
929	795
929	837
929	914
929	959
929	980
929	985
929	993
930	596
930	598
930	672
930	678
930	798
930	804
930	842
930	872
930	900
930	908
930	928
930	935
930	954
930	967
930	978
930	979
930	982
930	988
930	990
930	992
931	83
931	126
931	137
931	145
931	217
931	243
931	252
931	489
931	490
931	630
931	632
931	634
931	695
931	701
931	720
931	761
931	763
931	813
931	831
931	847
931	895
931	900
931	919
931	968
931	971
931	984
932	32
932	396
932	444
932	467
932	505
932	509
932	525
932	619
932	658
932	671
932	674
932	786
932	787
932	856
932	875
932	878
932	883
932	888
932	903
932	936
932	939
932	947
932	953
932	963
932	970
932	1000
933	142
933	198
933	207
933	224
933	236
933	238
933	283
933	300
933	331
933	361
933	374
933	394
933	414
933	435
933	533
933	540
933	642
933	653
933	657
933	677
933	681
933	727
933	768
933	818
933	854
933	899
933	974
934	40
934	113
934	359
934	392
934	418
934	437
934	456
934	485
934	517
934	518
934	528
934	543
934	550
934	589
934	618
934	635
934	716
934	717
934	836
934	840
934	851
934	885
934	910
934	921
934	942
934	951
934	986
935	564
935	596
935	598
935	672
935	674
935	678
935	683
935	798
935	804
935	842
935	872
935	900
935	908
935	928
935	930
935	951
935	954
935	978
935	982
935	988
935	990
935	992
936	49
936	53
936	191
936	325
936	391
936	438
936	444
936	505
936	667
936	705
936	735
936	777
936	779
936	802
936	815
936	875
936	878
936	883
936	886
936	888
936	889
936	932
936	939
936	947
936	963
936	970
936	1000
937	45
937	249
937	282
937	358
937	422
937	458
937	483
937	486
937	488
937	560
937	566
937	576
937	647
937	719
937	755
937	759
937	775
937	793
937	807
937	828
937	876
937	941
937	946
937	948
937	949
937	961
937	990
938	28
938	148
938	156
938	185
938	225
938	245
938	265
938	375
938	441
938	496
938	499
938	547
938	552
938	587
938	588
938	711
938	718
938	850
938	858
938	859
938	862
938	884
938	911
938	913
938	922
938	924
938	952
939	21
939	140
939	200
939	255
939	479
939	619
939	652
939	667
939	671
939	728
939	777
939	779
939	786
939	787
939	802
939	875
939	878
939	883
939	886
939	889
939	903
939	932
939	936
939	953
939	963
939	970
939	1000
940	11
940	23
940	58
940	61
940	98
940	187
940	212
940	267
940	278
940	285
940	340
940	368
940	388
940	415
940	527
940	569
940	660
940	665
940	752
940	776
940	832
940	838
940	846
940	869
940	920
940	942
940	998
941	168
941	250
941	251
941	302
941	326
941	520
941	534
941	575
941	582
941	590
941	640
941	688
941	714
941	725
941	732
941	742
941	770
941	781
941	783
941	795
941	860
941	879
941	914
941	937
941	959
941	980
941	985
942	11
942	23
942	58
942	61
942	79
942	98
942	212
942	267
942	278
942	285
942	340
942	368
942	388
942	420
942	527
942	569
942	660
942	665
942	776
942	832
942	833
942	838
942	864
942	869
942	920
942	934
942	940
943	114
943	148
943	454
943	568
943	594
943	611
943	612
943	631
943	638
943	734
943	741
943	747
943	808
943	829
943	841
943	848
943	864
943	865
943	866
943	877
943	944
943	945
943	966
943	991
943	993
943	994
943	995
943	997
944	270
944	409
944	535
944	583
944	594
944	602
944	638
944	734
944	741
944	747
944	808
944	829
944	841
944	864
944	865
944	866
944	877
944	943
944	945
944	948
944	966
944	986
944	991
944	993
944	994
944	995
944	997
944	999
945	287
945	363
945	393
945	513
945	570
945	602
945	631
945	638
945	734
945	741
945	747
945	808
945	829
945	835
945	841
945	862
945	864
945	865
945	866
945	877
945	943
945	944
945	966
945	991
945	993
945	994
945	995
945	997
946	6
946	42
946	45
946	78
946	133
946	141
946	234
946	282
946	458
946	483
946	486
946	488
946	560
946	566
946	576
946	647
946	719
946	759
946	775
946	807
946	812
946	828
946	845
946	876
946	937
946	948
946	949
946	961
947	294
947	396
947	408
947	444
947	525
947	652
947	658
947	667
947	671
947	674
947	700
947	779
947	786
947	787
947	802
947	835
947	875
947	878
947	886
947	888
947	889
947	903
947	904
947	932
947	936
947	953
947	963
947	970
947	1000
948	36
948	42
948	45
948	133
948	141
948	218
948	234
948	458
948	483
948	486
948	488
948	560
948	566
948	576
948	579
948	647
948	719
948	755
948	759
948	775
948	807
948	828
948	876
948	937
948	944
948	946
948	949
948	961
948	977
949	6
949	36
949	42
949	78
949	155
949	171
949	218
949	234
949	249
949	282
949	309
949	358
949	458
949	486
949	488
949	566
949	576
949	647
949	719
949	755
949	759
949	775
949	807
949	828
949	876
949	914
949	937
949	946
949	948
949	961
950	8
950	60
950	90
950	117
950	159
950	291
950	307
950	405
950	477
950	516
950	549
950	556
950	585
950	603
950	605
950	647
950	676
950	684
950	706
950	708
950	737
950	746
950	894
950	896
950	902
950	915
950	916
950	960
950	973
950	975
951	44
951	177
951	239
951	272
951	292
951	343
951	355
951	356
951	370
951	376
951	392
951	418
951	437
951	456
951	518
951	543
951	589
951	618
951	635
951	716
951	717
951	752
951	836
951	840
951	851
951	921
951	934
951	935
951	957
951	986
951	1000
952	15
952	28
952	92
952	128
952	148
952	156
952	185
952	190
952	225
952	245
952	265
952	320
952	375
952	387
952	441
952	496
952	499
952	547
952	552
952	587
952	588
952	711
952	718
952	858
952	859
952	862
952	911
952	913
952	922
952	938
952	998
953	32
953	41
953	107
953	140
953	325
953	391
953	396
953	438
953	467
953	505
953	525
953	619
953	667
953	728
953	779
953	786
953	787
953	805
953	835
953	836
953	858
953	875
953	888
953	889
953	903
953	932
953	939
953	947
953	963
953	970
953	1000
954	20
954	151
954	253
954	406
954	426
954	480
954	544
954	560
954	564
954	596
954	598
954	672
954	678
954	798
954	802
954	804
954	842
954	870
954	872
954	900
954	908
954	928
954	930
954	935
954	978
954	982
954	988
954	990
954	992
955	115
955	380
955	416
955	624
955	656
955	689
955	692
955	703
955	763
955	792
955	794
955	809
955	814
955	816
955	892
955	923
955	962
955	964
955	965
955	967
955	969
955	973
955	976
955	977
955	989
955	996
956	35
956	71
956	81
956	222
956	264
956	303
956	306
956	330
956	333
956	335
956	350
956	385
956	404
956	413
956	440
956	473
956	502
956	530
956	565
956	586
956	610
956	627
956	646
956	648
956	660
956	699
956	742
956	756
956	757
956	808
956	846
957	44
957	63
957	113
957	143
957	147
957	210
957	229
957	292
957	343
957	355
957	370
957	418
957	456
957	485
957	528
957	543
957	558
957	589
957	618
957	635
957	675
957	716
957	717
957	836
957	840
957	851
957	885
957	890
957	921
957	951
957	986
958	197
958	595
958	621
958	673
958	696
958	705
958	729
958	736
958	749
958	769
958	797
958	799
958	833
958	839
958	857
958	867
958	925
958	927
958	964
958	972
958	981
958	983
958	984
958	987
958	998
958	999
959	157
959	170
959	210
959	250
959	251
959	263
959	326
959	351
959	424
959	503
959	534
959	575
959	582
959	590
959	640
959	676
959	688
959	699
959	714
959	725
959	732
959	742
959	770
959	773
959	781
959	783
959	795
959	914
959	929
959	941
959	980
959	985
960	60
960	106
960	122
960	138
960	165
960	291
960	294
960	307
960	344
960	357
960	477
960	516
960	556
960	585
960	603
960	605
960	676
960	684
960	706
960	708
960	737
960	746
960	819
960	845
960	853
960	894
960	896
960	902
960	925
960	950
960	973
960	975
961	6
961	36
961	45
961	78
961	133
961	141
961	171
961	218
961	234
961	249
961	282
961	358
961	458
961	483
961	486
961	560
961	566
961	576
961	647
961	648
961	719
961	755
961	758
961	759
961	775
961	807
961	828
961	876
961	937
961	946
961	948
961	949
961	988
962	161
962	261
962	271
962	380
962	395
962	412
962	451
962	475
962	487
962	493
962	501
962	506
962	508
962	624
962	664
962	689
962	703
962	792
962	794
962	809
962	814
962	816
962	892
962	923
962	955
962	964
962	965
962	967
962	969
962	976
962	977
962	989
962	996
963	107
963	140
963	289
963	325
963	386
963	408
963	438
963	444
963	467
963	505
963	652
963	658
963	671
963	674
963	728
963	779
963	835
963	875
963	878
963	883
963	886
963	888
963	889
963	903
963	932
963	936
963	939
963	947
963	953
963	970
963	977
963	987
963	1000
964	49
964	164
964	236
964	293
964	377
964	379
964	380
964	493
964	501
964	506
964	508
964	624
964	656
964	664
964	689
964	703
964	792
964	794
964	809
964	814
964	816
964	892
964	923
964	955
964	958
964	962
964	965
964	967
964	969
964	976
964	977
964	989
964	996
965	38
965	75
965	115
965	134
965	174
965	256
965	416
965	451
965	475
965	493
965	600
965	624
965	656
965	664
965	703
965	792
965	794
965	809
965	814
965	816
965	892
965	923
965	955
965	962
965	964
965	967
965	969
965	976
965	977
965	988
965	989
965	996
965	998
966	177
966	197
966	248
966	287
966	288
966	430
966	449
966	513
966	535
966	568
966	583
966	594
966	611
966	612
966	631
966	702
966	734
966	741
966	747
966	808
966	829
966	841
966	864
966	865
966	866
966	877
966	943
966	944
966	945
966	991
966	993
966	994
966	995
966	997
967	38
967	101
967	134
967	174
967	261
967	314
967	338
967	377
967	380
967	475
967	600
967	656
967	664
967	689
967	703
967	755
967	792
967	794
967	809
967	814
967	816
967	873
967	892
967	923
967	930
967	955
967	962
967	964
967	965
967	969
967	976
967	977
967	989
967	996
968	55
968	85
968	108
968	126
968	137
968	153
968	217
968	280
968	317
968	366
968	390
968	489
968	490
968	536
968	537
968	539
968	544
968	630
968	632
968	634
968	695
968	701
968	720
968	763
968	812
968	813
968	831
968	847
968	863
968	895
968	919
968	931
968	970
968	971
968	991
969	12
969	75
969	134
969	161
969	174
969	338
969	416
969	451
969	475
969	501
969	506
969	592
969	600
969	624
969	656
969	664
969	689
969	703
969	759
969	792
969	794
969	809
969	814
969	816
969	866
969	892
969	923
969	955
969	962
969	964
969	965
969	967
969	976
969	977
969	989
969	996
970	107
970	188
970	200
970	232
970	289
970	391
970	408
970	444
970	479
970	505
970	652
970	667
970	671
970	674
970	728
970	777
970	779
970	781
970	786
970	787
970	802
970	835
970	875
970	878
970	883
970	886
970	888
970	889
970	903
970	932
970	936
970	939
970	947
970	953
970	963
970	968
970	1000
971	55
971	85
971	126
971	137
971	145
971	153
971	169
971	186
971	230
971	243
971	252
971	280
971	317
971	359
971	366
971	390
971	489
971	490
971	529
971	539
971	630
971	632
971	634
971	695
971	701
971	720
971	763
971	767
971	812
971	813
971	831
971	847
971	863
971	895
971	919
971	931
971	968
972	268
972	348
972	455
972	484
972	559
972	572
972	592
972	595
972	597
972	621
972	673
972	696
972	705
972	729
972	736
972	749
972	769
972	797
972	799
972	833
972	839
972	857
972	903
972	925
972	927
972	958
972	981
972	983
972	984
972	987
972	991
972	998
972	999
973	60
973	90
973	117
973	122
973	138
973	159
973	194
973	291
973	294
973	307
973	342
973	405
973	516
973	549
973	556
973	585
973	603
973	605
973	619
973	676
973	684
973	702
973	706
973	708
973	737
973	746
973	819
973	853
973	865
973	894
973	896
973	902
973	919
973	950
973	955
973	960
973	975
974	100
974	110
974	142
974	189
974	195
974	198
974	207
974	238
974	276
974	277
974	283
974	300
974	308
974	331
974	361
974	374
974	394
974	414
974	435
974	502
974	518
974	533
974	540
974	633
974	642
974	643
974	653
974	680
974	681
974	727
974	765
974	768
974	818
974	854
974	890
974	899
974	933
975	60
975	90
975	106
975	138
975	159
975	194
975	291
975	294
975	342
975	344
975	357
975	388
975	405
975	477
975	516
975	549
975	556
975	585
975	603
975	605
975	665
975	676
975	684
975	702
975	706
975	708
975	737
975	746
975	819
975	853
975	894
975	896
975	897
975	902
975	950
975	960
975	973
975	986
976	12
976	38
976	101
976	134
976	161
976	293
976	314
976	377
976	390
976	416
976	451
976	501
976	506
976	508
976	512
976	600
976	624
976	656
976	689
976	703
976	769
976	792
976	794
976	809
976	814
976	816
976	892
976	923
976	955
976	962
976	964
976	965
976	967
976	969
976	977
976	985
976	989
976	996
977	12
977	62
977	164
977	236
977	261
977	271
977	314
977	377
977	416
977	431
977	452
977	493
977	501
977	506
977	508
977	600
977	624
977	656
977	664
977	689
977	703
977	792
977	794
977	809
977	814
977	816
977	892
977	923
977	948
977	955
977	962
977	963
977	964
977	965
977	967
977	969
977	976
977	989
977	996
978	43
978	193
978	209
978	253
978	266
978	274
978	297
978	305
978	309
978	334
978	345
978	378
978	406
978	426
978	480
978	544
978	564
978	596
978	598
978	672
978	678
978	798
978	804
978	842
978	872
978	879
978	900
978	908
978	928
978	930
978	935
978	954
978	980
978	982
978	988
978	990
978	992
978	995
978	1000
979	31
979	47
979	68
979	74
979	94
979	130
979	136
979	203
979	228
979	230
979	254
979	269
979	312
979	353
979	364
979	379
979	399
979	446
979	450
979	465
979	504
979	521
979	523
979	526
979	571
979	613
979	623
979	645
979	668
979	679
979	710
979	722
979	767
979	772
979	855
979	893
979	897
979	913
979	930
980	19
980	109
980	146
980	168
980	170
980	205
980	210
980	226
980	237
980	250
980	302
980	351
980	424
980	508
980	520
980	534
980	548
980	569
980	575
980	582
980	590
980	640
980	688
980	714
980	725
980	732
980	742
980	770
980	773
980	781
980	783
980	843
980	860
980	914
980	929
980	941
980	959
980	978
980	985
981	70
981	73
981	162
981	179
981	182
981	268
981	343
981	383
981	442
981	466
981	484
981	572
981	592
981	595
981	597
981	621
981	673
981	696
981	705
981	729
981	736
981	748
981	749
981	769
981	784
981	797
981	799
981	833
981	839
981	857
981	925
981	927
981	958
981	972
981	983
981	984
981	987
981	994
981	998
981	999
982	20
982	114
982	151
982	214
982	266
982	274
982	286
982	297
982	305
982	309
982	334
982	345
982	349
982	378
982	406
982	426
982	480
982	544
982	564
982	596
982	598
982	672
982	678
982	772
982	798
982	804
982	842
982	872
982	880
982	900
982	908
982	921
982	928
982	930
982	935
982	954
982	978
982	988
982	990
982	992
983	25
983	70
983	121
983	157
983	260
983	268
983	383
983	442
983	455
983	466
983	470
983	484
983	572
983	592
983	595
983	597
983	621
983	673
983	696
983	705
983	729
983	736
983	749
983	769
983	797
983	799
983	806
983	833
983	839
983	855
983	857
983	925
983	927
983	958
983	972
983	981
983	984
983	985
983	987
983	998
983	999
984	104
984	127
984	179
984	216
984	260
984	354
984	383
984	442
984	455
984	466
984	470
984	484
984	572
984	592
984	595
984	597
984	621
984	673
984	696
984	705
984	729
984	736
984	749
984	769
984	797
984	799
984	833
984	839
984	857
984	882
984	908
984	925
984	927
984	931
984	958
984	972
984	981
984	983
984	987
984	998
984	999
985	19
985	27
985	109
985	146
985	168
985	170
985	226
985	237
985	251
985	302
985	326
985	351
985	424
985	428
985	503
985	520
985	534
985	548
985	575
985	582
985	590
985	640
985	688
985	714
985	725
985	732
985	742
985	773
985	781
985	783
985	795
985	860
985	881
985	898
985	914
985	929
985	941
985	959
985	976
985	980
985	983
986	44
986	63
986	113
986	143
986	147
986	177
986	229
986	239
986	292
986	343
986	355
986	356
986	359
986	370
986	376
986	392
986	418
986	430
986	437
986	456
986	485
986	517
986	528
986	543
986	558
986	589
986	635
986	716
986	717
986	752
986	836
986	840
986	851
986	857
986	873
986	885
986	921
986	934
986	944
986	951
986	957
986	975
987	25
987	39
987	73
987	121
987	127
987	199
987	252
987	268
987	455
987	466
987	470
987	484
987	499
987	572
987	592
987	595
987	597
987	621
987	673
987	696
987	705
987	711
987	729
987	736
987	749
987	769
987	797
987	799
987	833
987	839
987	857
987	922
987	925
987	927
987	958
987	963
987	972
987	981
987	983
987	984
987	998
987	999
988	14
988	43
988	193
988	209
988	253
988	274
988	286
988	297
988	305
988	309
988	334
988	345
988	349
988	378
988	406
988	422
988	426
988	464
988	480
988	544
988	564
988	596
988	598
988	611
988	672
988	678
988	798
988	804
988	842
988	872
988	900
988	908
988	928
988	930
988	935
988	954
988	961
988	965
988	978
988	982
988	990
988	992
989	15
989	62
989	75
989	101
989	115
989	164
989	236
989	261
989	271
989	293
989	338
989	377
989	451
989	475
989	493
989	501
989	506
989	508
989	600
989	624
989	656
989	661
989	664
989	689
989	703
989	788
989	792
989	794
989	809
989	814
989	816
989	892
989	911
989	923
989	955
989	962
989	964
989	965
989	967
989	969
989	976
989	977
989	996
990	14
990	20
990	114
990	151
990	193
990	209
990	253
990	266
990	274
990	286
990	297
990	305
990	334
990	345
990	349
990	378
990	406
990	424
990	426
990	480
990	514
990	544
990	564
990	596
990	598
990	672
990	678
990	749
990	798
990	804
990	842
990	872
990	900
990	908
990	928
990	930
990	935
990	937
990	954
990	978
990	982
990	988
990	992
991	87
991	96
991	206
991	208
991	248
991	255
991	318
991	363
991	393
991	430
991	449
991	454
991	513
991	516
991	535
991	568
991	583
991	602
991	611
991	612
991	629
991	631
991	638
991	734
991	741
991	747
991	808
991	829
991	841
991	864
991	865
991	866
991	877
991	943
991	944
991	945
991	966
991	968
991	972
991	993
991	994
991	995
991	997
992	5
992	14
992	20
992	43
992	95
992	114
992	147
992	151
992	193
992	209
992	253
992	266
992	274
992	286
992	297
992	305
992	309
992	334
992	345
992	349
992	378
992	406
992	426
992	480
992	544
992	564
992	596
992	598
992	672
992	678
992	798
992	804
992	842
992	867
992	872
992	900
992	908
992	928
992	930
992	935
992	954
992	978
992	982
992	988
992	990
993	24
993	73
993	87
993	180
993	201
993	206
993	208
993	242
993	255
993	270
993	287
993	339
993	409
993	430
993	449
993	454
993	535
993	568
993	583
993	594
993	602
993	611
993	612
993	631
993	638
993	734
993	741
993	747
993	798
993	808
993	829
993	841
993	864
993	865
993	866
993	877
993	929
993	943
993	944
993	945
993	966
993	991
993	994
993	995
993	997
994	24
994	96
994	180
994	197
994	248
994	255
994	270
994	318
994	339
994	349
994	363
994	393
994	409
994	430
994	448
994	449
994	454
994	535
994	568
994	583
994	594
994	602
994	611
994	612
994	631
994	638
994	734
994	741
994	744
994	747
994	808
994	829
994	841
994	864
994	865
994	866
994	877
994	895
994	943
994	944
994	945
994	966
994	981
994	991
994	993
994	995
994	997
995	24
995	87
995	96
995	104
995	180
995	206
995	208
995	248
995	287
995	318
995	339
995	393
995	409
995	449
995	454
995	466
995	513
995	535
995	568
995	583
995	594
995	602
995	611
995	612
995	631
995	638
995	734
995	741
995	747
995	808
995	829
995	841
995	864
995	865
995	866
995	877
995	878
995	904
995	943
995	944
995	945
995	966
995	978
995	991
995	993
995	994
995	997
996	12
996	38
996	62
996	75
996	101
996	115
996	126
996	161
996	164
996	174
996	236
996	261
996	271
996	293
996	314
996	338
996	380
996	401
996	416
996	451
996	475
996	493
996	508
996	600
996	624
996	656
996	664
996	689
996	703
996	786
996	792
996	794
996	797
996	809
996	814
996	816
996	827
996	892
996	923
996	955
996	962
996	964
996	965
996	967
996	969
996	976
996	977
996	989
997	16
997	87
997	96
997	180
997	197
997	248
997	255
997	270
997	287
997	318
997	339
997	363
997	393
997	409
997	430
997	449
997	454
997	513
997	535
997	568
997	582
997	583
997	594
997	602
997	611
997	612
997	616
997	631
997	638
997	724
997	734
997	741
997	747
997	808
997	829
997	841
997	864
997	865
997	866
997	877
997	943
997	944
997	945
997	966
997	991
997	993
997	994
997	995
998	25
998	39
998	70
998	82
998	104
998	121
998	127
998	162
998	179
998	182
998	199
998	216
998	260
998	266
998	383
998	442
998	455
998	470
998	484
998	572
998	592
998	595
998	597
998	621
998	673
998	696
998	705
998	729
998	736
998	749
998	769
998	797
998	799
998	833
998	839
998	857
998	925
998	927
998	940
998	952
998	958
998	965
998	972
998	981
998	983
998	984
998	987
998	999
999	25
999	39
999	70
999	73
999	104
999	108
999	121
999	127
999	162
999	179
999	182
999	199
999	216
999	260
999	268
999	383
999	413
999	442
999	455
999	466
999	470
999	572
999	592
999	595
999	597
999	621
999	628
999	673
999	696
999	705
999	729
999	736
999	749
999	769
999	797
999	799
999	833
999	839
999	857
999	925
999	926
999	927
999	944
999	958
999	972
999	981
999	983
999	984
999	987
999	998
1000	32
1000	41
1000	49
1000	53
1000	54
1000	107
1000	140
1000	187
1000	188
1000	191
1000	289
1000	325
1000	391
1000	396
1000	408
1000	438
1000	444
1000	467
1000	505
1000	525
1000	619
1000	652
1000	658
1000	667
1000	671
1000	674
1000	728
1000	777
1000	779
1000	786
1000	787
1000	802
1000	835
1000	840
1000	875
1000	878
1000	883
1000	886
1000	888
1000	889
1000	903
1000	932
1000	936
1000	939
1000	947
1000	951
1000	953
1000	963
1000	970
1000	978
