0 145
0 342
0 812
0 991
145 44
145 682
145 785
342 286
342 398
342 629
342 769
812 121
812 170
812 277
812 505
812 511
812 656
812 792
812 815
812 853
812 854
812 906
812 982
812 995
991 27
991 232
991 242
991 304
991 323
991 393
991 427
991 471
991 502
991 505
991 517
991 636
991 650
991 681
991 685
991 701
991 713
991 719
991 750
991 754
991 782
991 788
991 817
991 833
991 842
991 847
991 851
991 892
991 894
991 923
991 934
991 935
991 940
991 949
991 960
991 963
991 965
991 971
991 974
991 976
991 979
991 981
991 990
991 997
44 176
44 527
44 916
682 940
682 918
682 939
682 985
682 153
682 317
682 445
682 504
785 262
785 919
785 566
785 455
785 984
785 828
785 283
785 496
785 579
785 818
785 922
785 963
286 615
286 424
286 817
286 949
398 983
398 31
398 305
398 406
629 973
629 101
629 553
629 567
629 647
629 672
629 789
769 942
769 894
769 971
769 947
769 722
769 602
769 936
769 943
769 567
769 768
769 684
121 18
121 405
121 574
170 954
170 296
170 435
277 53
277 99
277 247
277 322
505 953
505 39
505 771
505 890
511 999
511 998
511 942
511 198
511 199
511 471
656 959
656 979
656 996
656 691
656 972
656 227
656 680
656 867
792 995
792 865
792 939
792 854
792 947
792 902
792 202
792 597
792 619
792 827
792 843
792 970
815 940
815 908
815 980
815 913
815 992
815 990
815 534
815 853
815 932
815 872
815 960
815 665
815 406
853 999
853 915
853 956
853 49
853 301
853 358
853 648
853 651
853 825
853 870
853 881
853 884
853 898
853 958
854 999
854 863
854 955
854 981
854 55
854 556
854 679
854 683
854 804
854 830
854 870
854 884
854 942
854 943
906 900
906 956
906 185
906 899
906 986
906 952
906 759
906 889
906 947
906 985
906 873
906 720
906 881
906 494
906 528
906 535
906 557
906 565
906 667
906 958
906 965
982 962
982 956
982 837
982 968
982 243
982 272
982 966
982 220
982 952
982 939
982 874
982 921
982 742
982 782
982 77
982 103
982 131
982 223
982 312
982 362
982 400
982 430
982 445
982 525
982 535
982 542
982 616
982 669
982 706
982 723
982 761
982 764
982 800
982 818
982 829
982 877
982 909
982 927
982 931
982 933
995 980
995 787
995 996
995 744
995 604
995 31
995 70
995 159
995 207
995 213
995 337
995 379
995 385
995 410
995 429
995 450
995 463
995 499
995 538
995 550
995 554
995 565
995 575
995 618
995 661
995 680
995 698
995 707
995 724
995 838
995 844
995 857
995 864
995 870
995 884
995 895
995 924
995 926
995 946
995 954
995 960
995 964
995 971
995 981
995 984
995 989
27 849
27 75
27 190
232 859
232 855
232 284
242 986
242 670
242 832
242 781
304 915
304 957
304 926
304 259
323 929
323 116
323 160
323 686
393 700
393 938
393 946
393 844
427 962
427 493
427 184
427 429
427 677
471 956
471 847
471 965
471 948
502 350
502 941
502 988
502 939
502 825
517 863
517 994
517 907
517 943
517 799
517 867
636 899
636 926
636 924
636 909
636 102
636 791
636 841
650 689
650 215
650 927
650 665
650 890
650 564
650 830
650 831
681 523
681 978
681 887
681 871
681 973
681 311
681 790
681 639
685 391
685 808
685 874
685 478
685 99
685 494
685 620
685 750
701 861
701 996
701 974
701 581
701 886
701 423
701 770
701 441
701 373
713 826
713 990
713 784
713 947
713 175
713 280
713 336
713 743
713 814
719 961
719 992
719 966
719 794
719 960
719 934
719 257
719 327
719 557
750 908
750 986
750 937
750 132
750 445
750 552
750 678
750 684
750 948
754 891
754 23
754 192
754 362
754 711
754 766
754 841
754 950
754 966
754 983
782 988
782 973
782 73
782 270
782 364
782 509
782 526
782 711
782 760
782 944
782 975
788 7
788 149
788 271
788 468
788 479
788 617
788 705
788 723
788 777
788 959
788 969
788 990
817 962
817 956
817 657
817 993
817 964
817 924
817 895
817 384
817 392
817 582
817 649
817 732
833 911
833 856
833 776
833 998
833 983
833 974
833 952
833 932
833 623
833 766
833 524
833 825
833 931
833 683
842 917
842 994
842 937
842 866
842 939
842 251
842 930
842 768
842 781
842 721
842 292
842 321
842 362
842 740
842 958
847 986
847 946
847 591
847 536
847 174
847 223
847 935
847 378
847 237
847 282
847 396
847 496
847 799
847 843
851 959
851 994
851 176
851 702
851 463
851 727
851 758
851 384
851 472
851 645
851 651
851 819
851 834
851 848
851 970
892 900
892 861
892 994
892 925
892 41
892 83
892 280
892 512
892 645
892 679
892 691
892 752
892 765
892 801
892 810
892 933
892 948
892 976
892 987
894 897
894 999
894 968
894 79
894 993
894 990
894 986
894 977
894 214
894 482
894 646
894 751
894 844
894 869
894 909
894 960
894 963
894 975
923 999
923 925
923 964
923 938
923 924
923 326
923 939
923 695
923 971
923 828
923 922
923 747
923 852
923 199
923 204
923 305
923 334
923 380
923 419
923 781
923 820
923 830
923 836
923 848
934 637
934 913
934 999
934 900
934 185
934 899
934 957
934 604
934 860
934 919
934 742
934 123
934 139
934 268
934 351
934 465
934 516
934 533
934 542
934 715
934 800
934 823
934 869
934 898
934 958
935 901
935 978
935 319
935 986
935 919
935 795
935 786
935 816
935 912
935 151
935 601
935 332
935 671
935 353
935 356
935 375
935 563
935 649
935 658
935 686
935 724
935 743
935 791
935 864
935 893
940 1
940 17
940 197
940 213
940 348
940 426
940 444
940 473
940 480
940 561
940 748
940 753
940 791
940 823
940 920
940 925
940 932
940 939
940 946
940 948
940 960
940 963
940 969
940 980
940 999
949 999
949 998
949 961
949 837
949 994
949 951
949 986
949 938
949 929
949 942
949 921
949 816
949 889
949 756
949 739
949 829
949 985
949 598
949 774
949 293
949 875
949 675
949 385
949 763
949 506
949 664
949 503
949 704
960 891
960 134
960 920
960 955
960 467
960 988
960 865
960 702
960 455
960 921
960 885
960 832
960 882
960 972
960 933
960 205
960 117
960 158
960 302
960 550
960 597
960 620
960 715
960 741
960 834
960 857
960 948
963 856
963 918
963 998
963 657
963 996
963 190
963 955
963 807
963 676
963 883
963 969
963 967
963 718
963 921
963 947
963 279
963 985
963 984
963 930
963 936
963 840
963 163
963 192
963 368
963 416
963 654
963 659
963 678
963 831
963 965
965 998
965 959
965 961
965 904
965 700
965 983
965 925
965 966
965 937
965 939
965 739
965 985
965 374
965 950
965 905
965 666
965 936
965 661
965 761
965 944
965 775
965 694
965 790
965 869
965 268
965 317
965 437
965 715
965 862
965 931
971 856
971 492
971 961
971 899
971 917
971 79
971 979
971 951
971 983
971 868
971 938
971 631
971 987
971 87
971 160
971 225
971 226
971 314
971 484
971 536
971 550
971 564
971 580
971 633
971 640
971 773
971 794
971 834
971 875
971 927
971 944
971 975
974 637
974 962
974 920
974 604
974 34
974 748
974 151
974 202
974 263
974 335
974 339
974 377
974 445
974 626
974 718
974 726
974 727
974 765
974 791
974 809
974 822
974 836
974 876
974 883
974 885
974 889
974 898
974 922
974 930
974 932
974 958
974 966
974 970
974 981
976 911
976 891
976 846
976 779
976 993
976 986
976 966
976 641
976 926
976 527
976 924
976 48
976 118
976 127
976 130
976 131
976 257
976 309
976 402
976 412
976 500
976 510
976 519
976 554
976 649
976 774
976 781
976 818
976 829
976 871
976 874
976 884
976 921
976 933
976 977
976 987
979 908
979 962
979 915
979 918
979 249
979 959
979 978
979 22
979 258
979 303
979 311
979 366
979 544
979 557
979 595
979 686
979 693
979 790
979 796
979 819
979 827
979 836
979 860
979 869
979 872
979 877
979 905
979 929
979 942
979 943
979 945
979 967
979 973
979 984
979 988
979 992
979 997
981 897
981 980
981 826
981 712
981 837
981 746
981 899
981 957
981 394
981 907
981 688
981 54
981 166
981 181
981 237
981 253
981 345
981 347
981 388
981 414
981 424
981 459
981 491
981 563
981 570
981 576
981 613
981 632
981 722
981 805
981 845
981 873
981 880
981 954
981 973
981 987
990 908
990 920
990 896
990 941
990 994
990 787
990 793
990 34
990 175
990 240
990 245
990 248
990 271
990 274
990 331
990 433
990 448
990 497
990 500
990 508
990 529
990 539
990 612
990 618
990 630
990 734
990 749
990 765
990 771
990 775
990 786
990 800
990 924
990 936
990 943
990 948
990 966
990 988
990 989
997 897
997 911
997 980
997 307
997 901
997 968
997 951
997 938
997 745
997 919
997 952
997 939
997 498
997 808
997 74
997 89
997 93
997 96
997 106
997 122
997 128
997 140
997 211
997 296
997 317
997 353
997 365
997 486
997 541
997 550
997 710
997 723
997 781
997 814
997 819
997 840
997 843
997 852
997 857
997 872
997 876
997 902
997 922
997 933
997 936
997 958
997 972
1 91
1 460
1 674
91 333
91 829
91 999
460 103
460 838
460 871
460 875
460 881
674 271
674 447
674 594
674 638
674 755
674 872
674 946
674 987
333 562
333 720
333 844
333 852
829 980
829 951
829 634
829 924
829 345
829 548
829 694
829 834
829 876
829 902
829 905
999 891
999 8
999 18
999 54
999 116
999 120
999 189
999 274
999 442
999 477
999 490
999 518
999 532
999 572
999 597
999 623
999 628
999 651
999 657
999 700
999 706
999 734
999 735
999 763
999 778
999 784
999 801
999 820
999 835
999 888
999 912
999 917
999 921
999 929
999 964
999 966
999 967
999 970
999 986
999 987
999 998
103 856
103 347
838 968
838 996
838 932
838 977
838 984
838 130
838 337
838 462
838 476
838 635
838 728
838 737
838 936
871 856
871 150
871 249
871 968
871 996
871 860
871 967
871 56
871 442
871 614
871 632
871 643
871 797
871 832
871 921
875 980
875 914
875 846
875 899
875 992
875 497
875 882
875 947
875 374
875 137
875 622
875 635
875 644
875 840
875 852
881 901
881 941
881 996
881 992
881 926
881 474
881 155
881 161
881 267
881 335
881 428
881 572
881 611
881 680
881 781
881 970
271 531
271 611
447 967
447 977
447 975
447 555
447 519
594 994
594 937
594 945
594 626
594 836
594 848
594 663
638 811
638 994
638 53
638 98
638 187
638 651
638 855
755 901
755 955
755 868
755 501
755 57
755 149
755 276
755 408
755 903
755 989
872 776
872 989
872 571
872 92
872 257
872 270
872 344
872 380
872 423
872 649
872 679
872 680
872 821
872 836
946 920
946 959
946 961
946 978
946 896
946 951
946 957
946 807
946 40
946 48
946 51
946 334
946 358
946 481
946 592
946 659
946 663
946 669
946 687
946 721
946 726
946 742
946 786
946 857
946 893
987 112
987 599
987 725
987 904
987 265
987 951
987 957
987 467
987 925
987 992
987 964
987 865
987 707
987 449
987 689
987 615
987 566
987 874
987 816
987 77
987 217
987 250
987 284
987 290
987 339
987 459
987 474
987 519
987 533
987 577
987 578
987 625
987 677
987 739
987 827
987 836
17 265
17 846
17 978
197 756
197 513
197 524
213 917
213 924
348 899
348 874
348 936
348 958
426 938
426 476
426 869
426 285
426 555
444 856
444 914
444 957
444 877
444 653
473 19
473 321
473 821
473 878
473 953
480 969
480 142
480 438
480 728
480 772
561 537
561 578
561 722
561 936
561 821
561 330
748 530
748 904
748 994
748 34
748 790
748 803
748 889
748 943
748 967
753 967
753 562
753 318
753 933
753 168
753 214
753 379
753 740
753 852
753 948
791 443
791 925
791 966
791 952
791 967
791 912
791 820
791 597
791 648
823 994
823 996
823 793
823 992
823 860
823 866
823 773
823 148
823 246
823 392
823 775
823 814
920 856
920 13
920 31
920 128
920 173
920 404
920 658
920 709
920 718
920 738
920 774
920 827
920 857
920 939
920 943
920 961
920 985
920 992
920 993
925 134
925 914
925 904
925 863
925 733
925 32
925 244
925 302
925 389
925 450
925 479
925 556
925 666
925 668
925 715
925 718
925 752
925 770
925 964
932 915
932 956
932 914
932 896
932 941
932 488
932 883
932 510
932 51
932 58
932 166
932 218
932 234
932 309
932 409
932 621
932 687
932 818
932 834
932 912
932 927
932 977
939 959
939 951
939 319
939 955
939 924
939 866
939 52
939 66
939 167
939 327
939 361
939 520
939 543
939 645
939 648
939 839
939 878
939 890
948 964
948 731
948 859
948 924
948 501
948 969
948 887
948 631
948 874
948 670
948 912
948 387
948 739
948 623
948 898
948 822
948 664
948 804
948 282
948 364
948 402
948 541
948 864
969 918
969 978
969 993
969 676
969 47
969 132
969 142
969 199
969 247
969 337
969 392
969 400
969 423
969 435
969 438
969 564
969 591
969 627
969 671
969 695
969 704
969 730
969 756
969 762
969 841
969 855
969 878
969 898
969 909
969 972
969 984
980 4
980 41
980 59
980 200
980 228
980 270
980 275
980 302
980 308
980 315
980 321
980 366
980 394
980 423
980 510
980 512
980 513
980 584
980 648
980 660
980 705
980 717
980 797
980 819
980 880
980 909
980 931
980 945
980 953
980 964
980 970
980 975
980 977
2 443
2 485
2 637
2 908
443 860
443 879
443 933
443 947
485 278
485 715
485 816
485 951
485 984
637 830
637 926
637 955
637 972
637 996
908 16
908 266
908 315
908 401
908 478
908 566
908 586
908 646
908 679
908 818
908 841
908 855
908 896
908 954
908 955
908 978
908 996
860 746
860 45
860 99
860 529
860 571
860 614
860 766
860 831
860 840
860 950
860 973
860 984
879 988
879 883
879 967
879 463
879 539
879 766
879 607
879 893
879 888
879 843
879 970
879 424
879 820
879 705
879 402
879 418
879 438
933 904
933 929
933 952
933 759
933 889
933 101
933 191
933 390
933 540
933 551
933 686
933 818
933 827
933 843
933 858
933 884
933 898
933 922
933 958
933 984
947 849
947 717
947 951
947 957
947 807
947 676
947 937
947 942
947 756
947 882
947 86
947 289
947 586
947 587
947 602
947 619
947 643
947 666
947 686
947 790
947 825
947 827
947 895
278 956
278 428
278 819
278 821
715 549
715 464
715 670
715 972
715 595
816 913
816 967
816 68
816 569
816 600
816 669
816 728
816 757
816 801
816 902
951 850
951 475
951 23
951 280
951 329
951 535
951 578
951 588
951 610
951 651
951 761
951 828
951 836
951 862
951 864
951 876
951 880
951 890
951 903
951 905
951 916
951 953
984 780
984 856
984 849
984 915
984 978
984 968
984 941
984 996
984 992
984 964
984 581
984 988
984 883
984 977
984 689
984 921
984 245
984 478
984 493
984 736
984 110
984 153
984 187
984 216
984 253
984 289
984 361
984 385
984 405
984 613
984 653
984 677
984 864
830 918
830 249
830 807
830 641
830 950
830 476
830 422
830 260
830 280
830 382
830 620
926 911
926 826
926 996
926 983
926 907
926 953
926 40
926 59
926 64
926 85
926 199
926 233
926 288
926 587
926 814
926 895
926 936
926 943
926 989
955 849
955 350
955 28
955 299
955 371
955 408
955 416
955 479
955 535
955 589
955 611
955 679
955 758
955 771
955 798
955 822
955 832
955 845
955 878
955 880
955 938
955 953
955 966
955 988
972 959
972 983
972 634
972 688
972 866
972 973
972 693
972 692
972 85
972 86
972 104
972 108
972 147
972 256
972 295
972 334
972 344
972 461
972 493
972 617
972 653
972 669
972 687
972 723
972 794
972 805
972 819
972 840
972 841
972 855
972 890
996 998
996 917
996 25
996 67
996 196
996 235
996 250
996 263
996 322
996 374
996 403
996 446
996 494
996 515
996 516
996 532
996 587
996 589
996 627
996 730
996 741
996 745
996 756
996 824
996 848
996 870
996 893
996 907
996 919
996 929
996 945
996 952
996 958
996 964
996 989
996 993
16 725
16 837
16 904
266 924
266 804
266 554
266 810
315 700
315 950
315 834
401 900
401 883
401 954
401 416
478 467
478 767
478 92
566 846
566 65
566 589
566 611
586 937
586 886
586 545
586 143
586 647
586 888
646 746
646 986
646 806
646 85
646 552
646 559
679 886
679 977
679 765
679 293
818 910
818 666
818 855
818 943
818 654
818 203
818 370
818 451
841 959
841 725
841 573
841 455
841 909
841 229
841 504
841 694
841 790
841 248
841 821
855 899
855 744
855 886
855 806
855 921
855 598
855 139
855 470
855 834
855 844
896 910
896 901
896 21
896 215
896 220
896 261
896 504
896 519
896 576
896 613
896 744
896 752
896 805
896 928
896 943
896 973
954 523
954 700
954 957
954 107
954 807
954 916
954 391
954 866
954 874
954 767
954 601
954 317
954 515
954 552
954 610
954 613
954 621
954 623
954 671
954 678
954 758
954 771
954 804
954 813
954 852
954 877
978 914
978 61
978 84
978 86
978 123
978 126
978 129
978 136
978 157
978 201
978 245
978 316
978 346
978 483
978 496
978 551
978 560
978 596
978 598
978 606
978 731
978 857
978 873
978 886
978 912
978 936
978 968
978 973
978 985
978 988
978 994
3 395
3 811
3 897
3 911
395 6
395 839
395 956
395 989
811 69
811 489
811 492
811 695
811 696
811 845
811 902
811 910
811 918
811 941
811 975
811 983
897 38
897 80
897 418
897 605
897 616
897 625
897 677
897 691
897 710
897 726
897 758
897 770
897 863
897 880
897 887
897 942
897 977
911 15
911 186
911 334
911 625
911 704
911 712
911 744
911 767
911 768
911 774
911 883
911 910
911 924
911 944
911 967
911 973
911 977
911 993
6 425
6 530
6 962
839 700
839 488
839 986
839 945
839 985
839 153
839 201
839 259
839 472
839 521
839 596
839 667
839 749
956 780
956 910
956 425
956 913
956 849
956 10
956 288
956 316
956 529
956 553
956 569
956 623
956 707
956 711
956 740
956 773
956 786
956 796
956 874
956 890
956 909
956 921
956 944
956 945
956 958
989 962
989 826
989 959
989 265
989 957
989 992
989 988
989 865
989 945
989 973
989 58
989 76
989 125
989 206
989 209
989 233
989 239
989 455
989 465
989 486
989 497
989 521
989 528
989 568
989 588
989 612
989 722
989 751
989 770
989 772
989 777
989 821
989 822
989 827
989 882
989 944
989 975
69 539
69 695
69 889
489 983
489 944
489 224
489 238
489 457
492 10
492 212
492 397
492 404
695 849
695 87
695 481
695 537
695 805
696 998
696 904
696 912
696 768
696 803
696 428
696 764
696 410
845 849
845 904
845 924
845 697
845 885
845 71
845 93
845 335
845 383
845 442
845 541
845 639
845 723
902 900
902 861
902 837
902 846
902 988
902 318
902 950
902 193
902 789
902 600
902 844
902 852
902 585
902 595
902 764
902 848
910 5
910 160
910 313
910 509
910 526
910 545
910 553
910 644
910 751
910 783
910 789
910 800
910 912
910 918
910 970
910 983
910 998
918 9
918 43
918 55
918 181
918 206
918 430
918 437
918 551
918 557
918 560
918 583
918 630
918 732
918 767
918 798
918 887
918 988
941 21
941 120
941 167
941 263
941 274
941 327
941 363
941 434
941 467
941 495
941 524
941 545
941 730
941 737
941 857
941 865
941 869
941 874
941 883
941 885
941 930
941 983
941 992
975 900
975 354
975 787
975 868
975 916
975 919
975 928
975 697
975 882
975 553
975 125
975 181
975 244
975 281
975 316
975 329
975 331
975 356
975 396
975 431
975 495
975 524
975 548
975 559
975 592
975 684
975 723
975 804
975 820
975 931
983 962
983 850
983 26
983 67
983 88
983 89
983 90
983 198
983 457
983 468
983 491
983 565
983 569
983 579
983 625
983 680
983 705
983 709
983 737
983 758
983 760
983 767
983 802
983 819
983 821
983 832
983 858
983 874
983 884
983 964
38 968
38 883
38 937
80 977
80 387
80 456
418 867
418 728
418 508
605 718
605 454
605 912
605 888
605 763
605 285
605 528
616 354
616 994
616 687
616 905
616 404
616 708
625 900
625 340
625 714
625 496
677 966
677 924
677 258
677 513
677 970
691 357
691 75
691 859
691 886
691 928
691 802
710 891
710 993
710 738
710 893
710 267
710 587
710 752
710 876
726 883
726 539
726 613
726 766
726 343
726 329
726 764
758 959
758 992
758 953
758 141
758 162
758 360
770 962
770 859
770 945
770 687
770 809
770 870
770 298
770 652
863 968
863 21
863 297
863 299
863 359
863 421
863 743
863 862
863 867
863 903
863 916
863 927
863 957
880 901
880 156
880 953
880 784
880 544
880 349
880 873
880 675
880 548
880 550
880 644
880 801
880 877
887 530
887 793
887 945
887 967
887 866
887 52
887 202
887 226
887 299
887 543
887 704
887 728
887 813
887 922
887 930
942 868
942 988
942 919
942 952
942 928
942 57
942 71
942 73
942 162
942 224
942 388
942 432
942 499
942 503
942 603
942 694
942 768
942 813
942 822
942 832
942 895
942 944
977 891
977 425
977 998
977 994
977 156
977 866
977 58
977 72
977 169
977 205
977 260
977 301
977 352
977 373
977 500
977 547
977 555
977 615
977 621
977 639
977 738
977 786
977 819
977 821
977 869
977 903
977 950
15 354
15 861
15 901
186 957
186 744
186 70
334 607
704 837
704 349
704 734
704 684
704 321
704 831
712 9
712 72
712 269
712 369
712 527
712 587
712 865
712 993
744 29
744 453
744 84
744 206
744 862
744 916
767 962
767 697
767 759
767 82
767 560
767 709
767 840
768 826
768 957
768 498
768 193
768 206
768 370
768 663
774 112
774 992
774 952
774 698
774 736
774 465
774 506
774 890
883 89
883 166
883 360
883 451
883 556
883 640
883 821
883 825
883 884
924 899
924 243
924 45
924 62
924 231
924 438
924 536
924 546
924 711
924 789
924 803
944 714
944 964
944 988
944 937
944 702
944 178
944 928
944 531
944 878
944 536
944 858
944 175
944 654
944 219
944 484
944 669
944 728
944 751
944 800
944 848
944 864
967 901
967 50
967 78
967 129
967 325
967 367
967 371
967 411
967 466
967 474
967 482
967 564
967 615
967 621
967 654
967 690
967 703
967 739
967 844
967 857
967 862
967 878
967 930
973 861
973 968
973 957
973 953
973 966
973 56
973 106
973 111
973 210
973 270
973 310
973 330
973 576
973 583
973 593
973 618
973 621
973 693
973 703
973 708
973 772
973 781
973 798
973 820
973 862
973 898
993 780
993 307
993 488
993 182
993 733
993 32
993 47
993 48
993 295
993 341
993 388
993 409
993 419
993 430
993 449
993 527
993 556
993 570
993 590
993 595
993 610
993 624
993 721
993 756
993 759
993 772
993 789
993 835
993 848
993 858
993 885
993 931
993 937
993 938
993 950
993 958
993 988
4 523
4 729
4 780
523 376
523 449
523 647
523 850
729 113
729 147
729 287
729 532
729 539
729 554
729 856
729 936
729 958
780 87
780 453
780 534
780 559
780 778
780 797
780 970
780 998
376 952
376 836
376 528
376 429
449 43
449 366
449 889
647 904
647 210
647 512
647 560
647 584
850 7
850 161
850 307
850 332
850 416
850 434
850 567
850 618
850 666
850 784
850 808
850 928
850 986
113 806
113 322
113 349
147 761
147 802
287 950
287 577
287 400
287 596
532 921
532 196
532 450
532 749
539 783
539 805
554 964
554 945
554 866
856 7
856 88
856 111
856 500
856 672
856 857
856 985
936 134
936 961
936 904
936 868
936 907
936 798
936 794
936 180
936 183
936 239
936 389
936 410
936 457
936 810
936 843
936 922
958 787
958 986
958 966
958 859
958 806
958 885
958 692
958 499
958 857
958 627
958 884
958 922
958 771
958 903
958 439
958 361
958 448
958 610
958 648
958 663
958 931
87 269
453 29
453 261
453 645
453 966
534 37
534 420
534 627
534 867
534 927
559 742
559 930
559 822
559 799
778 937
778 745
778 945
778 809
778 766
778 367
778 195
778 384
778 483
778 555
797 998
797 707
797 742
797 115
797 225
797 503
797 652
797 699
797 772
797 810
970 998
970 953
970 937
970 916
970 510
970 952
970 808
970 497
970 670
970 912
970 374
970 794
970 905
970 684
970 888
970 898
970 311
970 822
970 814
970 466
970 282
970 373
970 525
970 538
970 619
970 801
998 11
998 144
998 254
998 325
998 355
998 407
998 516
998 544
998 546
998 553
998 564
998 585
998 642
998 670
998 686
998 707
998 727
998 737
998 747
998 799
998 814
998 843
998 844
998 864
998 873
998 893
998 895
998 899
998 907
998 928
998 929
998 943
998 945
998 968
998 985
998 992
41 707
41 745
59 531
59 808
200 901
200 873
200 513
228 311
228 414
228 790
270 913
275 986
275 985
275 575
275 632
302 700
302 735
308 968
308 878
308 888
308 268
321 929
366 184
366 417
394 25
394 226
394 825
423 968
423 244
510 725
510 50
510 211
512 907
512 703
512 922
512 583
513 296
513 642
513 803
584 746
584 808
584 520
584 405
584 542
584 764
648 900
648 859
648 928
648 888
660 914
660 953
660 884
660 720
660 385
660 803
660 429
660 412
705 861
705 921
705 601
705 372
705 400
705 801
717 475
717 354
717 21
717 544
717 598
717 859
717 884
717 931
819 901
819 807
819 907
819 966
819 739
819 630
909 994
909 916
909 86
909 90
909 125
909 179
909 344
909 448
909 516
909 603
909 740
909 757
909 810
909 825
909 877
931 962
931 915
931 961
931 779
931 733
931 992
931 937
931 928
931 411
931 985
931 794
931 665
931 888
931 514
931 515
931 420
931 622
931 639
945 530
945 725
945 464
945 907
945 988
945 45
945 55
945 135
945 155
945 259
945 451
945 479
945 525
945 580
945 619
945 759
945 820
945 905
953 746
953 994
953 787
953 35
953 120
953 131
953 295
953 306
953 490
953 571
953 588
953 617
953 751
953 777
953 858
953 864
953 876
953 888
953 890
953 905
964 915
964 899
964 36
964 65
964 281
964 305
964 331
964 381
964 601
964 606
964 622
964 644
964 678
964 694
964 747
964 786
964 825
964 905
964 919
964 930
964 985
5 112
5 549
5 891
112 482
549 435
549 438
549 735
549 848
549 893
891 130
891 252
891 260
891 422
891 694
891 746
891 893
891 901
891 915
891 927
891 950
891 961
891 985
482 952
482 97
482 119
435 195
435 524
435 775
438 740
735 776
735 608
735 24
735 358
735 516
735 919
735 952
848 604
848 919
848 786
848 857
848 288
848 392
848 522
848 557
893 562
893 626
893 950
893 383
893 589
893 203
893 280
893 409
893 429
893 708
893 790
893 820
130 381
252 357
252 994
252 992
252 626
260 885
260 390
422 689
422 310
422 216
422 362
694 698
694 659
694 226
746 18
746 486
746 921
746 930
746 986
901 531
901 582
901 658
901 743
901 747
901 773
901 775
901 864
901 903
901 919
915 9
915 330
915 420
915 531
915 543
915 683
915 756
915 757
915 820
915 832
915 870
915 916
915 961
915 985
915 986
927 961
927 994
927 190
927 807
927 689
927 631
927 878
927 520
927 950
927 123
927 346
927 399
927 556
927 587
927 635
927 708
927 777
927 821
927 895
950 962
950 968
950 916
950 866
950 188
950 537
950 205
950 174
950 111
950 227
950 314
950 343
950 548
950 563
950 618
950 669
950 751
950 789
961 849
961 14
961 36
961 72
961 177
961 253
961 282
961 365
961 388
961 437
961 591
961 630
961 649
961 655
961 761
961 808
961 840
961 844
961 864
961 876
961 985
961 994
985 776
985 837
985 899
985 917
985 994
985 988
985 929
985 919
985 94
985 152
985 268
985 341
985 384
985 433
985 490
985 585
985 611
985 620
985 623
985 655
985 762
985 763
985 831
985 869
985 905
985 930
160 178
313 349
313 569
313 810
313 525
509 968
509 657
509 433
509 877
509 508
526 530
526 742
526 537
526 239
526 607
545 365
545 474
545 126
545 877
553 101
553 558
644 760
644 781
644 314
644 470
751 236
751 775
751 371
751 799
751 867
783 861
783 994
783 957
783 988
783 937
783 664
783 368
783 558
783 621
783 640
783 662
789 458
789 149
789 399
789 541
789 639
789 663
789 762
800 994
800 937
800 784
800 882
800 802
800 803
800 764
800 867
912 900
912 904
912 806
912 251
912 78
912 328
912 330
912 389
912 404
912 494
912 525
912 651
912 772
425 25
425 88
425 403
530 747
530 890
962 110
962 136
962 298
962 356
962 450
962 461
962 503
962 506
962 514
962 555
962 567
962 617
962 665
962 690
962 752
962 762
962 781
962 799
962 834
962 865
962 928
962 992
25 243
88 279
403 943
403 487
403 257
747 725
747 464
747 176
747 794
747 476
747 327
890 913
890 846
890 718
890 184
890 216
890 484
890 669
890 706
890 732
890 740
110 846
110 174
136 826
136 676
298 886
298 756
298 749
356 668
356 757
450 899
450 795
461 454
461 94
461 345
461 827
503 913
503 730
506 243
506 603
506 507
514 272
514 221
514 325
514 282
514 801
555 664
555 362
567 168
567 487
567 876
617 628
617 292
617 420
617 525
665 885
665 520
665 129
665 184
665 752
690 957
690 952
690 759
690 81
690 481
690 603
690 667
752 992
752 907
752 921
752 922
752 538
762 914
762 300
762 828
762 813
762 642
762 515
762 645
762 867
781 952
781 332
781 580
781 208
799 914
799 957
799 272
799 634
799 301
799 870
799 582
834 992
834 986
834 988
834 824
834 626
834 666
834 876
865 968
865 787
865 733
865 40
865 227
865 477
865 667
865 765
865 825
865 930
928 776
928 436
928 291
928 54
928 148
928 338
928 490
928 521
928 600
928 655
928 680
928 796
928 831
928 844
928 882
928 943
992 899
992 957
992 807
992 33
992 76
992 204
992 208
992 238
992 375
992 432
992 468
992 569
992 570
992 593
992 622
992 635
992 654
992 666
992 676
992 683
992 745
992 772
992 808
992 840
992 858
992 864
992 922
7 913
913 187
913 350
913 419
913 575
913 581
913 653
913 722
913 738
913 796
913 825
913 835
913 843
913 844
913 900
913 905
149 504
468 886
468 68
468 809
479 262
479 757
723 882
723 431
723 583
723 572
777 914
777 835
777 859
777 593
777 709
777 922
777 162
777 172
959 608
959 13
959 61
959 83
959 317
959 535
959 550
959 581
959 720
959 760
959 766
959 784
959 805
959 836
959 858
959 876
959 884
959 889
959 917
959 919
959 943
959 968
161 255
161 986
307 14
307 672
332 714
332 133
416 354
434 907
434 943
434 814
434 804
618 655
618 470
618 651
666 498
666 129
784 900
784 745
784 64
784 164
784 396
784 540
784 728
808 143
808 541
808 651
808 662
808 921
986 994
986 36
986 162
986 373
986 392
986 448
986 528
986 590
986 620
986 672
986 675
986 683
986 720
986 763
986 835
986 840
986 844
986 852
986 862
986 877
986 886
986 922
986 937
986 988
111 191
500 937
500 921
672 641
672 760
672 143
672 236
672 421
857 966
857 806
857 773
857 135
857 870
187 320
350 11
350 378
419 805
419 607
419 596
575 807
575 966
575 734
575 522
581 37
581 42
581 441
653 914
653 599
653 885
653 722
653 413
722 759
722 786
722 117
722 329
738 826
738 150
738 868
738 727
738 614
738 540
738 740
796 599
796 929
796 952
796 889
796 627
796 761
796 852
796 741
796 379
825 716
825 680
825 706
825 658
835 907
835 937
835 39
835 536
835 585
835 795
835 873
835 877
835 884
835 930
843 904
843 994
843 793
843 273
843 276
843 437
843 457
843 612
844 357
844 688
844 183
844 343
900 10
900 167
900 251
900 355
900 386
900 609
900 652
900 658
900 836
900 994
905 968
905 988
905 919
905 122
905 312
905 415
905 551
905 580
905 610
905 869
905 876
8 134
8 826
8 849
826 262
826 667
826 716
826 824
826 903
826 988
849 29
849 382
849 431
849 515
849 518
849 709
849 756
262 23
262 795
667 895
667 810
667 339
667 564
716 795
716 61
716 127
716 155
716 578
716 814
716 862
716 867
824 929
824 795
824 92
824 415
824 540
824 558
824 621
824 627
824 642
824 728
824 898
903 702
903 718
903 456
903 324
903 884
903 858
903 433
903 192
903 273
903 295
903 373
903 486
903 810
903 870
903 888
988 604
988 37
988 74
988 77
988 99
988 106
988 138
988 246
988 251
988 268
988 328
988 382
988 452
988 556
988 630
988 662
988 669
988 678
988 732
988 734
988 757
988 878
29 107
382 560
382 708
431 731
431 919
431 158
515 386
515 651
518 19
518 367
518 640
518 779
518 952
709 671
709 142
709 143
709 261
709 572
756 71
756 627
18 899
54 573
116 383
116 828
120 109
189 786
189 310
189 369
274 798
274 521
442 430
442 898
442 283
477 107
477 938
477 640
477 790
490 886
490 662
572 914
572 858
572 276
597 699
597 344
597 355
597 663
623 114
623 247
628 859
628 93
628 324
628 359
628 364
628 749
657 22
657 30
657 218
657 692
657 711
700 20
700 273
700 380
706 907
706 803
706 335
706 870
706 528
706 314
734 661
734 152
734 338
734 472
734 720
763 527
763 866
763 631
763 222
763 588
763 465
763 611
801 994
801 938
801 952
801 852
801 352
801 415
820 861
820 312
820 495
820 483
820 683
888 904
888 731
888 693
888 889
888 592
888 219
888 264
888 421
888 565
917 20
917 104
917 216
917 241
917 246
917 301
917 327
917 571
917 573
917 574
917 673
917 761
917 814
917 882
917 937
917 968
921 861
921 957
921 859
921 67
921 97
921 158
921 244
921 869
929 776
929 907
929 938
929 42
929 154
929 172
929 220
929 456
929 481
929 519
929 621
929 678
929 724
929 775
929 869
966 79
966 787
966 957
966 907
966 37
966 71
966 198
966 338
966 364
966 441
966 521
966 587
966 631
966 699
966 802
966 831
966 930
9 357
357 810
810 291
810 866
810 772
810 297
810 645
72 300
269 889
269 347
269 360
369 968
369 634
369 930
527 957
527 827
587 501
330 804
420 733
420 598
531 745
531 55
543 889
543 223
543 583
543 741
683 802
683 771
683 529
757 899
757 771
757 209
757 440
757 546
832 245
832 78
832 196
832 387
832 529
832 730
832 805
832 895
870 846
870 771
870 235
870 331
870 396
870 649
870 662
870 869
916 464
916 95
916 60
916 276
916 399
916 413
916 439
916 538
916 576
916 592
916 664
916 686
916 699
43 255
43 859
181 761
430 937
430 82
437 339
437 610
551 938
551 764
551 412
557 886
557 794
560 309
560 814
583 858
583 264
583 737
630 343
630 595
630 640
732 692
732 884
732 310
732 642
732 737
732 558
798 95
798 919
798 795
798 878
798 227
798 470
798 794
798 864
10 776
776 114
776 272
776 609
776 714
776 773
212 316
212 548
212 588
397 889
397 119
397 495
397 728
404 533
114 886
114 324
272 33
609 859
609 697
609 813
609 602
609 459
609 516
714 33
714 119
714 414
714 547
714 878
714 884
773 813
773 124
773 168
773 234
773 351
773 741
167 346
251 70
355 957
355 445
386 938
386 217
386 821
652 968
652 779
652 675
652 417
652 547
652 409
658 602
658 359
658 535
658 864
836 938
836 702
836 631
836 209
836 867
994 22
994 58
994 109
994 146
994 179
994 217
994 261
994 309
994 318
994 415
994 520
994 558
994 563
994 619
994 626
994 730
994 731
994 736
994 740
994 840
994 852
994 943
288 698
288 361
316 297
529 930
529 895
569 633
569 169
707 937
707 451
707 724
707 943
711 673
711 873
711 258
711 285
711 645
740 938
740 456
740 775
786 63
786 122
786 433
786 885
874 957
874 458
874 497
874 65
874 285
874 347
874 766
874 828
11 150
11 249
150 48
249 267
267 615
267 730
378 703
378 173
378 361
144 641
144 433
144 766
254 914
254 602
254 869
254 741
325 221
325 898
407 670
407 222
407 283
407 680
516 590
544 689
544 66
544 882
546 324
546 922
546 898
546 486
564 884
585 578
585 873
585 943
585 339
642 765
642 598
642 191
670 436
670 66
670 771
686 899
686 858
727 98
727 106
727 486
727 603
727 606
727 876
737 306
737 664
737 465
737 507
814 573
814 943
814 248
814 611
864 968
864 668
864 469
864 610
873 952
873 591
873 885
873 673
873 137
873 211
873 441
873 483
873 533
895 914
895 265
895 391
895 882
895 739
895 432
895 813
895 363
895 352
895 535
899 124
899 156
899 582
899 749
907 35
907 231
907 264
907 607
907 743
907 795
907 885
943 904
943 615
943 456
943 668
943 381
943 164
943 548
943 663
943 699
943 741
968 20
968 165
968 219
968 240
968 294
968 320
968 622
968 643
968 731
968 809
968 882
968 919
968 952
12 185
12 255
12 340
12 608
185 766
255 491
255 542
340 95
340 241
340 371
608 90
608 293
608 540
608 766
608 859
766 930
491 463
491 607
491 421
542 957
542 240
542 311
95 35
241 319
241 104
241 661
371 938
90 593
293 126
293 207
540 341
540 465
859 508
859 552
859 615
859 724
13 475
13 914
475 60
475 244
475 861
914 238
914 250
914 351
914 484
914 626
914 640
914 654
914 828
914 904
60 300
60 689
861 104
861 446
861 659
861 692
861 765
861 787
861 821
238 247
238 248
250 952
250 233
351 877
351 210
484 708
484 595
626 100
640 469
654 175
654 764
654 862
828 904
828 731
828 739
828 172
828 579
828 655
828 898
904 552
904 620
904 659
904 662
904 702
904 885
31 464
128 141
128 602
173 258
173 771
718 52
718 201
718 417
827 793
827 291
827 320
827 284
827 440
61 631
83 411
83 698
550 472
720 868
720 155
720 165
720 862
760 919
760 668
760 687
760 109
760 541
760 639
805 930
805 809
805 140
805 507
805 678
858 688
858 661
858 142
858 196
858 596
876 599
876 952
876 878
876 296
876 328
876 440
884 141
884 146
884 831
889 919
889 127
889 451
889 483
889 882
889 930
919 49
919 233
919 377
919 877
919 952
14 436
14 599
436 70
436 261
436 725
599 606
599 741
599 793
725 635
725 866
725 868
606 499
606 867
606 377
606 413
741 787
741 806
741 547
793 26
793 292
793 368
793 457
793 508
793 632
793 708
36 634
177 499
177 600
177 877
253 794
253 496
365 78
365 138
388 303
591 779
591 68
591 115
591 601
649 456
649 303
649 402
655 779
655 574
655 414
655 410
761 604
761 693
761 806
840 673
840 922
840 158
840 258
840 264
840 862
446 868
446 372
446 632
446 558
659 886
659 194
659 179
659 231
692 81
692 470
692 589
692 662
765 76
765 207
765 314
765 347
765 736
787 24
787 441
787 541
787 563
821 488
821 736
582 937
582 809
582 466
743 322
743 877
743 211
743 483
743 563
743 619
775 702
775 952
775 218
775 519
837 123
837 171
837 193
837 203
837 675
837 724
837 749
837 779
635 633
635 508
635 452
866 51
866 109
866 375
866 612
866 749
868 467
868 33
868 62
868 117
868 368
868 728
868 731
868 795
171 281
171 922
171 239
193 141
203 320
675 745
675 312
675 146
675 462
724 190
724 578
724 222
724 803
749 229
749 687
749 240
779 23
779 440
779 568
779 645
779 804
552 487
552 568
620 284
620 558
662 391
662 537
702 807
702 46
702 96
885 68
885 248
885 281
885 411
885 601
885 678
265 742
846 26
846 363
846 364
846 412
846 472
846 537
846 570
846 600
742 73
742 139
742 198
742 237
26 488
363 152
363 521
412 809
472 372
537 76
570 930
570 809
570 602
600 697
600 221
600 230
84 215
84 882
126 458
157 19
157 579
157 922
201 580
245 74
346 612
346 831
496 466
596 668
596 736
596 448
598 96
598 466
731 42
731 930
886 53
886 81
886 359
886 381
886 432
886 795
405 565
405 867
574 133
574 169
574 538
574 772
930 536
930 122
930 239
930 440
930 469
930 494
124 938
124 469
156 32
19 75
75 673
673 243
673 133
673 592
673 684
579 703
579 224
579 448
922 693
922 736
922 259
922 495
922 580
922 822
922 852
922 862
878 957
878 938
878 81
878 698
878 802
878 867
367 176
367 390
952 50
952 166
952 452
952 759
952 802
952 804
952 809
20 24
24 957
957 214
957 263
957 370
957 377
957 547
957 643
957 664
957 822
273 207
273 439
380 822
380 389
246 568
246 869
301 148
571 74
571 289
571 481
573 137
573 336
573 813
882 151
882 406
882 603
882 671
882 862
937 46
937 284
937 522
937 671
937 803
937 877
165 938
165 459
219 296
240 188
294 42
294 105
294 528
294 588
320 562
622 577
622 699
622 663
643 721
643 632
643 289
643 370
809 125
809 214
809 664
809 862
297 411
297 384
299 619
299 680
359 790
421 745
421 459
862 593
862 813
862 522
867 733
867 898
867 699
867 370
215 225
220 47
504 319
504 669
519 588
576 387
576 721
576 533
613 194
613 133
613 402
263 568
467 30
495 285
524 601
524 671
730 195
730 328
730 417
869 593
869 408
869 358
22 79
30 604
30 807
218 385
303 634
303 237
595 806
595 614
693 63
693 191
693 790
790 458
790 708
877 439
877 487
877 639
146 469
179 119
217 487
309 56
318 101
318 341
415 428
520 107
520 331
563 614
619 661
736 108
736 522
736 804
852 733
852 188
852 698
852 400
795 562
795 57
795 708
192 464
440 898
568 300
568 610
804 634
804 259
804 305
329 802
578 105
588 802
358 396
441 306
377 699
547 387
547 612
664 256
822 688
822 806
822 235
822 764
67 188
235 898
322 428
374 97
494 671
589 794
589 127
589 389
627 138
745 183
745 831
488 337
337 813
292 772
292 580
368 345
457 414
632 469
632 577
708 739
89 151
565 300
565 689
802 399
802 424
802 481
28 182
28 319
28 733
182 50
182 100
733 49
733 326
100 493
100 536
49 178
326 51
326 279
326 898
408 169
408 225
611 803
771 413
771 721
938 604
938 39
938 115
938 140
938 498
938 603
938 759
938 898
807 538
807 624
538 406
624 641
624 697
624 63
624 247
624 390
624 399
305 533
406 661
159 98
159 459
159 633
379 283
379 764
410 813
429 607
463 62
463 352
499 82
661 135
661 153
698 295
698 353
32 458
458 831
831 806
831 487
831 612
831 352
556 208
668 641
668 229
668 102
47 688
341 813
409 592
590 65
590 231
590 507
590 602
590 794
721 898
721 230
721 452
721 470
759 62
759 462
772 183
772 684
117 222
204 290
204 343
208 603
375 174
375 328
432 178
432 105
593 73
593 493
676 35
676 82
676 360
676 383
34 291
291 424
424 633
803 501
803 224
803 360
202 592
335 230
445 507
898 221
898 663
497 64
612 462
383 234
264 562
607 180
131 135
306 39
306 336
634 641
641 40
281 154
381 180
601 92
678 452
338 688
338 290
521 806
631 94
699 276
77 454
138 577
452 474
451 236
46 391
46 501
522 462
522 417
671 140
336 476
336 439
115 614
498 57
498 687
64 806
85 739
592 639
687 102
105 454
154 93
154 236
172 164
615 63
413 614
439 614
45 53
525 455
501 164
96 229
688 195
688 279
279 466
132 139
132 312
118 194
118 223
118 813
257 372
474 94
703 290
703 148
703 210
703 310
703 633
739 256
234 697
52 562
813 152
66 455
98 97
137 372
345 163
56 697
697 168
205 102
209 684
689 764
764 349
462 353
390 180
507 324
794 108
493 230
289 353
684 548
454 163
454 283
163 476
290 108
533 577
577 344
633 256
633 428
256 194
