1	44
1	482
1	529
1	703
2	713
2	836
2	946
2	984
3	333
3	886
3	918
3	997
4	687
4	721
4	851
4	865
5	388
5	900
5	937
5	1000
6	51
6	297
6	909
6	946
7	273
7	433
7	934
7	952
8	602
8	752
8	923
8	978
9	484
9	747
9	941
9	961
10	67
10	180
10	188
10	384
11	875
11	938
11	939
11	980
12	14
12	96
12	281
12	386
13	192
13	766
13	939
13	948
14	12
14	762
14	941
14	956
15	392
15	455
15	930
15	945
16	530
16	541
16	818
16	966
17	140
17	143
17	671
17	841
18	441
18	515
18	726
18	913
19	581
19	900
19	978
19	985
20	720
20	922
20	969
20	973
21	194
21	682
21	933
21	956
22	153
22	599
22	855
22	984
23	369
23	687
23	980
23	998
24	304
24	900
24	966
24	990
25	453
25	939
25	995
25	998
26	436
26	493
26	621
26	857
27	161
27	222
27	902
27	995
28	464
28	944
28	977
28	982
29	170
29	209
29	600
29	855
30	873
30	892
30	986
30	1000
31	784
31	869
31	905
31	996
32	524
32	778
32	946
32	971
33	903
33	934
33	952
33	960
34	47
34	581
34	885
34	944
35	221
35	785
35	963
35	980
36	298
36	818
36	871
36	895
37	808
37	847
37	983
37	993
38	682
38	957
38	988
38	998
39	601
39	757
39	862
39	984
40	250
40	866
40	879
40	951
41	848
41	864
41	866
41	905
42	301
42	447
42	936
42	950
43	786
43	886
43	906
43	999
44	1
44	105
44	628
44	934
45	812
45	954
45	968
45	986
46	576
46	592
46	863
46	973
47	34
47	893
47	938
47	988
48	363
48	477
48	783
48	859
49	447
49	572
49	972
49	981
50	229
50	251
50	763
50	921
51	6
51	798
51	945
51	1000
52	413
52	945
52	973
52	1000
53	740
53	799
53	803
53	950
54	271
54	440
54	787
54	913
55	502
55	835
55	889
55	993
56	268
56	575
56	905
56	971
57	417
57	569
57	953
57	958
58	258
58	631
58	741
58	990
59	654
59	856
59	869
59	964
60	786
60	807
60	926
60	966
61	577
61	651
61	951
61	977
62	271
62	347
62	590
62	731
63	717
63	725
63	781
63	892
64	763
64	796
64	843
64	911
65	318
65	576
65	725
65	921
66	419
66	753
66	919
66	970
67	10
67	672
67	840
67	892
68	400
68	575
68	828
68	959
69	90
69	353
69	950
69	996
70	634
70	640
70	878
70	983
71	89
71	227
71	635
71	937
72	483
72	820
72	962
72	988
73	585
73	923
73	969
73	1000
74	106
74	150
74	815
74	882
75	404
75	951
75	962
75	969
76	368
76	399
76	897
76	977
77	288
77	877
77	916
77	917
78	760
78	837
78	922
78	985
79	350
79	355
79	697
79	966
80	103
80	704
80	819
80	861
81	160
81	540
81	554
81	631
82	226
82	243
82	627
82	759
83	216
83	349
83	747
83	992
84	324
84	350
84	468
84	947
85	523
85	543
85	743
85	925
86	102
86	697
86	727
86	900
87	196
87	755
87	967
87	989
88	623
88	649
88	800
88	960
89	71
89	920
89	931
89	977
90	69
90	286
90	695
90	938
91	215
91	394
91	891
91	948
92	612
92	901
92	934
92	952
93	866
93	935
93	980
93	983
94	166
94	652
94	669
94	987
95	473
95	809
95	981
95	1000
96	12
96	845
96	927
96	949
97	694
97	915
97	939
97	975
98	452
98	642
98	644
98	802
99	785
99	798
99	919
99	984
100	863
100	883
100	926
100	957
101	500
101	508
101	560
101	819
102	86
102	138
102	785
102	833
103	80
103	198
103	277
103	351
104	976
104	991
104	998
104	1000
105	44
105	176
105	397
105	705
106	74
106	733
106	863
106	999
107	712
107	941
107	970
107	974
108	200
108	647
108	796
108	924
109	503
109	723
109	880
109	882
110	603
110	936
110	938
110	987
111	365
111	682
111	927
111	960
112	447
112	921
112	952
112	969
113	392
113	591
113	860
113	960
114	704
114	789
114	957
114	962
115	852
115	873
115	952
115	960
116	589
116	904
116	905
116	930
117	226
117	287
117	662
117	901
118	475
118	573
118	708
118	722
119	201
119	828
119	981
119	991
120	567
120	964
120	978
120	982
121	347
121	745
121	927
121	993
122	553
122	565
122	875
122	895
123	505
123	508
123	620
123	821
124	200
124	433
124	866
124	1000
125	215
125	272
125	601
125	879
126	547
126	668
126	942
126	986
127	342
127	366
127	615
127	969
128	192
128	325
128	795
128	878
129	386
129	555
129	960
129	962
130	266
130	341
130	616
130	671
131	597
131	874
131	971
131	988
132	377
132	691
132	882
132	981
133	524
133	589
133	791
133	908
134	883
134	947
134	979
134	994
135	710
135	776
135	850
135	999
136	357
136	539
136	606
136	734
137	664
137	817
137	842
137	930
138	102
138	734
138	872
138	898
139	146
139	477
139	773
139	1000
140	17
140	765
140	861
140	936
141	439
141	516
141	722
141	972
142	299
142	393
142	788
142	916
143	17
143	900
143	959
143	984
144	498
144	799
144	863
144	908
145	313
145	826
145	899
145	985
146	139
146	230
146	456
146	936
147	353
147	519
147	644
147	889
148	774
148	926
148	936
148	949
149	275
149	737
149	876
149	998
150	74
150	778
150	779
150	917
151	577
151	823
151	832
151	1000
152	942
152	991
152	995
152	997
153	22
153	821
153	891
153	979
154	420
154	907
154	935
154	941
155	162
155	846
155	971
155	1000
156	398
156	742
156	878
156	991
157	570
157	799
157	850
157	970
158	536
158	677
158	735
158	748
159	914
159	920
159	933
159	959
160	81
160	824
160	930
160	961
161	27
161	430
161	805
161	817
162	155
162	471
162	594
162	997
163	584
163	664
163	736
163	994
164	265
164	662
164	874
164	887
165	356
165	645
165	739
165	742
166	94
166	259
166	875
166	961
167	279
167	401
167	887
167	980
168	285
168	361
168	615
168	930
169	501
169	791
169	978
169	998
170	29
170	529
170	891
170	972
171	815
171	817
171	834
171	989
172	218
172	925
172	962
172	981
173	465
173	649
173	688
173	724
174	421
174	448
174	990
174	999
175	664
175	933
175	949
175	999
176	105
176	205
176	824
176	985
177	436
177	708
177	721
177	911
178	190
178	392
178	624
178	929
179	245
179	259
179	717
179	764
180	10
180	675
180	831
180	868
181	598
181	898
181	907
181	961
182	366
182	870
182	972
182	980
183	680
183	857
183	919
183	946
184	529
184	904
184	921
184	923
185	898
185	907
185	949
185	968
186	711
186	825
186	902
186	912
187	538
187	627
187	787
187	800
188	10
188	596
188	872
188	884
189	342
189	460
189	775
189	977
190	178
190	629
190	781
190	964
191	710
191	828
191	895
191	955
192	13
192	128
192	289
192	941
193	255
193	652
193	876
193	879
194	21
194	603
194	792
194	991
195	564
195	726
195	872
195	881
196	87
196	782
196	967
196	988
197	507
197	844
197	920
197	993
198	103
198	936
198	974
198	994
199	376
199	657
199	822
199	851
200	108
200	124
200	782
200	963
201	119
201	689
201	924
201	971
202	211
202	701
202	916
202	991
203	568
203	620
203	835
203	908
204	383
204	651
204	816
204	995
205	176
205	413
205	780
205	832
206	593
206	860
206	921
206	982
207	258
207	803
207	961
207	993
208	593
208	678
208	838
208	980
209	29
209	302
209	419
209	984
210	573
210	707
210	829
210	999
211	202
211	638
211	801
211	891
212	537
212	606
212	925
212	991
213	334
213	940
213	949
213	970
214	489
214	544
214	871
214	915
215	91
215	125
215	411
215	913
216	83
216	941
216	974
216	1000
217	401
217	943
217	967
217	988
218	172
218	337
218	803
218	965
219	282
219	299
219	459
219	996
220	823
220	843
220	968
220	995
221	35
221	370
221	960
221	985
222	27
222	512
222	537
222	614
223	648
223	880
223	886
223	924
224	621
224	696
224	874
224	968
225	319
225	753
225	833
225	970
226	82
226	117
226	719
226	949
227	71
227	417
227	628
227	764
228	614
228	641
228	818
228	966
229	50
229	771
229	852
229	942
230	146
230	326
230	583
230	990
231	295
231	873
231	904
231	916
231	983
232	368
232	651
232	713
232	889
232	969
233	371
233	918
233	957
233	983
233	993
234	440
234	669
234	760
234	909
234	942
235	293
235	531
235	692
235	893
235	906
236	485
236	579
236	603
236	775
236	920
237	445
237	819
237	866
237	935
237	982
238	251
238	891
238	945
238	965
238	980
239	430
239	473
239	789
239	945
239	977
240	369
240	538
240	686
240	850
240	923
241	365
241	722
241	913
241	918
241	972
242	585
242	636
242	713
242	858
242	1000
243	82
243	309
243	624
243	886
243	996
244	568
244	637
244	905
244	970
244	998
245	179
245	682
245	882
245	913
245	945
246	413
246	635
246	849
246	967
246	983
247	267
247	325
247	944
247	953
247	986
248	448
248	881
248	962
248	965
248	982
249	745
249	849
249	894
249	897
249	964
250	40
250	299
250	712
250	892
250	988
251	50
251	238
251	259
251	690
251	716
252	550
252	650
252	693
252	769
252	933
253	298
253	506
253	560
253	828
253	970
254	748
254	857
254	951
254	956
254	980
255	193
255	379
255	651
255	734
255	826
256	542
256	807
256	850
256	918
256	967
257	470
257	515
257	889
257	903
257	977
258	58
258	207
258	929
258	968
258	975
259	166
259	179
259	251
259	501
259	556
260	560
260	658
260	741
260	836
260	988
261	538
261	555
261	706
261	929
261	933
262	622
262	829
262	840
262	898
262	944
263	385
263	504
263	903
263	909
263	957
264	837
264	887
264	932
264	955
264	993
265	164
265	895
265	936
265	947
265	951
266	130
266	678
266	709
266	835
266	986
267	247
267	476
267	545
267	953
267	997
268	56
268	425
268	509
268	746
268	851
269	832
269	882
269	929
269	934
269	982
270	692
270	731
270	842
270	987
270	992
271	54
271	62
271	488
271	745
271	884
272	125
272	796
272	908
272	955
272	996
273	7
273	710
273	799
273	960
273	987
274	832
274	848
274	909
274	973
274	989
275	149
275	447
275	820
275	954
275	990
276	623
276	652
276	711
276	780
276	887
277	103
277	426
277	649
277	939
277	975
278	598
278	662
278	668
278	765
278	784
279	167
279	770
279	845
279	851
279	995
280	294
280	551
280	633
280	963
280	973
281	12
281	665
281	943
281	967
281	984
282	219
282	292
282	638
282	813
282	985
283	413
283	504
283	954
283	959
283	976
284	427
284	788
284	835
284	950
284	990
285	168
285	702
285	778
285	939
285	999
286	90
286	478
286	526
286	865
286	904
287	117
287	814
287	884
287	951
287	981
288	77
288	914
288	929
288	973
288	977
289	192
289	475
289	720
289	740
289	952
290	391
290	461
290	532
290	890
290	987
291	357
291	657
291	730
291	792
291	883
292	282
292	617
292	819
292	845
292	977
293	235
293	777
293	884
293	913
293	926
294	280
294	460
294	795
294	977
294	988
295	231
295	542
295	849
295	916
295	960
296	379
296	691
296	917
296	960
296	985
297	6
297	810
297	823
297	866
297	956
298	36
298	253
298	576
298	593
298	844
299	142
299	219
299	250
299	869
299	988
300	587
300	658
300	776
300	830
300	895
301	42
301	791
301	848
301	877
301	983
302	209
302	601
302	673
302	716
302	980
303	424
303	613
303	635
303	842
303	969
304	24
304	962
304	979
304	986
304	991
305	655
305	968
305	979
305	982
305	989
306	526
306	603
306	643
306	796
306	856
307	485
307	717
307	775
307	854
307	922
308	568
308	905
308	925
308	986
308	992
309	243
309	319
309	641
309	982
309	992
310	361
310	484
310	764
310	954
310	964
311	318
311	381
311	600
311	809
311	975
312	676
312	702
312	781
312	940
312	978
313	145
313	534
313	956
313	967
313	1000
314	524
314	846
314	889
314	916
314	987
315	576
315	883
315	913
315	965
315	967
316	360
316	497
316	692
316	833
316	889
317	694
317	877
317	969
317	980
317	984
318	65
318	311
318	801
318	840
318	977
319	225
319	309
319	492
319	968
319	991
320	619
320	785
320	813
320	826
320	918
321	329
321	788
321	829
321	966
321	977
322	656
322	741
322	742
322	937
322	992
323	599
323	619
323	779
323	919
323	973
324	84
324	354
324	733
324	892
324	978
325	128
325	247
325	881
325	983
325	996
326	230
326	662
326	828
326	835
326	885
327	391
327	451
327	773
327	803
327	978
328	914
328	946
328	963
328	964
328	997
329	321
329	510
329	612
329	840
329	887
330	398
330	500
330	842
330	942
330	997
331	378
331	657
331	818
331	839
331	880
332	680
332	724
332	758
332	943
332	979
333	3
333	949
333	986
333	987
333	993
334	213
334	463
334	559
334	873
334	971
335	405
335	714
335	820
335	861
335	953
336	543
336	565
336	729
336	782
336	992
337	218
337	651
337	819
337	823
337	996
338	815
338	870
338	914
338	958
338	983
339	524
339	583
339	752
339	840
339	993
340	345
340	574
340	617
340	849
340	958
341	130
341	673
341	818
341	932
341	945
342	127
342	189
342	557
342	779
342	989
343	818
343	858
343	886
343	988
343	990
344	451
344	734
344	807
344	896
344	994
345	340
345	718
345	765
345	854
345	953
346	514
346	892
346	950
346	990
346	998
347	62
347	121
347	466
347	700
347	968
348	957
348	968
348	975
348	976
348	985
349	83
349	583
349	611
349	682
349	967
350	79
350	84
350	878
350	909
350	912
351	103
351	485
351	767
351	835
351	942
352	619
352	693
352	912
352	930
352	990
353	69
353	147
353	875
353	908
353	970
354	324
354	463
354	622
354	906
354	966
355	79
355	686
355	698
355	777
355	837
356	165
356	695
356	887
356	982
356	985
357	136
357	291
357	662
357	832
357	961
358	385
358	412
358	638
358	837
358	963
359	389
359	434
359	517
359	920
359	980
360	316
360	848
360	957
360	989
360	999
361	168
361	310
361	913
361	954
361	986
362	589
362	731
362	789
362	828
362	899
363	48
363	865
363	924
363	927
363	957
364	418
364	429
364	856
364	992
364	998
365	111
365	241
365	922
365	990
365	993
366	127
366	182
366	526
366	865
366	882
367	579
367	776
367	836
367	902
367	986
368	76
368	232
368	409
368	753
368	953
369	23
369	240
369	859
369	881
369	991
370	221
370	608
370	897
370	955
370	958
371	233
371	580
371	884
371	963
371	992
372	544
372	894
372	921
372	995
372	996
373	756
373	903
373	922
373	958
373	966
373	984
374	384
374	465
374	924
374	955
374	991
374	996
375	729
375	867
375	906
375	911
375	914
375	979
376	199
376	487
376	589
376	814
376	836
376	909
377	132
377	637
377	784
377	903
377	945
377	978
378	331
378	583
378	887
378	896
378	908
378	950
379	255
379	296
379	534
379	581
379	769
379	835
380	426
380	521
380	764
380	778
380	903
380	982
381	311
381	467
381	590
381	702
381	993
381	998
382	408
382	643
382	720
382	864
382	942
382	988
383	204
383	583
383	757
383	872
383	904
383	976
384	10
384	374
384	803
384	894
384	946
384	958
385	263
385	358
385	718
385	770
385	950
385	994
386	12
386	129
386	422
386	725
386	808
386	839
387	485
387	664
387	747
387	777
387	813
387	856
388	5
388	572
388	702
388	915
388	955
388	976
389	359
389	441
389	472
389	684
389	940
389	978
390	497
390	619
390	723
390	736
390	846
390	889
391	290
391	327
391	777
391	857
391	883
391	984
392	15
392	113
392	178
392	622
392	681
392	785
393	142
393	703
393	761
393	773
393	956
393	996
394	91
394	515
394	700
394	774
394	869
394	904
395	490
395	604
395	841
395	858
395	910
395	912
396	704
396	833
396	893
396	912
396	945
396	998
397	105
397	711
397	760
397	765
397	769
397	893
398	156
398	330
398	535
398	553
398	944
398	953
399	76
399	567
399	668
399	789
399	876
399	958
400	68
400	421
400	430
400	606
400	658
400	730
401	167
401	217
401	447
401	495
401	595
401	962
402	502
402	589
402	896
402	911
402	986
402	1000
403	838
403	886
403	887
403	928
403	976
403	985
404	75
404	529
404	778
404	870
404	897
404	997
405	335
405	640
405	652
405	740
405	938
405	995
406	651
406	662
406	708
406	905
406	937
406	977
407	435
407	762
407	857
407	911
407	916
407	972
408	382
408	715
408	773
408	826
408	908
408	981
409	368
409	564
409	823
409	875
409	982
409	993
410	488
410	807
410	850
410	898
410	948
410	970
411	215
411	605
411	798
411	873
411	895
411	987
412	358
412	833
412	923
412	968
412	976
412	998
413	52
413	205
413	246
413	283
413	567
413	969
414	506
414	724
414	879
414	890
414	948
414	988
415	432
415	443
415	795
415	940
415	948
415	999
416	582
416	690
416	767
416	798
416	882
416	987
417	57
417	227
417	630
417	924
417	942
417	969
418	364
418	464
418	512
418	802
418	838
418	883
419	66
419	209
419	453
419	501
419	754
419	856
420	154
420	920
420	931
420	940
420	944
420	970
421	174
421	400
421	589
421	663
421	693
421	737
422	386
422	458
422	535
422	660
422	905
422	964
423	554
423	574
423	882
423	898
423	927
423	952
424	303
424	882
424	913
424	972
424	973
424	976
425	268
425	479
425	591
425	847
425	906
425	967
426	277
426	380
426	646
426	840
426	896
426	951
427	284
427	570
427	825
427	833
427	933
427	938
428	819
428	830
428	859
428	955
428	973
428	999
429	364
429	618
429	893
429	899
429	935
429	998
430	161
430	239
430	400
430	908
430	941
430	956
431	670
431	688
431	863
431	931
431	985
431	987
432	415
432	486
432	856
432	895
432	968
432	970
433	7
433	124
433	526
433	558
433	674
433	996
434	359
434	539
434	577
434	691
434	938
434	966
435	407
435	627
435	692
435	918
435	934
435	952
436	26
436	177
436	497
436	601
436	872
436	940
437	596
437	705
437	885
437	890
437	966
437	998
438	475
438	714
438	912
438	984
438	990
438	999
439	141
439	458
439	624
439	820
439	886
439	939
440	54
440	234
440	699
440	933
440	941
440	976
441	18
441	389
441	493
441	558
441	758
441	936
442	672
442	717
442	750
442	798
442	866
442	987
443	415
443	532
443	690
443	697
443	836
443	904
444	507
444	571
444	672
444	772
444	886
444	937
445	237
445	559
445	843
445	984
445	989
445	993
446	514
446	778
446	826
446	924
446	969
446	989
447	42
447	49
447	112
447	275
447	401
447	506
448	174
448	248
448	675
448	897
448	935
448	943
449	647
449	952
449	957
449	964
449	974
449	979
450	486
450	788
450	795
450	814
450	978
450	992
451	327
451	344
451	464
451	876
451	932
451	965
452	98
452	646
452	857
452	868
452	943
452	996
453	25
453	419
453	847
453	867
453	893
453	912
454	701
454	737
454	880
454	904
454	919
454	965
455	15
455	585
455	593
455	770
455	965
455	996
456	146
456	489
456	518
456	638
456	988
456	997
457	478
457	537
457	715
457	746
457	754
457	860
458	422
458	439
458	525
458	663
458	988
458	997
459	219
459	533
459	654
459	867
459	933
459	965
460	189
460	294
460	602
460	673
460	828
460	942
461	290
461	523
461	654
461	752
461	799
461	987
462	504
462	866
462	935
462	951
462	981
462	987
463	334
463	354
463	575
463	749
463	848
463	998
464	28
464	418
464	451
464	480
464	660
464	982
465	173
465	374
465	862
465	875
465	938
465	952
466	347
466	570
466	612
466	765
466	928
466	929
467	381
467	691
467	769
467	965
467	978
467	1000
468	84
468	671
468	755
468	958
468	960
468	992
469	568
469	574
469	768
469	929
469	975
469	981
470	257
470	648
470	727
470	806
470	884
470	992
471	162
471	692
471	752
471	890
471	926
471	949
472	389
472	506
472	542
472	770
472	894
472	994
473	95
473	239
473	770
473	808
473	862
473	941
474	618
474	826
474	834
474	841
474	929
474	946
475	118
475	289
475	438
475	544
475	775
475	924
476	267
476	671
476	846
476	897
476	949
476	954
477	48
477	139
477	640
477	792
477	828
477	905
478	286
478	457
478	638
478	720
478	754
478	997
479	425
479	592
479	659
479	954
479	969
479	982
480	464
480	746
480	808
480	841
480	869
480	941
481	548
481	780
481	817
481	843
481	854
481	979
482	1
482	631
482	703
482	804
482	896
482	962
483	72
483	632
483	867
483	885
483	940
483	965
483	966
484	9
484	310
484	626
484	683
484	795
484	914
484	951
485	236
485	307
485	351
485	387
485	599
485	846
485	870
486	432
486	450
486	794
486	820
486	967
486	980
486	983
487	376
487	585
487	602
487	807
487	893
487	946
487	999
488	271
488	410
488	631
488	818
488	916
488	958
488	987
489	214
489	456
489	722
489	960
489	972
489	980
489	1000
490	395
490	859
490	870
490	895
490	912
490	957
490	982
491	740
491	800
491	809
491	952
491	963
491	965
491	980
492	319
492	762
492	892
492	902
492	909
492	919
492	983
493	26
493	441
493	624
493	833
493	843
493	925
493	930
494	699
494	755
494	808
494	920
494	963
494	967
494	979
495	401
495	535
495	702
495	813
495	842
495	898
495	929
496	621
496	706
496	728
496	849
496	926
496	951
496	989
497	316
497	390
497	436
497	530
497	735
497	904
497	985
498	144
498	824
498	888
498	931
498	957
498	975
498	977
499	741
499	906
499	928
499	969
499	974
499	989
499	1000
500	101
500	330
500	528
500	720
500	847
500	898
500	995
501	169
501	259
501	419
501	903
501	941
501	973
501	981
502	55
502	402
502	567
502	723
502	736
502	897
502	943
503	109
503	520
503	794
503	810
503	870
503	983
503	990
504	263
504	283
504	462
504	571
504	595
504	864
504	983
505	123
505	781
505	880
505	958
505	963
505	995
505	999
506	253
506	414
506	447
506	472
506	710
506	784
506	872
507	197
507	444
507	847
507	870
507	922
507	981
507	987
508	101
508	123
508	555
508	699
508	858
508	897
508	977
509	268
509	790
509	883
509	911
509	940
509	944
509	962
510	329
510	773
510	793
510	891
510	914
510	979
510	999
511	590
511	744
511	904
511	934
511	944
511	962
511	974
512	222
512	418
512	551
512	670
512	775
512	910
512	934
513	680
513	684
513	731
513	941
513	963
513	986
513	990
514	346
514	446
514	544
514	593
514	607
514	897
514	968
515	18
515	257
515	394
515	731
515	906
515	919
515	993
516	141
516	719
516	765
516	873
516	889
516	956
516	975
517	359
517	667
517	874
517	941
517	973
517	974
517	984
518	456
518	611
518	678
518	811
518	824
518	920
518	989
519	147
519	780
519	788
519	921
519	933
519	948
519	951
520	503
520	794
520	928
520	958
520	959
520	970
520	991
521	380
521	604
521	678
521	705
521	815
521	900
521	929
522	697
522	860
522	872
522	881
522	962
522	979
522	990
523	85
523	461
523	638
523	761
523	962
523	979
523	992
524	32
524	133
524	314
524	339
524	828
524	894
524	986
525	458
525	677
525	865
525	888
525	927
525	954
525	989
526	286
526	306
526	366
526	433
526	655
526	870
526	892
527	726
527	828
527	874
527	878
527	905
527	945
527	994
528	500
528	840
528	850
528	901
528	905
528	941
528	977
529	1
529	170
529	184
529	404
529	820
529	822
529	880
530	16
530	497
530	605
530	663
530	728
530	931
530	941
531	235
531	609
531	775
531	796
531	861
531	890
531	990
532	290
532	443
532	611
532	720
532	737
532	862
532	1000
533	459
533	627
533	681
533	800
533	807
533	827
533	933
534	313
534	379
534	631
534	649
534	670
534	824
534	938
535	398
535	422
535	495
535	843
535	877
535	960
535	992
536	158
536	598
536	614
536	742
536	790
536	794
536	805
537	212
537	222
537	457
537	539
537	641
537	934
537	988
538	187
538	240
538	261
538	986
538	987
538	990
538	993
539	136
539	434
539	537
539	604
539	902
539	947
539	961
540	81
540	597
540	620
540	721
540	751
540	967
540	982
541	16
541	826
541	858
541	905
541	957
541	975
541	980
542	256
542	295
542	472
542	777
542	781
542	803
542	834
543	85
543	336
543	779
543	918
543	937
543	957
543	973
544	214
544	372
544	475
544	514
544	803
544	937
544	988
545	267
545	667
545	681
545	760
545	926
545	947
545	978
546	608
546	632
546	754
546	848
546	913
546	940
546	950
547	126
547	672
547	730
547	791
547	935
547	970
547	989
548	481
548	582
548	692
548	820
548	921
548	976
548	985
549	563
549	688
549	766
549	865
549	889
549	890
549	956
550	252
550	592
550	770
550	946
550	984
550	989
550	994
551	280
551	512
551	778
551	797
551	821
551	896
551	996
552	597
552	846
552	874
552	881
552	898
552	906
552	998
553	122
553	398
553	627
553	774
553	844
553	954
553	997
554	81
554	423
554	827
554	845
554	876
554	896
554	987
555	129
555	261
555	508
555	687
555	780
555	912
555	963
556	259
556	816
556	845
556	954
556	958
556	967
556	981
557	342
557	761
557	766
557	911
557	918
557	929
557	973
558	433
558	441
558	647
558	681
558	754
558	852
558	916
558	931
559	334
559	445
559	606
559	661
559	816
559	885
559	956
559	986
560	101
560	253
560	260
560	813
560	833
560	844
560	970
560	972
561	564
561	649
561	762
561	782
561	824
561	850
561	882
561	918
562	641
562	661
562	714
562	858
562	958
562	974
562	977
562	978
563	549
563	607
563	617
563	723
563	749
563	925
563	940
563	997
564	195
564	409
564	561
564	816
564	918
564	935
564	961
564	992
565	122
565	336
565	643
565	679
565	742
565	810
565	928
565	967
566	632
566	741
566	870
566	879
566	919
566	928
566	944
566	987
567	120
567	399
567	413
567	502
567	831
567	849
567	861
567	963
568	203
568	244
568	308
568	469
568	598
568	681
568	808
568	884
569	57
569	691
569	708
569	801
569	817
569	827
569	922
569	962
570	157
570	427
570	466
570	607
570	696
570	707
570	876
570	969
571	444
571	504
571	589
571	760
571	786
571	811
571	927
571	970
572	49
572	388
572	654
572	662
572	792
572	925
572	930
572	985
573	118
573	210
573	602
573	733
573	874
573	958
573	979
573	999
574	340
574	423
574	469
574	620
574	930
574	946
574	983
574	990
575	56
575	68
575	463
575	682
575	863
575	950
575	991
575	998
576	46
576	65
576	298
576	315
576	668
576	856
576	986
576	1000
577	61
577	151
577	434
577	642
577	686
577	823
577	909
577	922
578	638
578	649
578	909
578	916
578	953
578	969
578	983
578	989
579	236
579	367
579	625
579	745
579	963
579	976
579	977
579	1000
580	371
580	734
580	793
580	919
580	941
580	960
580	976
580	995
581	19
581	34
581	379
581	619
581	670
581	698
581	989
581	994
582	416
582	548
582	719
582	730
582	797
582	812
582	934
582	992
583	230
583	339
583	349
583	378
583	383
583	732
583	797
583	845
584	163
584	628
584	879
584	970
584	973
584	974
584	995
584	1000
585	73
585	242
585	455
585	487
585	724
585	947
585	976
585	983
586	669
586	747
586	784
586	875
586	903
586	940
586	944
586	953
587	300
587	710
587	715
587	884
587	888
587	918
587	948
587	993
588	665
588	716
588	894
588	935
588	969
588	972
588	974
588	979
589	116
589	133
589	362
589	376
589	402
589	421
589	571
589	895
590	62
590	381
590	511
590	699
590	872
590	916
590	977
590	991
591	113
591	425
591	796
591	888
591	920
591	960
591	961
591	962
592	46
592	479
592	550
592	689
592	885
592	921
592	963
592	971
593	206
593	208
593	298
593	455
593	514
593	782
593	843
593	876
594	162
594	641
594	687
594	771
594	778
594	853
594	975
594	985
595	401
595	504
595	889
595	927
595	944
595	950
595	959
595	986
596	188
596	437
596	602
596	838
596	839
596	941
596	942
596	973
597	131
597	540
597	552
597	670
597	733
597	768
597	855
597	991
598	181
598	278
598	536
598	568
598	716
598	970
598	985
598	996
599	22
599	323
599	485
599	699
599	945
599	946
599	949
599	994
600	29
600	311
600	617
600	887
600	920
600	932
600	956
600	997
601	39
601	125
601	302
601	436
601	678
601	701
601	840
601	985
602	8
602	460
602	487
602	573
602	596
602	760
602	772
602	973
603	110
603	194
603	236
603	306
603	607
603	754
603	837
603	903
604	395
604	521
604	539
604	742
604	786
604	805
604	918
604	957
605	411
605	530
605	956
605	961
605	965
605	968
605	978
605	987
606	136
606	212
606	400
606	559
606	633
606	860
606	951
606	998
607	514
607	563
607	570
607	603
607	688
607	790
607	839
607	926
608	370
608	546
608	680
608	753
608	756
608	855
608	929
608	997
609	531
609	611
609	799
609	890
609	927
609	962
609	986
609	989
610	828
610	928
610	946
610	962
610	964
610	965
610	979
610	980
611	349
611	518
611	532
611	609
611	648
611	875
611	955
611	996
612	92
612	329
612	466
612	735
612	867
612	926
612	928
612	991
613	303
613	676
613	677
613	883
613	888
613	949
613	994
613	997
614	222
614	228
614	536
614	705
614	764
614	909
614	927
614	971
615	127
615	168
615	760
615	814
615	883
615	964
615	972
615	982
616	130
616	645
616	826
616	873
616	907
616	975
616	976
616	990
616	994
617	292
617	340
617	563
617	600
617	646
617	821
617	832
617	910
617	967
618	429
618	474
618	642
618	778
618	784
618	885
618	980
618	987
618	998
619	320
619	323
619	352
619	390
619	581
619	725
619	868
619	983
619	989
620	123
620	203
620	540
620	574
620	643
620	695
620	918
620	981
620	982
621	26
621	224
621	496
621	812
621	917
621	925
621	949
621	958
621	974
622	262
622	354
622	392
622	673
622	700
622	772
622	796
622	831
622	979
623	88
623	276
623	780
623	859
623	893
623	929
623	941
623	988
623	989
624	178
624	243
624	439
624	493
624	737
624	832
624	925
624	961
624	995
625	579
625	747
625	766
625	804
625	816
625	822
625	964
625	985
625	997
626	484
626	630
626	744
626	758
626	831
626	947
626	953
626	966
626	991
627	82
627	187
627	435
627	533
627	553
627	851
627	940
627	979
627	983
628	44
628	227
628	584
628	791
628	840
628	936
628	949
628	969
628	996
629	190
629	732
629	756
629	809
629	814
629	931
629	954
629	990
629	996
630	417
630	626
630	665
630	776
630	914
630	954
630	959
630	965
630	996
631	58
631	81
631	482
631	488
631	534
631	731
631	836
631	925
631	988
632	483
632	546
632	566
632	697
632	850
632	860
632	871
632	916
632	987
633	280
633	606
633	750
633	755
633	864
633	882
633	932
633	981
633	987
634	70
634	772
634	847
634	877
634	956
634	978
634	979
634	995
634	999
635	71
635	246
635	303
635	845
635	874
635	906
635	929
635	940
635	943
636	242
636	742
636	762
636	859
636	909
636	938
636	952
636	962
636	998
637	244
637	377
637	743
637	851
637	867
637	952
637	959
637	974
637	995
638	211
638	282
638	358
638	456
638	478
638	523
638	578
638	906
638	989
639	696
639	837
639	896
639	926
639	946
639	981
639	982
639	996
639	997
640	70
640	405
640	477
640	658
640	759
640	851
640	897
640	937
640	976
641	228
641	309
641	537
641	562
641	594
641	752
641	881
641	913
641	975
642	98
642	577
642	618
642	894
642	910
642	920
642	932
642	994
642	996
643	306
643	382
643	565
643	620
643	701
643	832
643	895
643	951
643	961
644	98
644	147
644	672
644	773
644	794
644	846
644	959
644	976
644	986
645	165
645	616
645	735
645	752
645	871
645	915
645	932
645	975
645	999
646	426
646	452
646	617
646	652
646	654
646	732
646	759
646	939
646	996
647	108
647	449
647	558
647	772
647	797
647	886
647	916
647	956
647	987
648	223
648	470
648	611
648	816
648	897
648	907
648	921
648	939
648	996
649	88
649	173
649	277
649	534
649	561
649	578
649	777
649	906
649	971
650	252
650	679
650	700
650	804
650	820
650	972
650	980
650	983
650	992
651	61
651	204
651	232
651	255
651	337
651	406
651	673
651	858
651	982
652	94
652	193
652	276
652	405
652	646
652	848
652	872
652	976
652	985
653	685
653	753
653	783
653	947
653	957
653	961
653	978
653	988
653	993
654	59
654	459
654	461
654	572
654	646
654	730
654	762
654	816
654	915
655	305
655	526
655	912
655	918
655	928
655	930
655	957
655	972
655	974
656	322
656	713
656	751
656	756
656	767
656	921
656	927
656	965
656	977
657	199
657	291
657	331
657	726
657	868
657	904
657	939
657	952
657	959
658	260
658	300
658	400
658	640
658	681
658	869
658	898
658	909
658	938
659	479
659	662
659	673
659	702
659	758
659	898
659	900
659	963
659	969
660	422
660	464
660	676
660	808
660	924
660	948
660	979
660	991
660	999
661	559
661	562
661	813
661	912
661	917
661	947
661	965
661	981
661	983
662	117
662	164
662	278
662	326
662	357
662	406
662	572
662	659
662	737
663	421
663	458
663	530
663	679
663	774
663	843
663	878
663	941
663	942
664	137
664	163
664	175
664	387
664	887
664	899
664	947
664	981
664	997
665	281
665	588
665	630
665	677
665	774
665	849
665	974
665	975
665	986
666	741
666	755
666	773
666	878
666	892
666	941
666	988
666	989
666	990
667	517
667	545
667	797
667	811
667	849
667	852
667	944
667	960
667	994
668	126
668	278
668	399
668	576
668	829
668	895
668	935
668	974
668	979
669	94
669	234
669	586
669	757
669	768
669	874
669	971
669	983
669	995
670	431
670	512
670	534
670	581
670	597
670	718
670	774
670	842
670	936
670	951
671	17
671	130
671	468
671	476
671	781
671	872
671	918
671	933
671	967
671	998
672	67
672	442
672	444
672	547
672	644
672	820
672	854
672	930
672	969
672	981
673	302
673	341
673	460
673	622
673	651
673	659
673	784
673	898
673	982
673	984
674	433
674	794
674	831
674	889
674	890
674	902
674	936
674	956
674	984
674	1000
675	180
675	448
675	822
675	840
675	888
675	898
675	907
675	914
675	959
675	987
676	312
676	613
676	660
676	723
676	827
676	959
676	967
676	969
676	972
676	994
677	158
677	525
677	613
677	665
677	840
677	921
677	932
677	971
677	978
677	998
678	208
678	266
678	518
678	521
678	601
678	794
678	869
678	911
678	953
678	997
679	565
679	650
679	663
679	811
679	849
679	875
679	900
679	973
679	978
679	983
680	183
680	332
680	513
680	608
680	753
680	756
680	780
680	913
680	984
680	986
681	392
681	533
681	545
681	558
681	568
681	658
681	746
681	808
681	901
681	947
682	21
682	38
682	111
682	245
682	349
682	575
682	686
682	840
682	859
682	980
683	484
683	792
683	826
683	848
683	850
683	852
683	871
683	959
683	977
683	992
684	389
684	513
684	690
684	729
684	731
684	746
684	821
684	847
684	848
684	876
685	653
685	773
685	806
685	868
685	904
685	917
685	954
685	965
685	976
685	997
686	240
686	355
686	577
686	682
686	690
686	825
686	886
686	888
686	954
686	955
687	4
687	23
687	555
687	594
687	806
687	825
687	830
687	902
687	916
687	968
688	173
688	431
688	549
688	607
688	774
688	776
688	856
688	966
688	992
688	996
689	201
689	592
689	724
689	766
689	801
689	812
689	818
689	922
689	964
689	968
690	251
690	416
690	443
690	684
690	686
690	723
690	779
690	792
690	837
690	985
691	132
691	296
691	434
691	467
691	569
691	891
691	917
691	940
691	959
691	1000
692	235
692	270
692	316
692	435
692	471
692	548
692	705
692	750
692	832
692	986
693	252
693	352
693	421
693	871
693	876
693	947
693	960
693	966
693	988
693	997
694	97
694	317
694	874
694	899
694	920
694	925
694	947
694	963
694	982
694	993
695	90
695	356
695	620
695	715
695	737
695	830
695	935
695	952
695	953
695	982
696	224
696	570
696	639
696	732
696	745
696	828
696	835
696	875
696	956
696	961
697	79
697	86
697	443
697	522
697	632
697	800
697	896
697	898
697	910
697	961
698	355
698	581
698	819
698	922
698	923
698	937
698	947
698	951
698	983
698	986
699	440
699	494
699	508
699	590
699	599
699	729
699	852
699	879
699	996
699	1000
700	347
700	394
700	622
700	650
700	794
700	869
700	893
700	947
700	963
700	964
701	202
701	454
701	601
701	643
701	868
701	879
701	891
701	917
701	971
701	978
702	285
702	312
702	381
702	388
702	495
702	659
702	740
702	816
702	891
702	982
703	1
703	393
703	482
703	732
703	740
703	817
703	898
703	931
703	933
703	958
704	80
704	114
704	396
704	716
704	846
704	931
704	950
704	971
704	976
704	999
705	105
705	437
705	521
705	614
705	692
705	740
705	751
705	778
705	908
705	977
706	261
706	496
706	725
706	805
706	862
706	944
706	952
706	969
706	973
706	989
707	210
707	570
707	732
707	738
707	761
707	829
707	955
707	966
707	983
707	984
708	118
708	177
708	406
708	569
708	796
708	822
708	888
708	899
708	912
708	966
709	266
709	719
709	728
709	837
709	870
709	972
709	975
709	980
709	983
709	985
710	135
710	191
710	273
710	506
710	587
710	800
710	815
710	939
710	978
710	999
711	186
711	276
711	397
711	855
711	860
711	963
711	983
711	995
711	996
711	1000
712	107
712	250
712	795
712	802
712	815
712	853
712	868
712	873
712	921
712	948
713	2
713	232
713	242
713	656
713	861
713	870
713	900
713	925
713	988
713	989
714	335
714	438
714	562
714	821
714	840
714	875
714	915
714	928
714	939
714	941
715	408
715	457
715	587
715	695
715	822
715	868
715	874
715	935
715	970
715	995
716	251
716	302
716	588
716	598
716	704
716	785
716	841
716	905
716	941
716	1000
717	63
717	179
717	307
717	442
717	839
717	850
717	861
717	889
717	948
717	954
718	345
718	385
718	670
718	763
718	805
718	814
718	826
718	827
718	961
718	973
718	988
719	226
719	516
719	582
719	709
719	761
719	799
719	801
719	852
719	855
719	943
719	960
720	20
720	289
720	382
720	478
720	500
720	532
720	736
720	827
720	844
720	990
720	996
721	4
721	177
721	540
721	746
721	777
721	891
721	892
721	909
721	952
721	964
721	983
722	118
722	141
722	241
722	489
722	767
722	783
722	797
722	890
722	920
722	948
722	990
723	109
723	390
723	502
723	563
723	676
723	690
723	748
723	789
723	876
723	897
723	959
724	173
724	332
724	414
724	585
724	689
724	838
724	849
724	850
724	884
724	912
724	992
725	63
725	65
725	386
725	619
725	706
725	831
725	834
725	940
725	949
725	989
725	998
726	18
726	195
726	527
726	657
726	798
726	850
726	853
726	974
726	991
726	992
726	996
727	86
727	470
727	770
727	800
727	807
727	931
727	954
727	976
727	985
727	990
727	997
728	496
728	530
728	709
728	758
728	781
728	838
728	870
728	872
728	925
728	969
728	984
729	336
729	375
729	684
729	699
729	766
729	877
729	923
729	945
729	961
729	973
729	986
730	291
730	400
730	547
730	582
730	654
730	790
730	880
730	894
730	897
730	956
730	995
731	62
731	270
731	362
731	513
731	515
731	631
731	684
731	739
731	838
731	892
731	989
732	583
732	629
732	646
732	696
732	703
732	707
732	906
732	946
732	958
732	961
732	997
733	106
733	324
733	573
733	597
733	913
733	917
733	927
733	932
733	966
733	992
733	999
734	136
734	138
734	255
734	344
734	580
734	772
734	917
734	933
734	957
734	964
734	971
735	158
735	497
735	612
735	645
735	775
735	895
735	933
735	951
735	968
735	978
735	989
736	163
736	390
736	502
736	720
736	866
736	896
736	910
736	947
736	977
736	984
736	989
737	149
737	421
737	454
737	532
737	624
737	662
737	695
737	804
737	926
737	965
737	975
738	707
738	805
738	811
738	862
738	863
738	913
738	940
738	965
738	985
738	992
738	996
739	165
739	731
739	740
739	885
739	925
739	942
739	946
739	956
739	974
739	980
739	999
740	53
740	289
740	405
740	491
740	702
740	703
740	705
740	739
740	888
740	961
740	983
741	58
741	260
741	322
741	499
741	566
741	666
741	809
741	826
741	898
741	930
741	964
742	156
742	165
742	322
742	536
742	565
742	604
742	636
742	865
742	879
742	960
742	994
743	85
743	637
743	749
743	838
743	869
743	911
743	918
743	939
743	951
743	954
743	991
744	511
744	626
744	784
744	829
744	900
744	907
744	935
744	947
744	959
744	971
744	990
745	121
745	249
745	271
745	579
745	696
745	750
745	810
745	899
745	914
745	937
745	950
746	268
746	457
746	480
746	681
746	684
746	721
746	830
746	853
746	866
746	943
746	997
747	9
747	83
747	387
747	586
747	625
747	751
747	769
747	785
747	878
747	953
747	972
748	158
748	254
748	723
748	773
748	790
748	829
748	924
748	956
748	965
748	992
748	996
749	463
749	563
749	743
749	758
749	905
749	928
749	936
749	982
749	986
749	993
749	998
750	442
750	633
750	692
750	745
750	817
750	853
750	865
750	913
750	963
750	974
750	987
751	540
751	656
751	705
751	747
751	753
751	772
751	837
751	845
751	860
751	890
751	908
751	959
752	8
752	339
752	461
752	471
752	641
752	645
752	818
752	975
752	979
752	980
752	995
752	998
753	66
753	225
753	368
753	608
753	653
753	680
753	751
753	898
753	917
753	920
753	962
753	978
754	419
754	457
754	478
754	546
754	558
754	603
754	847
754	853
754	868
754	901
754	949
754	998
755	87
755	468
755	494
755	633
755	666
755	803
755	862
755	906
755	915
755	928
755	947
755	999
756	373
756	608
756	629
756	656
756	680
756	802
756	859
756	909
756	956
756	963
756	981
756	994
757	39
757	383
757	669
757	759
757	803
757	814
757	830
757	857
757	890
757	948
757	951
757	999
758	332
758	441
758	626
758	659
758	728
758	749
758	765
758	769
758	937
758	962
758	974
758	975
759	82
759	640
759	646
759	757
759	817
759	939
759	946
759	950
759	980
759	985
759	998
759	999
760	78
760	234
760	397
760	545
760	571
760	602
760	615
760	789
760	815
760	837
760	890
760	985
761	393
761	523
761	557
761	707
761	719
761	799
761	856
761	914
761	929
761	931
761	942
761	997
762	14
762	407
762	492
762	561
762	636
762	654
762	779
762	789
762	899
762	956
762	993
762	998
763	50
763	64
763	718
763	777
763	853
763	887
763	895
763	914
763	921
763	945
763	975
763	994
764	179
764	227
764	310
764	380
764	614
764	811
764	825
764	955
764	960
764	966
764	992
764	995
765	140
765	278
765	345
765	397
765	466
765	516
765	758
765	846
765	865
765	937
765	939
765	945
766	13
766	549
766	557
766	625
766	689
766	729
766	806
766	841
766	848
766	868
766	928
766	971
767	351
767	416
767	656
767	722
767	774
767	810
767	871
767	926
767	937
767	943
767	945
767	984
768	469
768	597
768	669
768	780
768	799
768	847
768	861
768	914
768	985
768	988
768	994
768	995
769	252
769	379
769	397
769	467
769	747
769	758
769	864
769	867
769	891
769	935
769	938
769	990
770	279
770	385
770	455
770	472
770	473
770	550
770	727
770	881
770	932
770	962
770	974
770	979
771	229
771	594
771	842
771	858
771	876
771	901
771	957
771	959
771	966
771	967
771	992
771	994
772	444
772	602
772	622
772	634
772	647
772	734
772	751
772	842
772	854
772	912
772	921
772	938
773	139
773	327
773	393
773	408
773	510
773	644
773	666
773	685
773	748
773	804
773	862
773	958
773	963
774	148
774	394
774	553
774	663
774	665
774	670
774	688
774	767
774	820
774	874
774	890
774	918
774	959
775	189
775	236
775	307
775	475
775	512
775	531
775	735
775	804
775	841
775	900
775	922
775	946
775	978
776	135
776	300
776	367
776	630
776	688
776	801
776	853
776	887
776	964
776	965
776	966
776	982
776	991
777	293
777	355
777	387
777	391
777	542
777	649
777	721
777	763
777	819
777	833
777	924
777	948
777	998
778	32
778	150
778	285
778	380
778	404
778	446
778	551
778	594
778	618
778	705
778	799
778	981
778	992
779	150
779	323
779	342
779	543
779	690
779	762
779	879
779	910
779	926
779	935
779	976
779	986
779	1000
780	205
780	276
780	481
780	519
780	555
780	623
780	680
780	768
780	835
780	890
780	971
780	982
780	988
781	63
781	190
781	312
781	505
781	542
781	671
781	728
781	801
781	803
781	869
781	900
781	962
781	964
782	196
782	200
782	336
782	561
782	593
782	797
782	800
782	844
782	863
782	904
782	926
782	978
782	992
783	48
783	653
783	722
783	838
783	845
783	848
783	902
783	914
783	958
783	961
783	970
783	979
783	999
784	31
784	278
784	377
784	506
784	586
784	618
784	673
784	744
784	795
784	873
784	902
784	955
784	997
785	35
785	99
785	102
785	320
785	392
785	716
785	747
785	803
785	864
785	894
785	938
785	967
785	977
786	43
786	60
786	571
786	604
786	844
786	893
786	902
786	903
786	905
786	938
786	961
786	981
786	986
787	54
787	187
787	795
787	796
787	830
787	873
787	877
787	881
787	902
787	943
787	944
787	951
787	971
788	142
788	284
788	321
788	450
788	519
788	813
788	814
788	881
788	894
788	911
788	964
788	978
788	989
789	114
789	239
789	362
789	399
789	723
789	760
789	762
789	816
789	899
789	901
789	966
789	976
789	993
790	509
790	536
790	607
790	730
790	748
790	867
790	886
790	910
790	912
790	913
790	917
790	929
790	978
790	979
791	133
791	169
791	301
791	547
791	628
791	798
791	877
791	882
791	885
791	898
791	910
791	970
791	998
791	999
792	194
792	291
792	477
792	572
792	683
792	690
792	821
792	896
792	927
792	930
792	936
792	940
792	985
792	987
793	510
793	580
793	800
793	817
793	851
793	864
793	878
793	886
793	897
793	913
793	957
793	967
793	974
793	979
794	486
794	503
794	520
794	536
794	644
794	674
794	678
794	700
794	802
794	846
794	905
794	938
794	975
794	984
795	128
795	294
795	415
795	450
795	484
795	712
795	784
795	787
795	943
795	948
795	975
795	977
795	995
795	997
796	64
796	108
796	272
796	306
796	531
796	591
796	622
796	708
796	787
796	892
796	943
796	948
796	963
796	989
797	551
797	582
797	583
797	647
797	667
797	722
797	782
797	836
797	914
797	916
797	935
797	943
797	972
797	992
798	51
798	99
798	411
798	416
798	442
798	726
798	791
798	931
798	932
798	935
798	968
798	972
798	995
798	996
799	53
799	144
799	157
799	273
799	461
799	609
799	719
799	761
799	768
799	778
799	822
799	954
799	977
799	988
800	88
800	187
800	491
800	533
800	697
800	710
800	727
800	782
800	793
800	838
800	909
800	926
800	993
800	999
801	211
801	318
801	569
801	689
801	719
801	776
801	781
801	811
801	893
801	955
801	962
801	966
801	991
801	994
802	98
802	418
802	712
802	756
802	794
802	834
802	846
802	858
802	894
802	906
802	920
802	930
802	959
802	999
803	53
803	207
803	218
803	327
803	384
803	542
803	544
803	755
803	757
803	781
803	785
803	938
803	944
803	986
804	482
804	625
804	650
804	737
804	773
804	775
804	808
804	841
804	868
804	879
804	911
804	934
804	945
804	955
805	161
805	536
805	604
805	706
805	718
805	738
805	818
805	857
805	863
805	870
805	880
805	907
805	957
805	971
806	470
806	685
806	687
806	766
806	810
806	844
806	850
806	860
806	862
806	871
806	925
806	938
806	984
806	999
807	60
807	256
807	344
807	410
807	487
807	533
807	727
807	865
807	878
807	903
807	919
807	936
807	952
807	994
808	37
808	386
808	473
808	480
808	494
808	568
808	660
808	681
808	804
808	857
808	905
808	924
808	975
808	989
809	95
809	311
809	491
809	629
809	741
809	826
809	891
809	908
809	969
809	981
809	986
809	989
809	990
809	994
809	999
810	297
810	503
810	565
810	745
810	767
810	806
810	884
810	921
810	935
810	939
810	943
810	970
810	973
810	986
810	998
811	518
811	571
811	667
811	679
811	738
811	764
811	801
811	845
811	851
811	923
811	931
811	981
811	985
811	992
811	993
812	45
812	582
812	621
812	689
812	854
812	855
812	881
812	883
812	901
812	932
812	944
812	952
812	983
812	991
812	997
813	282
813	320
813	387
813	495
813	560
813	661
813	788
813	859
813	864
813	888
813	910
813	911
813	947
813	972
813	980
814	287
814	376
814	450
814	615
814	629
814	718
814	757
814	788
814	892
814	901
814	934
814	964
814	971
814	989
814	998
815	74
815	171
815	338
815	521
815	710
815	712
815	760
815	832
815	834
815	842
815	857
815	913
815	945
815	957
815	980
816	204
816	556
816	559
816	564
816	625
816	648
816	654
816	702
816	789
816	859
816	880
816	897
816	914
816	937
816	986
817	137
817	161
817	171
817	481
817	569
817	703
817	750
817	759
817	793
817	886
817	917
817	937
817	964
817	974
817	994
818	16
818	36
818	228
818	331
818	341
818	343
818	488
818	689
818	752
818	805
818	830
818	847
818	871
818	884
818	964
819	80
819	101
819	237
819	292
819	337
819	428
819	698
819	777
819	825
819	851
819	933
819	940
819	981
819	989
819	998
820	72
820	275
820	335
820	439
820	486
820	529
820	548
820	650
820	672
820	774
820	878
820	917
820	959
820	960
820	982
821	123
821	153
821	551
821	617
821	684
821	714
821	792
821	876
821	911
821	926
821	944
821	948
821	969
821	984
821	991
822	199
822	529
822	625
822	675
822	708
822	715
822	799
822	859
822	877
822	890
822	896
822	906
822	914
822	948
822	979
823	151
823	220
823	297
823	337
823	409
823	577
823	842
823	862
823	875
823	887
823	918
823	931
823	938
823	949
823	962
824	160
824	176
824	498
824	518
824	534
824	561
824	834
824	849
824	885
824	889
824	896
824	948
824	977
824	992
824	997
825	186
825	427
825	686
825	687
825	764
825	819
825	863
825	874
825	917
825	926
825	928
825	940
825	960
825	975
825	992
826	145
826	255
826	320
826	408
826	446
826	474
826	541
826	616
826	683
826	718
826	741
826	809
826	862
826	966
826	993
827	533
827	554
827	569
827	676
827	718
827	720
827	832
827	875
827	893
827	898
827	951
827	961
827	967
827	976
827	981
828	68
828	119
828	191
828	253
828	326
828	362
828	460
828	477
828	524
828	527
828	610
828	696
828	854
828	869
828	912
828	934
829	210
829	262
829	321
829	668
829	707
829	744
829	748
829	868
829	903
829	908
829	943
829	945
829	950
829	986
829	988
829	989
830	300
830	428
830	687
830	695
830	746
830	757
830	787
830	818
830	852
830	854
830	865
830	891
830	895
830	927
830	973
830	984
831	180
831	567
831	622
831	626
831	674
831	725
831	880
831	915
831	917
831	959
831	963
831	972
831	983
831	990
831	993
831	999
832	151
832	205
832	269
832	274
832	357
832	617
832	624
832	643
832	692
832	815
832	827
832	902
832	919
832	936
832	956
832	986
833	102
833	225
833	316
833	396
833	412
833	427
833	493
833	560
833	777
833	882
833	928
833	933
833	943
833	957
833	961
833	993
834	171
834	474
834	542
834	725
834	802
834	815
834	824
834	856
834	922
834	929
834	930
834	933
834	957
834	960
834	975
834	988
835	55
835	203
835	266
835	284
835	326
835	351
835	379
835	696
835	780
835	837
835	840
835	850
835	857
835	989
835	991
835	999
836	2
836	260
836	367
836	376
836	443
836	631
836	797
836	837
836	844
836	857
836	894
836	964
836	972
836	990
836	994
836	998
837	78
837	264
837	355
837	358
837	603
837	639
837	690
837	709
837	751
837	760
837	835
837	836
837	916
837	961
837	981
837	985
838	208
838	403
838	418
838	596
838	724
838	728
838	731
838	743
838	783
838	800
838	847
838	885
838	939
838	955
838	986
838	993
839	331
839	386
839	596
839	607
839	717
839	863
839	868
839	895
839	927
839	929
839	937
839	966
839	973
839	987
839	996
839	999
840	67
840	262
840	318
840	329
840	339
840	426
840	528
840	601
840	628
840	675
840	677
840	682
840	714
840	835
840	903
840	916
841	17
841	395
841	474
841	480
841	716
841	766
841	775
841	804
841	912
841	915
841	932
841	934
841	937
841	951
841	968
841	985
842	137
842	270
842	303
842	330
842	495
842	670
842	771
842	772
842	815
842	823
842	865
842	896
842	936
842	944
842	970
842	984
843	64
843	220
843	445
843	481
843	493
843	535
843	593
843	663
843	880
843	924
843	953
843	970
843	982
843	988
843	991
843	999
844	197
844	298
844	553
844	560
844	720
844	782
844	786
844	806
844	836
844	861
844	889
844	925
844	927
844	929
844	955
844	995
844	997
845	96
845	279
845	292
845	554
845	556
845	583
845	635
845	751
845	783
845	811
845	893
845	907
845	910
845	912
845	974
845	989
845	1000
846	155
846	314
846	390
846	476
846	485
846	552
846	644
846	704
846	765
846	794
846	802
846	919
846	920
846	968
846	973
846	977
846	991
847	37
847	425
847	453
847	500
847	507
847	634
847	684
847	754
847	768
847	818
847	838
847	903
847	924
847	935
847	936
847	939
847	1000
848	41
848	274
848	301
848	360
848	463
848	546
848	652
848	683
848	684
848	766
848	783
848	850
848	888
848	920
848	921
848	943
848	956
849	246
849	249
849	295
849	340
849	496
849	567
849	665
849	667
849	679
849	724
849	824
849	852
849	879
849	930
849	944
849	953
849	967
850	135
850	157
850	240
850	256
850	410
850	528
850	561
850	632
850	683
850	717
850	724
850	726
850	806
850	835
850	848
850	871
850	969
851	4
851	199
851	268
851	279
851	627
851	637
851	640
851	793
851	811
851	819
851	867
851	909
851	947
851	953
851	964
851	974
851	1000
852	115
852	229
852	558
852	667
852	683
852	699
852	719
852	830
852	849
852	859
852	901
852	946
852	952
852	953
852	971
852	982
852	990
853	594
853	712
853	726
853	746
853	750
853	754
853	763
853	776
853	873
853	877
853	896
853	929
853	953
853	966
853	967
853	968
853	972
854	307
854	345
854	481
854	672
854	772
854	812
854	828
854	830
854	932
854	938
854	944
854	947
854	952
854	956
854	959
854	995
854	997
855	22
855	29
855	597
855	608
855	711
855	719
855	812
855	869
855	881
855	901
855	930
855	945
855	956
855	968
855	981
855	990
855	991
856	59
856	306
856	364
856	387
856	419
856	432
856	576
856	688
856	761
856	834
856	865
856	910
856	914
856	936
856	955
856	958
856	960
856	975
857	26
857	183
857	254
857	391
857	407
857	452
857	757
857	805
857	808
857	815
857	835
857	836
857	944
857	958
857	986
857	988
857	991
857	994
858	242
858	343
858	395
858	508
858	541
858	562
858	651
858	771
858	802
858	875
858	882
858	885
858	887
858	928
858	932
858	970
858	982
858	998
859	48
859	369
859	428
859	490
859	623
859	636
859	682
859	756
859	813
859	816
859	822
859	852
859	883
859	925
859	946
859	967
859	977
859	990
860	113
860	206
860	457
860	522
860	606
860	632
860	711
860	751
860	806
860	895
860	897
860	899
860	927
860	931
860	942
860	950
860	976
860	985
861	80
861	140
861	335
861	531
861	567
861	713
861	717
861	768
861	844
861	885
861	910
861	911
861	915
861	923
861	940
861	954
861	984
861	997
862	39
862	465
862	473
862	532
862	706
862	738
862	755
862	773
862	806
862	823
862	826
862	865
862	870
862	915
862	923
862	928
862	978
862	984
863	46
863	100
863	106
863	144
863	431
863	575
863	738
863	782
863	805
863	825
863	839
863	882
863	904
863	909
863	934
863	952
863	991
863	992
864	41
864	382
864	504
864	633
864	769
864	785
864	793
864	813
864	911
864	917
864	942
864	953
864	966
864	972
864	976
864	980
864	984
864	1000
865	4
865	286
865	363
865	366
865	525
865	549
865	742
865	750
865	765
865	807
865	830
865	842
865	856
865	862
865	895
865	917
865	933
865	973
866	40
866	41
866	93
866	124
866	237
866	297
866	442
866	462
866	736
866	746
866	901
866	919
866	922
866	954
866	956
866	981
866	987
866	998
867	375
867	453
867	459
867	483
867	612
867	637
867	769
867	790
867	851
867	893
867	909
867	945
867	955
867	965
867	966
867	975
867	983
867	994
868	180
868	452
868	619
868	657
868	685
868	701
868	712
868	715
868	754
868	766
868	804
868	829
868	839
868	891
868	942
868	945
868	949
868	955
868	998
869	31
869	59
869	299
869	394
869	480
869	658
869	678
869	700
869	743
869	781
869	828
869	855
869	923
869	954
869	964
869	976
869	984
869	995
869	997
870	182
870	338
870	404
870	485
870	490
870	503
870	507
870	526
870	566
870	709
870	713
870	728
870	805
870	862
870	881
870	920
870	937
870	957
870	973
871	36
871	214
871	632
871	645
871	683
871	693
871	767
871	806
871	818
871	850
871	872
871	906
871	914
871	930
871	949
871	971
871	972
871	989
871	998
872	138
872	188
872	195
872	383
872	436
872	506
872	522
872	590
872	652
872	671
872	728
872	871
872	877
872	918
872	927
872	932
872	934
872	970
872	971
873	30
873	115
873	231
873	334
873	411
873	516
873	616
873	712
873	784
873	787
873	853
873	898
873	929
873	931
873	975
873	981
873	987
873	991
873	999
874	131
874	164
874	224
874	517
874	527
874	552
874	573
874	635
874	669
874	694
874	715
874	774
874	825
874	933
874	941
874	943
874	988
874	997
874	999
875	11
875	122
875	166
875	353
875	409
875	465
875	586
875	611
875	679
875	696
875	714
875	823
875	827
875	858
875	900
875	928
875	953
875	959
875	982
876	149
876	193
876	399
876	451
876	554
876	570
876	593
876	684
876	693
876	723
876	771
876	821
876	913
876	920
876	924
876	932
876	975
876	977
876	991
877	77
877	301
877	317
877	535
877	634
877	729
877	787
877	791
877	822
877	853
877	872
877	907
877	924
877	966
877	972
877	995
877	996
877	999
877	1000
878	70
878	128
878	156
878	350
878	527
878	663
878	666
878	747
878	793
878	807
878	820
878	891
878	904
878	920
878	951
878	961
878	979
878	980
878	983
879	40
879	125
879	193
879	414
879	566
879	584
879	699
879	701
879	742
879	779
879	804
879	849
879	907
879	926
879	953
879	977
879	991
879	993
879	995
879	996
880	109
880	223
880	331
880	454
880	505
880	529
880	730
880	805
880	816
880	831
880	843
880	883
880	910
880	924
880	932
880	956
880	957
880	958
880	971
880	987
881	195
881	248
881	325
881	369
881	522
881	552
881	641
881	770
881	787
881	788
881	812
881	855
881	870
881	897
881	908
881	947
881	950
881	980
881	991
881	996
882	74
882	109
882	132
882	245
882	269
882	366
882	416
882	423
882	424
882	561
882	633
882	791
882	833
882	858
882	863
882	957
882	958
882	971
882	973
882	995
883	100
883	134
883	291
883	315
883	391
883	418
883	509
883	613
883	615
883	812
883	859
883	880
883	901
883	919
883	930
883	934
883	942
883	968
883	981
883	999
884	188
884	271
884	287
884	293
884	371
884	470
884	568
884	587
884	724
884	810
884	818
884	895
884	896
884	902
884	918
884	921
884	959
884	970
884	978
884	986
885	34
885	326
885	437
885	483
885	559
885	592
885	618
885	739
885	791
885	824
885	838
885	858
885	861
885	919
885	946
885	948
885	962
885	982
885	989
885	998
886	3
886	43
886	223
886	243
886	343
886	403
886	439
886	444
886	647
886	686
886	790
886	793
886	817
886	920
886	925
886	962
886	974
886	979
886	984
886	997
887	164
887	167
887	264
887	276
887	329
887	356
887	378
887	403
887	600
887	664
887	763
887	776
887	823
887	858
887	908
887	913
887	915
887	934
887	950
887	963
888	498
888	525
888	587
888	591
888	613
888	675
888	686
888	708
888	740
888	813
888	848
888	906
888	937
888	942
888	943
888	948
888	960
888	991
888	996
888	1000
889	55
889	147
889	232
889	257
889	314
889	316
889	390
889	516
889	549
889	595
889	674
889	717
889	824
889	844
889	902
889	938
889	965
889	974
889	977
889	993
889	1000
890	290
890	414
890	437
890	471
890	531
890	549
890	609
890	674
890	722
890	751
890	757
890	760
890	774
890	780
890	822
890	923
890	955
890	962
890	979
890	988
890	991
891	91
891	153
891	170
891	211
891	238
891	510
891	691
891	701
891	702
891	721
891	769
891	809
891	830
891	868
891	878
891	894
891	896
891	902
891	980
891	986
891	1000
892	30
892	63
892	67
892	250
892	324
892	346
892	492
892	526
892	666
892	721
892	731
892	796
892	814
892	901
892	921
892	933
892	943
892	967
892	978
892	994
892	995
893	47
893	235
893	396
893	397
893	429
893	453
893	487
893	623
893	700
893	786
893	801
893	827
893	845
893	867
893	894
893	902
893	915
893	926
893	953
893	966
893	998
894	249
894	372
894	384
894	472
894	524
894	588
894	642
894	730
894	785
894	788
894	802
894	836
894	891
894	893
894	917
894	936
894	964
894	977
894	979
894	991
894	1000
895	36
895	122
895	191
895	265
895	300
895	411
895	432
895	490
895	589
895	643
895	668
895	735
895	763
895	830
895	839
895	860
895	865
895	884
895	951
895	973
895	995
896	344
896	378
896	402
896	426
896	482
896	551
896	554
896	639
896	697
896	736
896	792
896	822
896	824
896	842
896	853
896	884
896	891
896	946
896	953
896	978
896	984
897	76
897	249
897	370
897	404
897	448
897	476
897	502
897	508
897	514
897	640
897	648
897	723
897	730
897	793
897	816
897	860
897	881
897	926
897	956
897	964
897	988
898	138
898	181
898	185
898	262
898	410
898	423
898	495
898	500
898	552
898	658
898	659
898	673
898	675
898	697
898	703
898	741
898	753
898	791
898	827
898	873
898	903
898	921
899	145
899	362
899	429
899	664
899	694
899	708
899	745
899	762
899	789
899	860
899	931
899	937
899	942
899	946
899	950
899	955
899	975
899	976
899	981
899	985
899	994
899	995
900	5
900	19
900	24
900	86
900	143
900	521
900	659
900	679
900	713
900	744
900	775
900	781
900	875
900	915
900	930
900	944
900	959
900	964
900	973
900	974
900	982
900	987
901	92
901	117
901	528
901	681
901	754
901	771
901	789
901	812
901	814
901	852
901	855
901	866
901	883
901	892
901	948
901	973
901	982
901	986
901	990
901	991
901	994
901	997
902	27
902	186
902	367
902	492
902	539
902	674
902	687
902	783
902	784
902	786
902	787
902	832
902	884
902	889
902	891
902	893
902	910
902	928
902	958
902	970
902	980
902	993
903	33
903	257
903	263
903	373
903	377
903	380
903	501
903	586
903	603
903	786
903	807
903	829
903	840
903	847
903	898
903	908
903	923
903	934
903	949
903	971
903	982
903	991
904	116
904	184
904	231
904	286
904	383
904	394
904	443
904	454
904	497
904	511
904	657
904	685
904	782
904	863
904	878
904	923
904	931
904	953
904	964
904	980
904	995
904	997
905	31
905	41
905	56
905	116
905	244
905	308
905	406
905	422
905	477
905	527
905	528
905	541
905	716
905	749
905	786
905	794
905	808
905	912
905	918
905	951
905	994
905	995
906	43
906	235
906	354
906	375
906	425
906	499
906	515
906	552
906	635
906	638
906	649
906	732
906	755
906	802
906	822
906	871
906	888
906	914
906	943
906	971
906	974
906	990
907	154
907	181
907	185
907	616
907	648
907	675
907	744
907	805
907	845
907	877
907	879
907	910
907	947
907	972
907	974
907	978
907	982
907	983
907	985
907	995
907	996
907	1000
908	133
908	144
908	203
908	272
908	353
908	378
908	408
908	430
908	705
908	751
908	809
908	829
908	881
908	887
908	903
908	922
908	943
908	961
908	972
908	983
908	988
908	992
909	6
909	234
909	263
909	274
909	350
909	376
909	492
909	577
909	578
909	614
909	636
909	658
909	721
909	756
909	800
909	851
909	863
909	867
909	946
909	955
909	978
909	1000
910	395
910	512
910	617
910	642
910	697
910	736
910	779
910	790
910	791
910	813
910	845
910	856
910	861
910	880
910	902
910	907
910	961
910	966
910	992
910	993
910	995
910	996
911	64
911	177
911	375
911	402
911	407
911	509
911	557
911	678
911	743
911	788
911	804
911	813
911	821
911	861
911	864
911	915
911	921
911	923
911	939
911	955
911	991
911	997
912	186
912	350
912	352
912	395
912	396
912	438
912	453
912	490
912	555
912	655
912	661
912	708
912	724
912	772
912	790
912	828
912	841
912	845
912	905
912	941
912	951
912	987
912	994
913	18
913	54
913	215
913	241
913	245
913	293
913	315
913	361
913	424
913	546
913	641
913	680
913	733
913	738
913	750
913	790
913	793
913	815
913	876
913	887
913	963
913	978
913	993
914	159
914	288
914	328
914	338
914	375
914	484
914	510
914	630
914	675
914	745
914	761
914	763
914	768
914	783
914	797
914	816
914	822
914	856
914	871
914	906
914	919
914	948
914	961
915	97
915	214
915	388
915	645
915	654
915	714
915	755
915	831
915	841
915	861
915	862
915	887
915	893
915	900
915	911
915	927
915	942
915	945
915	947
915	963
915	972
915	984
915	997
916	77
916	142
916	202
916	231
916	295
916	314
916	407
916	488
916	558
916	578
916	590
916	632
916	647
916	687
916	797
916	837
916	840
916	928
916	937
916	950
916	982
916	989
916	993
916	997
917	77
917	150
917	296
917	621
917	661
917	685
917	691
917	701
917	733
917	734
917	753
917	790
917	817
917	820
917	825
917	831
917	864
917	865
917	894
917	940
917	965
917	977
917	992
917	994
918	3
918	233
918	241
918	256
918	320
918	435
918	543
918	557
918	561
918	564
918	587
918	604
918	620
918	655
918	671
918	743
918	774
918	823
918	872
918	884
918	905
918	934
918	971
918	991
919	66
919	99
919	183
919	323
919	454
919	492
919	515
919	566
919	580
919	807
919	832
919	846
919	866
919	883
919	885
919	914
919	950
919	951
919	975
919	983
919	990
919	992
919	993
919	994
920	89
920	159
920	197
920	236
920	359
920	420
920	494
920	518
920	591
920	600
920	642
920	694
920	722
920	753
920	802
920	846
920	848
920	870
920	876
920	878
920	886
920	949
920	960
920	982
921	50
921	65
921	112
921	184
921	206
921	372
921	519
921	548
921	592
921	648
921	656
921	677
921	712
921	763
921	772
921	810
921	848
921	884
921	892
921	898
921	911
921	922
921	935
921	946
922	20
922	78
922	307
922	365
922	373
922	507
922	569
922	577
922	689
922	698
922	775
922	834
922	866
922	908
922	921
922	931
922	952
922	953
922	960
922	967
922	970
922	981
922	994
922	998
923	8
923	73
923	184
923	240
923	412
923	698
923	729
923	811
923	861
923	862
923	869
923	890
923	903
923	904
923	911
923	925
923	930
923	955
923	968
923	969
923	979
923	981
923	987
923	997
924	108
924	201
924	223
924	363
924	374
924	417
924	446
924	475
924	660
924	748
924	777
924	808
924	843
924	847
924	876
924	877
924	880
924	927
924	932
924	942
924	961
924	976
924	990
924	997
924	1000
925	85
925	172
925	212
925	308
925	493
925	563
925	572
925	621
925	624
925	631
925	694
925	713
925	728
925	739
925	806
925	844
925	859
925	886
925	923
925	935
925	936
925	945
925	967
925	974
925	982
926	60
926	100
926	148
926	293
926	471
926	496
926	545
926	607
926	612
926	639
926	737
926	767
926	779
926	782
926	800
926	821
926	825
926	879
926	893
926	897
926	939
926	954
926	957
926	965
926	966
927	96
927	111
927	121
927	363
927	423
927	525
927	571
927	595
927	609
927	614
927	656
927	733
927	792
927	830
927	839
927	844
927	860
927	872
927	915
927	924
927	937
927	959
927	960
927	967
927	973
927	985
928	403
928	466
928	499
928	520
928	565
928	566
928	610
928	612
928	655
928	714
928	749
928	755
928	766
928	825
928	833
928	858
928	862
928	875
928	902
928	916
928	939
928	940
928	956
928	964
928	986
928	993
929	178
929	258
929	261
929	269
929	288
929	466
929	469
929	474
929	495
929	521
929	557
929	608
929	623
929	635
929	761
929	790
929	834
929	839
929	844
929	853
929	873
929	950
929	975
929	987
929	991
929	994
930	15
930	116
930	137
930	160
930	168
930	352
930	493
930	572
930	574
930	655
930	672
930	741
930	792
930	802
930	834
930	849
930	855
930	871
930	883
930	900
930	923
930	944
930	953
930	954
930	985
930	995
931	89
931	420
931	431
931	498
931	530
931	558
931	629
931	703
931	704
931	727
931	761
931	798
931	811
931	823
931	860
931	873
931	899
931	904
931	922
931	949
931	950
931	976
931	985
931	991
931	992
931	993
932	264
932	341
932	451
932	600
932	633
932	642
932	645
932	677
932	733
932	770
932	798
932	812
932	841
932	854
932	858
932	872
932	876
932	880
932	924
932	947
932	951
932	965
932	967
932	996
932	998
932	1000
933	21
933	159
933	175
933	252
933	261
933	427
933	440
933	459
933	519
933	533
933	671
933	703
933	734
933	735
933	819
933	833
933	834
933	865
933	874
933	892
933	937
933	947
933	966
933	970
933	981
933	999
934	7
934	33
934	44
934	92
934	269
934	435
934	511
934	512
934	537
934	582
934	804
934	814
934	828
934	841
934	863
934	872
934	883
934	887
934	903
934	918
934	941
934	946
934	949
934	970
934	971
934	983
934	999
935	93
935	154
935	237
935	429
935	448
935	462
935	547
935	564
935	588
935	668
935	695
935	715
935	744
935	769
935	779
935	797
935	798
935	810
935	847
935	921
935	925
935	948
935	953
935	963
935	990
935	996
935	1000
936	42
936	110
936	140
936	146
936	148
936	198
936	265
936	441
936	628
936	670
936	674
936	749
936	792
936	807
936	832
936	842
936	847
936	856
936	894
936	925
936	953
936	954
936	963
936	964
936	974
936	978
936	989
937	5
937	71
937	322
937	406
937	444
937	543
937	544
937	640
937	698
937	745
937	758
937	765
937	767
937	816
937	817
937	839
937	841
937	870
937	888
937	899
937	916
937	927
937	933
937	957
937	966
937	984
937	990
938	11
938	47
938	90
938	110
938	405
938	427
938	434
938	465
938	534
938	636
938	658
938	769
938	772
938	785
938	786
938	794
938	803
938	806
938	823
938	854
938	889
938	951
938	974
938	976
938	984
938	988
938	993
939	11
939	13
939	25
939	97
939	277
939	285
939	439
939	646
939	648
939	657
939	710
939	714
939	743
939	759
939	765
939	810
939	838
939	847
939	911
939	926
939	928
939	946
939	949
939	958
939	983
939	988
939	999
940	213
940	312
940	389
940	415
940	420
940	436
940	483
940	509
940	546
940	563
940	586
940	627
940	635
940	691
940	725
940	738
940	792
940	819
940	825
940	861
940	917
940	928
940	949
940	975
940	978
940	986
940	990
940	996
941	9
941	14
941	107
941	154
941	192
941	216
941	430
941	440
941	473
941	480
941	501
941	513
941	517
941	528
941	530
941	580
941	596
941	623
941	663
941	666
941	714
941	716
941	874
941	912
941	934
941	957
941	995
941	997
942	126
942	152
942	229
942	234
942	330
942	351
942	382
942	417
942	460
942	596
942	663
942	739
942	761
942	860
942	864
942	868
942	883
942	888
942	899
942	915
942	924
942	944
942	950
942	965
942	976
942	984
942	985
942	994
943	217
943	281
943	332
943	448
943	452
943	502
943	635
943	719
943	746
943	767
943	787
943	795
943	796
943	797
943	810
943	829
943	833
943	848
943	874
943	888
943	892
943	906
943	908
943	948
943	969
943	971
943	994
943	995
944	28
944	34
944	247
944	262
944	398
944	420
944	509
944	511
944	566
944	586
944	595
944	667
944	706
944	787
944	803
944	812
944	821
944	842
944	849
944	854
944	857
944	900
944	930
944	942
944	945
944	953
944	959
944	977
944	988
945	15
945	51
945	52
945	238
945	239
945	245
945	341
945	377
945	396
945	527
945	599
945	729
945	763
945	765
945	767
945	804
945	815
945	829
945	855
945	867
945	868
945	915
945	925
945	944
945	949
945	960
945	971
945	987
945	994
946	2
946	6
946	32
946	183
946	328
946	384
946	474
946	487
946	550
946	574
946	599
946	610
946	639
946	732
946	739
946	759
946	775
946	852
946	859
946	885
946	896
946	899
946	909
946	921
946	934
946	939
946	958
946	968
946	999
947	84
947	134
947	265
947	539
947	545
947	585
947	626
947	653
947	661
947	664
947	681
947	693
947	694
947	698
947	700
947	736
947	744
947	755
947	813
947	851
947	854
947	881
947	907
947	915
947	932
947	933
947	968
947	984
947	992
948	13
948	91
948	410
948	414
948	415
948	519
948	587
948	660
948	712
948	717
948	722
948	757
948	777
948	795
948	796
948	821
948	822
948	824
948	885
948	888
948	901
948	914
948	935
948	943
948	955
948	962
948	972
948	992
948	994
948	999
949	96
949	148
949	175
949	185
949	213
949	226
949	333
949	471
949	476
949	599
949	613
949	621
949	628
949	725
949	754
949	823
949	868
949	871
949	903
949	920
949	931
949	934
949	939
949	940
949	945
949	964
949	971
949	979
949	986
949	1000
950	42
950	53
950	69
950	284
950	346
950	378
950	385
950	546
950	575
950	595
950	704
950	745
950	759
950	829
950	860
950	881
950	887
950	899
950	916
950	919
950	929
950	931
950	942
950	956
950	961
950	968
950	985
950	989
950	991
950	1000
951	40
951	61
951	75
951	254
951	265
951	287
951	426
951	462
951	484
951	496
951	519
951	606
951	643
951	670
951	698
951	735
951	743
951	757
951	787
951	827
951	841
951	878
951	895
951	905
951	912
951	919
951	932
951	938
951	994
951	999
952	7
952	33
952	92
952	112
952	115
952	289
952	423
952	435
952	449
952	465
952	491
952	636
952	637
952	657
952	695
952	706
952	721
952	807
952	812
952	852
952	854
952	863
952	922
952	958
952	977
952	981
952	990
952	992
952	993
952	997
952	999
953	57
953	247
953	267
953	335
953	345
953	368
953	398
953	578
953	586
953	626
953	678
953	695
953	747
953	843
953	849
953	851
953	852
953	853
953	864
953	875
953	879
953	893
953	896
953	904
953	922
953	930
953	935
953	936
953	944
953	956
953	976
954	45
954	275
954	283
954	310
954	361
954	476
954	479
954	525
954	553
954	556
954	629
954	630
954	685
954	686
954	717
954	727
954	743
954	799
954	861
954	866
954	869
954	926
954	930
954	936
954	955
954	965
954	974
954	980
954	990
954	997
954	1000
955	191
955	264
955	272
955	370
955	374
955	388
955	428
955	611
955	686
955	707
955	764
955	784
955	801
955	804
955	838
955	844
955	856
955	867
955	868
955	890
955	899
955	909
955	911
955	923
955	948
955	954
955	962
955	963
955	965
955	976
955	997
955	999
956	14
956	21
956	254
956	297
956	313
956	393
956	430
956	516
956	549
956	559
956	600
956	605
956	634
956	647
956	674
956	696
956	730
956	739
956	748
956	756
956	762
956	832
956	848
956	854
956	855
956	866
956	880
956	897
956	928
956	950
956	953
956	978
957	38
957	100
957	114
957	233
957	263
957	348
957	360
957	363
957	449
957	490
957	498
957	541
957	543
957	604
957	653
957	655
957	734
957	771
957	793
957	805
957	815
957	833
957	834
957	870
957	880
957	882
957	926
957	937
957	941
957	958
957	988
957	990
957	999
958	57
958	338
958	340
958	370
958	373
958	384
958	399
958	468
958	488
958	505
958	520
958	556
958	562
958	573
958	621
958	703
958	732
958	773
958	783
958	856
958	857
958	880
958	882
958	902
958	939
958	946
958	952
958	957
958	962
958	975
958	986
958	991
958	999
958	1000
959	68
959	143
959	159
959	283
959	520
959	595
959	630
959	637
959	644
959	657
959	675
959	676
959	683
959	691
959	723
959	744
959	751
959	771
959	774
959	802
959	820
959	831
959	854
959	875
959	884
959	900
959	927
959	944
959	960
959	962
959	969
959	971
959	996
959	998
960	33
960	88
960	111
960	113
960	115
960	129
960	221
960	273
960	295
960	296
960	468
960	489
960	535
960	580
960	591
960	667
960	693
960	719
960	742
960	764
960	820
960	825
960	834
960	856
960	888
960	920
960	922
960	927
960	945
960	959
960	972
960	984
960	992
960	993
961	9
961	160
961	166
961	181
961	207
961	357
961	539
961	564
961	591
961	605
961	624
961	643
961	653
961	696
961	697
961	718
961	729
961	732
961	740
961	783
961	786
961	827
961	833
961	837
961	878
961	908
961	910
961	914
961	924
961	950
961	974
961	988
961	993
961	997
962	72
962	75
962	114
962	129
962	172
962	248
962	304
962	401
962	482
962	509
962	511
962	522
962	523
962	569
962	591
962	609
962	610
962	636
962	753
962	758
962	770
962	781
962	801
962	823
962	885
962	886
962	890
962	948
962	955
962	958
962	959
962	974
962	975
962	979
962	984
963	35
963	200
963	280
963	328
963	358
963	371
963	491
963	494
963	505
963	513
963	555
963	567
963	579
963	592
963	659
963	694
963	700
963	711
963	750
963	756
963	773
963	796
963	831
963	887
963	913
963	915
963	935
963	936
963	955
963	967
963	977
963	979
963	984
963	992
963	993
964	59
964	120
964	190
964	249
964	310
964	328
964	422
964	449
964	610
964	615
964	625
964	689
964	700
964	721
964	734
964	741
964	776
964	781
964	788
964	814
964	817
964	818
964	836
964	851
964	869
964	894
964	897
964	900
964	904
964	928
964	936
964	949
964	965
964	973
964	992
965	218
965	238
965	248
965	315
965	451
965	454
965	455
965	459
965	467
965	483
965	491
965	605
965	610
965	630
965	656
965	661
965	685
965	737
965	738
965	748
965	776
965	867
965	889
965	917
965	926
965	932
965	942
965	954
965	955
965	964
965	966
965	967
965	971
965	989
965	995
966	16
966	24
966	60
966	79
966	228
966	321
966	354
966	373
966	434
966	437
966	483
966	626
966	688
966	693
966	707
966	708
966	733
966	764
966	771
966	776
966	789
966	801
966	826
966	839
966	853
966	864
966	867
966	877
966	893
966	910
966	926
966	933
966	937
966	965
966	972
967	87
967	196
967	217
967	246
967	256
967	281
967	313
967	315
967	349
967	425
967	486
967	494
967	540
967	556
967	565
967	617
967	671
967	676
967	771
967	785
967	793
967	827
967	849
967	853
967	859
967	892
967	922
967	925
967	927
967	932
967	963
967	965
967	976
967	993
967	994
968	45
968	185
968	220
968	224
968	258
968	305
968	319
968	347
968	348
968	412
968	432
968	514
968	605
968	687
968	689
968	735
968	798
968	841
968	846
968	853
968	855
968	883
968	923
968	946
968	947
968	950
968	970
968	982
968	983
968	985
968	990
968	991
968	993
968	995
968	998
968	1000
969	20
969	73
969	75
969	112
969	127
969	232
969	303
969	317
969	413
969	417
969	446
969	479
969	499
969	570
969	578
969	588
969	628
969	659
969	672
969	676
969	706
969	728
969	809
969	821
969	850
969	923
969	943
969	959
969	974
969	981
969	983
969	987
969	988
969	989
969	995
969	996
970	66
970	107
970	157
970	213
970	225
970	244
970	253
970	353
970	410
970	420
970	432
970	520
970	547
970	560
970	571
970	584
970	598
970	715
970	783
970	791
970	810
970	842
970	843
970	858
970	872
970	884
970	902
970	922
970	933
970	934
970	968
970	971
970	982
970	987
970	990
970	998
971	32
971	56
971	131
971	155
971	201
971	334
971	592
971	614
971	649
971	669
971	677
971	701
971	704
971	734
971	744
971	766
971	780
971	787
971	805
971	814
971	852
971	871
971	872
971	880
971	882
971	903
971	906
971	918
971	934
971	943
971	945
971	949
971	959
971	965
971	970
971	1000
972	49
972	141
972	170
972	182
972	241
972	407
972	424
972	489
972	560
972	588
972	615
972	650
972	655
972	676
972	709
972	747
972	797
972	798
972	813
972	831
972	836
972	853
972	864
972	871
972	877
972	907
972	908
972	915
972	948
972	960
972	966
972	979
972	980
972	983
972	992
972	994
973	20
973	46
973	52
973	274
973	280
973	288
973	323
973	424
973	428
973	501
973	517
973	543
973	557
973	584
973	596
973	602
973	679
973	706
973	718
973	729
973	810
973	830
973	839
973	846
973	865
973	870
973	882
973	895
973	900
973	901
973	927
973	964
973	981
973	987
973	995
973	996
974	107
974	198
974	216
974	449
974	499
974	511
974	517
974	562
974	584
974	588
974	621
974	637
974	655
974	665
974	668
974	726
974	739
974	750
974	758
974	770
974	793
974	817
974	845
974	851
974	886
974	889
974	900
974	906
974	907
974	925
974	936
974	938
974	954
974	961
974	962
974	969
974	979
975	97
975	258
975	277
975	311
975	348
975	469
975	498
975	516
975	541
975	594
975	616
975	641
975	645
975	665
975	709
975	737
975	752
975	758
975	763
975	794
975	795
975	808
975	825
975	834
975	856
975	867
975	873
975	876
975	899
975	919
975	929
975	940
975	958
975	962
975	980
975	981
975	985
976	104
976	283
976	348
976	383
976	388
976	403
976	412
976	424
976	440
976	548
976	579
976	580
976	585
976	616
976	640
976	644
976	652
976	685
976	704
976	727
976	779
976	789
976	827
976	860
976	864
976	869
976	899
976	924
976	931
976	938
976	942
976	953
976	955
976	967
976	979
976	985
976	994
976	996
976	1000
977	28
977	61
977	76
977	89
977	189
977	239
977	257
977	288
977	292
977	294
977	318
977	321
977	406
977	498
977	508
977	528
977	562
977	579
977	590
977	656
977	683
977	705
977	736
977	785
977	795
977	799
977	824
977	846
977	859
977	876
977	879
977	889
977	894
977	917
977	944
977	952
977	963
977	980
977	993
978	8
978	19
978	120
978	169
978	312
978	324
978	327
978	377
978	389
978	450
978	467
978	545
978	562
978	605
978	634
978	653
978	677
978	679
978	701
978	710
978	735
978	753
978	775
978	782
978	788
978	790
978	862
978	884
978	892
978	896
978	907
978	909
978	913
978	936
978	940
978	956
978	984
978	988
978	989
978	992
979	134
979	153
979	304
979	305
979	332
979	375
979	449
979	481
979	494
979	510
979	522
979	523
979	573
979	588
979	610
979	622
979	627
979	634
979	660
979	668
979	752
979	770
979	783
979	790
979	793
979	822
979	878
979	886
979	890
979	894
979	923
979	949
979	962
979	963
979	972
979	974
979	976
979	981
979	987
979	995
980	11
980	23
980	35
980	93
980	167
980	182
980	208
980	238
980	254
980	302
980	317
980	359
980	486
980	489
980	491
980	541
980	610
980	618
980	650
980	682
980	709
980	739
980	752
980	759
980	813
980	815
980	864
980	878
980	881
980	891
980	902
980	904
980	954
980	972
980	975
980	977
980	983
980	985
980	988
980	989
980	992
981	49
981	95
981	119
981	132
981	172
981	287
981	408
981	462
981	469
981	501
981	507
981	556
981	620
981	633
981	639
981	661
981	664
981	672
981	756
981	778
981	786
981	809
981	811
981	819
981	827
981	837
981	855
981	866
981	873
981	883
981	899
981	922
981	923
981	933
981	952
981	969
981	973
981	975
981	979
981	990
981	991
981	994
982	28
982	120
982	206
982	237
982	248
982	269
982	305
982	309
982	356
982	380
982	409
982	464
982	479
982	490
982	540
982	615
982	620
982	639
982	651
982	673
982	694
982	695
982	702
982	749
982	776
982	780
982	820
982	843
982	852
982	858
982	875
982	885
982	900
982	901
982	903
982	907
982	916
982	920
982	925
982	968
982	970
982	998
983	37
983	70
983	93
983	231
983	233
983	246
983	301
983	325
983	338
983	486
983	492
983	503
983	504
983	574
983	578
983	585
983	619
983	627
983	650
983	661
983	669
983	679
983	698
983	707
983	709
983	711
983	721
983	740
983	812
983	831
983	867
983	878
983	907
983	908
983	919
983	934
983	939
983	968
983	969
983	972
983	980
983	984
983	985
984	2
984	22
984	39
984	99
984	143
984	209
984	281
984	317
984	373
984	391
984	438
984	445
984	517
984	550
984	673
984	674
984	680
984	707
984	728
984	736
984	767
984	794
984	806
984	821
984	830
984	842
984	861
984	862
984	864
984	869
984	886
984	896
984	915
984	937
984	938
984	942
984	947
984	960
984	962
984	963
984	978
984	983
984	987
985	19
985	78
985	145
985	176
985	221
985	282
985	296
985	348
985	356
985	403
985	431
985	497
985	548
985	572
985	594
985	598
985	601
985	625
985	652
985	690
985	709
985	727
985	738
985	759
985	760
985	768
985	792
985	811
985	837
985	841
985	860
985	899
985	907
985	927
985	930
985	931
985	942
985	950
985	968
985	975
985	976
985	980
985	983
985	993
986	30
986	45
986	126
986	247
986	266
986	304
986	308
986	333
986	361
986	367
986	402
986	513
986	524
986	538
986	559
986	576
986	595
986	609
986	644
986	665
986	680
986	692
986	698
986	729
986	749
986	779
986	786
986	803
986	809
986	810
986	816
986	829
986	832
986	838
986	857
986	884
986	891
986	901
986	928
986	940
986	949
986	958
986	990
986	995
987	94
987	110
987	270
987	273
987	290
987	314
987	333
987	411
987	416
987	431
987	442
987	461
987	462
987	488
987	507
987	538
987	554
987	566
987	605
987	618
987	632
987	633
987	647
987	675
987	750
987	792
987	839
987	866
987	873
987	880
987	900
987	912
987	923
987	929
987	945
987	969
987	970
987	973
987	979
987	984
987	989
987	993
987	997
987	998
988	38
988	47
988	72
988	131
988	196
988	217
988	250
988	260
988	294
988	299
988	343
988	382
988	414
988	456
988	458
988	537
988	544
988	623
988	631
988	653
988	666
988	693
988	713
988	718
988	768
988	780
988	799
988	829
988	834
988	843
988	857
988	874
988	890
988	897
988	908
988	938
988	939
988	944
988	957
988	961
988	969
988	978
988	980
988	994
988	996
989	87
989	171
989	274
989	305
989	342
989	360
989	445
989	446
989	496
989	499
989	518
989	525
989	547
989	550
989	578
989	581
989	609
989	619
989	623
989	638
989	666
989	706
989	713
989	725
989	731
989	735
989	736
989	788
989	796
989	808
989	809
989	814
989	819
989	829
989	835
989	845
989	871
989	885
989	916
989	936
989	950
989	965
989	969
989	978
989	980
989	987
990	24
990	58
990	174
990	230
990	275
990	284
990	343
990	346
990	352
990	365
990	438
990	503
990	513
990	522
990	531
990	538
990	574
990	616
990	629
990	666
990	720
990	722
990	727
990	744
990	769
990	809
990	831
990	836
990	852
990	855
990	859
990	901
990	906
990	919
990	924
990	935
990	937
990	940
990	952
990	954
990	957
990	968
990	970
990	981
990	986
990	994
991	104
991	119
991	152
991	156
991	194
991	202
991	212
991	304
991	319
991	369
991	374
991	520
991	575
991	590
991	597
991	612
991	626
991	660
991	726
991	743
991	776
991	801
991	812
991	821
991	835
991	843
991	846
991	855
991	857
991	863
991	873
991	876
991	879
991	881
991	888
991	890
991	894
991	901
991	903
991	911
991	918
991	929
991	931
991	950
991	958
991	968
991	981
992	83
992	270
992	308
992	309
992	322
992	336
992	364
992	371
992	450
992	468
992	470
992	523
992	535
992	564
992	582
992	650
992	683
992	688
992	724
992	726
992	733
992	738
992	748
992	764
992	771
992	778
992	782
992	797
992	811
992	824
992	825
992	863
992	908
992	910
992	917
992	919
992	931
992	947
992	948
992	952
992	960
992	963
992	964
992	972
992	978
992	980
992	999
993	37
993	55
993	121
993	197
993	207
993	233
993	264
993	333
993	339
993	365
993	381
993	409
993	445
993	515
993	538
993	587
993	653
993	694
993	749
993	762
993	789
993	800
993	811
993	826
993	831
993	833
993	838
993	879
993	889
993	902
993	910
993	913
993	916
993	919
993	928
993	931
993	938
993	952
993	960
993	961
993	963
993	967
993	968
993	977
993	985
993	987
993	998
994	134
994	163
994	198
994	344
994	385
994	472
994	527
994	550
994	581
994	599
994	613
994	616
994	642
994	667
994	676
994	742
994	756
994	763
994	768
994	771
994	801
994	807
994	809
994	817
994	836
994	857
994	867
994	892
994	899
994	901
994	905
994	912
994	917
994	919
994	922
994	929
994	942
994	943
994	945
994	948
994	951
994	967
994	972
994	976
994	981
994	988
994	990
994	996
995	25
995	27
995	152
995	204
995	220
995	279
995	372
995	405
995	500
995	505
995	580
995	584
995	624
995	634
995	637
995	669
995	711
995	715
995	730
995	752
995	764
995	768
995	795
995	798
995	844
995	854
995	869
995	877
995	879
995	882
995	892
995	895
995	899
995	904
995	905
995	907
995	910
995	930
995	941
995	943
995	965
995	968
995	969
995	973
995	979
995	986
995	996
995	1000
996	31
996	69
996	219
996	243
996	272
996	325
996	337
996	372
996	374
996	393
996	433
996	452
996	455
996	551
996	598
996	611
996	628
996	629
996	630
996	639
996	642
996	646
996	648
996	688
996	699
996	711
996	720
996	726
996	738
996	748
996	798
996	839
996	877
996	879
996	881
996	888
996	907
996	910
996	932
996	935
996	940
996	959
996	969
996	973
996	976
996	988
996	994
996	995
997	3
997	152
997	162
997	267
997	328
997	330
997	404
997	456
997	458
997	478
997	553
997	563
997	600
997	608
997	613
997	625
997	639
997	664
997	678
997	685
997	693
997	727
997	732
997	746
997	761
997	784
997	795
997	812
997	824
997	844
997	854
997	861
997	869
997	874
997	886
997	901
997	904
997	911
997	915
997	916
997	923
997	924
997	941
997	952
997	954
997	955
997	961
997	987
997	998
998	23
998	25
998	38
998	104
998	149
998	169
998	244
998	346
998	364
998	381
998	396
998	412
998	429
998	437
998	463
998	552
998	575
998	606
998	618
998	636
998	671
998	677
998	725
998	749
998	752
998	754
998	759
998	762
998	777
998	791
998	810
998	814
998	819
998	836
998	858
998	866
998	868
998	871
998	885
998	893
998	922
998	932
998	959
998	968
998	970
998	982
998	987
998	993
998	997
999	43
999	106
999	135
999	174
999	175
999	210
999	285
999	360
999	415
999	428
999	438
999	487
999	505
999	510
999	573
999	634
999	645
999	660
999	704
999	710
999	733
999	739
999	755
999	757
999	759
999	783
999	791
999	800
999	802
999	806
999	809
999	831
999	835
999	839
999	843
999	873
999	874
999	877
999	883
999	933
999	934
999	939
999	946
999	948
999	951
999	952
999	955
999	957
999	958
999	992
1000	5
1000	30
1000	51
1000	52
1000	73
1000	95
1000	104
1000	124
1000	139
1000	151
1000	155
1000	216
1000	242
1000	313
1000	402
1000	467
1000	489
1000	499
1000	532
1000	576
1000	579
1000	584
1000	674
1000	691
1000	699
1000	711
1000	716
1000	779
1000	845
1000	847
1000	851
1000	864
1000	877
1000	888
1000	889
1000	891
1000	894
1000	907
1000	909
1000	924
1000	932
1000	935
1000	949
1000	950
1000	954
1000	958
1000	968
1000	971
1000	976
1000	995
