1	615
1	929
1	950
1	992
2	736
2	909
2	980
2	985
3	37
3	757
3	813
3	982
4	729
4	886
4	946
4	947
5	844
5	956
5	975
5	995
6	606
6	694
6	700
6	739
7	245
7	408
7	935
7	997
8	645
8	931
8	982
8	988
9	816
9	836
9	915
9	958
10	655
10	833
10	989
10	994
11	910
11	974
11	982
11	988
12	787
12	961
12	972
12	990
13	500
13	977
13	983
13	1000
14	622
14	741
14	864
14	934
15	925
15	986
15	993
15	999
16	321
16	980
16	981
16	985
17	667
17	849
17	853
17	905
18	826
18	890
18	953
18	958
19	385
19	514
19	772
19	902
20	685
20	694
20	708
20	870
21	939
21	960
21	964
21	997
22	85
22	944
22	962
22	986
23	576
23	932
23	982
23	998
24	701
24	762
24	956
24	978
25	699
25	934
25	978
25	995
26	79
26	961
26	972
26	990
27	832
27	852
27	941
27	967
28	412
28	541
28	724
28	952
29	885
29	974
29	996
29	999
30	335
30	683
30	719
30	987
31	79
31	850
31	863
31	925
32	938
32	963
32	983
32	991
33	631
33	846
33	872
33	964
34	599
34	759
34	930
34	986
35	431
35	846
35	876
35	948
36	723
36	777
36	835
36	842
37	3
37	474
37	787
37	962
38	710
38	820
38	880
38	938
39	506
39	679
39	944
39	986
40	656
40	913
40	914
40	970
41	809
41	962
41	969
41	989
42	194
42	681
42	851
42	994
43	365
43	398
43	835
43	994
44	821
44	939
44	960
44	964
45	702
45	974
45	993
45	999
46	414
46	944
46	969
46	986
47	885
47	917
47	993
47	999
48	298
48	926
48	944
48	986
49	630
49	918
49	993
49	999
50	222
50	861
50	948
50	997
51	821
51	945
51	956
51	965
52	483
52	822
52	878
52	901
53	756
53	768
53	847
53	992
54	313
54	485
54	972
54	990
55	770
55	906
55	972
55	990
56	102
56	932
56	988
56	998
57	802
57	928
57	965
57	987
58	639
58	655
58	681
58	994
59	627
59	895
59	960
59	964
60	88
60	600
60	949
60	971
61	749
61	772
61	933
61	971
62	762
62	786
62	961
62	990
63	727
63	741
63	854
63	936
64	516
64	746
64	845
64	879
65	354
65	636
65	784
65	909
66	524
66	932
66	973
66	982
67	205
67	764
67	991
67	1000
68	345
68	980
68	981
68	985
69	442
69	963
69	991
69	1000
70	397
70	570
70	703
70	942
71	492
71	905
71	974
71	999
72	615
72	643
72	908
72	994
73	944
73	962
73	986
73	994
74	770
74	844
74	961
74	990
75	233
75	939
75	960
75	969
76	588
76	627
76	844
76	995
77	359
77	925
77	926
77	962
78	429
78	851
78	894
78	994
79	26
79	31
79	397
79	942
80	268
80	692
80	817
80	966
81	495
81	706
81	857
81	901
82	775
82	965
82	979
82	987
83	135
83	482
83	638
83	994
84	904
84	962
84	989
84	992
85	22
85	626
85	813
85	926
86	107
86	788
86	794
86	827
87	543
87	762
87	820
87	938
88	60
88	553
88	883
88	971
89	558
89	829
89	867
89	931
90	679
90	944
90	962
90	986
91	219
91	775
91	833
91	994
92	588
92	764
92	873
92	995
93	155
93	574
93	936
93	967
94	446
94	479
94	631
94	968
95	790
95	943
95	991
95	1000
96	108
96	885
96	924
96	941
97	814
97	843
97	857
97	901
98	837
98	943
98	989
98	992
99	888
99	936
99	946
99	947
100	308
100	897
100	908
100	923
101	961
101	972
101	988
101	990
102	56
102	867
102	927
102	931
103	479
103	682
103	831
103	968
104	349
104	877
104	949
104	971
105	852
105	885
105	926
105	967
106	138
106	925
106	993
106	999
107	86
107	542
107	827
107	861
108	96
108	283
108	648
108	723
109	837
109	941
109	950
109	992
110	324
110	858
110	924
110	957
111	307
111	380
111	820
111	952
112	607
112	868
112	922
112	984
113	415
113	886
113	888
113	947
114	768
114	798
114	827
114	850
115	804
115	919
115	928
115	987
116	845
116	861
116	892
116	935
117	273
117	754
117	934
117	956
118	129
118	779
118	955
118	984
119	341
119	742
119	972
119	990
120	589
120	610
120	644
120	665
121	407
121	507
121	978
121	995
122	770
122	934
122	956
122	995
123	589
123	636
123	746
123	834
124	890
124	948
124	959
124	997
125	586
125	812
125	938
125	952
126	754
126	928
126	945
126	965
127	486
127	918
127	946
127	947
128	523
128	852
128	885
128	967
129	118
129	133
129	741
129	978
130	490
130	808
130	884
130	994
131	786
131	825
131	928
131	979
132	662
132	707
132	980
132	985
133	129
133	670
133	716
133	844
134	516
134	816
134	966
134	973
135	83
135	473
135	579
135	849
136	603
136	858
136	957
136	975
137	203
137	226
137	412
137	871
138	106
138	736
138	738
138	938
139	771
139	852
139	911
139	975
140	634
140	898
140	927
140	931
141	273
141	648
141	949
141	971
142	826
142	945
142	965
142	987
143	490
143	980
143	981
143	985
144	900
144	913
144	930
144	970
145	517
145	833
145	908
145	994
146	279
146	980
146	981
146	985
147	478
147	820
147	879
147	880
148	482
148	760
148	908
148	994
149	633
149	977
149	983
149	987
150	172
150	536
150	746
150	835
151	715
151	804
151	958
151	1000
152	390
152	762
152	773
152	990
153	574
153	774
153	936
153	969
154	889
154	937
154	939
154	960
155	93
155	622
155	854
155	936
156	790
156	974
156	993
156	996
157	905
157	940
157	982
157	998
158	735
158	974
158	996
158	999
159	383
159	981
159	985
159	995
160	571
160	899
160	951
160	955
161	443
161	748
161	789
161	936
162	502
162	876
162	892
162	997
163	774
163	831
163	854
163	936
164	641
164	707
164	951
164	991
165	417
165	751
165	852
165	922
166	889
166	896
166	925
166	999
167	797
167	830
167	959
167	997
168	650
168	699
168	739
168	902
169	418
169	508
169	939
169	960
170	268
170	473
170	849
170	853
171	719
171	865
171	913
171	930
172	150
172	961
172	972
172	990
173	350
173	791
173	913
173	968
174	886
174	893
174	946
174	994
175	203
175	729
175	734
175	746
176	440
176	863
176	895
176	942
177	435
177	667
177	849
177	975
178	322
178	980
178	981
178	985
179	297
179	877
179	933
179	949
180	844
180	907
180	948
180	997
181	291
181	604
181	812
181	938
182	267
182	278
182	942
182	1000
183	943
183	951
183	963
183	977
184	269
184	876
184	959
184	997
185	577
185	915
185	953
185	958
186	893
186	946
186	947
186	954
187	424
187	698
187	967
187	975
188	245
188	251
188	850
188	942
189	518
189	863
189	942
189	978
190	622
190	819
190	956
190	986
191	754
191	864
191	934
191	995
192	256
192	767
192	867
192	976
193	831
193	913
193	914
193	991
194	42
194	961
194	972
194	990
195	792
195	982
195	988
195	998
196	769
196	788
196	794
196	841
197	254
197	467
197	839
197	931
198	961
198	972
198	990
198	997
199	439
199	579
199	698
199	705
200	270
200	802
200	935
200	997
201	927
201	980
201	981
201	985
202	920
202	973
202	982
202	998
203	137
203	175
203	589
203	835
204	810
204	851
204	943
204	994
205	67
205	725
205	824
205	979
206	473
206	705
206	849
206	900
207	552
207	783
207	894
207	917
208	564
208	843
208	879
208	916
209	720
209	793
209	868
209	980
210	568
210	935
210	959
210	997
211	508
211	825
211	960
211	964
212	870
212	993
212	996
212	999
213	906
213	939
213	962
213	986
214	888
214	920
214	946
214	947
215	492
215	815
215	863
215	942
216	833
216	941
216	957
216	975
217	435
217	829
217	849
217	853
218	904
218	958
218	989
218	992
219	91
219	884
219	947
219	994
220	750
220	879
220	916
220	973
221	872
221	874
221	970
221	976
222	50
222	856
222	966
222	973
223	373
223	980
223	981
223	985
224	856
224	982
224	988
224	998
225	566
225	867
225	897
225	931
226	137
226	309
226	644
226	834
227	934
227	956
227	995
227	1000
228	490
228	760
228	800
228	959
228	994
229	594
229	677
229	785
229	878
229	901
230	917
230	968
230	974
230	993
230	996
231	811
231	899
231	943
231	963
231	983
232	285
232	607
232	807
232	921
232	970
233	75
233	917
233	939
233	960
233	964
234	535
234	550
234	723
234	917
234	993
235	610
235	674
235	857
235	878
235	901
236	906
236	926
236	965
236	969
236	986
237	943
237	951
237	972
237	977
237	991
238	255
238	748
238	782
238	839
238	931
239	829
239	897
239	904
239	923
239	984
240	745
240	861
240	913
240	959
240	997
241	398
241	692
241	817
241	879
241	973
242	685
242	745
242	890
242	907
242	997
243	732
243	871
243	885
243	941
243	975
244	823
244	977
244	983
244	991
244	1000
245	7
245	188
245	277
245	730
245	942
246	504
246	805
246	844
246	864
246	995
247	713
247	924
247	957
247	970
247	975
248	541
248	586
248	938
248	939
248	952
249	651
249	810
249	833
249	908
249	994
250	600
250	607
250	877
250	933
250	971
251	188
251	782
251	898
251	927
251	931
252	629
252	718
252	755
252	934
252	995
253	929
253	950
253	989
253	992
253	994
254	197
254	388
254	756
254	788
254	847
255	238
255	861
255	935
255	959
255	997
256	192
256	782
256	857
256	927
256	931
257	774
257	929
257	950
257	989
257	992
258	537
258	890
258	935
258	948
258	997
259	360
259	622
259	819
259	934
259	995
260	590
260	749
260	933
260	949
260	971
261	444
261	519
261	925
261	960
261	996
262	295
262	905
262	974
262	996
262	999
263	493
263	773
263	938
263	961
263	990
264	329
264	834
264	835
264	842
264	854
265	782
265	905
265	974
265	993
265	996
266	637
266	886
266	893
266	946
266	947
267	182
267	369
267	850
267	863
267	942
268	80
268	170
268	579
268	849
268	853
269	184
269	963
269	977
269	983
269	1000
270	200
270	690
270	924
270	967
270	975
271	485
271	841
271	858
271	961
271	990
272	696
272	868
272	922
272	940
272	955
273	117
273	141
273	414
273	883
273	971
274	339
274	350
274	824
274	928
274	979
275	394
275	944
275	962
275	972
275	986
276	450
276	709
276	744
276	850
276	942
277	245
277	492
277	838
277	850
277	942
278	182
278	594
278	835
278	863
278	942
279	146
279	365
279	584
279	655
279	810
280	630
280	799
280	888
280	893
280	946
281	378
281	916
281	966
281	973
281	984
282	523
282	866
282	993
282	996
282	999
283	108
283	536
283	610
283	655
283	746
284	539
284	799
284	886
284	946
284	947
285	232
285	469
285	716
285	978
285	995
286	352
286	797
286	915
286	952
286	953
287	439
287	520
287	705
287	849
287	853
288	643
288	665
288	956
288	978
288	995
289	409
289	654
289	760
289	899
289	984
290	804
290	811
290	843
290	943
290	1000
291	181
291	369
291	929
291	989
291	992
292	840
292	846
292	903
292	930
292	936
293	312
293	358
293	382
293	472
293	748
294	805
294	911
294	924
294	967
294	977
295	262
295	388
295	505
295	794
295	798
296	667
296	705
296	849
296	853
296	894
297	179
297	720
297	838
297	897
297	984
298	48
298	565
298	926
298	969
298	986
299	558
299	920
299	954
299	988
299	998
300	717
300	729
300	775
300	786
300	979
301	584
301	884
301	908
301	970
301	994
302	555
302	888
302	893
302	946
302	947
303	654
303	897
303	922
303	929
303	955
304	723
304	729
304	746
304	815
304	834
305	759
305	787
305	801
305	962
305	986
306	511
306	674
306	857
306	878
306	924
307	111
307	541
307	582
307	738
307	952
308	100
308	838
308	955
308	965
308	984
309	226
309	499
309	589
309	636
309	637
310	658
310	710
310	862
310	984
310	987
311	646
311	873
311	977
311	991
311	1000
312	293
312	898
312	927
312	931
312	933
313	54
313	905
313	925
313	974
313	996
314	812
314	909
314	912
314	980
314	981
315	427
315	767
315	898
315	927
315	931
316	454
316	875
316	980
316	981
316	985
317	840
317	868
317	922
317	923
317	984
318	494
318	811
318	934
318	956
318	995
319	466
319	877
319	949
319	971
319	978
320	329
320	414
320	510
320	883
320	971
321	16
321	918
321	925
321	996
321	999
322	178
322	802
322	892
322	959
322	997
323	523
323	806
323	926
323	944
323	969
324	110
324	881
324	940
324	982
324	998
325	853
325	904
325	929
325	989
325	992
326	634
326	856
326	916
326	954
326	973
327	457
327	668
327	883
327	949
327	971
328	768
328	769
328	798
328	847
328	936
329	264
329	320
329	589
329	734
329	842
330	613
330	943
330	977
330	981
330	991
331	546
331	920
331	940
331	982
331	988
332	841
332	869
332	982
332	988
332	998
333	457
333	554
333	924
333	941
333	967
334	831
334	930
334	951
334	968
334	976
335	30
335	413
335	839
335	898
335	927
336	841
336	958
336	961
336	972
336	990
337	736
337	812
337	938
337	952
337	974
338	478
338	789
338	795
338	854
338	936
339	274
339	683
339	963
339	965
339	987
340	513
340	717
340	824
340	919
340	945
341	119
341	677
341	706
341	857
341	901
342	678
342	814
342	860
342	895
342	964
343	689
343	907
343	948
343	996
343	997
344	649
344	819
344	915
344	978
344	995
345	68
345	455
345	596
345	972
345	990
346	618
346	849
346	879
346	966
346	973
347	943
347	951
347	963
347	982
347	1000
348	771
348	832
348	882
348	911
348	975
349	104
349	702
349	845
349	916
349	966
350	173
350	274
350	790
350	903
350	913
351	545
351	727
351	795
351	936
351	994
352	286
352	824
352	915
352	953
352	958
353	478
353	733
353	738
353	743
353	952
354	65
354	644
354	734
354	835
354	955
355	445
355	881
355	982
355	988
355	998
356	643
356	935
356	980
356	981
356	985
357	423
357	862
357	965
357	979
357	987
358	293
358	963
358	977
358	983
358	1000
359	77
359	552
359	681
359	906
359	986
360	259
360	767
360	867
360	927
360	931
361	425
361	673
361	950
361	989
361	992
362	455
362	896
362	961
362	972
362	990
363	697
363	899
363	922
363	934
363	955
364	793
364	877
364	897
364	922
364	984
365	43
365	279
365	851
365	994
365	996
366	526
366	575
366	592
366	829
366	984
367	757
367	891
367	910
367	940
367	998
368	573
368	778
368	913
368	920
368	968
369	267
369	291
369	929
369	989
369	992
370	533
370	591
370	925
370	933
370	949
371	926
371	946
371	962
371	969
371	986
372	398
372	666
372	689
372	808
372	994
373	223
373	423
373	708
373	772
373	902
374	433
374	685
374	701
374	739
374	902
375	940
375	954
375	982
375	986
375	998
376	825
376	889
376	960
376	964
376	992
377	526
377	697
377	838
377	889
377	984
378	281
378	413
378	856
378	966
378	973
379	780
379	826
379	915
379	958
379	982
380	111
380	723
380	777
380	784
380	842
381	695
381	869
381	881
381	988
381	998
382	293
382	472
382	679
382	839
382	927
383	159
383	951
383	963
383	983
383	991
383	1000
384	410
384	845
384	855
384	856
384	966
384	973
385	19
385	680
385	684
385	685
385	740
385	902
386	485
386	493
386	842
386	961
386	972
386	990
387	726
387	911
387	963
387	983
387	991
387	1000
388	254
388	295
388	532
388	768
388	769
388	827
389	715
389	875
389	909
389	980
389	981
389	985
390	152
390	761
390	780
390	797
390	953
390	958
391	406
391	622
391	864
391	944
391	978
391	995
392	572
392	713
392	830
392	885
392	888
392	967
393	547
393	871
393	911
393	924
393	957
393	975
394	275
394	506
394	704
394	809
394	906
394	969
395	855
395	906
395	944
395	962
395	969
395	986
396	676
396	698
396	765
396	924
396	931
396	967
397	70
397	79
397	530
397	709
397	911
397	956
398	43
398	241
398	372
398	429
398	666
398	923
399	624
399	633
399	641
399	950
399	989
399	992
400	828
400	922
400	955
400	984
400	988
400	992
401	735
401	917
401	979
401	993
401	996
401	999
402	549
402	875
402	980
402	981
402	985
402	994
403	773
403	910
403	920
403	954
403	988
403	998
404	408
404	623
404	744
404	836
404	953
404	958
405	744
405	761
405	797
405	920
405	953
405	958
406	391
406	755
406	761
406	956
406	978
406	995
407	121
407	832
407	896
407	905
407	974
407	996
408	7
408	404
408	801
408	890
408	948
408	959
409	289
409	563
409	720
409	779
409	829
409	955
410	384
410	516
410	707
410	856
410	966
410	973
411	413
411	858
411	867
411	898
411	927
411	931
412	28
412	137
412	636
412	637
412	729
412	842
413	335
413	378
413	411
413	748
413	898
413	927
414	46
414	273
414	320
414	883
414	933
414	971
415	113
415	845
415	916
415	966
415	973
415	991
416	610
416	784
416	834
416	835
416	957
416	988
417	165
417	681
417	899
417	922
417	923
417	984
418	169
418	653
418	789
418	854
418	933
418	936
419	739
419	912
419	946
419	980
419	981
419	985
420	661
420	877
420	904
420	933
420	949
420	971
421	504
421	718
421	741
421	950
421	978
421	995
422	791
422	865
422	887
422	921
422	968
422	979
423	357
423	373
423	685
423	700
423	772
423	902
424	187
424	628
424	771
424	852
424	871
424	957
425	361
425	426
425	724
425	738
425	812
425	952
426	425
426	724
426	737
426	779
426	880
426	938
427	315
427	603
427	858
427	871
427	967
427	975
428	638
428	869
428	881
428	982
428	988
428	998
429	78
429	398
429	677
429	810
429	908
429	994
430	531
430	609
430	814
430	895
430	937
430	939
431	35
431	833
431	892
431	935
431	948
431	997
432	630
432	762
432	940
432	961
432	972
432	990
433	374
433	700
433	708
433	720
433	739
433	902
434	848
434	852
434	858
434	911
434	930
434	975
435	177
435	217
435	460
435	719
435	849
435	853
436	758
436	888
436	893
436	946
436	947
436	955
437	809
437	906
437	926
437	966
437	969
437	986
438	496
438	825
438	937
438	960
438	964
438	970
439	199
439	287
439	460
439	705
439	853
439	982
440	176
440	530
440	730
440	850
440	863
440	980
441	468
441	553
441	747
441	818
441	965
441	987
442	69
442	785
442	843
442	857
442	878
442	901
443	161
443	545
443	574
443	854
443	936
443	996
444	261
444	755
444	896
444	993
444	996
444	999
445	355
445	806
445	810
445	851
445	908
445	994
446	94
446	783
446	870
446	900
446	989
446	992
447	731
447	768
447	798
447	827
447	847
447	898
448	691
448	870
448	900
448	904
448	989
448	992
449	596
449	669
449	766
449	935
449	959
449	997
450	276
450	570
450	621
450	850
450	925
450	942
451	467
451	687
451	839
451	898
451	927
451	931
452	662
452	753
452	937
452	939
452	960
452	964
453	849
453	910
453	982
453	988
453	995
453	998
454	316
454	821
454	945
454	965
454	979
454	987
455	345
455	362
455	898
455	961
455	972
455	990
456	576
456	625
456	842
456	916
456	928
456	987
457	327
457	333
457	832
457	848
457	871
457	975
458	789
458	795
458	817
458	854
458	892
458	936
459	663
459	690
459	706
459	802
459	843
459	901
460	435
460	439
460	567
460	705
460	841
460	853
461	552
461	780
461	816
461	892
461	953
461	958
462	507
462	665
462	873
462	931
462	934
462	978
463	775
463	928
463	943
463	945
463	965
463	979
464	640
464	719
464	919
464	945
464	979
464	987
465	830
465	837
465	892
465	935
465	959
465	997
466	319
466	538
466	661
466	936
466	949
466	971
467	197
467	451
467	788
467	867
467	898
467	927
468	441
468	786
468	798
468	821
468	895
468	979
469	285
469	718
469	755
469	844
469	978
469	1000
470	506
470	834
470	920
470	982
470	988
470	998
471	561
471	761
471	826
471	836
471	953
471	958
472	293
472	382
472	525
472	898
472	927
472	931
473	135
473	170
473	206
473	667
473	853
473	998
474	37
474	516
474	845
474	856
474	966
474	973
475	779
475	852
475	911
475	941
475	957
475	967
476	814
476	862
476	889
476	895
476	937
476	964
477	569
477	714
477	848
477	862
477	919
477	987
478	147
478	338
478	353
478	712
478	733
478	880
479	94
479	103
479	528
479	791
479	831
479	976
480	629
480	766
480	828
480	868
480	984
480	986
481	596
481	742
481	883
481	941
481	961
481	972
481	990
482	83
482	148
482	681
482	808
482	810
482	935
482	994
483	52
483	686
483	904
483	929
483	950
483	989
483	992
484	676
484	723
484	937
484	939
484	960
484	964
484	990
485	54
485	271
485	386
485	841
485	961
485	983
485	990
486	127
486	866
486	883
486	894
486	918
486	993
486	999
487	520
487	906
487	909
487	912
487	980
487	981
487	985
488	744
488	780
488	797
488	915
488	926
488	953
488	958
489	647
489	846
489	866
489	903
489	968
489	970
489	976
490	130
490	143
490	228
490	800
490	833
490	884
490	994
491	560
491	774
491	789
491	795
491	807
491	854
491	936
492	71
492	215
492	277
492	621
492	850
492	906
492	942
493	263
493	386
493	503
493	534
493	841
493	972
493	990
494	318
494	617
494	819
494	873
494	956
494	978
494	995
495	81
495	747
495	818
495	821
495	928
495	945
495	987
496	438
496	557
496	655
496	860
496	895
496	939
496	964
497	572
497	860
497	889
497	895
497	937
497	960
497	964
498	602
498	792
498	912
498	971
498	980
498	981
498	985
499	309
499	560
499	859
499	932
499	954
499	988
499	998
500	13
500	834
500	943
500	951
500	963
500	977
500	1000
501	811
501	891
501	943
501	963
501	983
501	991
501	1000
502	162
502	651
502	678
502	963
502	983
502	991
502	1000
503	493
503	598
503	742
503	841
503	961
503	972
503	990
504	246
504	421
504	584
504	617
504	956
504	978
504	995
505	295
505	769
505	798
505	827
505	847
505	869
505	974
506	39
506	394
506	470
506	787
506	806
506	962
506	986
507	121
507	462
507	617
507	718
507	929
507	934
507	995
508	169
508	211
508	825
508	915
508	937
508	939
508	964
509	635
509	825
509	860
509	887
509	889
509	895
509	964
510	320
510	749
510	877
510	933
510	949
510	971
510	991
511	306
511	783
511	822
511	843
511	857
511	878
511	901
512	587
512	799
512	886
512	888
512	893
512	946
512	947
513	340
513	721
513	888
513	951
513	963
513	991
513	1000
514	19
514	606
514	680
514	739
514	740
514	760
514	902
515	837
515	882
515	950
515	984
515	989
515	992
515	993
516	64
516	134
516	410
516	474
516	796
516	966
516	973
517	145
517	653
517	727
517	774
517	795
517	936
517	998
518	189
518	530
518	594
518	818
518	850
518	863
518	942
519	261
519	813
519	866
519	896
519	993
519	996
519	999
520	287
520	487
520	699
520	817
520	875
520	980
520	981
521	568
521	691
521	709
521	906
521	926
521	962
521	969
522	658
522	869
522	891
522	954
522	982
522	988
522	998
523	128
523	282
523	323
523	805
523	871
523	941
523	975
524	66
524	910
524	932
524	942
524	982
524	988
524	998
525	472
525	537
525	805
525	817
525	916
525	966
525	973
526	366
526	377
526	627
526	684
526	725
526	779
526	829
527	647
527	773
527	855
527	878
527	903
527	968
527	976
528	479
528	875
528	909
528	912
528	980
528	981
528	985
529	540
529	738
529	796
529	861
529	890
529	935
529	997
530	397
530	440
530	518
530	709
530	863
530	876
530	942
531	430
531	738
531	855
531	872
531	913
531	921
531	970
532	388
532	894
532	918
532	974
532	993
532	996
532	999
533	370
533	553
533	608
533	668
533	883
533	933
533	971
534	493
534	674
534	785
534	822
534	843
534	878
534	901
535	234
535	892
535	925
535	974
535	993
535	996
535	999
536	150
536	283
536	576
536	610
536	729
536	777
536	842
537	258
537	525
537	587
537	634
537	916
537	966
537	973
538	466
538	592
538	656
538	661
538	933
538	949
538	971
539	284
539	702
539	708
539	845
539	856
539	966
539	973
540	529
540	870
540	922
540	929
540	950
540	989
540	992
541	28
541	248
541	307
541	620
541	820
541	846
541	938
542	107
542	756
542	788
542	794
542	798
542	847
542	993
543	87
543	626
543	632
543	726
543	787
543	880
543	952
544	728
544	738
544	816
544	836
544	915
544	953
544	958
545	351
545	443
545	653
545	744
545	789
545	854
545	936
546	331
546	835
546	862
546	945
546	965
546	979
546	987
547	393
547	759
547	830
547	876
547	892
547	907
547	997
548	749
548	858
548	863
548	877
548	883
548	933
548	971
549	402
549	909
549	912
549	955
549	980
549	981
549	985
550	234
550	559
550	810
550	866
550	974
550	993
550	999
551	778
551	831
551	840
551	874
551	903
551	967
551	968
552	207
552	359
552	461
552	759
552	962
552	969
552	986
553	88
553	441
553	533
553	877
553	933
553	949
553	971
554	333
554	629
554	653
554	779
554	828
554	955
554	984
555	302
555	790
555	791
555	865
555	887
555	921
555	976
556	875
556	893
556	909
556	912
556	980
556	981
556	985
557	496
557	673
557	752
557	882
557	900
557	989
557	992
558	89
558	299
558	839
558	867
558	898
558	927
558	931
559	550
559	636
559	905
559	917
559	974
559	996
559	999
560	491
560	499
560	894
560	905
560	918
560	993
560	999
561	471
561	874
561	914
561	930
561	968
561	970
561	976
562	578
562	693
562	761
562	943
562	977
562	983
562	991
563	409
563	669
563	890
563	935
563	954
563	959
563	997
564	208
564	617
564	817
564	879
564	966
564	973
564	997
565	298
565	715
565	943
565	977
565	983
565	991
565	1000
566	225
566	767
566	782
566	839
566	867
566	898
566	923
567	460
567	579
567	667
567	705
567	733
567	849
567	853
568	210
568	521
568	891
568	920
568	932
568	954
568	998
569	477
569	778
569	823
569	862
569	919
569	947
569	987
570	70
570	450
570	730
570	850
570	863
570	942
570	976
571	160
571	619
571	638
571	753
571	828
571	923
571	977
572	392
572	497
572	698
572	941
572	957
572	967
572	971
573	368
573	790
573	887
573	901
573	908
573	914
573	976
574	93
574	153
574	443
574	653
574	752
574	789
574	854
574	936
575	366
575	675
575	787
575	813
575	926
575	944
575	969
575	986
576	23
576	456
576	536
576	919
576	928
576	945
576	965
576	979
577	185
577	744
577	780
577	826
577	836
577	862
577	953
577	958
578	562
578	697
578	726
578	943
578	977
578	983
578	991
578	1000
579	135
579	199
579	268
579	567
579	667
579	849
579	871
579	889
580	742
580	770
580	773
580	841
580	947
580	961
580	972
580	990
581	688
581	722
581	866
581	910
581	940
581	954
581	988
581	998
582	307
582	815
582	896
582	917
582	925
582	993
582	996
582	999
583	610
583	687
583	758
583	886
583	888
583	893
583	946
583	947
584	279
584	301
584	504
584	635
584	800
584	808
584	851
584	994
585	811
585	914
585	951
585	977
585	983
585	991
585	996
585	1000
586	125
586	248
586	700
586	712
586	724
586	738
586	880
586	952
587	512
587	537
587	618
587	628
587	879
587	916
587	966
587	973
588	76
588	92
588	768
588	794
588	873
588	934
588	978
588	995
589	120
589	123
589	203
589	309
589	329
589	714
589	777
589	834
590	260
590	728
590	816
590	826
590	836
590	915
590	953
590	958
591	370
591	656
591	668
591	749
591	856
591	933
591	970
591	971
592	366
592	538
592	697
592	920
592	922
592	923
592	955
592	984
593	752
593	837
593	870
593	882
593	906
593	929
593	989
593	992
594	229
594	278
594	518
594	621
594	730
594	863
594	942
594	966
595	651
595	804
595	963
595	973
595	977
595	983
595	991
595	1000
596	345
596	449
596	481
596	630
596	762
596	841
596	972
596	990
597	763
597	781
597	896
597	918
597	974
597	993
597	996
597	999
598	503
598	678
598	721
598	798
598	943
598	951
598	977
598	991
599	34
599	691
599	813
599	944
599	957
599	962
599	969
599	986
600	60
600	250
600	877
600	883
600	933
600	949
600	971
600	989
601	665
601	718
601	774
601	844
601	864
601	934
601	952
601	956
602	498
602	699
602	845
602	875
602	909
602	980
602	981
602	985
603	136
603	427
603	858
603	885
603	924
603	942
603	957
603	975
604	181
604	632
604	712
604	736
604	738
604	880
604	952
604	972
605	881
605	917
605	924
605	940
605	954
605	982
605	988
605	998
606	6
606	514
606	619
606	685
606	700
606	708
606	772
606	976
607	112
607	232
607	250
607	846
607	874
607	968
607	970
607	976
608	533
608	891
608	910
608	932
608	954
608	970
608	988
608	998
609	430
609	711
609	889
609	895
609	934
609	937
609	960
609	964
610	120
610	235
610	283
610	416
610	536
610	583
610	644
610	835
611	809
611	811
611	813
611	906
611	918
611	926
611	962
611	986
612	837
612	882
612	900
612	904
612	950
612	984
612	989
612	992
613	330
613	940
613	951
613	963
613	977
613	978
613	983
613	1000
614	752
614	900
614	904
614	950
614	971
614	976
614	989
614	992
615	1
615	72
615	681
615	750
615	800
615	851
615	884
615	908
616	694
616	700
616	708
616	740
616	771
616	772
616	902
616	990
617	494
617	504
617	507
617	564
617	844
617	873
617	956
617	978
618	346
618	587
618	628
618	640
618	840
618	916
618	966
618	973
619	571
619	606
619	654
619	696
619	868
619	897
619	913
619	955
620	541
620	686
620	870
620	900
620	929
620	965
620	989
620	992
621	450
621	492
621	594
621	709
621	730
621	850
621	895
621	945
622	14
622	155
622	190
622	259
622	391
622	819
622	873
622	978
623	404
623	751
623	797
623	826
623	915
623	953
623	958
623	976
624	399
624	727
624	882
624	900
624	904
624	929
624	989
624	992
625	456
625	818
625	823
625	940
625	945
625	960
625	979
625	987
626	85
626	543
626	657
626	672
626	820
626	921
626	938
626	952
627	59
627	76
627	526
627	662
627	814
627	860
627	937
627	964
628	424
628	587
628	618
628	688
628	845
628	856
628	916
628	973
629	252
629	480
629	554
629	838
629	842
629	899
629	922
629	923
629	984
630	49
630	280
630	432
630	596
630	770
630	841
630	961
630	972
630	990
631	33
631	94
631	677
631	776
631	855
631	887
631	968
631	976
631	983
632	543
632	604
632	672
632	724
632	736
632	780
632	812
632	938
632	952
633	149
633	399
633	811
633	951
633	964
633	977
633	983
633	991
633	1000
634	140
634	326
634	537
634	845
634	856
634	879
634	966
634	973
634	974
635	509
635	584
635	814
635	889
635	895
635	937
635	939
635	944
635	960
636	65
636	123
636	309
636	412
636	559
636	648
636	777
636	835
636	989
637	266
637	309
637	412
637	729
637	734
637	777
637	784
637	842
637	985
638	83
638	428
638	571
638	639
638	750
638	808
638	884
638	908
638	994
639	58
639	638
639	666
639	810
639	833
639	851
639	884
639	910
639	994
640	464
640	618
640	701
640	817
640	845
640	879
640	916
640	966
640	973
641	164
641	399
641	752
641	822
641	837
641	904
641	950
641	989
641	992
642	725
642	872
642	903
642	910
642	914
642	921
642	927
642	970
642	976
643	72
643	288
643	356
643	732
643	792
643	909
643	912
643	981
643	985
644	120
644	226
644	354
644	610
644	784
644	834
644	842
644	912
644	935
645	8
645	878
645	881
645	891
645	920
645	932
645	954
645	982
645	988
646	311
646	678
646	764
646	811
646	943
646	969
646	983
646	991
646	1000
647	489
647	527
647	776
647	790
647	803
647	853
647	872
647	874
647	970
648	108
648	141
648	636
648	723
648	729
648	777
648	834
648	835
648	931
649	344
649	665
649	796
649	809
649	864
649	934
649	956
649	978
649	995
650	168
650	680
650	694
650	708
650	739
650	772
650	902
650	994
650	996
651	249
651	502
651	595
651	721
651	732
651	943
651	977
651	983
651	1000
652	659
652	792
652	875
652	909
652	912
652	957
652	980
652	981
652	985
653	418
653	517
653	545
653	554
653	574
653	774
653	795
653	936
653	988
654	289
654	303
654	619
654	696
654	751
654	899
654	916
654	955
654	984
655	10
655	58
655	279
655	283
655	496
655	800
655	851
655	908
655	994
656	40
656	538
656	591
656	671
656	883
656	933
656	949
656	971
656	995
657	626
657	672
657	736
657	794
657	810
657	812
657	880
657	938
657	952
658	310
658	522
658	818
658	821
658	919
658	945
658	965
658	979
658	987
659	652
659	702
659	875
659	909
659	912
659	915
659	980
659	981
659	985
660	679
660	876
660	910
660	932
660	940
660	954
660	982
660	988
660	998
661	420
661	466
661	538
661	674
661	877
661	883
661	933
661	949
661	971
662	132
662	452
662	627
662	676
662	711
662	812
662	937
662	960
662	964
663	459
663	674
663	677
663	785
663	822
663	837
663	857
663	878
663	901
664	859
664	869
664	920
664	932
664	940
664	949
664	954
664	988
664	998
664	999
665	120
665	288
665	462
665	601
665	649
665	844
665	873
665	955
665	978
665	995
666	372
666	398
666	639
666	800
666	808
666	865
666	884
666	899
666	908
666	994
667	17
667	177
667	296
667	473
667	567
667	579
667	821
667	849
667	853
667	957
668	327
668	533
668	591
668	877
668	883
668	933
668	949
668	971
668	987
668	997
669	449
669	563
669	801
669	829
669	876
669	892
669	907
669	916
669	948
669	997
670	133
670	741
670	754
670	803
670	819
670	844
670	934
670	956
670	971
670	995
671	656
671	801
671	830
671	833
671	861
671	890
671	935
671	948
671	959
671	997
672	626
672	632
672	657
672	733
672	738
672	880
672	938
672	952
672	960
672	975
673	361
673	557
673	870
673	881
673	900
673	904
673	940
673	950
673	989
673	992
674	235
674	306
674	534
674	661
674	663
674	692
674	822
674	843
674	878
674	901
675	575
675	743
675	757
675	806
675	853
675	944
675	951
675	962
675	969
675	986
676	396
676	484
676	662
676	711
676	825
676	860
676	889
676	953
676	960
676	964
677	229
677	341
677	429
677	631
677	663
677	822
677	843
677	857
677	878
677	901
678	342
678	502
678	598
678	646
678	715
678	905
678	963
678	977
678	983
678	991
679	39
679	90
679	382
679	660
679	743
679	757
679	809
679	962
679	969
679	986
680	385
680	514
680	650
680	694
680	739
680	740
680	772
680	902
680	926
680	968
681	42
681	58
681	359
681	417
681	482
681	615
681	760
681	808
681	884
681	994
682	103
682	837
682	870
682	882
682	900
682	927
682	929
682	950
682	989
682	992
683	30
683	339
683	714
683	786
683	795
683	823
683	824
683	919
683	985
683	987
684	385
684	526
684	766
684	828
684	838
684	897
684	923
684	947
684	955
684	984
685	20
685	242
685	374
685	385
685	423
685	606
685	694
685	740
685	818
685	902
686	483
686	620
686	837
686	880
686	882
686	900
686	904
686	932
686	989
686	992
687	451
687	583
687	737
687	758
687	781
687	882
687	886
687	888
687	946
687	947
688	581
688	628
688	859
688	881
688	891
688	920
688	940
688	954
688	992
688	998
689	343
689	372
689	876
689	890
689	892
689	907
689	948
689	959
689	984
689	997
690	270
690	459
690	771
690	871
690	872
690	911
690	941
690	957
690	967
690	975
691	448
691	521
691	599
691	716
691	906
691	926
691	944
691	962
691	969
691	986
692	80
692	241
692	674
692	817
692	845
692	879
692	916
692	958
692	966
692	973
693	562
693	705
693	715
693	804
693	836
693	943
693	977
693	983
693	991
693	1000
694	6
694	20
694	616
694	650
694	680
694	685
694	739
694	902
694	961
694	972
695	381
695	737
695	781
695	799
695	868
695	886
695	888
695	893
695	946
695	947
696	272
696	619
696	654
696	753
696	793
696	823
696	865
696	899
696	923
696	955
697	363
697	377
697	578
697	592
697	720
697	728
697	779
697	897
697	923
697	984
698	187
698	199
698	396
698	572
698	771
698	885
698	911
698	932
698	957
698	975
699	25
699	168
699	520
699	602
699	792
699	875
699	912
699	980
699	981
699	985
700	6
700	423
700	433
700	586
700	606
700	616
700	708
700	772
700	877
700	902
701	24
701	374
701	640
701	718
701	754
701	864
701	873
701	956
701	978
701	995
702	45
702	349
702	539
702	659
702	817
702	856
702	879
702	916
702	966
702	973
703	70
703	815
703	896
703	917
703	925
703	944
703	974
703	993
703	996
703	999
704	394
704	758
704	783
704	815
704	918
704	925
704	974
704	993
704	996
704	999
705	199
705	206
705	287
705	296
705	439
705	460
705	567
705	693
705	853
705	941
706	81
706	341
706	459
706	733
706	785
706	822
706	838
706	843
706	857
706	878
706	901
707	132
707	164
707	410
707	708
707	732
707	792
707	875
707	912
707	980
707	981
707	985
708	20
708	373
708	433
708	539
708	606
708	616
708	650
708	700
708	707
708	740
708	902
709	276
709	397
709	521
709	530
709	621
709	730
709	824
709	850
709	863
709	942
709	984
710	38
710	310
710	717
710	818
710	823
710	824
710	928
710	958
710	965
710	979
710	987
711	609
711	662
711	676
711	860
711	875
711	880
711	889
711	895
711	937
711	939
711	960
712	478
712	586
712	604
712	733
712	812
712	820
712	868
712	880
712	938
712	952
712	958
713	247
713	392
713	730
713	848
713	885
713	911
713	918
713	941
713	957
713	967
713	975
714	477
714	589
714	683
714	818
714	824
714	928
714	945
714	965
714	966
714	979
714	987
715	151
715	389
715	565
715	678
715	693
715	764
715	776
715	951
715	963
715	983
715	1000
716	133
716	285
716	691
716	754
716	823
716	844
716	864
716	934
716	953
716	978
716	995
717	300
717	340
717	710
717	719
717	813
717	818
717	862
717	909
717	979
717	987
717	998
718	252
718	421
718	469
718	507
718	601
718	701
718	755
718	783
718	886
718	978
718	995
719	30
719	171
719	435
719	464
719	717
719	823
719	928
719	945
719	965
719	979
719	997
720	209
720	297
720	409
720	433
720	697
720	751
720	812
720	838
720	922
720	923
720	984
721	513
721	598
721	651
721	726
721	790
721	951
721	963
721	976
721	983
721	991
721	1000
722	581
722	801
722	859
722	872
722	891
722	910
722	920
722	932
722	940
722	955
722	988
723	36
723	108
723	234
723	304
723	380
723	484
723	648
723	734
723	784
723	835
723	842
724	28
724	425
724	426
724	586
724	632
724	733
724	810
724	812
724	878
724	938
724	952
725	205
725	526
725	642
725	803
725	887
725	914
725	921
725	930
725	968
725	970
725	976
726	387
726	543
726	578
726	721
726	951
726	954
726	963
726	977
726	983
726	991
726	1000
727	63
727	351
727	517
727	624
727	774
727	789
727	795
727	854
727	936
727	973
727	996
728	544
728	590
728	697
728	735
728	797
728	816
728	826
728	836
728	915
728	953
728	958
729	4
729	175
729	300
729	304
729	412
729	536
729	637
729	648
729	734
729	835
729	842
730	245
730	440
730	570
730	594
730	621
730	709
730	713
730	850
730	863
730	868
730	942
731	447
731	755
731	756
731	768
731	769
731	788
731	794
731	798
731	827
731	847
731	901
732	243
732	643
732	651
732	707
732	782
732	792
732	909
732	912
732	980
732	981
732	985
733	353
733	478
733	567
733	672
733	706
733	712
733	724
733	736
733	820
733	938
733	952
734	175
734	329
734	354
734	637
734	723
734	729
734	746
734	834
734	842
734	923
734	975
735	158
735	401
735	728
735	783
735	896
735	905
735	917
735	918
735	933
735	993
735	996
735	999
736	2
736	138
736	337
736	604
736	632
736	657
736	733
736	827
736	880
736	938
736	952
736	993
737	426
737	687
737	695
737	763
737	781
737	799
737	886
737	888
737	893
737	946
737	947
737	982
738	138
738	307
738	353
738	425
738	529
738	531
738	544
738	586
738	604
738	672
738	880
738	938
739	6
739	168
739	374
739	419
739	433
739	514
739	650
739	680
739	694
739	740
739	775
739	902
740	385
740	514
740	616
740	680
740	685
740	708
740	739
740	772
740	855
740	873
740	902
740	995
741	14
741	63
741	129
741	421
741	670
741	755
741	819
741	847
741	864
741	873
741	956
741	995
742	119
742	481
742	503
742	580
742	762
742	773
742	841
742	947
742	951
742	961
742	972
742	990
743	353
743	675
743	679
743	759
743	787
743	806
743	906
743	926
743	959
743	962
743	969
743	986
744	276
744	404
744	405
744	488
744	545
744	577
744	780
744	816
744	836
744	915
744	953
744	958
745	240
745	242
745	794
745	796
745	801
745	876
745	890
745	907
745	935
745	949
745	959
745	997
746	64
746	123
746	150
746	175
746	283
746	304
746	734
746	784
746	834
746	842
746	961
746	973
747	441
747	495
747	823
747	862
747	903
747	919
747	928
747	945
747	965
747	979
747	987
747	990
748	161
748	238
748	293
748	413
748	767
748	782
748	839
748	867
748	894
748	898
748	927
748	931
749	61
749	260
749	510
749	548
749	591
749	795
749	877
749	883
749	905
749	949
749	971
749	974
750	220
750	615
750	638
750	754
750	760
750	800
750	808
750	810
750	833
750	884
750	908
750	994
751	165
751	623
751	654
751	720
751	753
751	793
751	868
751	884
751	899
751	922
751	923
751	984
752	557
752	574
752	593
752	614
752	641
752	870
752	882
752	929
752	950
752	989
752	992
752	1000
753	452
753	571
753	696
753	751
753	766
753	793
753	828
753	829
753	868
753	922
753	962
753	984
754	117
754	126
754	191
754	670
754	701
754	716
754	750
754	755
754	922
754	956
754	978
754	995
755	252
755	406
755	444
755	469
755	718
755	731
755	741
755	754
755	873
755	956
755	978
755	995
756	53
756	254
756	542
756	731
756	768
756	769
756	788
756	794
756	827
756	847
756	967
756	991
757	3
757	367
757	675
757	679
757	787
757	806
757	809
757	906
757	926
757	944
757	969
757	976
758	436
758	583
758	687
758	704
758	781
758	799
758	886
758	888
758	893
758	897
758	946
758	947
759	34
759	305
759	547
759	552
759	743
759	806
759	813
759	944
759	962
759	963
759	969
759	986
760	148
760	228
760	289
760	514
760	681
760	750
760	800
760	833
760	884
760	908
760	933
760	994
761	390
761	405
761	406
761	471
761	562
761	780
761	816
761	836
761	894
761	915
761	953
761	958
762	24
762	62
762	87
762	152
762	432
762	596
762	742
762	770
762	773
762	961
762	972
762	990
763	597
763	737
763	795
763	866
763	894
763	896
763	917
763	918
763	971
763	993
763	996
763	999
764	67
764	92
764	646
764	715
764	767
764	811
764	902
764	951
764	963
764	977
764	991
764	1000
765	396
765	772
765	848
765	852
765	858
765	871
765	880
765	911
765	941
765	945
765	967
765	975
766	449
766	480
766	684
766	753
766	774
766	793
766	868
766	897
766	899
766	923
766	955
766	984
766	989
767	192
767	315
767	360
767	566
767	748
767	764
767	782
767	828
767	839
767	867
767	898
767	927
767	931
768	53
768	114
768	328
768	388
768	447
768	588
768	731
768	756
768	788
768	794
768	827
768	847
768	991
769	196
769	328
769	388
769	505
769	731
769	756
769	788
769	794
769	798
769	827
769	847
769	964
769	992
770	55
770	74
770	122
770	580
770	630
770	762
770	773
770	841
770	953
770	957
770	961
770	972
770	990
771	139
771	348
771	424
771	616
771	690
771	698
771	832
771	848
771	885
771	911
771	957
771	975
771	998
772	19
772	61
772	373
772	423
772	606
772	616
772	650
772	680
772	700
772	740
772	765
772	896
772	902
773	152
773	263
773	403
773	527
773	580
773	742
773	762
773	770
773	841
773	946
773	961
773	972
773	990
774	153
774	163
774	257
774	491
774	517
774	601
774	653
774	727
774	766
774	789
774	795
774	854
774	936
775	82
775	91
775	300
775	463
775	739
775	823
775	862
775	919
775	928
775	965
775	979
775	987
775	998
776	631
776	647
776	715
776	833
776	855
776	865
776	872
776	887
776	920
776	921
776	930
776	970
776	976
777	36
777	380
777	536
777	589
777	636
777	637
777	648
777	784
777	799
777	834
777	842
777	896
777	897
778	368
778	551
778	569
778	790
778	791
778	803
778	830
778	865
778	884
778	887
778	903
778	968
778	970
779	118
779	409
779	426
779	475
779	526
779	554
779	697
779	828
779	838
779	899
779	923
779	955
779	984
780	379
780	390
780	461
780	488
780	577
780	632
780	744
780	761
780	797
780	915
780	953
780	958
780	973
781	597
781	687
781	695
781	737
781	758
781	799
781	886
781	888
781	893
781	926
781	946
781	947
781	993
782	238
782	251
782	256
782	265
782	566
782	732
782	748
782	767
782	839
782	867
782	898
782	927
782	931
783	207
783	446
783	511
783	704
783	718
783	735
783	866
783	894
783	896
783	905
783	974
783	996
783	999
784	65
784	380
784	416
784	637
784	644
784	723
784	746
784	777
784	822
784	834
784	835
784	840
784	993
785	229
785	442
785	534
785	663
785	706
785	787
785	822
785	843
785	857
785	878
785	897
785	901
785	989
786	62
786	131
786	300
786	468
786	683
786	824
786	862
786	919
786	924
786	928
786	945
786	979
786	987
787	12
787	37
787	305
787	506
787	543
787	575
787	743
787	757
787	785
787	926
787	944
787	962
787	969
787	986
788	86
788	196
788	254
788	467
788	542
788	731
788	756
788	768
788	769
788	798
788	827
788	847
788	983
788	1000
789	161
789	338
789	418
789	458
789	491
789	545
789	574
789	727
789	774
789	795
789	854
789	897
789	936
789	977
790	95
790	156
790	350
790	555
790	573
790	647
790	721
790	778
790	791
790	914
790	921
790	930
790	970
790	976
791	173
791	422
791	479
791	555
791	778
791	790
791	855
791	903
791	913
791	930
791	970
791	976
791	985
791	1000
792	195
792	498
792	643
792	652
792	699
792	707
792	732
792	909
792	912
792	913
792	980
792	981
792	985
792	986
793	209
793	364
793	696
793	751
793	753
793	766
793	828
793	838
793	880
793	895
793	899
793	917
793	923
793	984
794	86
794	196
794	295
794	542
794	588
794	657
794	731
794	745
794	756
794	768
794	769
794	798
794	827
794	847
795	338
795	351
795	458
795	491
795	517
795	653
795	683
795	727
795	749
795	763
795	774
795	789
795	854
795	936
796	516
796	529
796	649
796	745
796	801
796	802
796	861
796	876
796	907
796	935
796	948
796	959
796	986
796	997
797	167
797	286
797	390
797	405
797	488
797	623
797	728
797	780
797	816
797	826
797	915
797	953
797	958
797	990
798	114
798	295
798	328
798	447
798	468
798	505
798	542
798	598
798	731
798	769
798	788
798	794
798	828
798	847
799	280
799	284
799	512
799	695
799	737
799	758
799	777
799	781
799	804
799	820
799	886
799	893
799	946
799	947
800	228
800	490
800	584
800	615
800	655
800	666
800	750
800	760
800	808
800	830
800	851
800	884
800	966
800	981
801	305
801	408
801	669
801	671
801	722
801	745
801	796
801	892
801	907
801	935
801	948
801	951
801	959
801	997
802	57
802	200
802	322
802	459
802	796
802	830
802	876
802	887
802	890
802	892
802	907
802	948
802	959
802	997
803	647
803	670
803	725
803	778
803	840
803	855
803	865
803	872
803	874
803	887
803	929
803	970
803	976
803	992
804	115
804	151
804	290
804	595
804	693
804	799
804	872
804	943
804	951
804	963
804	977
804	983
804	991
804	1000
805	246
805	294
805	523
805	525
805	832
805	848
805	858
805	885
805	914
805	924
805	941
805	957
805	967
805	975
806	323
806	445
806	506
806	675
806	743
806	757
806	759
806	813
806	898
806	937
806	944
806	962
806	969
806	986
807	232
807	491
807	840
807	846
807	855
807	865
807	870
807	874
807	887
807	903
807	930
807	968
807	970
807	974
807	976
808	130
808	372
808	482
808	584
808	638
808	666
808	681
808	750
808	800
808	810
808	869
808	901
808	908
808	914
808	994
809	41
809	394
809	437
809	611
809	649
809	679
809	757
809	906
809	926
809	932
809	937
809	944
809	962
809	969
809	986
810	204
810	249
810	279
810	429
810	445
810	482
810	550
810	639
810	657
810	724
810	750
810	808
810	851
810	884
810	994
811	231
811	290
811	318
811	501
811	585
811	611
811	633
811	646
811	764
811	943
811	951
811	963
811	969
811	991
811	1000
812	125
812	181
812	314
812	337
812	425
812	632
812	657
812	662
812	712
812	720
812	724
812	820
812	880
812	938
812	952
813	3
813	85
813	519
813	575
813	599
813	611
813	717
813	759
813	806
813	906
813	926
813	944
813	969
813	973
813	986
814	97
814	342
814	430
814	476
814	627
814	635
814	860
814	889
814	895
814	928
814	937
814	939
814	948
814	960
814	964
815	215
815	304
815	582
815	703
815	704
815	894
815	905
815	911
815	917
815	918
815	925
815	974
815	993
815	996
815	999
816	9
816	134
816	461
816	544
816	590
816	728
816	744
816	761
816	797
816	826
816	860
816	915
816	949
816	953
816	958
817	80
817	241
817	458
817	520
817	525
817	564
817	640
817	692
817	702
817	845
817	856
817	866
817	916
817	966
817	973
818	441
818	495
818	518
818	625
818	658
818	685
818	710
818	714
818	717
818	824
818	919
818	939
818	965
818	979
818	987
819	190
819	259
819	344
819	494
819	622
819	670
819	741
819	831
819	844
819	864
819	870
819	873
819	942
819	956
819	978
820	38
820	87
820	111
820	147
820	541
820	626
820	712
820	733
820	799
820	812
820	852
820	880
820	930
820	938
820	952
821	44
821	51
821	454
821	468
821	495
821	658
821	667
821	823
821	862
821	891
821	919
821	928
821	965
821	979
821	987
822	52
822	511
822	534
822	641
822	663
822	674
822	677
822	706
822	784
822	785
822	843
822	857
822	878
822	901
822	979
823	244
823	569
823	625
823	683
823	696
823	710
823	716
823	719
823	747
823	775
823	821
823	919
823	965
823	979
823	987
824	205
824	274
824	340
824	352
824	683
824	709
824	710
824	714
824	786
824	818
824	879
824	919
824	945
824	965
824	979
824	987
825	131
825	211
825	376
825	438
825	508
825	509
825	676
825	860
825	889
825	895
825	931
825	937
825	939
825	953
825	960
825	964
826	18
826	142
826	379
826	471
826	577
826	590
826	623
826	728
826	797
826	816
826	836
826	889
826	915
826	953
826	958
826	991
827	86
827	107
827	114
827	388
827	447
827	505
827	731
827	736
827	756
827	768
827	769
827	788
827	794
827	847
827	908
827	966
828	400
828	480
828	554
828	571
828	684
828	753
828	767
828	779
828	793
828	798
828	829
828	838
828	897
828	899
828	955
828	976
829	89
829	217
829	239
829	366
829	409
829	526
829	669
829	753
829	828
829	868
829	897
829	899
829	922
829	923
829	955
829	984
830	167
830	392
830	465
830	547
830	671
830	778
830	800
830	802
830	861
830	890
830	892
830	907
830	935
830	948
830	959
830	997
831	103
831	163
831	193
831	334
831	479
831	551
831	819
831	846
831	855
831	865
831	874
831	887
831	913
831	930
831	942
831	968
832	27
832	348
832	407
832	457
832	771
832	805
832	871
832	885
832	911
832	924
832	937
832	941
832	957
832	967
832	975
832	998
833	10
833	91
833	145
833	216
833	249
833	431
833	490
833	639
833	671
833	750
833	760
833	776
833	851
833	884
833	908
833	994
834	123
834	226
834	264
834	304
834	416
834	470
834	500
834	589
834	644
834	648
834	734
834	746
834	777
834	784
834	842
834	936
835	36
835	43
835	150
835	203
835	264
835	278
835	354
835	416
835	546
835	610
835	636
835	648
835	723
835	729
835	784
835	999
836	9
836	404
836	471
836	544
836	577
836	590
836	693
836	728
836	744
836	761
836	826
836	848
836	915
836	953
836	958
836	983
837	98
837	109
837	465
837	515
837	593
837	612
837	641
837	663
837	682
837	686
837	882
837	900
837	929
837	950
837	975
837	989
837	992
838	277
838	297
838	308
838	377
838	629
838	684
838	706
838	720
838	779
838	793
838	828
838	857
838	897
838	899
838	922
838	955
838	984
839	197
839	238
839	335
839	382
839	451
839	558
839	566
839	748
839	767
839	782
839	852
839	867
839	896
839	898
839	926
839	927
839	931
840	292
840	317
840	551
840	618
840	784
840	803
840	807
840	855
840	874
840	887
840	913
840	914
840	921
840	930
840	941
840	970
840	976
841	196
841	271
841	332
841	336
841	460
841	485
841	493
841	503
841	580
841	596
841	630
841	742
841	770
841	773
841	961
841	972
841	990
842	36
842	264
842	329
842	380
842	386
842	412
842	456
842	536
842	629
842	637
842	644
842	723
842	729
842	734
842	746
842	777
842	834
843	97
843	208
843	290
843	442
843	459
843	511
843	534
843	674
843	677
843	706
843	785
843	822
843	857
843	878
843	901
843	912
843	993
844	5
844	74
844	76
844	133
844	180
844	246
844	469
844	601
844	617
844	665
844	670
844	716
844	819
844	945
844	948
844	978
844	995
845	64
845	116
845	349
845	384
845	415
845	474
845	539
845	602
845	628
845	634
845	640
845	692
845	817
845	879
845	916
845	962
845	973
846	33
846	35
846	292
846	489
846	541
846	607
846	807
846	831
846	903
846	913
846	914
846	921
846	930
846	967
846	968
846	970
846	976
847	53
847	254
847	328
847	447
847	505
847	542
847	731
847	741
847	756
847	768
847	769
847	788
847	794
847	798
847	827
847	944
847	984
848	434
848	457
848	477
848	713
848	765
848	771
848	805
848	836
848	871
848	898
848	911
848	924
848	935
848	941
848	957
848	967
848	975
849	17
849	135
849	170
849	177
849	206
849	217
849	268
849	287
849	296
849	346
849	435
849	453
849	567
849	579
849	667
849	853
849	961
849	982
850	31
850	114
850	188
850	267
850	276
850	277
850	440
850	450
850	492
850	518
850	570
850	621
850	709
850	730
850	863
850	929
850	942
850	990
851	42
851	78
851	204
851	365
851	445
851	584
851	615
851	639
851	655
851	800
851	810
851	833
851	861
851	884
851	908
851	960
851	968
851	994
852	27
852	105
852	128
852	139
852	165
852	424
852	434
852	475
852	765
852	820
852	839
852	858
852	924
852	941
852	957
852	967
852	975
852	993
853	17
853	170
853	217
853	268
853	287
853	296
853	325
853	435
853	439
853	460
853	473
853	567
853	647
853	667
853	675
853	705
853	849
853	986
854	63
854	155
854	163
854	264
854	338
854	418
854	443
854	458
854	491
854	545
854	574
854	727
854	774
854	789
854	795
854	936
854	939
854	954
855	384
855	395
855	527
855	531
855	631
855	740
855	776
855	791
855	803
855	807
855	831
855	840
855	865
855	872
855	883
855	914
855	968
855	976
856	222
856	224
856	326
856	378
856	384
856	410
856	474
856	539
856	591
856	628
856	634
856	702
856	817
856	873
856	879
856	891
856	916
856	966
857	81
857	97
857	235
857	256
857	306
857	341
857	442
857	511
857	663
857	677
857	706
857	785
857	822
857	838
857	843
857	878
857	901
857	945
858	110
858	136
858	271
858	411
858	427
858	434
858	548
858	603
858	765
858	805
858	852
858	911
858	924
858	941
858	957
858	967
858	975
858	983
859	499
859	664
859	688
859	722
859	869
859	891
859	910
859	920
859	932
859	940
859	954
859	968
859	969
859	981
859	982
859	988
859	992
859	998
860	342
860	496
860	497
860	509
860	627
860	676
860	711
860	814
860	816
860	825
860	889
860	895
860	934
860	937
860	938
860	939
860	960
860	964
861	50
861	107
861	116
861	240
861	255
861	529
861	671
861	796
861	830
861	851
861	876
861	888
861	890
861	907
861	935
861	948
861	959
861	997
862	310
862	357
862	476
862	477
862	546
862	569
862	577
862	717
862	747
862	775
862	786
862	821
862	886
862	919
862	928
862	945
862	965
862	979
863	31
863	176
863	189
863	215
863	267
863	278
863	440
863	518
863	530
863	548
863	570
863	594
863	709
863	730
863	850
863	874
863	942
863	963
864	14
864	191
864	246
864	391
864	601
864	649
864	701
864	716
864	741
864	819
864	873
864	907
864	924
864	934
864	942
864	956
864	960
864	995
865	171
865	422
865	555
865	666
865	696
865	776
865	778
865	803
865	807
865	831
865	855
865	913
865	921
865	930
865	961
865	968
865	970
865	976
866	282
866	486
866	489
866	519
866	550
866	581
866	763
866	783
866	817
866	894
866	896
866	905
866	918
866	925
866	974
866	993
866	996
866	999
867	89
867	102
867	192
867	225
867	360
867	411
867	467
867	558
867	566
867	748
867	767
867	782
867	839
867	898
867	902
867	927
867	931
867	954
867	983
868	112
868	209
868	272
868	317
868	480
868	619
868	695
868	712
868	730
868	751
868	753
868	766
868	829
868	897
868	899
868	923
868	955
868	980
868	984
869	332
869	381
869	428
869	505
869	522
869	664
869	808
869	859
869	877
869	881
869	887
869	891
869	910
869	920
869	932
869	954
869	982
869	988
869	998
870	20
870	212
870	446
870	448
870	540
870	593
870	620
870	673
870	682
870	752
870	807
870	819
870	882
870	900
870	904
870	929
870	950
870	989
870	992
871	137
871	243
871	393
871	424
871	427
871	457
871	523
871	579
871	690
871	765
871	832
871	848
871	885
871	903
871	924
871	941
871	957
871	967
871	975
871	987
872	33
872	221
872	531
872	642
872	647
872	690
872	722
872	776
872	803
872	804
872	855
872	874
872	887
872	903
872	907
872	913
872	921
872	930
872	968
872	976
873	92
873	311
873	462
873	494
873	588
873	617
873	622
873	665
873	701
873	740
873	741
873	755
873	819
873	856
873	864
873	901
873	934
873	956
873	978
873	995
874	221
874	551
874	561
874	607
874	647
874	803
874	807
874	831
874	840
874	863
874	872
874	875
874	893
874	903
874	914
874	921
874	930
874	968
874	970
874	979
875	316
875	389
875	402
875	520
875	528
875	556
875	602
875	652
875	659
875	699
875	707
875	711
875	874
875	879
875	909
875	912
875	933
875	980
875	981
875	985
876	35
876	162
876	184
876	530
876	547
876	660
876	669
876	689
876	745
876	796
876	802
876	861
876	892
876	907
876	935
876	948
876	959
876	987
876	988
876	997
877	104
877	179
877	250
877	319
877	364
877	420
877	510
877	548
877	553
877	600
877	661
877	668
877	700
877	749
877	869
877	883
877	933
877	949
877	971
877	989
878	52
878	229
878	235
878	306
878	442
878	511
878	527
878	534
878	645
878	663
878	674
878	677
878	706
878	724
878	785
878	822
878	843
878	857
878	881
878	901
879	64
879	147
879	208
879	220
879	241
879	346
879	564
879	587
879	634
879	640
879	692
879	702
879	824
879	845
879	856
879	875
879	916
879	963
879	966
879	973
880	38
880	147
880	426
880	478
880	543
880	586
880	604
880	657
880	672
880	686
880	711
880	712
880	736
880	738
880	765
880	793
880	812
880	820
880	938
880	952
881	324
881	355
881	381
881	428
881	605
881	645
881	673
881	688
881	869
881	878
881	891
881	910
881	932
881	940
881	954
881	964
881	982
881	988
881	998
881	999
882	348
882	515
882	557
882	593
882	612
882	624
882	682
882	686
882	687
882	752
882	837
882	870
882	900
882	904
882	929
882	950
882	977
882	978
882	989
882	992
883	88
883	273
883	320
883	327
883	414
883	481
883	486
883	533
883	548
883	600
883	656
883	661
883	668
883	749
883	855
883	877
883	933
883	949
883	952
883	971
884	130
884	219
884	301
884	490
884	615
884	638
884	639
884	666
884	681
884	750
884	751
884	760
884	778
884	800
884	810
884	833
884	851
884	902
884	908
884	909
884	994
885	29
885	47
885	96
885	105
885	128
885	243
885	392
885	603
885	698
885	713
885	771
885	805
885	832
885	871
885	911
885	918
885	919
885	924
885	941
885	957
885	967
886	4
886	113
886	174
886	266
886	284
886	512
886	583
886	687
886	695
886	718
886	737
886	758
886	781
886	799
886	862
886	888
886	893
886	946
886	947
886	987
886	989
887	422
887	509
887	555
887	573
887	631
887	725
887	776
887	778
887	802
887	803
887	807
887	831
887	840
887	869
887	872
887	903
887	914
887	953
887	968
887	970
887	976
888	99
888	113
888	214
888	280
888	302
888	392
888	436
888	512
888	513
888	583
888	687
888	695
888	737
888	758
888	781
888	861
888	886
888	893
888	946
888	947
888	961
889	154
889	166
889	376
889	377
889	476
889	497
889	509
889	579
889	609
889	635
889	676
889	711
889	814
889	825
889	826
889	860
889	895
889	937
889	939
889	960
889	964
890	18
890	124
890	242
890	258
890	408
890	529
890	563
890	671
890	689
890	745
890	802
890	830
890	861
890	892
890	907
890	914
890	915
890	948
890	959
890	993
890	997
891	367
891	501
891	522
891	568
891	608
891	645
891	688
891	722
891	821
891	856
891	859
891	869
891	881
891	920
891	932
891	940
891	954
891	956
891	982
891	988
891	998
892	116
892	162
892	322
892	431
892	458
892	461
892	465
892	535
892	547
892	669
892	689
892	801
892	802
892	830
892	876
892	890
892	907
892	935
892	948
892	959
892	983
892	997
893	174
893	186
893	266
893	280
893	302
893	436
893	512
893	556
893	583
893	695
893	737
893	758
893	781
893	799
893	874
893	886
893	888
893	946
893	947
893	956
893	984
893	998
894	78
894	207
894	296
894	486
894	532
894	560
894	748
894	761
894	763
894	783
894	815
894	866
894	896
894	905
894	917
894	918
894	925
894	974
894	987
894	993
894	996
894	999
895	59
895	176
895	342
895	430
895	468
895	476
895	496
895	497
895	509
895	609
895	621
895	635
895	711
895	793
895	814
895	825
895	860
895	889
895	937
895	939
895	960
895	964
896	166
896	362
896	407
896	444
896	519
896	582
896	597
896	703
896	735
896	763
896	772
896	777
896	783
896	839
896	866
896	894
896	917
896	918
896	974
896	993
896	996
896	999
896	1000
897	100
897	225
897	239
897	297
897	303
897	364
897	619
897	684
897	697
897	758
897	766
897	777
897	785
897	789
897	828
897	829
897	838
897	868
897	899
897	922
897	923
897	955
897	984
898	140
898	251
898	312
898	315
898	335
898	411
898	413
898	447
898	451
898	455
898	467
898	472
898	558
898	566
898	748
898	767
898	782
898	806
898	839
898	848
898	867
898	900
898	931
899	160
899	231
899	289
899	363
899	417
899	629
899	654
899	666
899	696
899	751
899	766
899	779
899	793
899	828
899	829
899	838
899	868
899	897
899	922
899	923
899	946
899	955
899	984
900	144
900	206
900	446
900	448
900	557
900	612
900	614
900	620
900	624
900	673
900	682
900	686
900	837
900	870
900	882
900	898
900	904
900	929
900	934
900	938
900	950
900	989
900	992
901	52
901	81
901	97
901	229
901	235
901	341
901	442
901	459
901	511
901	534
901	573
901	663
901	674
901	677
901	706
901	731
901	785
901	808
901	822
901	843
901	857
901	873
901	878
902	19
902	168
902	373
902	374
902	385
902	423
902	433
902	514
902	616
902	650
902	680
902	685
902	694
902	700
902	708
902	739
902	740
902	764
902	772
902	867
902	884
902	928
902	996
903	292
903	350
903	489
903	527
903	551
903	642
903	747
903	778
903	791
903	807
903	846
903	871
903	872
903	874
903	887
903	913
903	914
903	921
903	923
903	968
903	970
903	976
903	985
904	84
904	218
904	239
904	325
904	420
904	448
904	483
904	612
904	614
904	624
904	641
904	673
904	686
904	870
904	882
904	900
904	921
904	929
904	950
904	969
904	989
904	992
904	997
905	17
905	71
905	157
905	262
905	265
905	313
905	407
905	559
905	560
905	678
905	735
905	749
905	783
905	815
905	866
905	894
905	917
905	918
905	925
905	974
905	989
905	993
905	996
906	55
906	213
906	236
906	359
906	394
906	395
906	437
906	487
906	492
906	521
906	593
906	611
906	691
906	743
906	757
906	809
906	813
906	926
906	944
906	962
906	969
906	986
906	990
907	180
907	242
907	343
907	547
907	669
907	689
907	745
907	796
907	801
907	802
907	830
907	861
907	864
907	872
907	876
907	890
907	892
907	948
907	959
907	979
907	980
907	993
907	997
908	72
908	100
908	145
908	148
908	249
908	301
908	429
908	445
908	573
908	615
908	638
908	655
908	666
908	750
908	760
908	808
908	827
908	833
908	851
908	884
908	965
908	987
908	994
909	2
909	65
909	314
909	389
909	487
909	528
909	549
909	556
909	602
909	643
909	652
909	659
909	717
909	732
909	792
909	875
909	884
909	912
909	960
909	980
909	981
909	985
909	991
910	11
910	367
910	403
910	453
910	524
910	581
910	608
910	639
910	642
910	660
910	722
910	859
910	869
910	881
910	919
910	920
910	932
910	940
910	954
910	978
910	982
910	988
910	997
910	998
911	139
911	294
911	348
911	387
911	393
911	397
911	434
911	475
911	690
911	698
911	713
911	765
911	771
911	815
911	832
911	848
911	858
911	885
911	924
911	957
911	959
911	967
911	975
911	983
912	314
912	419
912	487
912	498
912	528
912	549
912	556
912	643
912	644
912	652
912	659
912	699
912	707
912	732
912	792
912	843
912	875
912	909
912	925
912	952
912	980
912	981
912	985
912	990
913	40
913	144
913	171
913	173
913	193
913	240
913	350
913	368
913	531
913	619
913	791
913	792
913	831
913	840
913	846
913	865
913	872
913	903
913	914
913	921
913	930
913	965
913	970
913	976
914	40
914	193
914	561
914	573
914	585
914	642
914	725
914	790
914	805
914	808
914	840
914	846
914	855
914	874
914	887
914	890
914	903
914	913
914	921
914	930
914	968
914	970
914	976
914	995
915	9
915	185
915	286
915	344
915	352
915	379
915	488
915	508
915	544
915	590
915	623
915	659
915	728
915	744
915	761
915	780
915	797
915	816
915	826
915	836
915	890
915	921
915	953
915	958
916	208
916	220
916	281
916	326
916	349
916	415
916	456
916	525
916	537
916	587
916	618
916	628
916	640
916	654
916	669
916	692
916	702
916	817
916	845
916	856
916	879
916	925
916	945
916	966
916	973
917	47
917	207
917	230
917	233
917	234
917	401
917	559
917	582
917	605
917	703
917	735
917	763
917	793
917	815
917	894
917	896
917	905
917	918
917	921
917	925
917	974
917	993
917	994
917	996
917	999
918	49
918	127
918	321
918	486
918	532
918	560
918	597
918	611
918	704
918	713
918	735
918	763
918	815
918	866
918	885
918	894
918	896
918	905
918	917
918	925
918	967
918	974
918	993
918	996
918	999
919	115
919	340
919	464
919	477
919	569
919	576
919	658
919	683
919	747
919	775
919	786
919	818
919	821
919	823
919	824
919	862
919	885
919	910
919	923
919	945
919	965
919	971
919	978
919	979
919	987
920	202
920	214
920	299
920	331
920	368
920	403
920	405
920	470
920	568
920	592
920	645
920	664
920	688
920	722
920	776
920	859
920	869
920	891
920	910
920	932
920	940
920	954
920	982
920	988
920	998
921	232
921	422
921	531
921	555
921	626
921	642
921	725
921	776
921	790
921	840
921	846
921	865
921	872
921	874
921	903
921	904
921	913
921	914
921	915
921	917
921	930
921	968
921	970
921	976
921	984
922	112
922	165
922	272
922	303
922	317
922	363
922	364
922	400
922	417
922	540
922	592
922	629
922	720
922	751
922	753
922	754
922	829
922	838
922	897
922	899
922	923
922	951
922	955
922	967
922	999
923	100
923	239
923	317
923	398
923	417
923	566
923	571
923	592
923	629
923	684
923	696
923	697
923	720
923	734
923	751
923	766
923	779
923	793
923	829
923	868
923	897
923	899
923	903
923	919
923	922
923	984
924	96
924	110
924	247
924	270
924	294
924	306
924	333
924	393
924	396
924	603
924	605
924	786
924	805
924	832
924	848
924	852
924	858
924	864
924	871
924	885
924	911
924	941
924	957
924	967
924	977
924	988
925	15
925	31
925	77
925	106
925	166
925	261
925	313
925	321
925	370
925	450
925	535
925	582
925	703
925	704
925	815
925	866
925	894
925	905
925	912
925	916
925	917
925	918
925	974
925	993
925	996
925	999
926	48
926	77
926	85
926	105
926	236
926	298
926	323
926	371
926	437
926	488
926	521
926	575
926	611
926	680
926	691
926	743
926	757
926	781
926	787
926	809
926	813
926	839
926	906
926	944
926	969
926	986
927	102
927	140
927	201
927	251
927	256
927	312
927	315
927	335
927	360
927	382
927	411
927	413
927	451
927	467
927	472
927	558
927	642
927	682
927	748
927	767
927	782
927	839
927	867
927	931
927	948
927	952
928	57
928	115
928	126
928	131
928	274
928	456
928	463
928	495
928	576
928	710
928	714
928	719
928	747
928	775
928	786
928	814
928	821
928	862
928	902
928	939
928	945
928	949
928	950
928	965
928	979
928	987
929	1
929	253
929	257
929	291
929	303
929	325
929	369
929	483
929	507
929	540
929	593
929	620
929	624
929	682
929	752
929	803
929	837
929	850
929	870
929	882
929	900
929	904
929	936
929	950
929	989
929	992
930	34
930	144
930	171
930	292
930	334
930	434
930	561
930	725
930	776
930	790
930	791
930	807
930	820
930	831
930	840
930	846
930	865
930	872
930	874
930	913
930	914
930	921
930	952
930	968
930	976
930	981
931	8
931	89
931	102
931	140
931	197
931	225
931	238
931	251
931	256
931	312
931	315
931	360
931	396
931	411
931	451
931	462
931	472
931	558
931	648
931	748
931	767
931	782
931	825
931	839
931	867
931	898
931	927
932	23
932	56
932	66
932	499
932	524
932	568
932	608
932	645
932	660
932	664
932	686
932	698
932	722
932	809
932	859
932	869
932	881
932	891
932	910
932	920
932	940
932	954
932	982
932	985
932	986
932	988
932	998
933	61
933	179
933	250
933	260
933	312
933	370
933	414
933	418
933	420
933	510
933	533
933	538
933	548
933	553
933	591
933	600
933	656
933	661
933	668
933	735
933	760
933	875
933	877
933	883
933	949
933	971
933	985
934	14
934	25
934	117
934	122
934	191
934	227
934	252
934	259
934	318
934	363
934	462
934	507
934	588
934	601
934	609
934	649
934	670
934	716
934	860
934	864
934	873
934	900
934	956
934	963
934	978
934	995
934	999
935	7
935	116
935	200
935	210
935	255
935	258
935	356
935	431
935	449
935	465
935	482
935	529
935	563
935	644
935	671
935	745
935	796
935	801
935	830
935	848
935	861
935	876
935	892
935	948
935	959
935	996
935	997
936	63
936	93
936	99
936	153
936	155
936	161
936	163
936	292
936	328
936	338
936	351
936	418
936	443
936	458
936	466
936	491
936	517
936	545
936	574
936	653
936	727
936	774
936	789
936	795
936	834
936	854
936	929
937	154
937	430
937	438
937	452
937	476
937	484
937	497
937	508
937	609
937	627
937	635
937	662
937	711
937	806
937	809
937	814
937	825
937	832
937	860
937	889
937	895
937	939
937	960
937	963
937	964
937	981
937	985
938	32
938	38
938	87
938	125
938	138
938	181
938	248
938	263
938	337
938	426
938	541
938	626
938	632
938	657
938	672
938	712
938	724
938	733
938	736
938	738
938	812
938	820
938	860
938	880
938	900
938	947
938	952
939	21
939	44
939	75
939	154
939	169
939	213
939	233
939	248
939	430
939	452
939	484
939	496
939	508
939	635
939	711
939	814
939	818
939	825
939	854
939	860
939	889
939	895
939	928
939	937
939	960
939	961
939	964
940	157
940	272
940	324
940	331
940	367
940	375
940	432
940	581
940	605
940	613
940	625
940	660
940	664
940	673
940	688
940	722
940	859
940	881
940	891
940	910
940	920
940	932
940	954
940	982
940	988
940	997
940	998
941	27
941	96
941	109
941	216
941	243
941	333
941	475
941	481
941	523
941	572
941	690
941	705
941	713
941	765
941	805
941	832
941	840
941	848
941	852
941	858
941	871
941	885
941	924
941	957
941	962
941	967
941	975
942	70
942	79
942	176
942	182
942	188
942	189
942	215
942	245
942	267
942	276
942	277
942	278
942	450
942	492
942	518
942	524
942	530
942	570
942	594
942	603
942	709
942	730
942	819
942	831
942	850
942	863
942	864
942	955
943	95
943	98
943	183
943	204
943	231
943	237
943	290
943	330
943	347
943	463
943	500
943	501
943	562
943	565
943	578
943	598
943	646
943	651
943	693
943	804
943	811
943	951
943	977
943	983
943	991
943	995
943	996
943	1000
944	22
944	39
944	46
944	48
944	73
944	90
944	275
944	323
944	391
944	395
944	575
944	599
944	635
944	675
944	691
944	703
944	757
944	759
944	787
944	806
944	809
944	813
944	847
944	906
944	926
944	962
944	969
944	1000
945	51
945	126
945	142
945	340
945	454
945	463
945	464
945	495
945	546
945	576
945	621
945	625
945	658
945	714
945	719
945	747
945	765
945	786
945	824
945	844
945	857
945	862
945	916
945	919
945	928
945	950
945	979
945	987
946	4
946	99
946	127
946	174
946	186
946	214
946	266
946	280
946	284
946	302
946	371
946	419
946	436
946	512
946	583
946	687
946	695
946	737
946	758
946	773
946	781
946	799
946	886
946	888
946	893
946	899
946	947
946	998
947	4
947	99
947	113
947	127
947	186
947	214
947	219
947	266
947	284
947	302
947	436
947	512
947	569
947	580
947	583
947	684
947	687
947	695
947	737
947	742
947	758
947	781
947	799
947	886
947	888
947	893
947	938
947	946
948	35
948	50
948	124
948	180
948	258
948	343
948	408
948	431
948	669
948	671
948	689
948	796
948	801
948	802
948	814
948	830
948	844
948	861
948	876
948	890
948	892
948	907
948	927
948	935
948	959
948	965
948	992
948	997
949	60
949	104
949	141
949	179
949	260
949	319
949	327
949	370
949	420
949	466
949	510
949	538
949	553
949	600
949	656
949	661
949	664
949	668
949	745
949	749
949	816
949	877
949	883
949	928
949	933
949	971
949	991
949	997
950	1
950	109
950	253
950	257
950	361
950	399
950	421
950	483
950	515
950	540
950	612
950	614
950	641
950	673
950	682
950	752
950	837
950	870
950	882
950	900
950	904
950	928
950	929
950	945
950	979
950	989
950	990
950	992
950	997
951	160
951	164
951	183
951	237
951	334
951	347
951	383
951	500
951	513
951	585
951	598
951	613
951	633
951	675
951	715
951	721
951	726
951	742
951	764
951	801
951	804
951	811
951	922
951	943
951	963
951	977
951	983
951	991
951	1000
952	28
952	111
952	125
952	248
952	286
952	307
952	337
952	353
952	425
952	543
952	586
952	601
952	604
952	626
952	632
952	657
952	672
952	712
952	724
952	733
952	736
952	812
952	820
952	880
952	883
952	912
952	927
952	930
952	938
953	18
953	185
953	286
953	352
953	390
953	404
953	405
953	461
953	471
953	488
953	544
953	577
953	590
953	623
953	676
953	716
953	728
953	744
953	761
953	770
953	780
953	797
953	816
953	825
953	826
953	836
953	887
953	915
953	958
953	972
954	186
954	299
954	326
954	375
954	403
954	499
954	522
954	563
954	568
954	581
954	605
954	608
954	645
954	660
954	664
954	688
954	726
954	854
954	859
954	867
954	869
954	881
954	891
954	910
954	920
954	932
954	940
954	982
954	988
954	998
955	118
955	160
955	272
955	303
955	308
955	354
955	363
955	400
955	409
955	436
955	549
955	554
955	592
955	619
955	654
955	665
955	684
955	696
955	722
955	766
955	779
955	828
955	829
955	838
955	868
955	897
955	899
955	922
955	942
955	984
956	5
956	24
956	51
956	117
956	122
956	190
956	227
956	288
956	318
956	397
956	406
956	494
956	504
956	601
956	617
956	649
956	670
956	701
956	741
956	754
956	755
956	819
956	864
956	873
956	891
956	893
956	934
956	964
956	975
956	995
957	110
957	136
957	216
957	247
957	393
957	416
957	424
957	475
957	572
957	599
957	603
957	652
957	667
957	690
957	698
957	713
957	770
957	771
957	805
957	832
957	848
957	852
957	858
957	871
957	885
957	911
957	924
957	941
957	967
957	975
957	999
958	9
958	18
958	151
958	185
958	218
958	336
958	352
958	379
958	390
958	404
958	405
958	461
958	471
958	488
958	544
958	577
958	590
958	623
958	692
958	710
958	712
958	728
958	744
958	761
958	780
958	797
958	816
958	826
958	836
958	915
958	953
958	972
959	124
959	167
959	184
959	210
959	228
959	240
959	255
959	322
959	408
959	449
959	465
959	563
959	671
959	689
959	743
959	745
959	796
959	801
959	802
959	830
959	861
959	876
959	890
959	892
959	907
959	911
959	935
959	948
959	970
959	981
959	996
959	997
960	21
960	44
960	59
960	75
960	154
960	169
960	211
960	233
960	261
960	376
960	438
960	452
960	484
960	497
960	609
960	625
960	635
960	662
960	672
960	676
960	711
960	814
960	825
960	851
960	860
960	864
960	889
960	895
960	909
960	937
960	939
960	964
960	967
961	12
961	26
961	62
961	74
961	101
961	172
961	194
961	198
961	263
961	271
961	336
961	362
961	386
961	432
961	455
961	481
961	485
961	503
961	580
961	630
961	694
961	742
961	746
961	762
961	770
961	773
961	841
961	849
961	865
961	888
961	939
961	972
961	990
961	994
962	22
962	37
962	41
962	73
962	77
962	84
962	90
962	213
962	275
962	305
962	371
962	395
962	506
962	521
962	552
962	599
962	611
962	675
962	679
962	691
962	743
962	753
962	759
962	787
962	806
962	809
962	845
962	906
962	941
962	944
962	969
962	972
962	986
962	994
963	32
963	69
963	183
963	231
963	269
963	339
963	347
963	358
963	383
963	387
963	500
963	501
963	502
963	513
963	595
963	613
963	678
963	715
963	721
963	726
963	759
963	764
963	804
963	811
963	863
963	879
963	934
963	937
963	951
963	972
963	977
963	983
963	991
963	1000
964	21
964	33
964	44
964	59
964	211
964	233
964	342
964	376
964	438
964	452
964	476
964	484
964	496
964	497
964	508
964	509
964	609
964	627
964	633
964	662
964	676
964	769
964	814
964	825
964	860
964	881
964	889
964	895
964	937
964	939
964	956
964	960
964	988
964	995
965	51
965	57
965	82
965	126
965	142
965	236
965	308
965	339
965	357
965	441
965	454
965	463
965	546
965	576
965	620
965	658
965	710
965	714
965	719
965	747
965	775
965	818
965	821
965	823
965	824
965	862
965	908
965	913
965	919
965	928
965	948
965	966
965	979
965	987
966	80
966	134
966	222
966	281
966	346
966	349
966	378
966	384
966	410
966	415
966	437
966	474
966	516
966	525
966	537
966	539
966	564
966	587
966	594
966	618
966	634
966	640
966	692
966	702
966	714
966	800
966	817
966	827
966	856
966	879
966	916
966	965
966	973
966	978
967	27
967	93
967	105
967	128
967	187
967	270
967	294
967	333
967	392
967	396
967	427
967	475
967	551
967	572
967	690
967	713
967	756
967	765
967	805
967	832
967	846
967	848
967	852
967	858
967	871
967	885
967	911
967	918
967	922
967	924
967	941
967	957
967	960
967	975
968	94
968	103
968	173
968	230
968	334
968	368
968	422
968	489
968	527
968	551
968	561
968	607
968	631
968	680
968	725
968	778
968	807
968	831
968	846
968	851
968	855
968	859
968	865
968	872
968	874
968	887
968	903
968	914
968	921
968	930
968	970
968	977
968	981
968	983
969	41
969	46
969	75
969	153
969	236
969	298
969	323
969	371
969	394
969	395
969	437
969	521
969	552
969	575
969	599
969	646
969	675
969	679
969	691
969	743
969	757
969	759
969	787
969	806
969	809
969	811
969	813
969	859
969	904
969	906
969	926
969	944
969	962
969	986
969	991
970	40
970	144
970	221
970	232
970	247
970	301
970	438
970	489
970	531
970	561
970	591
970	607
970	608
970	642
970	647
970	725
970	776
970	778
970	790
970	791
970	803
970	807
970	840
970	846
970	865
970	874
970	887
970	903
970	913
970	914
970	921
970	959
970	968
970	976
970	995
971	60
971	61
971	88
971	104
971	141
971	250
971	260
971	273
971	319
971	320
971	327
971	414
971	420
971	466
971	498
971	510
971	533
971	538
971	548
971	553
971	572
971	591
971	600
971	614
971	656
971	661
971	668
971	670
971	749
971	763
971	877
971	883
971	919
971	933
971	949
971	980
972	12
972	26
972	54
972	55
972	101
972	119
972	172
972	194
972	198
972	237
972	275
972	336
972	345
972	362
972	386
972	432
972	455
972	481
972	493
972	503
972	580
972	596
972	604
972	630
972	694
972	742
972	762
972	770
972	773
972	841
972	953
972	958
972	961
972	962
972	963
972	990
973	66
973	134
973	202
973	220
973	222
973	241
973	281
973	326
973	346
973	378
973	384
973	410
973	415
973	474
973	516
973	525
973	537
973	539
973	564
973	587
973	595
973	618
973	628
973	634
973	640
973	692
973	702
973	727
973	746
973	780
973	813
973	817
973	845
973	879
973	916
973	966
974	11
974	29
974	45
974	71
974	156
974	158
974	230
974	262
974	265
974	313
974	337
974	407
974	505
974	532
974	535
974	550
974	559
974	597
974	634
974	703
974	704
974	749
974	783
974	807
974	815
974	866
974	894
974	896
974	905
974	917
974	918
974	925
974	980
974	993
974	996
974	999
975	5
975	136
975	139
975	177
975	187
975	216
975	243
975	247
975	270
975	348
975	393
975	427
975	434
975	457
975	523
975	603
975	672
975	690
975	698
975	713
975	734
975	765
975	771
975	805
975	832
975	837
975	848
975	852
975	858
975	871
975	911
975	941
975	956
975	957
975	967
975	977
976	192
976	221
976	334
976	479
976	489
976	527
976	555
976	561
976	570
976	573
976	606
976	607
976	614
976	623
976	631
976	642
976	721
976	725
976	757
976	776
976	790
976	791
976	803
976	807
976	828
976	840
976	846
976	855
976	865
976	872
976	887
976	903
976	913
976	914
976	921
976	930
976	970
977	13
977	149
977	183
977	237
977	244
977	269
977	294
977	311
977	330
977	358
977	500
977	562
977	565
977	571
977	578
977	585
977	595
977	598
977	613
977	633
977	651
977	678
977	693
977	726
977	764
977	789
977	804
977	882
977	924
977	943
977	951
977	963
977	968
977	975
977	983
977	991
977	1000
978	24
978	25
978	121
978	129
978	189
978	285
978	288
978	319
978	344
978	391
978	406
978	421
978	462
978	469
978	494
978	504
978	588
978	613
978	617
978	622
978	649
978	665
978	701
978	716
978	718
978	754
978	755
978	819
978	844
978	873
978	882
978	910
978	919
978	934
978	966
978	995
978	1000
979	82
979	131
979	205
979	274
979	300
979	357
979	401
979	422
979	454
979	463
979	464
979	468
979	546
979	576
979	625
979	658
979	710
979	714
979	717
979	719
979	747
979	775
979	786
979	818
979	821
979	822
979	823
979	824
979	862
979	874
979	907
979	919
979	928
979	945
979	950
979	965
979	987
979	999
980	2
980	16
980	68
980	132
980	143
980	146
980	178
980	201
980	209
980	223
980	314
980	316
980	356
980	389
980	402
980	419
980	440
980	487
980	498
980	520
980	528
980	549
980	556
980	602
980	652
980	659
980	699
980	707
980	732
980	792
980	868
980	875
980	907
980	909
980	912
980	971
980	974
980	981
980	985
980	987
980	990
981	16
981	68
981	143
981	146
981	159
981	178
981	201
981	223
981	314
981	316
981	330
981	356
981	389
981	402
981	419
981	487
981	498
981	520
981	528
981	549
981	556
981	602
981	643
981	652
981	659
981	699
981	707
981	732
981	792
981	800
981	859
981	875
981	909
981	912
981	930
981	937
981	959
981	968
981	980
981	982
981	985
982	3
982	8
982	11
982	23
982	66
982	157
982	195
982	202
982	224
982	324
982	331
982	332
982	347
982	355
982	375
982	379
982	428
982	439
982	453
982	470
982	522
982	524
982	605
982	645
982	660
982	737
982	849
982	859
982	869
982	881
982	891
982	910
982	920
982	932
982	940
982	954
982	981
982	987
982	988
982	998
982	999
983	13
983	32
983	149
983	231
983	244
983	269
983	358
983	383
983	387
983	485
983	501
983	502
983	562
983	565
983	578
983	585
983	595
983	613
983	631
983	633
983	646
983	651
983	678
983	693
983	715
983	721
983	726
983	788
983	804
983	836
983	858
983	867
983	892
983	911
983	943
983	951
983	963
983	968
983	977
983	991
983	1000
984	112
984	118
984	239
984	281
984	289
984	297
984	308
984	310
984	317
984	364
984	366
984	377
984	400
984	417
984	480
984	515
984	554
984	592
984	612
984	629
984	654
984	684
984	689
984	697
984	709
984	720
984	751
984	753
984	766
984	779
984	793
984	829
984	838
984	847
984	868
984	893
984	897
984	899
984	921
984	923
984	955
985	2
985	16
985	68
985	132
985	143
985	146
985	159
985	178
985	201
985	223
985	316
985	356
985	389
985	402
985	419
985	487
985	498
985	528
985	549
985	556
985	602
985	637
985	643
985	652
985	659
985	683
985	699
985	707
985	732
985	791
985	792
985	875
985	903
985	909
985	912
985	932
985	933
985	937
985	980
985	981
985	995
986	15
986	22
986	34
986	39
986	46
986	48
986	73
986	90
986	190
986	213
986	236
986	275
986	298
986	305
986	359
986	371
986	375
986	395
986	437
986	480
986	506
986	552
986	575
986	599
986	611
986	675
986	679
986	691
986	743
986	759
986	787
986	792
986	796
986	806
986	809
986	813
986	853
986	906
986	926
986	932
986	962
986	969
986	988
987	30
987	57
987	82
987	115
987	142
987	149
987	310
987	339
987	357
987	441
987	454
987	456
987	464
987	477
987	495
987	546
987	569
987	625
987	658
987	668
987	683
987	710
987	714
987	717
987	747
987	775
987	786
987	818
987	821
987	823
987	824
987	871
987	876
987	886
987	894
987	908
987	919
987	928
987	945
987	965
987	979
987	980
987	982
988	8
988	11
988	56
988	101
988	195
988	224
988	299
988	331
988	332
988	355
988	381
988	400
988	403
988	416
988	428
988	453
988	470
988	499
988	522
988	524
988	581
988	605
988	608
988	645
988	653
988	660
988	664
988	722
988	859
988	869
988	876
988	881
988	891
988	910
988	920
988	924
988	932
988	940
988	954
988	964
988	982
988	986
988	998
989	10
989	41
989	84
989	98
989	218
989	253
989	257
989	291
989	325
989	361
989	369
989	399
989	446
989	448
989	483
989	515
989	540
989	557
989	593
989	600
989	612
989	614
989	620
989	624
989	636
989	641
989	673
989	682
989	686
989	752
989	766
989	785
989	837
989	870
989	877
989	882
989	886
989	900
989	904
989	905
989	929
989	950
989	992
990	12
990	26
990	54
990	55
990	62
990	74
990	101
990	119
990	152
990	172
990	194
990	198
990	263
990	271
990	336
990	345
990	362
990	386
990	432
990	455
990	481
990	484
990	485
990	493
990	503
990	580
990	596
990	616
990	630
990	742
990	747
990	762
990	770
990	773
990	797
990	841
990	850
990	906
990	912
990	950
990	961
990	972
990	980
991	32
991	67
991	69
991	95
991	164
991	193
991	237
991	244
991	311
991	330
991	383
991	387
991	415
991	501
991	502
991	510
991	513
991	562
991	565
991	578
991	585
991	595
991	598
991	633
991	646
991	678
991	693
991	721
991	726
991	756
991	764
991	768
991	804
991	811
991	826
991	909
991	943
991	949
991	951
991	963
991	969
991	977
991	983
991	1000
992	1
992	53
992	84
992	98
992	109
992	218
992	253
992	257
992	291
992	325
992	361
992	369
992	376
992	399
992	400
992	446
992	448
992	483
992	515
992	540
992	557
992	593
992	612
992	614
992	620
992	624
992	641
992	673
992	682
992	686
992	688
992	752
992	769
992	803
992	837
992	859
992	870
992	882
992	900
992	904
992	929
992	948
992	950
992	989
993	15
993	45
993	47
993	49
993	106
993	156
993	212
993	230
993	234
993	265
993	282
993	401
993	444
993	486
993	515
993	519
993	532
993	535
993	542
993	550
993	560
993	582
993	597
993	703
993	704
993	735
993	736
993	763
993	781
993	784
993	815
993	843
993	852
993	866
993	890
993	894
993	896
993	905
993	907
993	917
993	918
993	925
993	974
993	996
993	999
994	10
994	42
994	43
994	58
994	72
994	73
994	78
994	83
994	91
994	130
994	145
994	148
994	174
994	204
994	219
994	228
994	249
994	253
994	301
994	351
994	365
994	372
994	402
994	429
994	445
994	482
994	490
994	584
994	638
994	639
994	650
994	655
994	666
994	681
994	750
994	760
994	808
994	810
994	833
994	851
994	884
994	908
994	917
994	961
994	962
995	5
995	25
995	76
995	92
995	121
995	122
995	159
995	191
995	227
995	246
995	252
995	259
995	285
995	288
995	318
995	344
995	391
995	406
995	421
995	453
995	494
995	504
995	507
995	588
995	649
995	656
995	665
995	670
995	701
995	716
995	718
995	740
995	741
995	754
995	755
995	844
995	864
995	873
995	914
995	934
995	943
995	956
995	964
995	970
995	978
995	985
996	29
996	156
996	158
996	212
996	230
996	261
996	262
996	265
996	282
996	313
996	321
996	343
996	365
996	401
996	407
996	443
996	444
996	519
996	532
996	535
996	559
996	582
996	585
996	597
996	650
996	703
996	704
996	727
996	735
996	763
996	783
996	815
996	866
996	894
996	896
996	902
996	905
996	917
996	918
996	925
996	935
996	943
996	959
996	974
996	993
996	999
997	7
997	21
997	50
997	124
997	162
997	167
997	180
997	184
997	198
997	200
997	210
997	240
997	242
997	255
997	258
997	322
997	343
997	431
997	449
997	465
997	529
997	547
997	563
997	564
997	668
997	669
997	671
997	689
997	719
997	745
997	796
997	801
997	802
997	830
997	861
997	876
997	890
997	892
997	904
997	907
997	910
997	935
997	940
997	948
997	949
997	950
997	959
998	23
998	56
998	157
998	195
998	202
998	224
998	299
998	324
998	332
998	355
998	367
998	375
998	381
998	403
998	428
998	453
998	470
998	473
998	499
998	517
998	522
998	524
998	568
998	581
998	605
998	608
998	660
998	664
998	688
998	717
998	771
998	775
998	832
998	859
998	869
998	881
998	891
998	893
998	910
998	920
998	932
998	940
998	946
998	954
998	982
998	988
998	999
998	1000
999	15
999	29
999	45
999	47
999	49
999	71
999	106
999	158
999	166
999	212
999	262
999	282
999	321
999	401
999	444
999	486
999	519
999	532
999	535
999	550
999	559
999	560
999	582
999	597
999	664
999	703
999	704
999	735
999	763
999	783
999	815
999	835
999	866
999	881
999	894
999	896
999	917
999	918
999	922
999	925
999	934
999	957
999	974
999	979
999	982
999	993
999	996
999	998
1000	13
1000	67
1000	69
1000	95
1000	151
1000	182
1000	227
1000	244
1000	269
1000	290
1000	311
1000	347
1000	358
1000	383
1000	387
1000	469
1000	500
1000	501
1000	502
1000	513
1000	565
1000	578
1000	585
1000	595
1000	613
1000	633
1000	646
1000	651
1000	693
1000	715
1000	721
1000	726
1000	752
1000	764
1000	788
1000	791
1000	804
1000	811
1000	896
1000	943
1000	944
1000	951
1000	963
1000	977
1000	978
1000	983
1000	991
1000	998
