1	627
1	892
1	957
1	989
2	90
2	333
2	846
2	938
3	581
3	875
3	931
3	954
4	92
4	639
4	654
4	978
5	207
5	410
5	860
5	893
6	487
6	517
6	569
6	985
7	975
7	977
7	978
7	988
8	141
8	552
8	625
8	802
9	101
9	308
9	843
9	880
10	650
10	717
10	789
10	979
11	571
11	903
11	929
11	988
12	661
12	983
12	991
12	994
13	825
13	954
13	978
13	989
14	515
14	739
14	754
14	922
15	160
15	170
15	517
15	999
16	145
16	812
16	864
16	975
17	835
17	856
17	906
17	999
18	752
18	972
18	978
18	992
19	637
19	820
19	901
19	974
20	431
20	667
20	702
20	979
21	499
21	621
21	683
21	907
22	829
22	922
22	945
22	976
23	64
23	901
23	907
23	996
24	478
24	709
24	965
24	991
25	444
25	524
25	842
25	926
26	520
26	674
26	761
26	845
27	565
27	701
27	785
27	977
28	673
28	695
28	795
28	943
29	435
29	930
29	982
29	1000
30	340
30	706
30	900
30	979
31	743
31	777
31	814
31	937
32	154
32	403
32	882
32	961
33	622
33	832
33	899
33	925
34	43
34	315
34	764
34	932
35	631
35	880
35	881
35	892
36	123
36	643
36	902
36	958
37	391
37	792
37	873
37	906
38	586
38	607
38	755
38	940
39	626
39	707
39	940
39	992
40	64
40	774
40	919
40	941
41	60
41	346
41	849
41	863
42	479
42	573
42	737
42	972
43	34
43	554
43	728
43	911
44	195
44	676
44	855
44	913
45	477
45	772
45	836
45	917
46	430
46	530
46	591
46	998
47	309
47	718
47	859
47	983
48	624
48	773
48	876
48	998
49	801
49	950
49	981
49	987
50	857
50	935
50	970
50	972
51	436
51	486
51	684
51	920
52	544
52	682
52	907
52	938
53	888
53	895
53	968
53	974
54	129
54	509
54	880
54	961
55	575
55	815
55	870
55	929
56	305
56	976
56	994
56	1000
57	679
57	732
57	998
57	1000
58	630
58	703
58	900
58	985
59	663
59	817
59	825
59	832
60	41
60	359
60	459
60	538
61	695
61	699
61	927
61	947
62	160
62	333
62	759
62	938
63	747
63	823
63	978
63	990
64	23
64	40
64	781
64	958
65	567
65	746
65	835
65	844
66	348
66	679
66	915
66	975
67	502
67	802
67	889
67	903
68	702
68	855
68	909
68	959
69	119
69	661
69	973
69	976
70	383
70	417
70	937
70	985
71	424
71	818
71	916
71	992
72	187
72	533
72	816
72	954
73	697
73	968
73	987
73	995
74	419
74	935
74	946
74	967
75	162
75	892
75	929
75	933
76	372
76	675
76	712
76	993
77	106
77	279
77	782
77	952
78	504
78	720
78	758
78	951
79	179
79	478
79	948
79	992
80	473
80	651
80	811
80	987
81	671
81	855
81	859
81	965
82	242
82	515
82	553
82	730
83	229
83	537
83	662
83	874
84	785
84	788
84	972
84	986
85	348
85	632
85	666
85	752
86	557
86	798
86	877
86	894
87	500
87	790
87	877
87	893
88	260
88	806
88	884
88	982
89	531
89	736
89	876
89	989
90	2
90	185
90	244
90	734
91	118
91	278
91	832
91	986
92	4
92	664
92	946
92	953
93	496
93	770
93	949
93	972
94	96
94	708
94	888
94	969
95	690
95	705
95	725
95	839
96	94
96	910
96	950
96	952
97	454
97	504
97	738
97	830
98	719
98	739
98	819
98	966
99	151
99	640
99	772
99	840
100	276
100	495
100	568
100	772
101	9
101	886
101	976
101	980
102	141
102	164
102	767
102	855
103	715
103	768
103	930
103	936
104	692
104	910
104	983
104	992
105	468
105	495
105	923
105	983
106	77
106	234
106	834
106	960
107	303
107	761
107	921
107	947
108	589
108	720
108	927
108	995
109	447
109	922
109	940
109	959
110	314
110	635
110	816
110	823
111	425
111	554
111	730
111	969
112	122
112	640
112	814
112	967
113	140
113	423
113	896
113	902
114	474
114	711
114	837
114	958
115	691
115	840
115	936
115	988
116	633
116	758
116	808
116	986
117	311
117	340
117	440
117	725
118	91
118	647
118	652
118	972
119	69
119	391
119	459
119	946
120	301
120	949
120	971
120	972
121	759
121	792
121	844
121	995
122	112
122	271
122	907
122	979
123	36
123	266
123	887
123	992
124	413
124	919
124	983
124	989
125	300
125	845
125	889
125	930
126	371
126	577
126	829
126	838
127	578
127	800
127	870
127	965
128	306
128	760
128	864
128	897
129	54
129	212
129	444
129	923
130	243
130	811
130	873
130	972
131	349
131	539
131	701
131	718
132	816
132	969
132	971
132	979
133	443
133	735
133	790
133	851
134	560
134	732
134	892
134	930
135	269
135	526
135	928
135	940
136	470
136	713
136	833
136	945
137	645
137	780
137	910
137	993
138	796
138	801
138	924
138	973
139	897
139	903
139	944
139	976
140	113
140	233
140	318
140	796
141	8
141	102
141	798
141	971
142	654
142	769
142	908
142	936
143	284
143	523
143	927
143	950
144	469
144	674
144	875
144	950
145	16
145	292
145	907
145	988
146	465
146	507
146	644
146	835
147	409
147	607
147	889
147	988
148	468
148	899
148	956
148	981
149	313
149	888
149	910
149	989
150	830
150	929
150	941
150	957
151	99
151	595
151	664
151	843
152	385
152	550
152	893
152	960
153	869
153	922
153	958
153	970
154	32
154	261
154	846
154	982
155	812
155	841
155	955
155	957
156	776
156	829
156	856
156	986
157	183
157	315
157	900
157	935
158	287
158	579
158	827
158	905
159	868
159	905
159	931
159	998
160	15
160	62
160	775
160	974
161	782
161	800
161	821
161	891
162	75
162	293
162	328
162	646
163	378
163	631
163	646
163	947
164	102
164	607
164	819
164	965
165	583
165	693
165	733
165	829
166	167
166	410
166	858
166	990
167	166
167	586
167	950
167	984
168	840
168	855
168	961
168	974
169	344
169	655
169	717
169	992
170	15
170	493
170	572
170	795
171	749
171	811
171	851
171	954
172	832
172	944
172	973
172	999
173	362
173	368
173	389
173	779
174	304
174	880
174	969
174	972
175	889
175	912
175	959
175	990
176	302
176	555
176	794
176	850
177	738
177	823
177	964
177	998
178	289
178	843
178	870
178	965
179	79
179	409
179	653
179	770
180	708
180	784
180	883
180	997
181	221
181	349
181	352
181	970
182	563
182	933
182	977
182	996
183	157
183	777
183	787
183	1000
184	367
184	657
184	765
184	997
185	90
185	482
185	802
185	832
186	729
186	787
186	849
186	974
187	72
187	653
187	746
187	878
188	341
188	928
188	957
188	964
189	418
189	573
189	642
189	820
190	209
190	566
190	637
190	856
191	405
191	780
191	815
191	823
192	777
192	806
192	831
192	856
193	583
193	894
193	943
193	971
194	628
194	748
194	793
194	856
195	44
195	333
195	836
195	906
196	615
196	653
196	826
196	920
197	375
197	448
197	981
197	989
198	206
198	911
198	926
198	970
199	921
199	971
199	973
199	982
200	357
200	875
200	945
200	999
201	716
201	817
201	835
201	839
202	799
202	867
202	948
202	955
203	270
203	574
203	688
203	967
204	553
204	903
204	946
204	988
205	746
205	901
205	984
205	999
206	198
206	977
206	978
206	988
207	5
207	718
207	776
207	895
208	429
208	784
208	936
208	989
209	190
209	330
209	788
209	821
210	429
210	610
210	992
210	996
211	902
211	905
211	979
211	981
212	129
212	664
212	932
212	934
213	679
213	741
213	883
213	928
214	293
214	750
214	758
214	962
215	320
215	860
215	935
215	978
216	365
216	802
216	882
216	891
217	540
217	727
217	803
217	913
218	605
218	649
218	725
218	986
219	530
219	623
219	754
219	937
220	882
220	947
220	975
220	991
221	181
221	601
221	971
221	985
222	582
222	934
222	947
222	981
223	479
223	608
223	897
223	900
224	665
224	723
224	923
224	998
225	632
225	817
225	911
225	972
226	612
226	758
226	829
226	906
226	942
227	307
227	412
227	683
227	765
227	872
228	286
228	561
228	722
228	834
228	842
229	83
229	450
229	662
229	900
229	964
230	233
230	264
230	922
230	956
230	968
231	552
231	671
231	883
231	888
231	946
232	491
232	775
232	843
232	885
232	915
233	140
233	230
233	249
233	533
233	746
234	106
234	807
234	914
234	961
234	968
235	282
235	732
235	795
235	847
235	870
236	381
236	538
236	741
236	918
236	929
237	345
237	493
237	567
237	781
237	844
238	403
238	528
238	735
238	995
238	998
239	310
239	723
239	926
239	971
239	996
240	357
240	483
240	855
240	917
240	979
241	651
241	834
241	862
241	964
241	965
242	82
242	830
242	855
242	891
242	933
243	130
243	291
243	417
243	887
243	964
244	90
244	846
244	969
244	978
244	999
245	656
245	859
245	897
245	956
245	994
246	698
246	747
246	826
246	858
246	962
247	398
247	551
247	893
247	966
247	984
248	304
248	754
248	849
248	883
248	975
249	233
249	628
249	849
249	920
249	995
250	266
250	351
250	811
250	956
250	963
251	529
251	726
251	816
251	907
251	990
252	474
252	528
252	610
252	617
252	932
253	631
253	859
253	921
253	971
253	991
254	688
254	782
254	797
254	934
254	935
255	522
255	773
255	864
255	915
255	963
256	462
256	464
256	546
256	893
256	981
257	581
257	819
257	833
257	944
257	975
258	688
258	848
258	969
258	980
258	990
259	519
259	666
259	737
259	962
259	994
260	88
260	563
260	832
260	932
260	954
261	154
261	429
261	497
261	833
261	973
262	600
262	648
262	839
262	885
262	957
263	650
263	653
263	826
263	977
263	984
264	230
264	507
264	599
264	866
264	896
265	337
265	461
265	774
265	842
265	976
266	123
266	250
266	600
266	986
266	1000
267	311
267	529
267	769
267	879
267	933
268	274
268	326
268	386
268	676
268	933
269	135
269	318
269	802
269	921
269	989
270	203
270	431
270	808
270	965
270	970
271	122
271	936
271	959
271	977
271	982
272	480
272	597
272	662
272	698
272	844
273	367
273	565
273	623
273	961
273	998
274	268
274	736
274	776
274	849
274	929
275	557
275	904
275	906
275	929
275	941
276	100
276	838
276	916
276	966
276	984
277	661
277	710
277	892
277	937
277	989
278	91
278	674
278	776
278	802
278	906
279	77
279	310
279	329
279	512
279	763
280	457
280	583
280	655
280	941
280	949
281	602
281	672
281	851
281	882
281	934
282	235
282	355
282	587
282	679
282	973
283	436
283	852
283	891
283	916
283	998
284	143
284	378
284	847
284	894
284	902
285	460
285	745
285	939
285	968
285	984
286	228
286	313
286	374
286	518
286	848
287	158
287	749
287	882
287	955
287	973
288	613
288	670
288	801
288	920
288	958
289	178
289	293
289	900
289	946
289	992
290	475
290	648
290	737
290	816
290	991
291	243
291	815
291	887
291	968
291	974
292	145
292	657
292	853
292	890
292	913
293	162
293	214
293	289
293	708
293	841
294	641
294	869
294	913
294	951
294	994
295	469
295	805
295	884
295	904
295	978
296	645
296	862
296	878
296	881
296	928
297	584
297	782
297	952
297	961
297	974
298	562
298	851
298	919
298	962
298	972
299	442
299	484
299	867
299	973
299	983
300	125
300	550
300	746
300	883
300	941
301	120
301	374
301	411
301	739
301	846
302	176
302	658
302	832
302	928
302	991
303	107
303	518
303	810
303	822
303	958
304	174
304	248
304	897
304	924
304	977
305	56
305	417
305	708
305	751
305	777
306	128
306	715
306	784
306	898
306	976
307	227
307	425
307	430
307	832
307	849
308	9
308	373
308	683
308	980
308	984
309	47
309	603
309	894
309	925
309	941
310	239
310	279
310	746
310	779
310	864
311	117
311	267
311	757
311	792
311	989
312	366
312	415
312	664
312	677
312	964
313	149
313	286
313	749
313	943
313	961
314	110
314	692
314	717
314	889
314	977
315	34
315	157
315	654
315	779
315	993
316	549
316	579
316	714
316	956
316	994
317	394
317	478
317	829
317	879
317	981
318	140
318	269
318	801
318	832
318	983
319	898
319	919
319	958
319	966
319	991
320	215
320	752
320	847
320	927
320	992
321	368
321	426
321	498
321	952
321	955
322	450
322	594
322	605
322	775
322	893
323	524
323	596
323	601
323	831
323	837
324	684
324	753
324	932
324	985
324	990
325	727
325	735
325	812
325	853
325	855
326	268
326	642
326	862
326	976
326	999
327	688
327	893
327	909
327	910
327	922
328	162
328	363
328	610
328	804
328	961
329	279
329	394
329	797
329	949
329	994
330	209
330	530
330	787
330	798
330	915
331	619
331	723
331	808
331	967
331	997
332	436
332	468
332	924
332	963
332	990
333	2
333	62
333	195
333	511
333	573
334	658
334	665
334	909
334	911
334	987
335	520
335	553
335	862
335	895
335	970
336	389
336	466
336	817
336	947
336	978
337	265
337	578
337	664
337	793
337	999
338	467
338	616
338	673
338	885
338	959
339	778
339	815
339	922
339	960
339	969
340	30
340	117
340	521
340	884
340	924
341	188
341	487
341	576
341	841
341	873
342	352
342	437
342	764
342	789
342	861
343	502
343	925
343	954
343	960
343	961
344	169
344	484
344	638
344	871
344	980
345	237
345	839
345	868
345	879
345	979
346	41
346	483
346	590
346	830
346	965
347	430
347	432
347	858
347	866
347	894
348	66
348	85
348	463
348	716
348	766
349	131
349	181
349	422
349	505
349	979
350	593
350	652
350	811
350	875
350	905
351	250
351	532
351	862
351	949
351	998
352	181
352	342
352	521
352	880
352	951
353	752
353	841
353	847
353	877
353	943
354	562
354	898
354	932
354	934
354	986
355	282
355	599
355	771
355	831
355	993
356	530
356	672
356	862
356	923
356	947
357	200
357	240
357	804
357	848
357	941
358	644
358	689
358	850
358	960
358	996
359	60
359	793
359	828
359	933
359	960
360	642
360	759
360	959
360	985
360	990
361	593
361	653
361	711
361	961
361	998
362	173
362	715
362	789
362	985
362	989
363	328
363	848
363	968
363	973
363	991
364	745
364	755
364	801
364	825
364	942
365	216
365	533
365	763
365	833
365	992
366	312
366	682
366	773
366	778
366	932
367	184
367	273
367	693
367	887
367	958
367	980
368	173
368	321
368	796
368	842
368	878
368	993
369	400
369	609
369	650
369	811
369	917
369	972
370	464
370	679
370	841
370	919
370	974
370	993
371	126
371	778
371	837
371	890
371	957
371	973
372	76
372	592
372	924
372	949
372	974
372	978
373	308
373	545
373	656
373	940
373	945
373	995
374	286
374	301
374	547
374	682
374	920
374	967
375	197
375	675
375	807
375	887
375	918
375	983
376	443
376	727
376	828
376	870
376	963
376	985
377	482
377	637
377	754
377	758
377	941
377	981
378	163
378	284
378	641
378	793
378	849
378	895
379	714
379	861
379	883
379	950
379	954
379	997
380	612
380	651
380	726
380	762
380	794
380	898
381	236
381	486
381	773
381	830
381	866
381	876
382	476
382	850
382	882
382	927
382	951
382	988
383	70
383	539
383	602
383	847
383	936
383	954
384	594
384	921
384	944
384	952
384	972
384	974
385	152
385	755
385	840
385	844
385	965
385	985
386	268
386	623
386	666
386	728
386	813
386	989
387	458
387	485
387	878
387	908
387	980
387	981
388	522
388	685
388	825
388	919
388	947
388	965
389	173
389	336
389	693
389	945
389	963
389	978
390	404
390	539
390	676
390	894
390	953
390	974
391	37
391	119
391	518
391	552
391	720
391	728
392	703
392	736
392	969
392	987
392	988
392	990
393	508
393	553
393	704
393	707
393	791
393	931
394	317
394	329
394	568
394	767
394	799
394	905
395	639
395	890
395	908
395	923
395	935
395	984
396	766
396	835
396	887
396	897
396	989
396	997
397	771
397	878
397	911
397	917
397	936
397	985
398	247
398	490
398	642
398	676
398	904
398	982
399	795
399	868
399	976
399	977
399	989
399	996
400	369
400	712
400	885
400	912
400	945
400	970
401	506
401	734
401	793
401	953
401	993
401	994
402	646
402	672
402	697
402	869
402	989
402	995
403	32
403	238
403	773
403	794
403	831
403	884
404	390
404	756
404	945
404	967
404	977
404	1000
405	191
405	409
405	477
405	796
405	807
405	951
406	483
406	500
406	747
406	944
406	966
406	992
407	568
407	778
407	804
407	823
407	945
407	950
408	586
408	874
408	895
408	940
408	944
408	993
409	147
409	179
409	405
409	834
409	975
409	982
410	5
410	166
410	559
410	779
410	823
410	872
411	301
411	455
411	594
411	743
411	789
411	995
412	227
412	479
412	497
412	746
412	917
412	981
413	124
413	577
413	643
413	655
413	745
413	945
414	635
414	791
414	894
414	911
414	939
414	947
415	312
415	793
415	860
415	946
415	974
415	996
416	505
416	509
416	694
416	873
416	928
416	941
417	70
417	243
417	305
417	781
417	955
417	990
418	189
418	753
418	830
418	899
418	949
418	981
419	74
419	809
419	843
419	923
419	958
419	970
420	802
420	921
420	928
420	946
420	965
420	974
421	422
421	719
421	821
421	853
421	920
421	992
422	349
422	421
422	816
422	888
422	968
422	997
423	113
423	785
423	874
423	908
423	936
423	992
424	71
424	589
424	679
424	714
424	891
424	953
425	111
425	307
425	775
425	838
425	964
425	991
426	321
426	486
426	590
426	769
426	771
426	918
427	765
427	785
427	903
427	938
427	967
427	991
428	492
428	504
428	801
428	828
428	942
428	977
429	208
429	210
429	261
429	513
429	769
429	913
430	46
430	307
430	347
430	817
430	891
430	903
431	20
431	270
431	518
431	747
431	809
431	992
432	347
432	692
432	748
432	778
432	941
432	994
433	687
433	757
433	943
433	969
433	980
433	985
434	535
434	683
434	791
434	854
434	982
434	992
435	29
435	768
435	873
435	895
435	942
435	955
436	51
436	283
436	332
436	838
436	975
436	993
437	342
437	806
437	856
437	914
437	960
437	965
438	681
438	685
438	688
438	733
438	739
438	947
439	461
439	512
439	834
439	919
439	952
439	970
440	117
440	535
440	812
440	906
440	958
440	962
441	555
441	643
441	838
441	844
441	845
441	902
442	299
442	817
442	895
442	931
442	962
442	967
443	133
443	376
443	868
443	943
443	950
443	982
444	25
444	129
444	628
444	896
444	898
444	987
445	565
445	794
445	948
445	952
445	954
445	997
446	581
446	721
446	724
446	742
446	993
446	997
447	109
447	763
447	805
447	842
447	908
447	984
448	197
448	768
448	826
448	856
448	957
448	997
449	506
449	558
449	644
449	645
449	734
449	967
450	229
450	322
450	759
450	822
450	926
450	952
451	753
451	828
451	908
451	929
451	973
451	999
452	600
452	755
452	843
452	951
452	977
452	981
453	462
453	551
453	751
453	773
453	895
453	972
454	97
454	651
454	764
454	960
454	970
454	990
455	411
455	860
455	925
455	926
455	990
455	994
456	503
456	529
456	630
456	871
456	901
456	1000
457	280
457	662
457	913
457	940
457	966
457	969
458	387
458	463
458	670
458	734
458	986
458	1000
459	60
459	119
459	577
459	770
459	803
459	925
460	285
460	461
460	525
460	885
460	908
460	933
461	265
461	439
461	460
461	773
461	822
461	839
462	256
462	453
462	531
462	675
462	939
462	948
462	999
463	348
463	458
463	532
463	713
463	823
463	871
463	911
464	256
464	370
464	864
464	944
464	973
464	993
464	998
465	146
465	574
465	823
465	921
465	938
465	962
465	990
466	336
466	510
466	656
466	735
466	772
466	879
466	986
467	338
467	495
467	538
467	892
467	903
467	918
467	942
468	105
468	148
468	332
468	602
468	666
468	839
468	926
469	144
469	295
469	562
469	727
469	814
469	817
469	899
470	136
470	766
470	835
470	896
470	931
470	959
470	971
471	483
471	548
471	786
471	845
471	846
471	847
471	994
472	602
472	650
472	682
472	792
472	812
472	947
472	992
473	80
473	850
473	930
473	951
473	957
473	969
473	994
474	114
474	252
474	609
474	837
474	959
474	963
474	984
475	290
475	561
475	730
475	768
475	916
475	956
475	995
476	382
476	653
476	767
476	817
476	830
476	883
476	902
477	45
477	405
477	742
477	818
477	837
477	967
477	994
478	24
478	79
478	317
478	774
478	920
478	958
478	994
479	42
479	223
479	412
479	616
479	722
479	979
479	991
480	272
480	724
480	886
480	907
480	919
480	942
480	952
481	644
481	762
481	790
481	793
481	925
481	927
481	982
482	185
482	377
482	528
482	707
482	951
482	972
482	990
483	240
483	346
483	406
483	471
483	918
483	931
483	958
484	299
484	344
484	618
484	869
484	871
484	915
484	929
485	387
485	742
485	786
485	816
485	911
485	946
485	970
486	51
486	381
486	426
486	862
486	948
486	950
486	961
487	6
487	341
487	660
487	707
487	926
487	935
487	975
488	530
488	734
488	819
488	916
488	949
488	955
488	1000
489	510
489	770
489	785
489	817
489	928
489	929
489	930
490	398
490	627
490	737
490	861
490	870
490	976
490	980
491	232
491	657
491	665
491	693
491	852
491	956
491	978
492	428
492	614
492	629
492	800
492	939
492	950
492	974
493	170
493	237
493	502
493	573
493	684
493	895
493	922
494	695
494	703
494	790
494	852
494	974
494	979
494	987
495	100
495	105
495	467
495	811
495	920
495	966
495	984
496	93
496	868
496	875
496	938
496	950
496	963
496	965
497	261
497	412
497	675
497	777
497	892
497	940
497	960
498	321
498	558
498	827
498	835
498	878
498	879
498	944
499	21
499	545
499	767
499	842
499	883
499	917
499	919
500	87
500	406
500	505
500	671
500	954
500	975
500	997
501	548
501	622
501	807
501	878
501	946
501	982
501	997
502	67
502	343
502	493
502	624
502	649
502	943
502	991
503	456
503	631
503	752
503	825
503	878
503	937
503	955
504	78
504	97
504	428
504	628
504	647
504	820
504	904
505	349
505	416
505	500
505	881
505	938
505	952
505	981
506	401
506	449
506	772
506	874
506	909
506	941
506	943
507	146
507	264
507	529
507	597
507	613
507	751
507	877
508	393
508	728
508	760
508	920
508	960
508	961
508	974
509	54
509	416
509	534
509	888
509	923
509	930
509	958
510	466
510	489
510	629
510	673
510	824
510	923
510	930
511	333
511	528
511	865
511	877
511	879
511	971
511	984
512	279
512	439
512	601
512	615
512	731
512	863
512	991
513	429
513	575
513	787
513	815
513	846
513	918
513	985
514	633
514	671
514	723
514	748
514	854
514	979
514	988
515	14
515	82
515	665
515	871
515	920
515	933
515	990
516	702
516	750
516	826
516	876
516	917
516	957
516	969
517	6
517	15
517	584
517	604
517	753
517	898
517	970
518	286
518	303
518	391
518	431
518	547
518	731
518	811
519	259
519	609
519	768
519	848
519	908
519	983
519	998
520	26
520	335
520	708
520	827
520	963
520	975
520	984
521	340
521	352
521	721
521	845
521	929
521	966
521	980
522	255
522	388
522	834
522	848
522	873
522	875
522	895
523	143
523	547
523	837
523	879
523	903
523	942
523	994
524	25
524	323
524	576
524	925
524	962
524	980
524	992
525	460
525	607
525	824
525	837
525	840
525	901
525	996
526	135
526	534
526	553
526	606
526	637
526	908
526	959
527	688
527	762
527	811
527	859
527	917
527	953
527	954
528	238
528	252
528	482
528	511
528	838
528	956
528	985
529	251
529	267
529	456
529	507
529	758
529	860
529	868
530	46
530	219
530	330
530	356
530	488
530	590
530	928
531	89
531	462
531	601
531	804
531	858
531	897
531	991
532	351
532	463
532	587
532	596
532	839
532	881
532	969
533	72
533	233
533	365
533	927
533	942
533	975
533	993
534	509
534	526
534	629
534	763
534	774
534	838
534	962
535	434
535	440
535	580
535	610
535	700
535	880
535	940
536	574
536	640
536	759
536	816
536	843
536	898
536	982
537	83
537	551
537	945
537	957
537	987
537	988
537	999
538	60
538	236
538	467
538	874
538	931
538	979
538	989
539	131
539	383
539	390
539	691
539	810
539	872
539	972
540	217
540	595
540	633
540	727
540	806
540	820
540	969
541	660
541	740
541	924
541	935
541	944
541	984
541	993
542	787
542	905
542	924
542	946
542	948
542	970
542	980
543	774
543	860
543	913
543	914
543	952
543	985
543	992
544	52
544	615
544	776
544	789
544	847
544	965
544	967
545	373
545	499
545	811
545	903
545	919
545	991
545	1000
546	256
546	620
546	797
546	894
546	935
546	986
546	999
547	374
547	518
547	523
547	556
547	665
547	906
547	943
547	993
548	471
548	501
548	565
548	775
548	852
548	902
548	908
548	922
549	316
549	603
549	630
549	642
549	654
549	796
549	856
549	912
550	152
550	300
550	693
550	853
550	858
550	924
550	942
550	986
551	247
551	453
551	537
551	747
551	792
551	873
551	949
551	961
552	8
552	231
552	391
552	575
552	615
552	799
552	876
552	989
553	82
553	204
553	335
553	393
553	526
553	645
553	647
553	928
554	43
554	111
554	732
554	816
554	846
554	861
554	926
554	982
555	176
555	441
555	802
555	867
555	931
555	962
555	965
555	971
556	547
556	595
556	633
556	638
556	642
556	816
556	984
556	1000
557	86
557	275
557	584
557	740
557	930
557	960
557	994
557	997
558	449
558	498
558	713
558	954
558	958
558	966
558	996
558	999
559	410
559	561
559	765
559	845
559	850
559	886
559	984
559	989
560	134
560	602
560	663
560	749
560	914
560	940
560	945
560	970
561	228
561	475
561	559
561	622
561	722
561	915
561	997
561	1000
562	298
562	354
562	469
562	653
562	888
562	900
562	958
562	997
563	182
563	260
563	721
563	761
563	934
563	979
563	985
563	988
564	633
564	733
564	743
564	789
564	927
564	932
564	974
564	985
565	27
565	273
565	445
565	548
565	818
565	891
565	982
565	987
566	190
566	658
566	824
566	827
566	833
566	902
566	980
566	984
567	65
567	237
567	675
567	706
567	877
567	878
567	912
567	963
568	100
568	394
568	407
568	711
568	768
568	934
568	949
568	961
569	6
569	648
569	735
569	822
569	829
569	855
569	886
569	899
570	572
570	699
570	704
570	780
570	852
570	908
570	967
570	993
571	11
571	633
571	766
571	856
571	894
571	936
571	943
571	997
572	170
572	570
572	613
572	668
572	812
572	863
572	876
572	883
573	42
573	189
573	333
573	493
573	587
573	631
573	957
573	981
574	203
574	465
574	536
574	587
574	938
574	945
574	949
574	982
575	55
575	513
575	552
575	634
575	741
575	916
575	919
575	943
576	341
576	524
576	623
576	826
576	919
576	946
576	953
576	986
577	126
577	413
577	459
577	928
577	929
577	995
577	996
577	997
578	127
578	337
578	724
578	774
578	840
578	864
578	930
578	999
579	158
579	316
579	612
579	792
579	810
579	824
579	851
579	988
580	535
580	634
580	740
580	894
580	937
580	957
580	959
580	975
581	3
581	257
581	446
581	648
581	858
581	921
581	998
581	999
582	222
582	783
582	812
582	945
582	958
582	961
582	964
582	985
583	165
583	193
583	280
583	661
583	896
583	966
583	973
583	982
584	297
584	517
584	557
584	663
584	818
584	823
584	978
584	996
585	657
585	695
585	729
585	757
585	805
585	869
585	907
585	953
586	38
586	167
586	408
586	869
586	936
586	961
586	977
586	996
587	282
587	532
587	573
587	574
587	648
587	678
587	752
587	993
588	704
588	923
588	932
588	966
588	972
588	979
588	980
588	989
589	108
589	424
589	689
589	759
589	803
589	901
589	906
589	999
590	346
590	426
590	530
590	783
590	832
590	895
590	900
590	997
591	46
591	697
591	771
591	877
591	893
591	928
591	936
591	995
592	372
592	643
592	778
592	847
592	896
592	900
592	953
592	986
593	350
593	361
593	704
593	711
593	856
593	975
593	976
593	991
594	322
594	384
594	411
594	628
594	730
594	760
594	799
594	807
595	151
595	540
595	556
595	775
595	888
595	894
595	910
595	946
596	323
596	532
596	608
596	642
596	717
596	784
596	974
596	978
597	272
597	507
597	738
597	853
597	899
597	910
597	950
597	955
598	672
598	740
598	764
598	801
598	833
598	946
598	955
598	986
599	264
599	355
599	782
599	801
599	866
599	892
599	901
599	916
600	262
600	266
600	452
600	824
600	951
600	956
600	968
600	969
601	221
601	323
601	512
601	531
601	635
601	657
601	932
601	959
602	281
602	383
602	468
602	472
602	560
602	913
602	940
602	941
603	309
603	549
603	654
603	669
603	671
603	700
603	858
603	863
604	517
604	614
604	688
604	785
604	826
604	831
604	833
604	932
604	966
605	218
605	322
605	607
605	784
605	852
605	891
605	909
605	918
605	928
606	526
606	795
606	801
606	836
606	860
606	864
606	917
606	986
606	993
607	38
607	147
607	164
607	525
607	605
607	731
607	806
607	888
607	916
608	223
608	596
608	613
608	643
608	805
608	862
608	885
608	994
608	995
609	369
609	474
609	519
609	644
609	754
609	836
609	929
609	958
609	968
610	210
610	252
610	328
610	535
610	726
610	826
610	842
610	881
610	990
611	712
611	758
611	787
611	852
611	860
611	973
611	974
611	988
611	995
612	226
612	380
612	579
612	618
612	700
612	845
612	847
612	886
612	965
613	288
613	507
613	572
613	608
613	824
613	881
613	885
613	916
613	923
614	492
614	604
614	636
614	640
614	692
614	722
614	726
614	947
614	982
615	196
615	512
615	544
615	552
615	652
615	719
615	724
615	850
615	903
616	338
616	479
616	721
616	782
616	847
616	876
616	948
616	961
616	983
617	252
617	710
617	816
617	887
617	914
617	921
617	937
617	966
617	995
618	484
618	612
618	790
618	792
618	798
618	827
618	850
618	985
618	988
619	331
619	642
619	678
619	897
619	904
619	916
619	922
619	953
619	954
620	546
620	690
620	782
620	804
620	838
620	907
620	927
620	953
620	976
621	21
621	671
621	774
621	843
621	867
621	872
621	877
621	967
621	983
622	33
622	501
622	561
622	744
622	887
622	897
622	917
622	932
622	994
623	219
623	273
623	386
623	576
623	729
623	769
623	898
623	919
623	968
624	48
624	502
624	625
624	840
624	851
624	862
624	883
624	982
624	998
625	8
625	624
625	629
625	630
625	652
625	874
625	881
625	908
625	943
626	39
626	719
626	787
626	789
626	854
626	970
626	983
626	995
626	1000
627	1
627	490
627	654
627	749
627	798
627	809
627	917
627	934
627	942
628	194
628	249
628	444
628	504
628	594
628	725
628	892
628	966
628	986
629	492
629	510
629	534
629	625
629	631
629	722
629	886
629	980
629	981
630	58
630	456
630	549
630	625
630	664
630	715
630	861
630	951
630	977
631	35
631	163
631	253
631	503
631	573
631	629
631	684
631	691
631	721
632	85
632	225
632	634
632	652
632	755
632	800
632	876
632	949
632	999
633	116
633	514
633	540
633	556
633	564
633	571
633	829
633	919
633	943
634	575
634	580
634	632
634	771
634	789
634	795
634	821
634	856
634	921
635	110
635	414
635	601
635	659
635	805
635	887
635	955
635	966
635	968
636	614
636	754
636	900
636	933
636	943
636	959
636	965
636	971
636	984
637	19
637	190
637	377
637	526
637	712
637	738
637	965
637	966
637	979
638	344
638	556
638	799
638	812
638	846
638	879
638	910
638	911
638	969
639	4
639	395
639	655
639	668
639	838
639	855
639	957
639	965
639	977
640	99
640	112
640	536
640	614
640	882
640	895
640	899
640	926
640	997
641	294
641	378
641	744
641	752
641	886
641	889
641	890
641	914
641	933
642	189
642	326
642	360
642	398
642	549
642	556
642	596
642	619
642	951
643	36
643	413
643	441
643	592
643	608
643	917
643	928
643	967
643	987
644	146
644	358
644	449
644	481
644	609
644	703
644	738
644	847
644	883
644	961
645	137
645	296
645	449
645	553
645	656
645	688
645	756
645	916
645	959
645	981
646	162
646	163
646	402
646	771
646	780
646	863
646	881
646	915
646	941
646	979
647	118
647	504
647	553
647	655
647	702
647	738
647	831
647	960
647	971
647	983
648	262
648	290
648	569
648	581
648	587
648	668
648	796
648	836
648	852
648	991
649	218
649	502
649	687
649	803
649	918
649	949
649	980
649	987
649	993
649	996
650	10
650	263
650	369
650	472
650	888
650	922
650	959
650	960
650	964
650	968
651	80
651	241
651	380
651	454
651	685
651	756
651	769
651	958
651	971
651	989
652	118
652	350
652	615
652	625
652	632
652	713
652	872
652	889
652	920
652	984
653	179
653	187
653	196
653	263
653	361
653	476
653	562
653	689
653	740
653	990
654	4
654	142
654	315
654	549
654	603
654	627
654	695
654	848
654	970
654	976
655	169
655	280
655	413
655	639
655	647
655	796
655	890
655	892
655	968
655	979
656	245
656	373
656	466
656	645
656	891
656	933
656	962
656	987
656	988
656	994
657	184
657	292
657	491
657	585
657	601
657	712
657	808
657	889
657	944
657	957
658	302
658	334
658	566
658	703
658	715
658	876
658	880
658	963
658	973
658	994
659	635
659	686
659	776
659	848
659	933
659	934
659	935
659	979
659	998
659	999
660	487
660	541
660	669
660	846
660	853
660	876
660	903
660	921
660	923
660	986
661	12
661	69
661	277
661	583
661	756
661	777
661	827
661	882
661	955
661	971
662	83
662	229
662	272
662	457
662	804
662	806
662	882
662	905
662	964
662	984
663	59
663	560
663	584
663	680
663	683
663	851
663	921
663	940
663	963
663	997
664	92
664	151
664	212
664	312
664	337
664	630
664	680
664	902
664	948
664	972
665	224
665	334
665	491
665	515
665	547
665	714
665	858
665	904
665	925
665	978
666	85
666	259
666	386
666	468
666	703
666	818
666	829
666	930
666	941
666	978
667	20
667	676
667	807
667	810
667	827
667	829
667	835
667	912
667	967
667	990
668	572
668	639
668	648
668	716
668	828
668	861
668	906
668	924
668	964
668	983
669	603
669	660
669	686
669	767
669	790
669	795
669	806
669	854
669	964
669	1000
670	288
670	458
670	757
670	787
670	860
670	926
670	947
670	952
670	993
670	994
671	81
671	231
671	500
671	514
671	603
671	621
671	768
671	857
671	946
671	999
672	281
672	356
672	402
672	598
672	684
672	835
672	838
672	854
672	864
672	993
673	28
673	338
673	510
673	696
673	751
673	788
673	827
673	896
673	961
673	973
674	26
674	144
674	278
674	730
674	789
674	821
674	881
674	922
674	925
674	999
675	76
675	375
675	462
675	497
675	567
675	701
675	765
675	805
675	997
675	998
676	44
676	268
676	390
676	398
676	667
676	701
676	823
676	831
676	973
676	999
677	312
677	774
677	789
677	792
677	904
677	919
677	935
677	939
677	942
677	974
678	587
678	619
678	697
678	790
678	894
678	938
678	946
678	980
678	994
678	996
679	57
679	66
679	213
679	282
679	370
679	424
679	711
679	874
679	906
679	959
680	663
680	664
680	717
680	778
680	911
680	924
680	968
680	970
680	978
680	997
681	438
681	786
681	818
681	851
681	897
681	959
681	960
681	982
681	985
681	993
682	52
682	366
682	374
682	472
682	825
682	855
682	912
682	952
682	970
682	971
683	21
683	227
683	308
683	434
683	663
683	760
683	773
683	856
683	889
683	980
684	51
684	324
684	493
684	631
684	672
684	738
684	821
684	837
684	880
684	962
685	388
685	438
685	651
685	793
685	884
685	908
685	928
685	964
685	975
685	985
686	659
686	669
686	721
686	835
686	887
686	899
686	949
686	961
686	966
686	969
687	433
687	649
687	759
687	803
687	830
687	880
687	899
687	902
687	915
687	978
688	203
688	254
688	258
688	327
688	438
688	527
688	604
688	645
688	783
688	956
689	358
689	589
689	653
689	833
689	914
689	915
689	927
689	932
689	940
689	957
690	95
690	620
690	737
690	741
690	768
690	818
690	880
690	897
690	941
690	957
691	115
691	539
691	631
691	820
691	840
691	889
691	912
691	929
691	967
691	995
691	999
692	104
692	314
692	432
692	614
692	744
692	776
692	845
692	852
692	857
692	929
692	948
693	165
693	367
693	389
693	491
693	550
693	715
693	789
693	908
693	953
693	988
693	995
694	416
694	752
694	797
694	808
694	821
694	850
694	865
694	935
694	966
694	993
694	996
695	28
695	61
695	494
695	585
695	654
695	759
695	859
695	901
695	921
695	927
695	986
696	673
696	699
696	718
696	870
696	905
696	913
696	933
696	942
696	974
696	988
696	996
697	73
697	402
697	591
697	678
697	776
697	821
697	850
697	859
697	956
697	958
697	988
698	246
698	272
698	711
698	732
698	798
698	921
698	941
698	982
698	984
698	990
698	993
699	61
699	570
699	696
699	794
699	817
699	952
699	955
699	967
699	979
699	984
699	991
700	535
700	603
700	612
700	854
700	869
700	900
700	927
700	938
700	944
700	996
700	999
701	27
701	131
701	675
701	676
701	779
701	784
701	857
701	930
701	944
701	967
701	988
702	20
702	68
702	516
702	647
702	793
702	915
702	922
702	932
702	952
702	973
702	996
703	58
703	392
703	494
703	644
703	658
703	666
703	790
703	842
703	933
703	936
703	992
704	393
704	570
704	588
704	593
704	781
704	816
704	843
704	862
704	910
704	937
704	951
705	95
705	747
705	852
705	858
705	864
705	914
705	918
705	931
705	950
705	965
705	984
706	30
706	567
706	929
706	950
706	976
706	981
706	982
706	984
706	991
706	999
706	1000
707	39
707	393
707	482
707	487
707	794
707	864
707	870
707	882
707	917
707	942
707	987
708	94
708	180
708	293
708	305
708	520
708	720
708	765
708	771
708	810
708	841
708	931
709	24
709	752
709	788
709	883
709	892
709	916
709	945
709	962
709	976
709	988
709	989
710	277
710	617
710	787
710	801
710	813
710	822
710	835
710	836
710	849
710	946
710	980
711	114
711	361
711	568
711	593
711	679
711	698
711	934
711	956
711	973
711	978
711	980
712	76
712	400
712	611
712	637
712	657
712	725
712	789
712	829
712	837
712	873
712	975
713	136
713	463
713	558
713	652
713	714
713	753
713	871
713	900
713	906
713	937
713	980
714	316
714	379
714	424
714	665
714	713
714	779
714	886
714	913
714	922
714	938
714	963
715	103
715	306
715	362
715	630
715	658
715	693
715	888
715	893
715	938
715	987
715	990
716	201
716	348
716	668
716	809
716	819
716	936
716	965
716	974
716	977
716	990
716	992
717	10
717	169
717	314
717	596
717	680
717	788
717	857
717	918
717	936
717	941
717	988
718	47
718	131
718	207
718	696
718	763
718	908
718	952
718	963
718	975
718	979
718	991
719	98
719	421
719	615
719	626
719	886
719	889
719	930
719	963
719	983
719	989
719	991
720	78
720	108
720	391
720	708
720	745
720	756
720	787
720	798
720	882
720	918
720	949
721	446
721	521
721	563
721	616
721	631
721	686
721	935
721	955
721	956
721	981
721	987
722	228
722	479
722	561
722	614
722	629
722	754
722	818
722	832
722	940
722	975
722	985
723	224
723	239
723	331
723	514
723	744
723	768
723	800
723	805
723	817
723	921
723	934
723	996
724	446
724	480
724	578
724	615
724	791
724	812
724	868
724	878
724	921
724	936
724	969
724	975
725	95
725	117
725	218
725	628
725	712
725	749
725	846
725	862
725	893
725	894
725	939
725	962
726	251
726	380
726	610
726	614
726	762
726	872
726	924
726	925
726	932
726	946
726	953
726	999
727	217
727	325
727	376
727	469
727	540
727	822
727	867
727	886
727	951
727	962
727	965
727	967
728	43
728	386
728	391
728	508
728	821
728	839
728	903
728	918
728	922
728	939
728	969
728	991
729	186
729	585
729	623
729	747
729	831
729	907
729	915
729	933
729	949
729	973
729	976
729	983
730	82
730	111
730	475
730	594
730	674
730	760
730	820
730	822
730	831
730	834
730	961
730	980
731	512
731	518
731	607
731	806
731	810
731	853
731	893
731	931
731	965
731	969
731	976
731	992
732	57
732	134
732	235
732	554
732	698
732	757
732	863
732	872
732	939
732	950
732	976
732	998
733	165
733	438
733	564
733	781
733	808
733	861
733	868
733	871
733	905
733	945
733	985
733	996
734	90
734	401
734	449
734	458
734	488
734	850
734	918
734	942
734	957
734	973
734	984
734	989
735	133
735	238
735	325
735	466
735	569
735	783
735	804
735	841
735	882
735	899
735	926
735	991
736	89
736	274
736	392
736	743
736	868
736	884
736	896
736	909
736	927
736	941
736	983
736	990
737	42
737	259
737	290
737	490
737	690
737	786
737	804
737	810
737	831
737	897
737	923
737	928
738	97
738	177
738	597
738	637
738	644
738	647
738	684
738	741
738	806
738	904
738	939
738	974
739	14
739	98
739	301
739	438
739	744
739	863
739	922
739	923
739	930
739	933
739	940
739	961
740	541
740	557
740	580
740	598
740	653
740	776
740	882
740	887
740	956
740	959
740	984
740	999
741	213
741	236
741	575
741	690
741	738
741	749
741	897
741	909
741	929
741	935
741	973
741	979
742	446
742	477
742	485
742	784
742	905
742	907
742	930
742	937
742	938
742	943
742	978
742	993
743	31
743	411
743	564
743	736
743	781
743	836
743	895
743	907
743	946
743	948
743	962
743	996
744	622
744	641
744	692
744	723
744	739
744	798
744	852
744	888
744	892
744	918
744	947
744	973
745	285
745	364
745	413
745	720
745	821
745	841
745	886
745	900
745	943
745	947
745	967
745	987
746	65
746	187
746	205
746	233
746	300
746	310
746	412
746	817
746	885
746	914
746	972
746	980
747	63
747	246
747	406
747	431
747	551
747	705
747	729
747	759
747	819
747	881
747	935
747	965
748	194
748	432
748	514
748	781
748	788
748	795
748	858
748	862
748	869
748	953
748	963
748	992
749	171
749	287
749	313
749	560
749	627
749	725
749	741
749	900
749	957
749	960
749	981
749	984
750	214
750	516
750	803
750	821
750	905
750	910
750	915
750	925
750	934
750	954
750	974
750	977
751	305
751	453
751	507
751	673
751	844
751	897
751	901
751	908
751	917
751	923
751	996
751	997
752	18
752	85
752	320
752	353
752	503
752	587
752	641
752	694
752	709
752	866
752	908
752	922
752	959
753	324
753	418
753	451
753	517
753	713
753	781
753	823
753	844
753	913
753	949
753	978
753	980
753	987
754	14
754	219
754	248
754	377
754	609
754	636
754	722
754	759
754	885
754	892
754	920
754	925
754	952
755	38
755	364
755	385
755	452
755	632
755	858
755	948
755	949
755	959
755	967
755	971
755	976
755	987
756	404
756	645
756	651
756	661
756	720
756	830
756	832
756	870
756	877
756	883
756	898
756	966
756	989
757	311
757	433
757	585
757	670
757	732
757	871
757	916
757	928
757	956
757	963
757	967
757	982
757	993
758	78
758	116
758	214
758	226
758	377
758	529
758	611
758	769
758	825
758	867
758	893
758	966
758	976
759	62
759	121
759	360
759	450
759	536
759	589
759	687
759	695
759	747
759	754
759	770
759	934
759	935
760	128
760	508
760	594
760	683
760	730
760	763
760	771
760	796
760	913
760	920
760	957
760	970
760	991
761	26
761	107
761	563
761	859
761	861
761	884
761	891
761	893
761	898
761	904
761	951
761	953
761	956
762	380
762	481
762	527
762	726
762	763
762	824
762	831
762	886
762	915
762	949
762	953
762	975
762	980
763	279
763	365
763	447
763	534
763	718
763	760
763	762
763	767
763	797
763	843
763	927
763	934
763	983
764	34
764	342
764	454
764	598
764	810
764	836
764	857
764	872
764	897
764	912
764	933
764	963
764	967
765	184
765	227
765	427
765	559
765	675
765	708
765	824
765	891
765	921
765	953
765	957
765	960
765	986
766	348
766	396
766	470
766	571
766	853
766	865
766	869
766	914
766	929
766	960
766	970
766	977
766	983
767	102
767	394
767	476
767	499
767	669
767	763
767	850
767	878
767	913
767	957
767	991
767	992
767	994
768	103
768	435
768	448
768	475
768	519
768	568
768	671
768	690
768	723
768	846
768	896
768	961
768	995
769	142
769	267
769	426
769	429
769	623
769	651
769	758
769	812
769	850
769	895
769	953
769	968
769	976
770	93
770	179
770	459
770	489
770	759
770	865
770	884
770	896
770	914
770	942
770	968
770	987
770	991
771	355
771	397
771	426
771	591
771	634
771	646
771	708
771	760
771	826
771	835
771	867
771	932
771	962
772	45
772	99
772	100
772	466
772	506
772	786
772	824
772	829
772	834
772	866
772	869
772	876
772	979
773	48
773	255
773	366
773	381
773	403
773	453
773	461
773	683
773	780
773	836
773	877
773	908
773	925
773	990
774	40
774	265
774	478
774	534
774	543
774	578
774	621
774	677
774	810
774	880
774	881
774	951
774	981
774	986
775	160
775	232
775	322
775	425
775	548
775	595
775	780
775	821
775	897
775	903
775	919
775	946
775	985
775	988
776	156
776	207
776	274
776	278
776	544
776	659
776	692
776	697
776	740
776	789
776	797
776	910
776	917
776	920
777	31
777	183
777	192
777	305
777	497
777	661
777	884
777	931
777	938
777	967
777	981
777	996
777	998
777	1000
778	339
778	366
778	371
778	407
778	432
778	592
778	680
778	849
778	934
778	944
778	959
778	981
778	984
778	999
779	173
779	310
779	315
779	410
779	701
779	714
779	795
779	797
779	814
779	864
779	914
779	926
779	961
779	998
780	137
780	191
780	570
780	646
780	773
780	775
780	803
780	805
780	879
780	908
780	948
780	956
780	965
780	990
781	64
781	237
781	417
781	704
781	733
781	743
781	748
781	753
781	865
781	866
781	875
781	941
781	953
781	970
782	77
782	161
782	254
782	297
782	599
782	616
782	620
782	873
782	876
782	900
782	913
782	947
782	969
782	971
783	582
783	590
783	688
783	735
783	802
783	834
783	844
783	852
783	862
783	869
783	960
783	961
783	987
783	1000
784	180
784	208
784	306
784	596
784	605
784	701
784	742
784	831
784	933
784	954
784	964
784	970
784	981
784	992
785	27
785	84
785	423
785	427
785	489
785	604
785	827
785	841
785	854
785	884
785	893
785	928
785	944
785	977
786	471
786	485
786	681
786	737
786	772
786	856
786	874
786	916
786	919
786	976
786	988
786	990
786	995
786	998
787	183
787	186
787	330
787	513
787	542
787	611
787	626
787	670
787	710
787	720
787	811
787	871
787	910
787	992
788	84
788	209
788	673
788	709
788	717
788	748
788	863
788	896
788	912
788	948
788	965
788	988
788	995
788	1000
789	10
789	342
789	362
789	411
789	544
789	564
789	626
789	634
789	674
789	677
789	693
789	712
789	776
789	911
790	87
790	133
790	481
790	494
790	618
790	669
790	678
790	703
790	793
790	888
790	899
790	968
790	975
790	977
791	393
791	414
791	434
791	724
791	793
791	794
791	817
791	857
791	871
791	920
791	939
791	946
791	976
791	995
792	37
792	121
792	311
792	472
792	551
792	579
792	618
792	677
792	835
792	864
792	886
792	916
792	955
792	991
792	1000
793	194
793	337
793	359
793	378
793	401
793	415
793	481
793	685
793	702
793	790
793	791
793	871
793	918
793	956
793	978
794	176
794	380
794	403
794	445
794	699
794	707
794	791
794	813
794	836
794	866
794	881
794	892
794	898
794	957
794	994
795	28
795	170
795	235
795	399
795	606
795	634
795	669
795	748
795	779
795	806
795	888
795	924
795	940
795	962
795	996
796	138
796	140
796	368
796	405
796	549
796	648
796	655
796	760
796	836
796	926
796	931
796	934
796	944
796	987
796	993
797	254
797	329
797	546
797	694
797	763
797	776
797	779
797	854
797	868
797	910
797	916
797	928
797	942
797	981
797	987
798	86
798	141
798	330
798	618
798	627
798	698
798	720
798	744
798	847
798	884
798	940
798	955
798	980
798	982
798	986
799	202
799	394
799	552
799	594
799	638
799	806
799	828
799	860
799	874
799	901
799	909
799	915
799	935
799	948
799	997
800	127
800	161
800	492
800	632
800	723
800	841
800	850
800	863
800	869
800	902
800	920
800	927
800	937
800	993
800	994
801	49
801	138
801	288
801	318
801	364
801	428
801	598
801	599
801	606
801	710
801	912
801	938
801	952
801	959
801	989
802	8
802	67
802	185
802	216
802	269
802	278
802	420
802	555
802	783
802	819
802	828
802	865
802	876
802	894
802	966
803	217
803	459
803	589
803	649
803	687
803	750
803	780
803	815
803	827
803	831
803	849
803	953
803	965
803	986
803	989
804	328
804	357
804	407
804	531
804	620
804	662
804	735
804	737
804	878
804	914
804	947
804	966
804	969
804	979
804	991
804	1000
805	295
805	447
805	585
805	608
805	635
805	675
805	723
805	780
805	918
805	931
805	943
805	963
805	965
805	979
805	987
805	996
806	88
806	192
806	437
806	540
806	607
806	662
806	669
806	731
806	738
806	795
806	799
806	915
806	937
806	947
806	953
806	955
807	234
807	375
807	405
807	501
807	594
807	667
807	820
807	839
807	848
807	873
807	898
807	902
807	912
807	927
807	937
807	985
808	116
808	270
808	331
808	657
808	694
808	733
808	810
808	857
808	861
808	863
808	875
808	884
808	885
808	922
808	960
808	996
809	419
809	431
809	627
809	716
809	862
809	873
809	881
809	902
809	904
809	919
809	920
809	933
809	958
809	990
809	992
809	998
810	303
810	539
810	579
810	667
810	708
810	731
810	737
810	764
810	774
810	808
810	841
810	874
810	896
810	924
810	926
810	949
811	80
811	130
811	171
811	250
811	350
811	369
811	495
811	518
811	527
811	545
811	787
811	817
811	847
811	887
811	913
811	995
812	16
812	155
812	325
812	440
812	472
812	572
812	582
812	638
812	724
812	769
812	825
812	848
812	901
812	909
812	961
812	974
813	386
813	710
813	794
813	815
813	858
813	859
813	901
813	950
813	960
813	969
813	970
813	972
813	987
813	990
813	992
813	997
814	31
814	112
814	469
814	779
814	857
814	877
814	882
814	893
814	900
814	943
814	956
814	966
814	987
814	997
814	998
814	1000
815	55
815	191
815	291
815	339
815	513
815	803
815	813
815	888
815	903
815	914
815	938
815	966
815	968
815	985
815	990
815	995
816	72
816	110
816	132
816	251
816	290
816	422
816	485
816	536
816	554
816	556
816	617
816	704
816	822
816	859
816	890
816	956
817	59
817	201
817	225
817	336
817	430
817	442
817	469
817	476
817	489
817	699
817	723
817	746
817	791
817	811
817	957
817	963
818	71
818	477
818	565
818	584
818	666
818	681
818	690
818	722
818	870
818	879
818	902
818	920
818	940
818	945
818	954
818	964
818	972
819	98
819	164
819	257
819	488
819	716
819	747
819	802
819	872
819	883
819	906
819	910
819	927
819	934
819	949
819	958
819	970
819	982
820	19
820	189
820	504
820	540
820	691
820	730
820	807
820	839
820	844
820	856
820	880
820	890
820	914
820	944
820	950
820	962
820	990
821	161
821	209
821	421
821	634
821	674
821	684
821	694
821	697
821	728
821	745
821	750
821	775
821	879
821	885
821	902
821	964
821	976
822	303
822	450
822	461
822	569
822	710
822	727
822	730
822	816
822	878
822	894
822	899
822	901
822	923
822	924
822	937
822	975
822	998
823	63
823	110
823	177
823	191
823	407
823	410
823	463
823	465
823	584
823	676
823	753
823	891
823	901
823	914
823	925
823	967
823	983
824	510
824	525
824	566
824	579
824	600
824	613
824	762
824	765
824	772
824	835
824	850
824	878
824	881
824	910
824	948
824	963
824	997
825	13
825	59
825	364
825	388
825	503
825	682
825	758
825	812
825	837
825	866
825	913
825	943
825	957
825	971
825	986
825	990
825	996
826	196
826	246
826	263
826	448
826	516
826	576
826	604
826	610
826	771
826	839
826	871
826	885
826	944
826	947
826	954
826	980
826	997
827	158
827	498
827	520
827	566
827	618
827	661
827	667
827	673
827	785
827	803
827	873
827	911
827	920
827	942
827	961
827	966
827	996
828	359
828	376
828	428
828	451
828	668
828	799
828	802
828	868
828	898
828	905
828	926
828	935
828	936
828	948
828	957
828	968
828	973
828	997
829	22
829	126
829	156
829	165
829	226
829	317
829	569
829	633
829	666
829	667
829	712
829	772
829	867
829	868
829	889
829	941
829	960
829	987
830	97
830	150
830	242
830	346
830	381
830	418
830	476
830	687
830	756
830	845
830	887
830	896
830	900
830	901
830	906
830	951
830	980
830	993
831	192
831	323
831	355
831	403
831	604
831	647
831	676
831	729
831	730
831	737
831	762
831	784
831	803
831	880
831	909
831	930
831	990
831	994
832	33
832	59
832	91
832	172
832	185
832	260
832	302
832	307
832	318
832	590
832	722
832	756
832	912
832	921
832	947
832	960
832	979
832	999
833	136
833	257
833	261
833	365
833	566
833	598
833	604
833	689
833	848
833	876
833	907
833	952
833	955
833	956
833	965
833	972
833	988
833	1000
834	106
834	228
834	241
834	409
834	439
834	522
834	730
834	772
834	783
834	838
834	867
834	932
834	940
834	945
834	952
834	953
834	982
834	992
835	17
835	65
835	146
835	201
835	396
835	470
835	498
835	667
835	672
835	686
835	710
835	771
835	792
835	824
835	840
835	856
835	936
835	993
836	45
836	195
836	606
836	609
836	648
836	710
836	743
836	764
836	773
836	794
836	796
836	849
836	853
836	864
836	909
836	943
836	962
836	980
837	114
837	323
837	371
837	474
837	477
837	523
837	525
837	684
837	712
837	825
837	875
837	906
837	915
837	951
837	974
837	988
837	995
837	1000
838	126
838	276
838	425
838	436
838	441
838	528
838	534
838	620
838	639
838	672
838	834
838	924
838	943
838	964
838	979
838	981
838	984
838	997
839	95
839	201
839	262
839	345
839	461
839	468
839	532
839	728
839	807
839	820
839	826
839	854
839	855
839	901
839	906
839	914
839	925
839	995
840	99
840	115
840	168
840	385
840	525
840	578
840	624
840	691
840	835
840	905
840	929
840	933
840	950
840	954
840	962
840	986
840	989
840	995
840	1000
841	155
841	293
841	341
841	353
841	370
841	708
841	735
841	745
841	785
841	800
841	810
841	847
841	854
841	896
841	909
841	935
841	983
841	988
841	1000
842	25
842	228
842	265
842	368
842	447
842	499
842	610
842	703
842	853
842	877
842	888
842	889
842	911
842	918
842	950
842	954
842	958
842	980
842	996
843	9
843	151
843	178
843	232
843	419
843	452
843	536
843	621
843	704
843	763
843	893
843	916
843	927
843	945
843	964
843	966
843	968
843	970
843	997
844	65
844	121
844	237
844	272
844	385
844	441
844	751
844	753
844	783
844	820
844	892
844	907
844	910
844	931
844	938
844	955
844	976
844	985
844	998
845	26
845	125
845	441
845	471
845	521
845	559
845	612
845	692
845	830
845	871
845	912
845	920
845	946
845	948
845	962
845	966
845	974
845	975
845	986
846	2
846	154
846	244
846	301
846	471
846	513
846	554
846	638
846	660
846	725
846	768
846	850
846	937
846	948
846	962
846	978
846	984
846	994
846	995
847	235
847	284
847	320
847	353
847	383
847	471
847	544
847	592
847	612
847	616
847	644
847	798
847	811
847	841
847	876
847	939
847	963
847	971
847	989
848	258
848	286
848	357
848	363
848	519
848	522
848	654
848	659
848	807
848	812
848	833
848	853
848	890
848	896
848	906
848	938
848	986
848	990
848	992
849	41
849	186
849	248
849	249
849	274
849	307
849	378
849	710
849	778
849	803
849	836
849	897
849	902
849	910
849	920
849	921
849	944
849	982
849	997
850	176
850	358
850	382
850	473
850	559
850	615
850	618
850	694
850	697
850	734
850	767
850	769
850	800
850	824
850	846
850	904
850	945
850	981
850	990
851	133
851	171
851	281
851	298
851	579
851	624
851	663
851	681
851	860
851	871
851	874
851	904
851	917
851	938
851	955
851	963
851	983
851	997
851	999
852	283
852	491
852	494
852	548
852	570
852	605
852	611
852	648
852	692
852	705
852	744
852	783
852	861
852	866
852	875
852	894
852	955
852	973
852	998
852	1000
853	292
853	325
853	421
853	550
853	597
853	660
853	731
853	766
853	836
853	842
853	848
853	873
853	884
853	936
853	950
853	966
853	982
853	985
853	993
853	1000
854	434
854	514
854	626
854	669
854	672
854	700
854	785
854	797
854	839
854	841
854	869
854	870
854	889
854	957
854	967
854	968
854	969
854	981
854	992
854	1000
855	44
855	68
855	81
855	102
855	168
855	240
855	242
855	325
855	569
855	639
855	682
855	839
855	884
855	911
855	932
855	945
855	958
855	969
855	982
855	998
856	17
856	156
856	190
856	192
856	194
856	437
856	448
856	549
856	571
856	593
856	634
856	683
856	786
856	820
856	835
856	870
856	925
856	947
856	975
856	983
857	50
857	671
857	692
857	701
857	717
857	764
857	791
857	808
857	814
857	873
857	878
857	924
857	926
857	934
857	953
857	963
857	975
857	985
857	991
857	994
858	166
858	246
858	347
858	531
858	550
858	581
858	603
858	665
858	705
858	748
858	755
858	813
858	933
858	936
858	956
858	965
858	970
858	982
858	997
858	1000
859	47
859	81
859	245
859	253
859	527
859	695
859	697
859	761
859	813
859	816
859	861
859	867
859	878
859	912
859	945
859	947
859	953
859	973
859	980
859	1000
860	5
860	215
860	415
860	455
860	529
860	543
860	606
860	611
860	670
860	799
860	851
860	872
860	876
860	899
860	912
860	927
860	930
860	971
860	972
860	991
861	342
861	379
861	490
861	554
861	630
861	668
861	733
861	761
861	808
861	852
861	859
861	909
861	944
861	963
861	967
861	970
861	982
861	985
861	998
861	999
862	241
862	296
862	326
862	335
862	351
862	356
862	486
862	608
862	624
862	704
862	725
862	748
862	783
862	809
862	902
862	911
862	983
862	991
862	995
862	997
863	41
863	512
863	572
863	603
863	646
863	732
863	739
863	788
863	800
863	808
863	875
863	936
863	937
863	943
863	952
863	959
863	966
863	973
863	983
863	997
863	998
864	16
864	128
864	255
864	310
864	464
864	578
864	606
864	672
864	705
864	707
864	779
864	792
864	836
864	913
864	914
864	915
864	950
864	975
864	978
864	989
864	1000
865	511
865	694
865	766
865	770
865	781
865	802
865	883
865	891
865	897
865	898
865	903
865	904
865	913
865	920
865	925
865	936
865	954
865	958
865	982
865	996
865	997
866	264
866	347
866	381
866	599
866	752
866	772
866	781
866	794
866	825
866	852
866	868
866	881
866	884
866	947
866	957
866	975
866	976
866	980
866	990
866	994
866	996
867	202
867	299
867	555
867	621
867	727
867	758
867	771
867	829
867	834
867	859
867	885
867	893
867	904
867	907
867	910
867	929
867	930
867	942
867	984
867	992
867	993
868	159
868	345
868	399
868	443
868	496
868	529
868	724
868	733
868	736
868	797
868	828
868	829
868	866
868	873
868	879
868	885
868	889
868	962
868	981
868	991
868	999
869	153
869	294
869	402
869	484
869	585
869	586
869	700
869	748
869	766
869	772
869	783
869	800
869	854
869	910
869	924
869	927
869	945
869	962
869	964
869	974
869	993
870	55
870	127
870	178
870	235
870	376
870	490
870	696
870	707
870	756
870	818
870	854
870	856
870	879
870	888
870	890
870	917
870	923
870	931
870	953
870	960
870	1000
871	344
871	456
871	463
871	484
871	515
871	713
871	733
871	757
871	787
871	791
871	793
871	826
871	845
871	851
871	925
871	935
871	941
871	946
871	965
871	970
871	998
872	227
872	410
872	539
872	621
872	652
872	726
872	732
872	764
872	819
872	860
872	901
872	914
872	919
872	937
872	943
872	970
872	982
872	994
872	996
872	997
872	999
873	37
873	130
873	341
873	416
873	435
873	522
873	551
873	712
873	782
873	807
873	809
873	827
873	853
873	857
873	868
873	876
873	887
873	905
873	924
873	959
873	981
874	83
874	408
874	423
874	506
874	538
874	625
874	679
874	786
874	799
874	810
874	851
874	882
874	885
874	888
874	891
874	926
874	939
874	976
874	982
874	983
874	993
875	3
875	144
875	200
875	350
875	496
875	522
875	781
875	808
875	837
875	852
875	863
875	889
875	890
875	930
875	932
875	946
875	954
875	978
875	981
875	988
875	989
875	995
876	48
876	89
876	381
876	516
876	552
876	572
876	616
876	632
876	658
876	660
876	772
876	782
876	802
876	833
876	847
876	860
876	873
876	886
876	934
876	938
876	945
876	978
877	86
877	87
877	353
877	507
877	511
877	567
877	591
877	621
877	756
877	773
877	814
877	842
877	913
877	930
877	937
877	939
877	950
877	958
877	959
877	960
877	985
877	998
878	187
878	296
878	368
878	387
878	397
878	498
878	501
878	503
878	567
878	724
878	767
878	804
878	822
878	824
878	857
878	859
878	894
878	912
878	940
878	961
878	965
878	977
879	267
879	317
879	345
879	466
879	498
879	511
879	523
879	638
879	780
879	818
879	821
879	868
879	870
879	894
879	895
879	913
879	928
879	935
879	937
879	955
879	975
879	982
880	9
880	35
880	54
880	174
880	352
880	535
880	658
880	684
880	687
880	690
880	774
880	820
880	831
880	881
880	895
880	938
880	942
880	962
880	968
880	981
880	994
880	998
881	35
881	296
881	505
881	532
881	610
881	613
881	625
881	646
881	674
881	747
881	774
881	794
881	809
881	824
881	866
881	880
881	884
881	890
881	954
881	969
881	971
881	977
882	32
882	216
882	220
882	281
882	287
882	382
882	640
882	661
882	662
882	707
882	720
882	735
882	740
882	814
882	874
882	907
882	923
882	953
882	963
882	970
882	971
882	995
883	180
883	213
883	231
883	248
883	300
883	379
883	476
883	499
883	572
883	624
883	644
883	709
883	756
883	819
883	865
883	886
883	902
883	909
883	949
883	960
883	993
883	994
884	88
884	295
884	340
884	403
884	685
884	736
884	761
884	770
884	777
884	785
884	798
884	808
884	853
884	855
884	866
884	881
884	925
884	944
884	948
884	961
884	975
884	977
885	232
885	262
885	338
885	400
885	460
885	608
885	613
885	746
885	754
885	808
885	821
885	826
885	867
885	868
885	874
885	904
885	931
885	934
885	937
885	942
885	951
885	954
886	101
886	480
886	559
886	569
886	612
886	629
886	641
886	714
886	719
886	727
886	745
886	762
886	792
886	876
886	883
886	904
886	911
886	951
886	974
886	975
886	991
886	996
887	123
887	243
887	291
887	367
887	375
887	396
887	617
887	622
887	635
887	686
887	740
887	811
887	830
887	873
887	930
887	933
887	938
887	948
887	968
887	973
887	983
887	987
888	53
888	94
888	149
888	231
888	422
888	509
888	562
888	595
888	607
888	650
888	715
888	744
888	790
888	795
888	815
888	842
888	870
888	874
888	948
888	976
888	977
888	988
889	67
889	125
889	147
889	175
889	314
889	641
889	652
889	657
889	683
889	691
889	719
889	829
889	842
889	854
889	868
889	875
889	914
889	924
889	957
889	967
889	969
889	987
890	292
890	371
890	395
890	641
890	655
890	816
890	820
890	848
890	870
890	875
890	881
890	892
890	893
890	898
890	899
890	914
890	950
890	966
890	967
890	976
890	983
890	986
890	991
891	161
891	216
891	242
891	283
891	424
891	430
891	565
891	605
891	656
891	761
891	765
891	823
891	865
891	874
891	900
891	939
891	947
891	954
891	955
891	968
891	973
891	978
891	999
892	1
892	35
892	75
892	134
892	277
892	467
892	497
892	599
892	628
892	655
892	709
892	744
892	754
892	794
892	844
892	890
892	909
892	944
892	967
892	981
892	990
892	992
892	998
893	5
893	87
893	152
893	247
893	256
893	322
893	327
893	591
893	715
893	725
893	731
893	758
893	761
893	785
893	814
893	843
893	867
893	890
893	900
893	961
893	979
893	994
893	1000
894	86
894	193
894	284
894	309
894	347
894	390
894	414
894	546
894	571
894	580
894	595
894	678
894	725
894	802
894	822
894	852
894	878
894	879
894	913
894	935
894	950
894	966
894	989
895	53
895	207
895	335
895	378
895	408
895	435
895	442
895	453
895	493
895	522
895	590
895	640
895	743
895	769
895	879
895	880
895	909
895	917
895	918
895	955
895	972
895	983
895	987
896	113
896	264
896	444
896	470
896	583
896	592
896	673
896	736
896	768
896	770
896	788
896	810
896	830
896	841
896	848
896	904
896	924
896	930
896	938
896	955
896	962
896	986
896	988
897	128
897	139
897	223
897	245
897	304
897	396
897	531
897	619
897	622
897	681
897	690
897	737
897	741
897	751
897	764
897	775
897	849
897	865
897	923
897	945
897	971
897	991
897	1000
898	306
898	319
898	354
898	380
898	444
898	517
898	536
898	623
898	756
898	761
898	794
898	807
898	828
898	865
898	890
898	922
898	923
898	928
898	968
898	974
898	986
898	991
898	992
898	996
899	33
899	148
899	418
899	469
899	569
899	597
899	640
899	686
899	687
899	735
899	790
899	822
899	860
899	890
899	909
899	939
899	950
899	961
899	964
899	969
899	975
899	980
899	989
899	999
900	30
900	58
900	157
900	223
900	229
900	289
900	562
900	590
900	592
900	636
900	700
900	713
900	745
900	749
900	782
900	814
900	830
900	891
900	893
900	904
900	930
900	944
900	978
900	989
900	998
901	19
901	23
901	205
901	456
901	525
901	589
901	599
901	695
901	751
901	799
901	812
901	813
901	822
901	823
901	830
901	839
901	872
901	927
901	929
901	947
901	962
901	966
901	967
901	989
901	990
902	36
902	113
902	211
902	284
902	441
902	476
902	548
902	566
902	664
902	687
902	800
902	807
902	809
902	818
902	821
902	849
902	862
902	883
902	931
902	933
902	951
902	964
902	968
902	978
902	989
903	11
903	67
903	139
903	204
903	427
903	430
903	467
903	523
903	545
903	615
903	660
903	728
903	775
903	815
903	865
903	911
903	912
903	943
903	951
903	952
903	968
903	972
903	978
903	996
903	997
904	275
904	295
904	398
904	504
904	619
904	665
904	677
904	738
904	761
904	809
904	850
904	851
904	865
904	867
904	885
904	886
904	896
904	900
904	911
904	923
904	934
904	945
904	953
904	971
904	985
904	999
905	158
905	159
905	211
905	350
905	394
905	542
905	662
905	696
905	733
905	742
905	750
905	828
905	840
905	873
905	909
905	922
905	926
905	927
905	934
905	937
905	949
905	958
905	960
905	964
905	985
905	987
906	17
906	37
906	195
906	226
906	275
906	278
906	440
906	547
906	589
906	668
906	679
906	713
906	819
906	830
906	837
906	839
906	848
906	907
906	929
906	934
906	946
906	949
906	959
906	961
906	972
906	999
907	21
907	23
907	52
907	122
907	145
907	251
907	480
907	585
907	620
907	729
907	742
907	743
907	833
907	844
907	867
907	882
907	906
907	910
907	913
907	917
907	948
907	951
907	972
907	973
907	995
907	997
908	142
908	387
908	395
908	423
908	447
908	451
908	460
908	519
908	526
908	548
908	570
908	625
908	685
908	693
908	718
908	751
908	752
908	773
908	780
908	918
908	934
908	941
908	956
908	972
908	977
908	993
909	68
909	327
909	334
909	506
909	605
909	736
909	741
909	799
909	812
909	831
909	836
909	841
909	861
909	883
909	892
909	895
909	899
909	905
909	930
909	939
909	942
909	964
909	973
909	993
909	996
909	1000
910	96
910	104
910	137
910	149
910	327
910	595
910	597
910	638
910	704
910	750
910	776
910	787
910	797
910	819
910	824
910	844
910	849
910	867
910	869
910	907
910	948
910	961
910	972
910	979
910	991
910	996
911	43
911	198
911	225
911	334
911	397
911	414
911	463
911	485
911	638
911	680
911	789
911	827
911	842
911	855
911	862
911	886
911	903
911	904
911	913
911	915
911	922
911	927
911	964
911	968
911	976
911	987
912	175
912	400
912	549
912	567
912	667
912	682
912	691
912	764
912	788
912	801
912	807
912	832
912	845
912	859
912	860
912	878
912	903
912	937
912	950
912	957
912	958
912	963
912	967
912	968
912	969
912	986
912	991
913	44
913	217
913	292
913	294
913	429
913	457
913	543
913	602
913	696
913	714
913	753
913	760
913	767
913	782
913	811
913	825
913	864
913	865
913	877
913	879
913	894
913	907
913	911
913	917
913	937
913	954
913	975
914	234
914	437
914	543
914	560
914	617
914	641
914	689
914	705
914	746
914	766
914	770
914	779
914	804
914	815
914	820
914	823
914	839
914	864
914	872
914	889
914	890
914	916
914	955
914	974
914	978
914	982
914	998
915	66
915	232
915	255
915	330
915	484
915	561
915	646
915	687
915	689
915	702
915	729
915	750
915	762
915	799
915	806
915	837
915	864
915	911
915	929
915	939
915	945
915	956
915	958
915	964
915	977
915	978
915	1000
916	71
916	276
916	283
916	475
916	488
916	575
916	599
916	607
916	613
916	619
916	645
916	709
916	757
916	786
916	792
916	797
916	843
916	914
916	920
916	931
916	950
916	953
916	963
916	974
916	977
916	984
916	992
917	45
917	240
917	369
917	397
917	412
917	499
917	516
917	527
917	606
917	622
917	627
917	643
917	707
917	751
917	776
917	851
917	870
917	895
917	907
917	913
917	918
917	925
917	965
917	967
917	976
917	978
917	999
918	236
918	375
918	426
918	467
918	483
918	513
918	605
918	649
918	705
918	717
918	720
918	728
918	734
918	744
918	793
918	805
918	842
918	895
918	908
918	917
918	928
918	944
918	951
918	952
918	979
918	980
918	986
918	995
919	40
919	124
919	298
919	319
919	370
919	388
919	439
919	480
919	499
919	545
919	575
919	576
919	623
919	633
919	677
919	775
919	786
919	809
919	872
919	936
919	957
919	960
919	970
919	978
919	981
919	985
919	986
919	997
920	51
920	196
920	249
920	288
920	374
920	421
920	478
920	495
920	508
920	515
920	652
920	754
920	760
920	776
920	791
920	800
920	809
920	818
920	827
920	845
920	849
920	865
920	916
920	927
920	955
920	974
920	977
920	998
921	107
921	199
921	253
921	269
921	384
921	420
921	465
921	581
921	617
921	634
921	660
921	663
921	695
921	698
921	723
921	724
921	765
921	832
921	849
921	932
921	940
921	942
921	947
921	963
921	977
921	978
921	988
921	989
922	14
922	22
922	109
922	153
922	230
922	327
922	339
922	493
922	548
922	619
922	650
922	674
922	702
922	714
922	728
922	739
922	752
922	808
922	898
922	905
922	911
922	925
922	946
922	958
922	977
922	990
922	994
922	995
923	105
923	129
923	224
923	356
923	395
923	419
923	509
923	510
923	588
923	613
923	660
923	737
923	739
923	751
923	822
923	870
923	882
923	897
923	898
923	904
923	931
923	932
923	945
923	959
923	977
923	991
923	994
923	1000
924	138
924	304
924	332
924	340
924	372
924	541
924	542
924	550
924	668
924	680
924	726
924	795
924	810
924	822
924	838
924	857
924	869
924	873
924	889
924	896
924	926
924	939
924	941
924	963
924	966
924	982
924	984
924	988
925	33
925	309
925	343
925	455
925	459
925	481
925	524
925	665
925	674
925	726
925	750
925	754
925	773
925	823
925	839
925	856
925	865
925	871
925	884
925	917
925	922
925	926
925	966
925	972
925	991
925	994
925	995
925	996
926	25
926	198
926	239
926	450
926	455
926	468
926	487
926	554
926	640
926	670
926	735
926	779
926	796
926	810
926	828
926	857
926	874
926	905
926	924
926	925
926	937
926	955
926	959
926	960
926	977
926	985
926	988
926	993
927	61
927	108
927	143
927	320
927	382
927	481
927	533
927	564
927	620
927	689
927	695
927	700
927	736
927	763
927	800
927	807
927	819
927	843
927	860
927	869
927	901
927	905
927	911
927	920
927	933
927	955
927	982
927	986
927	999
928	135
928	188
928	213
928	296
928	302
928	416
928	420
928	489
928	530
928	553
928	577
928	591
928	605
928	643
928	685
928	737
928	757
928	785
928	797
928	879
928	898
928	918
928	940
928	956
928	969
928	975
928	981
928	995
928	996
929	11
929	55
929	75
929	150
929	236
929	274
929	275
929	451
929	484
929	489
929	521
929	577
929	609
929	691
929	692
929	706
929	741
929	766
929	840
929	867
929	901
929	906
929	915
929	948
929	953
929	959
929	971
929	991
929	998
930	29
930	103
930	125
930	134
930	473
930	489
930	509
930	510
930	557
930	578
930	666
930	701
930	719
930	739
930	742
930	831
930	860
930	867
930	875
930	877
930	887
930	896
930	900
930	909
930	943
930	945
930	949
930	964
930	980
931	3
931	159
931	393
931	442
931	470
931	483
931	538
931	555
931	705
931	708
931	731
931	777
931	796
931	805
931	844
931	870
931	885
931	902
931	916
931	923
931	946
931	949
931	959
931	967
931	968
931	972
931	975
931	984
931	986
932	34
932	212
932	252
932	260
932	324
932	354
932	366
932	564
932	588
932	601
932	604
932	622
932	689
932	702
932	726
932	771
932	834
932	855
932	875
932	921
932	923
932	956
932	960
932	961
932	970
932	972
932	976
932	997
932	1000
933	75
933	182
933	242
933	267
933	268
933	359
933	460
933	515
933	636
933	641
933	656
933	659
933	696
933	703
933	729
933	739
933	764
933	784
933	809
933	840
933	858
933	887
933	902
933	927
933	937
933	940
933	972
933	993
933	997
934	212
934	222
934	254
934	281
934	354
934	563
934	568
934	627
934	659
934	711
934	723
934	750
934	759
934	763
934	778
934	796
934	819
934	857
934	876
934	885
934	904
934	905
934	906
934	908
934	935
934	952
934	975
934	980
934	986
934	988
935	50
935	74
935	157
935	215
935	254
935	395
935	487
935	541
935	546
935	659
935	677
935	694
935	721
935	741
935	747
935	759
935	799
935	828
935	841
935	871
935	879
935	894
935	934
935	943
935	955
935	966
935	969
935	972
935	975
935	980
936	103
936	115
936	142
936	208
936	271
936	383
936	397
936	423
936	571
936	586
936	591
936	703
936	716
936	717
936	724
936	828
936	835
936	853
936	858
936	863
936	865
936	919
936	939
936	944
936	956
936	962
936	964
936	968
936	974
936	994
937	31
937	70
937	219
937	277
937	503
937	580
937	617
937	704
937	713
937	742
937	800
937	806
937	807
937	822
937	846
937	863
937	872
937	877
937	879
937	885
937	905
937	912
937	913
937	926
937	933
937	967
937	974
937	984
937	987
937	994
938	2
938	52
938	62
938	427
938	465
938	496
938	505
938	574
938	678
938	700
938	714
938	715
938	742
938	777
938	801
938	815
938	844
938	848
938	851
938	876
938	880
938	887
938	896
938	953
938	959
938	964
938	979
938	980
938	986
938	996
939	285
939	414
939	462
939	492
939	677
939	725
939	728
939	732
939	738
939	791
939	847
939	874
939	877
939	891
939	899
939	909
939	915
939	924
939	936
939	941
939	956
939	972
939	973
939	974
939	977
939	983
939	987
939	989
939	990
939	991
939	995
940	38
940	39
940	109
940	135
940	373
940	408
940	457
940	497
940	535
940	560
940	602
940	663
940	689
940	722
940	739
940	795
940	798
940	818
940	834
940	878
940	921
940	928
940	933
940	944
940	947
940	957
940	962
940	976
940	977
940	986
940	988
941	40
941	150
941	275
941	280
941	300
941	309
941	357
941	377
941	416
941	432
941	506
941	602
941	646
941	666
941	690
941	698
941	717
941	736
941	781
941	829
941	871
941	908
941	924
941	939
941	942
941	946
941	979
941	987
941	989
941	994
941	1000
942	226
942	364
942	428
942	435
942	467
942	480
942	523
942	533
942	550
942	627
942	677
942	696
942	707
942	734
942	770
942	797
942	827
942	867
942	880
942	885
942	909
942	921
942	941
942	948
942	951
942	971
942	975
942	985
942	986
942	987
942	991
942	995
943	28
943	193
943	313
943	353
943	433
943	443
943	502
943	506
943	547
943	571
943	575
943	625
943	633
943	636
943	742
943	745
943	805
943	814
943	825
943	836
943	838
943	863
943	872
943	903
943	930
943	935
943	955
943	965
943	968
943	991
943	997
943	999
944	139
944	172
944	257
944	384
944	406
944	408
944	464
944	498
944	541
944	657
944	700
944	701
944	778
944	785
944	796
944	820
944	826
944	849
944	861
944	884
944	892
944	900
944	918
944	936
944	940
944	948
944	953
944	954
944	983
944	984
944	998
944	999
945	22
945	136
945	200
945	373
945	389
945	400
945	404
945	407
945	413
945	537
945	560
945	574
945	582
945	709
945	733
945	818
945	834
945	843
945	850
945	855
945	859
945	869
945	876
945	897
945	904
945	915
945	923
945	930
945	949
945	961
945	997
945	1000
946	74
946	92
946	119
946	204
946	231
946	289
946	415
946	420
946	485
946	501
946	542
946	576
946	595
946	598
946	671
946	678
946	710
946	726
946	743
946	775
946	791
946	845
946	871
946	875
946	906
946	922
946	931
946	941
946	952
946	980
946	995
946	996
947	61
947	107
947	163
947	220
947	222
947	336
947	356
947	388
947	414
947	438
947	472
947	614
947	670
947	744
947	745
947	782
947	804
947	806
947	826
947	832
947	856
947	859
947	866
947	891
947	901
947	921
947	940
947	959
947	971
947	982
947	983
947	996
947	1000
948	79
948	202
948	445
948	462
948	486
948	542
948	616
948	664
948	692
948	743
948	755
948	780
948	788
948	799
948	824
948	828
948	845
948	846
948	884
948	887
948	888
948	907
948	910
948	929
948	942
948	944
948	952
948	956
948	962
948	969
948	970
948	982
948	994
949	93
949	120
949	280
949	329
949	351
949	372
949	418
949	488
949	551
949	568
949	574
949	632
949	649
949	686
949	720
949	729
949	753
949	755
949	762
949	810
949	819
949	883
949	905
949	906
949	930
949	931
949	945
949	953
949	963
949	971
949	983
949	985
949	996
950	49
950	96
950	143
950	144
950	167
950	379
950	407
950	443
950	486
950	492
950	496
950	597
950	705
950	706
950	732
950	813
950	820
950	840
950	842
950	853
950	864
950	877
950	890
950	894
950	899
950	912
950	916
950	953
950	968
950	973
950	989
950	998
950	999
951	78
951	294
951	352
951	382
951	405
951	452
951	473
951	482
951	600
951	630
951	642
951	704
951	727
951	761
951	774
951	830
951	837
951	885
951	886
951	902
951	903
951	907
951	918
951	942
951	961
951	966
951	971
951	976
951	978
951	983
951	985
951	988
951	990
951	992
952	77
952	96
952	297
952	321
952	384
952	439
952	445
952	450
952	480
952	505
952	543
952	670
952	682
952	699
952	702
952	718
952	754
952	801
952	833
952	834
952	863
952	903
952	918
952	934
952	946
952	948
952	965
952	975
952	984
952	986
952	987
952	989
952	995
952	997
952	998
953	92
953	390
953	401
953	424
953	527
953	576
953	585
953	592
953	619
953	620
953	693
953	726
953	748
953	761
953	762
953	765
953	769
953	781
953	803
953	806
953	834
953	857
953	859
953	870
953	882
953	904
953	916
953	929
953	938
953	944
953	949
953	950
953	962
953	977
953	992
954	3
954	13
954	72
954	171
954	260
954	343
954	379
954	383
954	445
954	500
954	527
954	558
954	619
954	750
954	784
954	818
954	826
954	840
954	842
954	865
954	875
954	881
954	885
954	891
954	913
954	944
954	964
954	971
954	973
954	977
954	979
954	983
954	984
954	989
954	995
955	155
955	202
955	287
955	321
955	417
955	435
955	488
955	503
955	597
955	598
955	635
955	661
955	699
955	721
955	792
955	798
955	806
955	833
955	844
955	851
955	852
955	879
955	891
955	895
955	896
955	914
955	920
955	926
955	927
955	935
955	943
955	958
955	967
955	971
955	992
956	148
956	230
956	245
956	250
956	316
956	475
956	491
956	528
956	600
956	688
956	697
956	711
956	721
956	740
956	757
956	761
956	780
956	793
956	814
956	816
956	833
956	858
956	908
956	915
956	928
956	932
956	936
956	939
956	948
956	964
956	968
956	979
956	986
956	990
956	993
957	1
957	150
957	155
957	188
957	262
957	371
957	448
957	473
957	516
957	537
957	573
957	580
957	639
957	657
957	689
957	690
957	734
957	749
957	760
957	765
957	767
957	794
957	817
957	825
957	828
957	854
957	866
957	889
957	912
957	919
957	940
957	966
957	967
957	971
957	974
957	987
958	36
958	64
958	114
958	153
958	288
958	303
958	319
958	367
958	419
958	440
958	478
958	483
958	509
958	558
958	562
958	582
958	609
958	651
958	697
958	809
958	819
958	842
958	855
958	865
958	877
958	905
958	912
958	915
958	922
958	955
958	959
958	964
958	966
958	973
958	979
958	980
959	68
959	109
959	175
959	271
959	338
959	360
959	470
959	474
959	526
959	580
959	601
959	636
959	645
959	650
959	679
959	681
959	740
959	752
959	755
959	778
959	801
959	863
959	873
959	877
959	906
959	923
959	926
959	929
959	931
959	938
959	947
959	958
959	963
959	969
959	976
959	1000
960	106
960	152
960	339
960	343
960	358
960	359
960	437
960	454
960	497
960	508
960	557
960	647
960	650
960	681
960	749
960	765
960	766
960	783
960	808
960	813
960	829
960	832
960	870
960	877
960	883
960	905
960	919
960	926
960	932
960	961
960	966
960	968
960	977
960	983
960	988
960	1000
961	32
961	54
961	168
961	234
961	273
961	297
961	313
961	328
961	343
961	361
961	486
961	508
961	551
961	568
961	582
961	586
961	616
961	644
961	673
961	686
961	730
961	739
961	768
961	779
961	783
961	812
961	827
961	878
961	884
961	893
961	899
961	906
961	910
961	932
961	945
961	951
961	960
961	981
962	214
962	246
962	259
962	298
962	440
962	442
962	465
962	524
962	534
962	555
962	656
962	684
962	709
962	725
962	727
962	743
962	771
962	795
962	820
962	836
962	840
962	845
962	846
962	868
962	869
962	880
962	896
962	901
962	936
962	940
962	948
962	953
962	969
962	971
962	972
962	976
962	987
962	999
962	1000
963	250
963	255
963	332
963	376
963	389
963	474
963	496
963	520
963	567
963	658
963	663
963	714
963	718
963	719
963	748
963	757
963	764
963	805
963	817
963	824
963	847
963	851
963	857
963	861
963	882
963	912
963	916
963	921
963	924
963	949
963	959
963	969
963	972
963	973
963	977
963	982
963	987
963	989
963	998
964	177
964	188
964	229
964	241
964	243
964	312
964	425
964	582
964	650
964	662
964	668
964	669
964	685
964	784
964	818
964	821
964	838
964	843
964	869
964	899
964	902
964	905
964	909
964	911
964	915
964	930
964	936
964	938
964	954
964	956
964	958
964	965
964	967
964	968
964	971
964	985
964	987
964	992
964	1000
965	24
965	81
965	127
965	164
965	178
965	241
965	270
965	346
965	385
965	388
965	420
965	437
965	496
965	544
965	555
965	612
965	636
965	637
965	639
965	705
965	716
965	727
965	731
965	747
965	780
965	788
965	803
965	805
965	833
965	858
965	871
965	878
965	917
965	943
965	952
965	964
965	975
965	976
965	992
965	994
966	98
966	247
966	276
966	319
966	406
966	457
966	495
966	521
966	558
966	583
966	588
966	604
966	617
966	628
966	635
966	637
966	686
966	694
966	756
966	758
966	802
966	804
966	814
966	815
966	827
966	843
966	845
966	853
966	863
966	890
966	894
966	901
966	924
966	925
966	935
966	951
966	957
966	958
966	960
966	988
967	74
967	112
967	203
967	331
967	374
967	404
967	427
967	442
967	449
967	477
967	544
967	570
967	621
967	643
967	667
967	691
967	699
967	701
967	727
967	745
967	755
967	757
967	764
967	777
967	823
967	854
967	861
967	889
967	890
967	892
967	901
967	912
967	917
967	931
967	937
967	955
967	957
967	964
967	983
967	997
968	53
968	73
968	230
968	234
968	285
968	291
968	363
968	422
968	600
968	609
968	623
968	635
968	650
968	655
968	680
968	769
968	770
968	790
968	815
968	828
968	843
968	854
968	880
968	887
968	891
968	898
968	902
968	903
968	911
968	912
968	931
968	936
968	943
968	950
968	956
968	960
968	964
968	972
968	973
968	989
969	94
969	111
969	132
969	174
969	244
969	258
969	339
969	392
969	433
969	457
969	473
969	516
969	532
969	540
969	600
969	638
969	686
969	724
969	728
969	731
969	782
969	804
969	813
969	854
969	855
969	881
969	889
969	899
969	912
969	928
969	935
969	948
969	959
969	962
969	963
969	970
969	972
969	976
969	979
969	986
969	995
970	50
970	153
970	181
970	198
970	270
970	335
970	400
970	419
970	439
970	454
970	485
970	517
970	542
970	560
970	626
970	654
970	680
970	682
970	760
970	766
970	781
970	784
970	813
970	819
970	843
970	858
970	861
970	871
970	872
970	882
970	919
970	932
970	948
970	969
970	974
970	977
970	981
970	984
970	987
970	999
970	1000
971	120
971	132
971	141
971	193
971	199
971	221
971	239
971	253
971	470
971	511
971	555
971	636
971	647
971	651
971	661
971	682
971	755
971	782
971	825
971	847
971	860
971	881
971	882
971	897
971	904
971	929
971	942
971	947
971	949
971	951
971	954
971	955
971	957
971	962
971	964
971	975
971	980
971	981
971	992
971	993
971	996
972	18
972	42
972	50
972	84
972	93
972	118
972	120
972	130
972	174
972	225
972	298
972	369
972	384
972	453
972	482
972	539
972	588
972	664
972	746
972	813
972	818
972	833
972	860
972	895
972	903
972	906
972	907
972	908
972	910
972	925
972	931
972	932
972	933
972	935
972	939
972	962
972	963
972	968
972	969
972	977
972	981
973	69
973	138
973	172
973	199
973	261
973	282
973	287
973	299
973	363
973	371
973	451
973	464
973	583
973	611
973	658
973	673
973	676
973	702
973	711
973	729
973	734
973	741
973	744
973	828
973	852
973	859
973	863
973	887
973	891
973	907
973	909
973	939
973	950
973	954
973	958
973	963
973	968
973	984
973	995
973	996
973	999
974	19
974	53
974	160
974	168
974	186
974	291
974	297
974	370
974	372
974	384
974	390
974	415
974	420
974	492
974	494
974	508
974	564
974	596
974	611
974	677
974	696
974	716
974	738
974	750
974	812
974	837
974	845
974	869
974	886
974	898
974	914
974	916
974	920
974	936
974	937
974	939
974	957
974	970
974	985
974	986
974	996
974	998
975	7
975	16
975	66
975	220
975	248
975	257
975	409
975	436
975	487
975	500
975	520
975	533
975	580
975	593
975	685
975	712
975	718
975	722
975	724
975	762
975	790
975	822
975	845
975	856
975	857
975	864
975	866
975	879
975	884
975	886
975	899
975	913
975	928
975	931
975	934
975	935
975	942
975	952
975	965
975	971
975	979
975	985
976	22
976	56
976	69
976	101
976	139
976	265
976	306
976	326
976	399
976	490
976	593
976	620
976	654
976	706
976	709
976	729
976	731
976	732
976	755
976	758
976	769
976	786
976	791
976	821
976	844
976	866
976	874
976	888
976	890
976	911
976	917
976	932
976	940
976	951
976	959
976	962
976	965
976	969
976	981
976	984
976	998
976	1000
977	7
977	27
977	182
977	206
977	263
977	271
977	304
977	314
977	399
977	404
977	428
977	452
977	586
977	630
977	639
977	716
977	750
977	766
977	785
977	790
977	878
977	881
977	884
977	888
977	908
977	915
977	916
977	920
977	921
977	922
977	923
977	926
977	939
977	940
977	953
977	954
977	960
977	963
977	970
977	972
977	979
977	992
978	4
978	7
978	13
978	18
978	63
978	206
978	215
978	244
978	295
978	336
978	372
978	389
978	491
978	584
978	596
978	665
978	666
978	680
978	687
978	711
978	742
978	753
978	793
978	846
978	864
978	875
978	876
978	891
978	900
978	902
978	903
978	914
978	915
978	917
978	919
978	921
978	951
978	981
978	982
978	987
978	988
978	996
978	999
979	10
979	20
979	30
979	122
979	132
979	211
979	240
979	345
979	349
979	479
979	494
979	514
979	538
979	563
979	588
979	637
979	646
979	655
979	659
979	699
979	718
979	741
979	772
979	804
979	805
979	832
979	838
979	893
979	910
979	918
979	938
979	941
979	954
979	956
979	958
979	969
979	975
979	977
979	980
979	982
979	983
979	990
979	997
980	101
980	258
980	308
980	344
980	367
980	387
980	433
980	490
980	521
980	524
980	542
980	566
980	588
980	629
980	649
980	678
980	683
980	710
980	711
980	713
980	730
980	746
980	753
980	762
980	798
980	826
980	830
980	836
980	842
980	859
980	866
980	899
980	918
980	930
980	934
980	935
980	938
980	946
980	958
980	971
980	979
980	992
980	997
981	49
981	148
981	197
981	211
981	222
981	256
981	317
981	377
981	387
981	412
981	418
981	452
981	505
981	573
981	629
981	645
981	706
981	721
981	749
981	774
981	777
981	778
981	784
981	797
981	838
981	850
981	854
981	868
981	873
981	875
981	880
981	892
981	919
981	928
981	961
981	970
981	971
981	972
981	976
981	978
981	991
981	999
981	1000
982	29
982	88
982	154
982	199
982	271
982	398
982	409
982	434
982	443
982	481
982	501
982	536
982	554
982	565
982	574
982	583
982	614
982	624
982	681
982	698
982	706
982	757
982	798
982	819
982	834
982	849
982	853
982	855
982	858
982	861
982	865
982	872
982	874
982	879
982	914
982	924
982	927
982	947
982	948
982	963
982	978
982	979
982	993
983	12
983	47
983	104
983	105
983	124
983	299
983	318
983	375
983	519
983	616
983	621
983	626
983	647
983	668
983	719
983	729
983	736
983	763
983	766
983	823
983	841
983	851
983	856
983	862
983	863
983	874
983	887
983	890
983	895
983	939
983	944
983	947
983	949
983	951
983	954
983	960
983	967
983	979
983	985
983	994
983	995
983	998
983	999
984	167
984	205
984	247
984	263
984	276
984	285
984	308
984	395
984	447
984	474
984	495
984	511
984	520
984	541
984	556
984	559
984	566
984	636
984	652
984	662
984	698
984	699
984	705
984	706
984	734
984	740
984	749
984	778
984	838
984	846
984	867
984	916
984	924
984	931
984	937
984	944
984	952
984	954
984	970
984	973
984	976
984	985
984	988
984	995
985	6
985	58
985	70
985	221
985	324
985	360
985	362
985	376
985	385
985	397
985	433
985	513
985	528
985	543
985	563
985	564
985	582
985	618
985	681
985	685
985	722
985	733
985	775
985	807
985	815
985	844
985	853
985	857
985	861
985	877
985	904
985	905
985	919
985	926
985	942
985	949
985	951
985	964
985	974
985	975
985	983
985	984
985	994
985	1000
986	84
986	91
986	116
986	156
986	218
986	266
986	354
986	458
986	466
986	546
986	550
986	576
986	592
986	598
986	606
986	628
986	660
986	695
986	765
986	774
986	798
986	803
986	825
986	840
986	845
986	848
986	890
986	896
986	898
986	912
986	918
986	919
986	927
986	931
986	934
986	938
986	940
986	942
986	952
986	956
986	969
986	974
986	991
986	992
987	49
987	73
987	80
987	334
987	392
987	444
987	494
987	537
987	565
987	643
987	649
987	656
987	707
987	715
987	721
987	745
987	753
987	755
987	770
987	783
987	796
987	797
987	805
987	813
987	814
987	829
987	887
987	889
987	895
987	905
987	911
987	937
987	939
987	941
987	942
987	952
987	957
987	962
987	963
987	964
987	970
987	978
987	990
987	997
988	7
988	11
988	115
988	145
988	147
988	204
988	206
988	382
988	392
988	514
988	537
988	563
988	579
988	611
988	618
988	656
988	693
988	696
988	697
988	701
988	709
988	717
988	775
988	786
988	788
988	833
988	837
988	841
988	875
988	888
988	896
988	921
988	924
988	926
988	934
988	940
988	951
988	960
988	966
988	978
988	984
988	990
988	995
988	999
988	1000
989	1
989	13
989	89
989	124
989	149
989	197
989	208
989	269
989	277
989	311
989	362
989	386
989	396
989	399
989	402
989	538
989	552
989	559
989	588
989	651
989	709
989	719
989	734
989	756
989	801
989	803
989	840
989	847
989	864
989	875
989	894
989	899
989	900
989	901
989	902
989	921
989	939
989	941
989	950
989	952
989	954
989	963
989	968
989	994
989	998
990	63
990	166
990	175
990	251
990	258
990	324
990	332
990	360
990	392
990	417
990	454
990	455
990	465
990	482
990	515
990	610
990	653
990	667
990	698
990	715
990	716
990	736
990	773
990	780
990	786
990	809
990	813
990	815
990	820
990	825
990	831
990	848
990	850
990	866
990	892
990	901
990	922
990	939
990	951
990	956
990	979
990	987
990	988
990	998
990	999
991	12
991	24
991	220
991	253
991	290
991	302
991	319
991	363
991	425
991	427
991	479
991	502
991	512
991	531
991	545
991	593
991	648
991	699
991	706
991	718
991	719
991	728
991	735
991	760
991	767
991	770
991	792
991	804
991	857
991	860
991	862
991	868
991	886
991	890
991	897
991	898
991	910
991	912
991	923
991	925
991	929
991	939
991	942
991	943
991	981
991	986
992	18
992	39
992	71
992	79
992	104
992	123
992	169
992	210
992	289
992	320
992	365
992	406
992	421
992	423
992	431
992	434
992	472
992	524
992	543
992	703
992	716
992	731
992	748
992	767
992	784
992	787
992	809
992	813
992	834
992	848
992	854
992	867
992	892
992	898
992	916
992	951
992	953
992	955
992	964
992	965
992	971
992	977
992	980
992	986
992	993
992	998
993	76
993	137
993	315
993	355
993	368
993	370
993	401
993	408
993	436
993	446
993	464
993	533
993	541
993	547
993	570
993	587
993	606
993	649
993	670
993	672
993	681
993	694
993	698
993	742
993	757
993	796
993	800
993	830
993	835
993	853
993	867
993	869
993	874
993	883
993	908
993	909
993	926
993	933
993	956
993	971
993	982
993	992
993	994
993	995
993	996
993	998
994	12
994	56
994	245
994	259
994	294
994	316
994	329
994	401
994	432
994	455
994	471
994	473
994	477
994	478
994	523
994	557
994	608
994	622
994	656
994	658
994	670
994	678
994	767
994	794
994	800
994	831
994	846
994	857
994	866
994	872
994	880
994	883
994	893
994	922
994	923
994	925
994	936
994	937
994	941
994	948
994	965
994	983
994	985
994	989
994	993
994	998
995	73
995	108
995	121
995	238
995	249
995	373
995	402
995	411
995	475
995	577
995	591
995	608
995	611
995	617
995	626
995	691
995	693
995	768
995	786
995	788
995	791
995	811
995	815
995	837
995	839
995	840
995	846
995	862
995	875
995	882
995	907
995	918
995	922
995	925
995	928
995	939
995	942
995	946
995	952
995	954
995	969
995	973
995	983
995	984
995	988
995	993
996	23
996	182
996	210
996	239
996	358
996	399
996	415
996	525
996	558
996	577
996	584
996	586
996	649
996	678
996	694
996	696
996	700
996	702
996	723
996	733
996	743
996	751
996	777
996	795
996	805
996	808
996	825
996	827
996	842
996	865
996	866
996	872
996	886
996	898
996	903
996	909
996	910
996	925
996	928
996	938
996	946
996	947
996	949
996	971
996	973
996	974
996	978
996	993
997	180
997	184
997	331
997	379
997	396
997	422
997	445
997	446
997	448
997	500
997	501
997	557
997	561
997	562
997	571
997	577
997	590
997	640
997	663
997	675
997	680
997	751
997	799
997	813
997	814
997	824
997	826
997	828
997	838
997	843
997	849
997	851
997	858
997	862
997	863
997	865
997	872
997	903
997	907
997	919
997	932
997	933
997	943
997	945
997	952
997	967
997	979
997	980
997	987
998	46
998	48
998	57
998	159
998	177
998	224
998	238
998	273
998	283
998	351
998	361
998	464
998	519
998	581
998	624
998	659
998	675
998	732
998	777
998	779
998	786
998	809
998	814
998	822
998	844
998	852
998	855
998	861
998	863
998	871
998	877
998	880
998	892
998	900
998	914
998	920
998	929
998	944
998	950
998	952
998	963
998	974
998	976
998	983
998	989
998	990
998	992
998	993
998	994
999	15
999	17
999	172
999	200
999	205
999	244
999	326
999	337
999	451
999	462
999	537
999	546
999	558
999	578
999	581
999	589
999	632
999	659
999	671
999	674
999	676
999	691
999	700
999	706
999	726
999	740
999	778
999	832
999	851
999	861
999	868
999	872
999	891
999	899
999	904
999	906
999	917
999	927
999	943
999	944
999	950
999	962
999	970
999	973
999	978
999	981
999	983
999	988
999	990
1000	29
1000	56
1000	57
1000	183
1000	266
1000	404
1000	456
1000	458
1000	488
1000	545
1000	556
1000	561
1000	626
1000	669
1000	706
1000	777
1000	783
1000	788
1000	792
1000	804
1000	814
1000	833
1000	837
1000	840
1000	841
1000	852
1000	853
1000	854
1000	858
1000	859
1000	864
1000	870
1000	893
1000	897
1000	909
1000	915
1000	923
1000	932
1000	941
1000	945
1000	947
1000	959
1000	960
1000	962
1000	964
1000	970
1000	976
1000	981
1000	985
1000	988
