1	797
1	852
1	918
1	924
2	172
2	831
2	944
2	968
3	789
3	881
3	930
3	947
4	242
4	774
4	948
4	973
5	117
5	623
5	839
5	901
6	762
6	855
6	891
6	901
7	635
7	786
7	992
7	996
8	666
8	852
8	918
8	924
9	486
9	743
9	837
9	950
10	468
10	909
10	950
10	984
11	92
11	459
11	853
11	912
12	974
12	987
12	988
12	998
13	473
13	733
13	879
13	912
14	867
14	909
14	950
14	984
15	562
15	688
15	743
15	858
16	37
16	855
16	930
16	947
17	46
17	495
17	859
17	912
18	110
18	575
18	793
18	812
19	548
19	718
19	887
19	902
20	711
20	763
20	862
20	919
21	192
21	307
21	705
21	863
22	887
22	892
22	902
22	997
23	802
23	972
23	987
23	998
24	863
24	932
24	966
24	991
25	891
25	943
25	983
25	989
26	539
26	695
26	994
26	1000
27	279
27	839
27	855
27	891
28	942
28	992
28	994
28	996
29	144
29	769
29	865
29	947
30	535
30	705
30	713
30	847
31	818
31	957
31	958
31	982
32	538
32	718
32	887
32	902
33	839
33	855
33	891
33	901
34	956
34	976
34	990
34	993
35	675
35	717
35	861
35	948
36	694
36	906
36	978
36	979
37	16
37	789
37	930
37	947
38	970
38	974
38	987
38	988
39	974
39	987
39	988
39	998
40	832
40	937
40	961
40	965
41	67
41	281
41	543
41	918
42	969
42	970
42	988
42	998
43	936
43	962
43	968
43	998
44	910
44	990
44	994
44	996
45	956
45	960
45	976
45	993
46	17
46	98
46	262
46	879
47	839
47	855
47	891
47	901
48	202
48	680
48	950
48	984
49	396
49	641
49	691
49	707
50	587
50	728
50	978
50	979
51	64
51	909
51	946
51	984
52	886
52	929
52	934
52	963
53	937
53	939
53	961
53	965
54	376
54	733
54	859
54	912
55	915
55	933
55	985
55	999
56	941
56	949
56	986
56	997
57	361
57	572
57	659
57	858
58	945
58	951
58	986
58	997
59	200
59	723
59	958
59	982
60	574
60	857
60	952
60	981
61	925
61	952
61	959
61	981
62	444
62	531
62	658
62	729
63	980
63	985
63	999
63	1000
64	51
64	909
64	950
64	984
65	322
65	789
65	881
65	947
66	250
66	405
66	824
66	874
67	41
67	852
67	924
67	994
68	820
68	894
68	918
68	924
69	678
69	881
69	930
69	947
70	108
70	436
70	498
70	729
71	970
71	972
71	974
71	988
72	649
72	709
72	967
72	975
73	247
73	289
73	827
73	1000
74	497
74	898
74	967
74	975
75	665
75	944
75	962
75	968
76	310
76	923
76	976
76	993
77	737
77	938
77	983
77	989
78	730
78	871
78	921
78	932
79	629
79	868
79	980
79	1000
80	942
80	990
80	994
80	996
81	367
81	577
81	796
81	900
82	463
82	500
82	761
82	900
83	637
83	757
83	925
83	981
84	223
84	513
84	681
84	802
85	853
85	992
85	995
85	996
86	358
86	544
86	590
86	772
87	119
87	562
87	939
87	965
88	899
88	955
88	977
88	991
89	743
89	837
89	858
89	914
90	602
90	906
90	978
90	979
91	259
91	783
91	967
91	975
92	11
92	370
92	509
92	859
93	849
93	854
93	919
93	921
94	486
94	572
94	720
94	968
95	153
95	906
95	978
95	979
96	490
96	944
96	962
96	968
97	276
97	873
97	879
97	912
98	46
98	824
98	853
98	859
99	935
99	985
99	999
99	1000
100	558
100	782
100	990
100	995
101	430
101	637
101	747
101	924
102	925
102	970
102	987
102	998
103	404
103	792
103	909
103	984
104	739
104	892
104	902
104	908
105	718
105	887
105	892
105	902
106	877
106	970
106	974
106	998
107	937
107	939
107	961
107	965
108	70
108	582
108	658
108	788
109	625
109	644
109	983
109	989
110	18
110	933
110	980
110	1000
111	626
111	801
111	948
111	973
112	364
112	862
112	884
112	919
113	193
113	341
113	741
113	804
114	797
114	820
114	852
114	859
115	845
115	960
115	976
115	993
116	946
116	950
116	962
116	984
117	5
117	762
117	891
117	901
118	790
118	909
118	946
118	984
119	87
119	939
119	961
119	965
120	585
120	789
120	930
120	947
121	819
121	908
121	961
121	965
122	899
122	964
122	969
122	991
123	591
123	688
123	720
123	837
124	449
124	929
124	986
124	997
125	678
125	875
125	934
125	947
126	790
126	946
126	950
126	984
127	444
127	498
127	582
127	788
128	736
128	861
128	916
128	973
129	138
129	329
129	751
129	900
130	970
130	972
130	987
130	998
131	757
131	848
131	896
131	981
132	903
132	926
132	983
132	989
133	531
133	609
133	645
133	729
134	293
134	714
134	795
134	907
135	306
135	414
135	444
135	788
136	964
136	966
136	977
136	991
137	516
137	946
137	950
137	984
138	129
138	415
138	796
138	900
139	820
139	894
139	918
139	961
140	936
140	938
140	962
140	968
141	732
141	964
141	992
141	995
142	953
142	987
142	988
142	998
143	291
143	659
143	837
143	858
144	29
144	875
144	881
144	930
145	446
145	454
145	705
145	982
146	910
146	990
146	992
146	995
147	280
147	871
147	919
147	921
148	582
148	591
148	729
148	788
149	756
149	926
149	983
149	989
150	980
150	985
150	999
150	1000
151	972
151	974
151	987
151	998
152	934
152	985
152	992
152	994
153	95
153	914
153	967
153	975
154	608
154	855
154	891
154	893
155	790
155	907
155	909
155	984
156	509
156	873
156	879
156	912
157	628
157	642
157	978
157	979
158	633
158	783
158	967
158	975
159	896
159	913
159	959
159	981
160	687
160	862
160	871
160	919
161	605
161	695
161	942
161	996
162	724
162	856
162	863
162	1000
163	777
163	794
163	957
163	982
164	799
164	801
164	861
164	973
165	665
165	856
165	948
165	973
166	505
166	971
166	986
166	997
167	430
167	855
167	869
167	901
168	895
168	917
168	959
168	981
169	966
169	969
169	977
169	991
170	980
170	985
170	999
170	1000
171	769
171	873
171	875
171	947
172	2
172	938
172	962
172	968
173	567
173	937
173	961
173	965
174	369
174	448
174	760
174	847
175	972
175	987
175	988
175	998
176	632
176	743
176	967
176	975
177	548
177	840
177	950
177	984
178	444
178	609
178	788
178	927
179	807
179	878
179	967
179	975
180	471
180	980
180	999
180	1000
181	403
181	501
181	834
181	890
182	949
182	951
182	986
182	997
183	844
183	951
183	986
183	997
184	904
184	941
184	971
184	986
185	583
185	850
185	959
185	981
186	404
186	747
186	918
186	924
187	473
187	879
187	912
187	969
188	389
188	679
188	821
188	920
189	966
189	969
189	977
189	991
190	768
190	909
190	946
190	984
191	819
191	939
191	961
191	965
192	21
192	463
192	577
192	900
193	113
193	805
193	815
193	882
194	554
194	724
194	760
194	847
195	383
195	956
195	976
195	993
196	500
196	761
196	900
196	917
197	874
197	945
197	951
197	986
198	954
198	971
198	986
198	997
199	481
199	905
199	938
199	944
200	59
200	927
200	960
200	993
201	496
201	717
201	795
201	883
202	48
202	914
202	950
202	984
203	953
203	972
203	987
203	998
204	970
204	987
204	988
204	998
205	217
205	990
205	995
205	996
206	783
206	878
206	967
206	975
207	596
207	763
207	919
207	921
208	587
208	614
208	978
208	979
209	322
209	537
209	717
209	893
210	263
210	693
210	948
210	973
211	219
211	775
211	834
211	890
212	617
212	887
212	892
212	902
213	790
213	956
213	976
213	993
214	937
214	939
214	961
214	965
215	568
215	806
215	889
215	993
216	688
216	743
216	837
216	858
217	205
217	934
217	992
217	995
218	722
218	898
218	967
218	975
219	211
219	778
219	836
219	890
220	938
220	944
220	962
220	968
221	866
221	985
221	999
221	1000
222	937
222	961
222	965
222	995
223	84
223	590
223	691
223	772
224	764
224	875
224	930
224	947
225	913
225	959
225	981
225	992
226	579
226	926
226	983
226	989
227	953
227	972
227	974
227	998
228	760
228	807
228	967
228	975
229	628
229	922
229	962
229	968
230	717
230	821
230	846
230	907
231	970
231	972
231	988
231	998
232	367
232	415
232	544
232	796
233	809
233	860
233	978
233	979
234	963
234	992
234	994
234	995
235	940
235	964
235	977
235	991
236	831
236	929
236	941
236	997
237	628
237	823
237	922
237	944
238	457
238	885
238	930
238	947
239	942
239	990
239	994
239	996
240	964
240	980
240	999
240	1000
241	684
241	964
241	966
241	977
241	991
242	4
242	525
242	801
242	948
242	973
243	787
243	891
243	915
243	999
243	1000
244	749
244	770
244	957
244	958
244	982
245	575
245	685
245	812
245	860
245	874
246	494
246	587
246	860
246	978
246	979
247	73
247	496
247	701
247	741
247	804
248	350
248	357
248	797
248	894
248	924
249	905
249	910
249	922
249	962
249	968
250	66
250	338
250	685
250	793
250	812
251	732
251	869
251	910
251	934
251	992
252	896
252	917
252	925
252	959
252	981
253	515
253	590
253	634
253	655
253	656
254	941
254	954
254	971
254	986
254	997
255	521
255	953
255	972
255	974
255	988
256	865
256	970
256	972
256	973
256	987
257	698
257	926
257	943
257	983
257	989
258	782
258	897
258	942
258	992
258	995
259	91
259	934
259	963
259	992
259	994
260	431
260	716
260	870
260	978
260	979
261	851
261	923
261	960
261	976
261	993
262	46
262	353
262	474
262	524
262	853
263	210
263	343
263	631
263	860
263	973
264	963
264	980
264	990
264	994
264	995
265	387
265	785
265	853
265	879
265	880
266	365
266	535
266	770
266	847
266	863
267	676
267	777
267	882
267	957
267	982
268	723
268	929
268	949
268	986
268	997
269	769
269	789
269	875
269	930
269	947
270	568
270	725
270	775
270	890
270	979
271	567
271	928
271	972
271	987
271	988
272	572
272	741
272	805
272	815
272	830
273	576
273	857
273	864
273	952
273	981
274	643
274	707
274	783
274	967
274	975
275	609
275	862
275	884
275	919
275	921
276	97
276	654
276	733
276	824
276	873
277	964
277	966
277	984
277	991
277	993
278	765
278	867
278	946
278	950
278	984
279	27
279	806
279	931
279	976
279	993
280	147
280	871
280	884
280	919
280	921
281	41
281	759
281	894
281	918
281	924
282	897
282	990
282	992
282	994
282	996
283	315
283	481
283	531
283	609
283	658
284	929
284	941
284	954
284	971
284	997
285	924
285	936
285	938
285	944
285	962
286	789
286	875
286	881
286	930
286	947
287	678
287	945
287	971
287	986
287	997
288	817
288	927
288	960
288	976
288	993
289	73
289	804
289	805
289	815
289	882
290	559
290	658
290	957
290	958
290	982
291	143
291	849
291	884
291	919
291	921
292	871
292	877
292	928
292	970
292	987
293	134
293	717
293	893
293	907
293	920
294	848
294	896
294	919
294	959
294	981
295	927
295	931
295	960
295	976
295	993
296	426
296	496
296	795
296	893
296	920
297	616
297	748
297	957
297	958
297	982
298	732
298	897
298	952
298	994
298	996
299	593
299	723
299	794
299	813
299	982
300	668
300	829
300	980
300	999
300	1000
301	910
301	942
301	974
301	994
301	996
302	897
302	948
302	963
302	990
302	995
303	531
303	784
303	792
303	815
303	827
304	618
304	662
304	716
304	978
304	979
305	838
305	861
305	916
305	948
305	973
306	135
306	826
306	985
306	999
306	1000
307	21
307	533
307	760
307	847
307	863
308	394
308	460
308	887
308	892
308	902
309	644
309	797
309	880
309	983
309	989
310	76
310	467
310	529
310	839
310	901
311	572
311	688
311	720
311	837
311	971
312	633
312	639
312	898
312	967
312	975
313	817
313	866
313	956
313	976
313	993
314	690
314	814
314	943
314	983
314	989
315	283
315	842
315	955
315	966
315	991
316	530
316	642
316	841
316	978
316	979
317	672
317	943
317	960
317	983
317	989
318	682
318	777
318	957
318	958
318	982
319	735
319	779
319	856
319	916
319	973
320	619
320	844
320	905
320	944
320	968
321	463
321	798
321	911
321	922
321	936
322	65
322	209
322	595
322	678
322	947
323	563
323	575
323	793
323	812
323	874
324	497
324	677
324	898
324	967
324	975
325	498
325	810
325	974
325	987
325	988
326	689
326	827
326	974
326	988
326	998
327	403
327	592
327	775
327	834
327	890
328	436
328	513
328	515
328	576
328	691
329	129
329	514
329	796
329	900
329	941
330	395
330	808
330	840
330	946
330	984
331	593
331	701
331	792
331	815
331	882
332	840
332	867
332	909
332	946
332	984
333	680
333	765
333	768
333	909
333	984
334	389
334	679
334	771
334	846
334	907
335	459
335	495
335	733
335	873
335	879
336	540
336	541
336	777
336	957
336	982
337	869
337	934
337	990
337	992
337	994
338	250
338	854
338	862
338	884
338	919
339	745
339	922
339	944
339	968
339	991
340	794
340	974
340	987
340	988
340	998
341	113
341	701
341	784
341	882
341	953
342	485
342	616
342	783
342	967
342	975
343	263
343	425
343	856
343	916
343	973
344	388
344	824
344	853
344	873
344	912
345	547
345	696
345	843
345	893
345	907
346	649
346	849
346	854
346	871
346	921
347	493
347	705
347	724
347	760
347	863
348	693
348	861
348	920
348	948
348	973
349	903
349	943
349	983
349	986
349	989
350	248
350	614
350	852
350	918
350	924
351	905
351	938
351	944
351	962
351	968
352	679
352	752
352	926
352	943
352	989
353	262
353	660
353	824
353	873
353	912
354	631
354	736
354	856
354	948
354	973
355	850
355	895
355	913
355	952
355	981
356	632
356	878
356	914
356	967
356	975
357	248
357	949
357	954
357	986
357	997
358	86
358	436
358	681
358	799
358	802
359	744
359	880
359	943
359	983
359	989
360	680
360	718
360	790
360	950
360	984
361	57
361	486
361	688
361	858
361	983
362	401
362	681
362	906
362	978
362	979
363	708
363	913
363	932
363	959
363	981
364	112
364	738
364	854
364	919
364	921
365	266
365	641
365	705
365	847
365	863
366	826
366	935
366	985
366	999
366	1000
367	81
367	232
367	450
367	500
367	900
368	516
368	765
368	808
368	946
368	984
369	174
369	533
369	554
369	847
369	871
370	92
370	934
370	990
370	992
370	995
371	449
371	528
371	607
371	685
371	874
372	711
372	923
372	956
372	960
372	993
373	529
373	757
373	762
373	891
373	901
374	790
374	808
374	946
374	950
374	984
375	741
375	804
375	827
375	830
375	882
376	54
376	928
376	987
376	988
376	998
377	710
377	854
377	990
377	995
377	996
378	512
378	908
378	926
378	961
378	965
379	586
379	638
379	750
379	978
379	979
380	614
380	841
380	906
380	978
380	979
381	933
381	935
381	980
381	999
381	1000
382	765
382	949
382	971
382	986
382	997
383	195
383	392
383	681
383	772
383	802
384	541
384	586
384	748
384	957
384	982
385	686
385	750
385	978
385	979
385	986
386	964
386	966
386	969
386	977
386	991
387	265
387	429
387	459
387	873
387	912
388	344
388	484
388	801
388	853
388	879
389	188
389	334
389	893
389	907
389	920
390	441
390	511
390	563
390	707
390	812
390	874
391	608
391	753
391	855
391	891
391	901
391	982
392	383
392	510
392	515
392	691
392	799
392	802
393	599
393	729
393	931
393	956
393	960
393	993
394	308
394	508
394	750
394	887
394	892
394	902
395	330
395	612
395	867
395	916
395	946
395	984
396	49
396	469
396	607
396	707
396	793
396	989
397	453
397	908
397	937
397	939
397	961
397	965
398	577
398	955
398	966
398	969
398	977
398	991
399	635
399	661
399	782
399	897
399	934
399	994
400	630
400	908
400	937
400	939
400	961
400	965
401	362
401	809
401	811
401	860
401	978
401	979
402	425
402	736
402	861
402	948
402	955
402	973
403	181
403	327
403	417
403	477
403	836
403	890
404	103
404	186
404	468
404	867
404	950
404	984
405	66
405	449
405	641
405	664
405	707
405	822
406	652
406	805
406	915
406	985
406	999
406	1000
407	941
407	945
407	946
407	971
407	986
407	997
408	579
408	629
408	699
408	880
408	983
408	989
409	932
409	940
409	964
409	966
409	969
409	991
410	784
410	792
410	804
410	805
410	830
410	882
411	753
411	762
411	839
411	846
411	855
411	891
412	655
412	935
412	980
412	985
412	999
412	1000
413	590
413	655
413	691
413	789
413	799
413	802
414	135
414	582
414	658
414	714
414	729
414	788
415	138
415	232
415	751
415	761
415	796
415	900
416	814
416	955
416	964
416	969
416	977
416	991
417	403
417	568
417	725
417	778
417	836
417	890
418	735
418	911
418	922
418	936
418	938
418	962
419	815
419	935
419	980
419	985
419	999
419	1000
420	606
420	764
420	881
420	901
420	930
420	947
421	685
421	825
421	903
421	943
421	983
421	989
422	939
422	990
422	992
422	994
422	995
422	996
423	536
423	895
423	917
423	925
423	959
423	981
424	622
424	777
424	957
424	958
424	963
424	982
425	343
425	402
425	774
425	916
425	948
425	973
426	296
426	714
426	846
426	883
426	920
426	966
427	639
427	779
427	861
427	916
427	948
427	973
428	548
428	739
428	748
428	887
428	892
428	902
429	387
429	495
429	509
429	661
429	733
429	912
430	101
430	167
430	660
430	839
430	855
430	901
431	260
431	702
431	748
431	818
431	958
431	982
432	581
432	776
432	779
432	916
432	948
432	973
433	848
433	917
433	925
433	952
433	959
433	981
434	886
434	942
434	963
434	992
434	995
434	996
435	682
435	773
435	794
435	808
435	958
435	982
436	70
436	328
436	358
436	576
436	799
436	802
437	915
437	935
437	980
437	985
437	999
437	1000
438	662
438	809
438	860
438	870
438	978
438	979
439	817
439	885
439	956
439	960
439	976
439	993
440	709
440	722
440	914
440	967
440	975
440	976
441	390
441	469
441	575
441	793
441	812
441	874
442	851
442	885
442	923
442	931
442	956
442	993
443	690
443	823
443	937
443	939
443	961
443	965
444	62
444	127
444	135
444	178
444	788
444	978
445	744
445	905
445	911
445	938
445	944
445	968
446	145
446	646
446	813
446	818
446	958
446	982
447	757
447	895
447	913
447	952
447	981
447	982
448	174
448	535
448	545
448	713
448	847
448	863
449	124
449	371
449	405
449	511
449	641
449	874
450	367
450	544
450	597
450	761
450	900
450	963
451	560
451	945
451	951
451	954
451	971
451	997
452	454
452	524
452	818
452	957
452	958
452	982
453	397
453	819
453	937
453	939
453	965
453	998
454	145
454	452
454	749
454	813
454	958
454	982
455	527
455	721
455	775
455	834
455	836
455	865
456	458
456	798
456	922
456	936
456	962
456	968
457	238
457	564
457	769
457	875
457	930
457	947
458	456
458	631
458	936
458	938
458	962
458	968
459	11
459	335
459	387
459	524
459	733
459	870
460	308
460	832
460	908
460	937
460	961
460	965
461	915
461	933
461	980
461	985
461	999
461	1000
462	518
462	625
462	880
462	943
462	983
462	989
463	82
463	192
463	321
463	500
463	544
463	900
464	617
464	718
464	739
464	887
464	892
464	902
465	899
465	932
465	940
465	955
465	977
465	991
466	825
466	929
466	951
466	971
466	986
466	997
467	310
467	608
467	753
467	839
467	855
467	891
468	10
468	404
468	840
468	946
468	950
468	984
469	396
469	441
469	581
469	664
469	812
469	874
470	617
470	752
470	926
470	943
470	983
470	989
471	180
471	806
471	835
471	927
471	976
471	993
472	734
472	915
472	980
472	985
472	999
472	1000
473	13
473	187
473	786
473	824
473	859
473	873
474	262
474	561
474	785
474	824
474	853
474	912
475	857
475	895
475	917
475	925
475	952
475	981
476	896
476	913
476	925
476	952
476	959
476	981
477	403
477	846
477	883
477	893
477	907
477	920
478	842
478	868
478	980
478	985
478	999
478	1000
479	534
479	719
479	926
479	943
479	983
479	989
480	514
480	597
480	751
480	796
480	900
480	905
481	199
481	283
481	532
481	582
481	609
481	942
482	573
482	777
482	801
482	856
482	916
482	973
483	646
483	748
483	794
483	958
483	982
483	988
484	388
484	542
484	654
484	687
484	785
484	824
485	342
485	613
485	878
485	914
485	967
485	975
486	9
486	94
486	361
486	659
486	745
486	858
487	727
487	854
487	953
487	972
487	987
487	988
487	998
488	499
488	538
488	739
488	844
488	887
488	892
488	902
489	611
489	823
489	908
489	937
489	939
489	961
489	965
490	96
490	726
490	911
490	936
490	938
490	962
490	968
491	932
491	940
491	955
491	966
491	969
491	977
491	991
492	605
492	848
492	850
492	864
492	952
492	959
492	981
493	347
493	545
493	554
493	705
493	724
493	863
493	952
494	246
494	809
494	841
494	870
494	978
494	979
494	988
495	17
495	335
495	429
495	716
495	785
495	859
495	912
496	201
496	247
496	296
496	565
496	696
496	766
496	821
497	74
497	324
497	840
497	898
497	914
497	967
497	975
498	70
498	127
498	325
498	532
498	582
498	609
498	788
499	488
499	548
499	630
499	739
499	887
499	892
499	902
500	82
500	196
500	367
500	463
500	761
500	775
500	796
501	181
501	725
501	778
501	834
501	836
501	890
501	931
502	928
502	953
502	970
502	972
502	974
502	988
502	998
503	684
503	832
503	908
503	937
503	939
503	961
503	965
504	840
504	953
504	970
504	972
504	987
504	988
504	998
505	166
505	591
505	659
505	688
505	743
505	837
505	858
506	828
506	868
506	933
506	935
506	985
506	999
506	1000
507	511
507	888
507	941
507	949
507	951
507	971
507	997
508	394
508	538
508	718
508	739
508	887
508	892
508	902
509	92
509	156
509	429
509	542
509	733
509	785
509	879
510	392
510	655
510	656
510	691
510	772
510	799
510	837
511	390
511	449
511	507
511	641
511	685
511	822
511	874
512	378
512	908
512	937
512	939
512	961
512	965
512	975
513	84
513	328
513	590
513	721
513	772
513	799
513	802
514	329
514	480
514	597
514	647
514	751
514	761
514	900
515	253
515	328
515	392
515	576
515	799
515	802
515	977
516	137
516	368
516	540
516	768
516	946
516	950
516	984
517	742
517	869
517	934
517	963
517	973
517	990
517	992
518	462
518	625
518	903
518	926
518	957
518	983
518	989
519	585
519	606
519	789
519	875
519	881
519	930
519	947
520	527
520	623
520	721
520	725
520	778
520	834
520	836
521	255
521	536
521	728
521	798
521	936
521	962
521	968
522	849
522	862
522	871
522	884
522	915
522	919
522	921
523	616
523	633
523	657
523	898
523	914
523	967
523	975
524	262
524	452
524	459
524	654
524	785
524	879
524	912
525	242
525	581
525	631
525	856
525	916
525	948
525	973
526	811
526	826
526	935
526	980
526	985
526	999
526	1000
527	455
527	520
527	592
527	775
527	778
527	836
527	890
528	371
528	928
528	953
528	970
528	974
528	988
528	998
529	310
529	373
529	571
529	660
529	753
529	891
529	901
530	316
530	876
530	945
530	954
530	971
530	986
530	997
531	62
531	133
531	283
531	303
531	532
531	729
531	788
532	481
532	498
532	531
532	658
532	729
532	788
532	926
533	307
533	369
533	713
533	724
533	791
533	847
533	863
534	479
534	586
534	794
534	813
534	957
534	958
534	982
535	30
535	266
535	448
535	713
535	847
535	863
535	995
536	423
536	521
536	665
536	911
536	922
536	936
536	938
537	209
537	645
537	717
537	766
537	907
537	920
537	992
538	32
538	488
538	508
538	617
538	622
538	892
538	902
539	26
539	558
539	648
539	897
539	964
539	995
539	996
540	336
540	516
540	808
540	840
540	946
540	950
540	984
541	336
541	384
541	723
541	770
541	813
541	957
541	982
542	484
542	509
542	853
542	859
542	873
542	879
542	912
543	41
543	555
543	663
543	666
543	852
543	894
543	924
544	86
544	232
544	450
544	463
544	751
544	796
544	900
545	448
545	493
545	713
545	760
545	847
545	863
545	952
546	899
546	940
546	955
546	964
546	969
546	977
546	991
547	345
547	587
547	671
547	696
547	843
547	893
547	907
548	19
548	177
548	428
548	499
548	887
548	892
548	902
549	787
549	940
549	955
549	964
549	969
549	977
549	991
550	708
550	963
550	990
550	992
550	994
550	995
550	996
551	768
551	790
551	867
551	909
551	946
551	950
551	984
552	902
552	955
552	964
552	966
552	969
552	977
552	991
553	728
553	745
553	844
553	905
553	936
553	938
553	944
554	194
554	369
554	493
554	705
554	760
554	863
554	976
555	543
555	764
555	767
555	820
555	852
555	894
555	918
556	747
556	797
556	852
556	894
556	918
556	924
556	958
557	659
557	941
557	945
557	949
557	954
557	986
557	997
558	100
558	539
558	710
558	855
558	963
558	990
558	995
559	290
559	780
559	838
559	845
559	960
559	976
559	993
560	451
560	613
560	878
560	898
560	914
560	967
560	975
561	474
561	955
561	964
561	966
561	969
561	977
561	991
562	15
562	87
562	819
562	823
562	908
562	939
562	961
562	965
563	323
563	390
563	575
563	641
563	664
563	822
563	873
563	874
564	457
564	585
564	606
564	678
564	760
564	769
564	875
564	930
565	496
565	575
565	645
565	696
565	843
565	883
565	893
565	907
566	595
566	606
566	764
566	769
566	875
566	881
566	930
566	947
567	173
567	271
567	832
567	908
567	937
567	939
567	961
567	965
568	215
568	270
568	417
568	721
568	778
568	834
568	836
568	890
569	945
569	949
569	951
569	954
569	962
569	971
569	986
569	997
570	784
570	792
570	804
570	805
570	815
570	827
570	830
570	882
571	529
571	932
571	940
571	955
571	964
571	969
571	977
571	991
572	57
572	94
572	272
572	311
572	591
572	720
572	837
572	858
573	482
573	626
573	675
573	736
573	846
573	861
573	948
573	973
574	60
574	848
574	863
574	917
574	925
574	952
574	959
574	981
575	18
575	245
575	323
575	441
575	563
575	565
575	793
575	822
576	273
576	328
576	436
576	515
576	656
576	691
576	772
576	802
577	81
577	192
577	398
577	597
577	751
577	761
577	796
577	900
578	857
578	864
578	895
578	913
578	917
578	952
578	959
578	981
579	226
579	408
579	719
579	879
579	880
579	926
579	983
579	989
580	932
580	940
580	955
580	964
580	966
580	969
580	977
580	991
581	432
581	469
581	525
581	639
581	673
581	736
581	861
581	973
582	108
582	127
582	148
582	414
582	481
582	498
582	658
582	729
583	185
583	934
583	942
583	963
583	990
583	992
583	994
583	996
584	808
584	833
584	915
584	933
584	980
584	985
584	999
584	1000
585	120
585	519
585	564
585	875
585	881
585	930
585	947
585	979
586	379
586	384
586	534
586	770
586	818
586	957
586	958
586	982
587	50
587	208
587	246
587	547
587	841
587	870
587	978
587	979
588	819
588	832
588	905
588	908
588	937
588	939
588	961
588	965
589	636
589	895
589	917
589	925
589	952
589	959
589	981
589	995
590	86
590	223
590	253
590	413
590	513
590	655
590	681
590	802
591	123
591	148
591	505
591	572
591	688
591	720
591	743
591	858
592	327
592	527
592	623
592	725
592	775
592	834
592	890
592	923
593	299
593	331
593	701
593	741
593	805
593	827
593	830
593	882
594	651
594	792
594	897
594	934
594	963
594	990
594	994
594	995
595	322
595	566
595	764
595	875
595	881
595	903
595	930
595	947
596	207
596	763
596	849
596	854
596	862
596	884
596	919
596	921
597	450
597	480
597	514
597	577
597	751
597	761
597	858
597	900
598	618
598	897
598	942
598	963
598	990
598	992
598	995
598	996
599	393
599	851
599	885
599	927
599	931
599	960
599	976
599	993
600	894
600	932
600	940
600	964
600	966
600	969
600	977
600	991
601	686
601	694
601	841
601	860
601	870
601	906
601	978
601	979
602	90
602	618
602	809
602	836
602	841
602	906
602	978
602	979
603	928
603	953
603	970
603	972
603	974
603	987
603	988
603	998
604	845
604	889
604	923
604	937
604	956
604	960
604	976
604	993
605	161
605	492
605	895
605	896
605	913
605	952
605	959
605	981
606	420
606	519
606	564
606	566
606	764
606	769
606	875
606	881
607	371
607	396
607	664
607	707
607	812
607	822
607	874
607	970
608	154
608	391
608	467
608	753
608	762
608	839
608	891
608	901
609	133
609	178
609	275
609	283
609	481
609	498
609	729
609	788
610	785
610	835
610	866
610	889
610	923
610	931
610	960
610	993
611	489
611	630
611	819
611	832
611	908
611	939
611	961
611	965
612	395
612	747
612	768
612	840
612	909
612	946
612	950
612	984
613	485
613	560
613	807
613	878
613	914
613	953
613	967
613	975
614	208
614	350
614	380
614	618
614	870
614	906
614	978
614	979
615	865
615	928
615	953
615	972
615	974
615	987
615	988
615	998
616	297
616	342
616	523
616	657
616	898
616	914
616	967
616	975
617	212
617	464
617	470
617	538
617	718
617	887
617	892
617	902
618	304
618	598
618	602
618	614
618	662
618	870
618	978
618	979
619	320
619	726
619	844
619	911
619	922
619	936
619	938
619	968
620	803
620	869
620	975
620	990
620	992
620	994
620	995
620	996
621	932
621	940
621	964
621	966
621	969
621	977
621	985
621	991
622	424
622	538
622	682
622	777
622	813
622	957
622	958
622	982
623	5
623	520
623	592
623	721
623	725
623	775
623	834
623	890
624	636
624	864
624	895
624	896
624	917
624	925
624	952
624	981
625	109
625	462
625	518
625	899
625	903
625	943
625	983
625	989
626	111
626	573
626	639
626	693
626	861
626	916
626	945
626	948
627	669
627	791
627	828
627	912
627	980
627	985
627	999
627	1000
628	157
628	229
628	237
628	744
628	911
628	922
628	962
628	968
629	79
629	408
629	791
629	833
629	933
629	980
629	985
629	999
629	1000
630	400
630	499
630	611
630	684
630	823
630	908
630	939
630	961
630	965
631	263
631	354
631	458
631	525
631	801
631	856
631	861
631	916
631	973
632	176
632	356
632	649
632	722
632	807
632	878
632	914
632	967
632	975
633	158
633	312
633	523
633	783
633	888
633	898
633	914
633	967
633	975
634	253
634	851
634	885
634	927
634	931
634	956
634	960
634	976
634	993
635	7
635	399
635	739
635	942
635	963
635	992
635	994
635	995
635	996
636	589
636	624
636	828
636	850
636	895
636	896
636	952
636	959
636	981
637	83
637	101
637	663
637	747
637	820
637	852
637	894
637	918
637	924
638	379
638	642
638	686
638	750
638	841
638	870
638	967
638	978
638	979
639	312
639	427
639	581
639	626
639	675
639	693
639	861
639	948
639	973
640	758
640	877
640	953
640	961
640	970
640	972
640	974
640	988
640	998
641	49
641	365
641	405
641	449
641	511
641	563
641	793
641	822
641	874
642	157
642	316
642	638
642	809
642	822
642	841
642	906
642	978
642	979
643	274
643	783
643	807
643	878
643	898
643	914
643	921
643	967
643	975
644	109
644	309
644	699
644	752
644	903
644	911
644	926
644	983
644	989
645	133
645	537
645	565
645	714
645	771
645	843
645	883
645	893
645	920
646	446
646	483
646	702
646	749
646	754
646	773
646	818
646	958
646	982
647	514
647	876
647	904
647	945
647	949
647	954
647	971
647	986
647	997
648	539
648	732
648	910
648	934
648	983
648	990
648	992
648	994
648	996
649	72
649	346
649	632
649	722
649	807
649	878
649	898
649	914
649	975
650	688
650	932
650	940
650	955
650	964
650	966
650	969
650	977
650	991
651	594
651	889
651	897
651	910
651	990
651	992
651	994
651	995
651	996
652	406
652	734
652	828
652	933
652	980
652	985
652	992
652	999
652	1000
653	899
653	932
653	940
653	955
653	964
653	966
653	969
653	977
653	991
654	276
654	484
654	524
654	785
654	824
654	853
654	859
654	873
654	943
655	253
655	412
655	413
655	510
655	590
655	656
655	681
655	772
655	799
656	253
656	510
656	576
656	655
656	681
656	691
656	772
656	799
656	944
657	523
657	616
657	709
657	807
657	878
657	914
657	967
657	975
657	994
658	62
658	108
658	283
658	290
658	414
658	532
658	582
658	729
658	788
659	57
659	143
659	486
659	505
659	557
659	720
659	743
659	837
659	858
660	353
660	430
660	529
660	753
660	762
660	839
660	855
660	891
660	901
661	399
661	429
661	803
661	963
661	990
661	992
661	994
661	995
661	996
662	304
662	438
662	618
662	841
662	860
662	870
662	927
662	978
662	979
663	543
663	637
663	759
663	797
663	820
663	887
663	894
663	918
663	924
664	405
664	469
664	563
664	607
664	685
664	793
664	812
664	822
664	978
665	75
665	165
665	536
665	798
665	844
665	911
665	922
665	944
665	962
666	8
666	543
666	759
666	767
666	797
666	820
666	894
666	918
666	924
667	741
667	897
667	910
667	942
667	963
667	990
667	992
667	995
667	996
668	300
668	828
668	915
668	933
668	935
668	980
668	985
668	999
668	1000
669	627
669	787
669	933
669	935
669	980
669	985
669	994
669	999
669	1000
670	831
670	877
670	953
670	970
670	972
670	974
670	987
670	988
670	998
671	547
671	679
671	771
671	843
671	879
671	883
671	893
671	907
671	920
672	317
672	677
672	690
672	715
672	825
672	943
672	983
672	989
672	997
673	581
673	736
673	774
673	779
673	793
673	856
673	916
673	948
673	973
674	835
674	899
674	940
674	955
674	964
674	966
674	969
674	977
674	991
675	35
675	573
675	639
675	774
675	801
675	856
675	916
675	948
675	973
676	267
676	702
676	723
676	748
676	773
676	791
676	813
676	958
676	982
677	324
677	672
677	690
677	692
677	825
677	880
677	926
677	983
677	989
678	69
678	125
678	287
678	322
678	564
678	789
678	881
678	930
678	947
679	188
679	334
679	352
679	671
679	821
679	846
679	883
679	893
679	907
680	48
680	333
680	360
680	765
680	808
680	840
680	867
680	946
680	984
681	84
681	358
681	362
681	383
681	590
681	655
681	656
681	772
681	799
682	318
682	435
682	622
682	770
682	794
682	818
682	957
682	972
682	982
683	899
683	932
683	940
683	955
683	964
683	966
683	969
683	977
683	991
684	241
684	503
684	630
684	819
684	823
684	937
684	939
684	961
684	965
685	245
685	250
685	371
685	421
685	511
685	664
685	707
685	812
685	822
685	874
686	385
686	601
686	638
686	694
686	759
686	860
686	870
686	906
686	978
686	979
687	160
687	484
687	730
687	763
687	854
687	862
687	871
687	884
687	919
687	921
688	15
688	123
688	216
688	311
688	361
688	505
688	591
688	650
688	837
688	858
689	326
689	816
689	865
689	877
689	883
689	970
689	974
689	987
689	988
689	998
690	314
690	443
690	672
690	677
690	814
690	903
690	926
690	943
690	983
690	989
691	49
691	223
691	328
691	392
691	413
691	510
691	576
691	656
691	799
691	802
692	677
692	737
692	814
692	825
692	867
692	903
692	926
692	943
692	983
692	989
693	210
693	348
693	626
693	639
693	740
693	774
693	779
693	856
693	861
693	973
694	36
694	601
694	686
694	716
694	809
694	870
694	906
694	978
694	979
694	987
695	26
695	161
695	710
695	715
695	910
695	963
695	990
695	992
695	995
695	996
696	345
696	496
696	547
696	565
696	771
696	795
696	843
696	907
696	920
696	986
697	731
697	791
697	929
697	945
697	949
697	951
697	954
697	971
697	986
697	997
698	257
698	752
698	814
698	880
698	903
698	926
698	943
698	974
698	983
698	989
699	408
699	644
699	719
699	814
699	825
699	862
699	880
699	903
699	983
699	989
700	709
700	842
700	899
700	932
700	940
700	955
700	966
700	969
700	977
700	991
701	247
701	331
701	341
701	593
701	784
701	792
701	804
701	810
701	827
701	882
702	431
702	646
702	676
702	749
702	777
702	794
702	930
702	957
702	958
702	982
703	845
703	851
703	889
703	923
703	927
703	931
703	956
703	963
703	976
703	993
704	732
704	836
704	886
704	942
704	963
704	990
704	992
704	994
704	995
704	996
705	21
705	30
705	145
705	347
705	365
705	493
705	554
705	713
705	760
705	863
706	724
706	781
706	928
706	953
706	970
706	972
706	974
706	987
706	988
706	998
707	49
707	274
707	390
707	396
707	405
707	607
707	685
707	793
707	822
707	874
708	363
708	550
708	848
708	864
708	896
708	913
708	917
708	952
708	959
708	981
709	72
709	440
709	657
709	700
709	807
709	878
709	898
709	914
709	967
709	975
710	377
710	558
710	695
710	904
710	942
710	963
710	990
710	994
710	995
710	996
711	20
711	372
711	763
711	849
711	854
711	862
711	871
711	884
711	919
711	921
712	888
712	904
712	929
712	945
712	951
712	954
712	971
712	986
712	996
712	997
713	30
713	448
713	533
713	535
713	545
713	705
713	724
713	760
713	863
713	913
714	134
714	414
714	426
714	645
714	766
714	821
714	843
714	846
714	883
714	920
715	672
715	695
715	737
715	752
715	825
715	880
715	926
715	943
715	983
715	989
716	260
716	304
716	495
716	694
716	809
716	841
716	860
716	906
716	978
716	979
717	35
717	201
717	209
717	230
717	293
717	537
717	795
717	843
717	893
717	920
718	19
718	32
718	105
718	360
718	464
718	508
718	617
718	739
718	887
718	892
719	479
719	579
719	699
719	742
719	880
719	903
719	926
719	943
719	983
719	989
720	94
720	123
720	311
720	572
720	591
720	659
720	743
720	796
720	837
720	858
721	455
721	513
721	520
721	568
721	623
721	725
721	778
721	834
721	836
721	890
722	218
722	440
722	632
722	649
722	878
722	898
722	914
722	930
722	967
722	975
723	59
723	268
723	299
723	541
723	676
723	813
723	818
723	957
723	958
723	982
724	162
724	194
724	347
724	493
724	533
724	706
724	713
724	760
724	847
724	863
725	270
725	417
725	501
725	520
725	592
725	623
725	721
725	836
725	890
725	897
726	490
726	619
726	735
726	830
726	905
726	911
726	922
726	936
726	944
726	962
726	968
727	487
727	877
727	928
727	941
727	953
727	970
727	972
727	974
727	987
727	988
727	998
728	50
728	521
728	553
728	798
728	844
728	905
728	911
728	938
728	944
728	962
728	968
729	62
729	70
729	133
729	148
729	393
729	414
729	531
729	532
729	582
729	609
729	658
730	78
730	687
730	763
730	849
730	854
730	862
730	871
730	884
730	919
730	921
730	989
731	697
731	833
731	876
731	941
731	945
731	949
731	951
731	954
731	971
731	986
731	997
732	141
732	251
732	298
732	648
732	704
732	801
732	886
732	942
732	994
732	995
732	996
733	13
733	54
733	276
733	335
733	429
733	459
733	509
733	853
733	859
733	879
733	881
734	472
734	652
734	755
734	833
734	915
734	918
734	935
734	980
734	985
734	999
734	1000
735	319
735	418
735	726
735	798
735	844
735	905
735	922
735	936
735	938
735	944
735	962
736	128
736	354
736	402
736	573
736	581
736	673
736	774
736	916
736	948
736	971
736	973
737	77
737	692
737	715
737	772
737	814
737	880
737	926
737	943
737	966
737	983
737	989
738	364
738	740
738	876
738	888
738	929
738	941
738	945
738	949
738	971
738	986
738	997
739	104
739	428
739	464
739	488
739	499
739	508
739	635
739	718
739	887
739	892
739	902
740	693
740	738
740	872
740	888
740	904
740	949
740	951
740	954
740	971
740	986
740	997
741	113
741	247
741	272
741	375
741	593
741	667
741	804
741	805
741	815
741	830
741	882
742	517
742	719
742	803
742	869
742	886
742	922
742	942
742	990
742	992
742	995
742	996
743	9
743	15
743	89
743	176
743	216
743	505
743	591
743	659
743	720
743	837
743	858
744	359
744	445
744	628
744	781
744	905
744	911
744	922
744	936
744	938
744	944
744	968
745	339
745	486
745	553
745	905
745	911
745	922
745	936
745	938
745	944
745	962
745	968
746	835
746	838
746	851
746	885
746	927
746	931
746	956
746	960
746	976
746	993
746	995
747	101
747	186
747	556
747	612
747	637
747	759
747	767
747	820
747	894
747	918
747	924
748	297
748	384
748	428
748	431
748	483
748	676
748	770
748	773
748	957
748	958
748	982
749	244
749	454
749	646
749	702
749	770
749	773
749	813
749	950
749	957
749	958
749	982
750	379
750	385
750	394
750	638
750	809
750	841
750	860
750	870
750	906
750	978
750	979
751	129
751	415
751	480
751	514
751	544
751	577
751	597
751	761
751	796
751	900
751	950
752	352
752	470
752	644
752	698
752	715
752	903
752	926
752	928
752	943
752	983
752	989
753	391
753	411
753	467
753	529
753	608
753	660
753	762
753	767
753	839
753	891
753	901
754	646
754	872
754	876
754	888
754	904
754	929
754	941
754	951
754	954
754	971
754	986
754	997
755	734
755	811
755	820
755	826
755	828
755	833
755	868
755	935
755	980
755	985
755	999
755	1000
756	149
756	776
756	842
756	899
756	932
756	940
756	955
756	964
756	966
756	969
756	977
756	991
757	83
757	131
757	373
757	447
757	850
757	857
757	864
757	896
757	925
757	952
757	959
757	981
758	640
758	816
758	831
758	928
758	953
758	970
758	972
758	974
758	976
758	987
758	988
758	998
759	281
759	663
759	666
759	686
759	747
759	767
759	797
759	820
759	852
759	894
759	918
759	924
760	174
760	194
760	228
760	307
760	347
760	545
760	554
760	564
760	705
760	713
760	724
760	847
761	82
761	196
761	415
761	450
761	500
761	514
761	577
761	597
761	751
761	784
761	900
761	981
762	6
762	117
762	373
762	411
762	608
762	660
762	753
762	838
762	839
762	855
762	891
762	901
763	20
763	207
763	596
763	687
763	711
763	730
763	849
763	854
763	871
763	884
763	900
763	921
764	224
764	420
764	555
764	566
764	595
764	606
764	769
764	789
764	875
764	881
764	930
764	947
765	278
765	333
765	368
765	382
765	680
765	808
765	811
765	867
765	909
765	946
765	950
765	984
766	496
766	537
766	714
766	771
766	821
766	843
766	846
766	883
766	893
766	907
766	920
766	932
767	555
767	666
767	747
767	753
767	759
767	797
767	820
767	852
767	887
767	894
767	918
767	924
768	190
768	333
768	516
768	551
768	612
768	790
768	840
768	858
768	867
768	946
768	950
768	984
769	29
769	171
769	269
769	457
769	564
769	566
769	606
769	764
769	781
769	881
769	930
769	947
770	244
770	266
770	541
770	586
770	682
770	748
770	749
770	773
770	818
770	957
770	958
770	982
771	334
771	645
771	671
771	696
771	766
771	795
771	821
771	843
771	846
771	861
771	883
771	920
772	86
772	223
772	383
772	510
772	513
772	576
772	655
772	656
772	681
772	737
772	799
772	802
773	435
773	646
773	676
773	748
773	749
773	770
773	794
773	813
773	957
773	958
773	974
773	982
774	4
774	425
774	673
774	675
774	693
774	736
774	779
774	801
774	916
774	948
774	973
774	994
775	211
775	270
775	327
775	455
775	500
775	527
775	592
775	623
775	778
775	834
775	836
775	890
776	432
776	756
776	842
776	899
776	932
776	940
776	955
776	964
776	966
776	969
776	977
776	991
777	163
777	267
777	318
777	336
777	424
777	482
777	622
777	702
777	818
777	957
777	958
777	982
778	219
778	417
778	501
778	520
778	527
778	568
778	721
778	775
778	834
778	836
778	851
778	890
779	319
779	427
779	432
779	673
779	693
779	774
779	856
779	861
779	916
779	948
779	973
779	987
780	559
780	806
780	838
780	866
780	923
780	927
780	931
780	956
780	960
780	976
780	990
780	993
781	706
781	744
781	769
781	865
781	877
781	928
781	953
781	970
781	972
781	974
781	987
781	988
781	998
782	100
782	258
782	399
782	786
782	869
782	897
782	910
782	963
782	992
782	994
782	995
782	996
782	1000
783	91
783	158
783	206
783	274
783	342
783	633
783	643
783	878
783	898
783	914
783	967
783	968
783	975
784	303
784	341
784	410
784	570
784	701
784	761
784	792
784	804
784	805
784	815
784	827
784	830
784	882
785	265
785	474
785	484
785	495
785	509
785	524
785	610
785	654
785	853
785	859
785	873
785	912
785	929
786	7
786	473
786	782
786	869
786	886
786	910
786	934
786	942
786	963
786	990
786	994
786	995
786	996
787	243
787	549
787	669
787	833
787	868
787	915
787	933
787	935
787	972
787	980
787	985
787	999
787	1000
788	108
788	127
788	135
788	148
788	178
788	414
788	444
788	498
788	531
788	532
788	609
788	658
788	975
789	3
789	37
789	65
789	120
789	269
789	286
789	413
789	519
789	678
789	764
789	875
789	930
789	947
790	118
790	126
790	155
790	213
790	360
790	374
790	551
790	768
790	867
790	909
790	946
790	950
790	984
791	533
791	627
791	629
791	676
791	697
791	828
791	868
791	933
791	935
791	980
791	985
791	999
791	1000
792	103
792	303
792	331
792	410
792	570
792	594
792	701
792	784
792	805
792	815
792	827
792	830
792	882
793	18
793	250
793	323
793	396
793	441
793	575
793	641
793	664
793	673
793	707
793	812
793	822
793	874
794	163
794	299
794	340
794	435
794	483
794	534
794	682
794	702
794	773
794	813
794	957
794	958
794	982
795	134
795	201
795	296
795	696
795	717
795	771
795	821
795	843
795	846
795	883
795	907
795	920
795	957
796	81
796	138
796	232
796	329
796	415
796	480
796	500
796	544
796	577
796	720
796	751
796	900
796	973
797	1
797	114
797	248
797	309
797	556
797	663
797	666
797	759
797	767
797	852
797	894
797	918
797	924
798	321
798	456
798	521
798	665
798	728
798	735
798	886
798	905
798	911
798	936
798	938
798	962
798	968
799	164
799	358
799	392
799	413
799	436
799	510
799	513
799	515
799	655
799	656
799	681
799	691
799	772
800	872
800	888
800	904
800	929
800	941
800	945
800	949
800	951
800	954
800	971
800	986
800	996
800	997
801	111
801	164
801	242
801	388
801	482
801	631
801	675
801	732
801	774
801	856
801	916
801	948
801	973
802	23
802	84
802	358
802	383
802	392
802	413
802	436
802	513
802	515
802	576
802	590
802	691
802	772
802	816
803	620
803	661
803	742
803	886
803	897
803	942
803	959
803	962
803	963
803	990
803	992
803	994
803	995
803	996
804	113
804	247
804	289
804	375
804	410
804	570
804	701
804	741
804	784
804	815
804	827
804	830
804	864
804	882
805	193
805	272
805	289
805	406
805	410
805	570
805	593
805	741
805	784
805	792
805	827
805	830
805	882
805	902
806	215
806	279
806	471
806	780
806	885
806	889
806	923
806	927
806	931
806	944
806	956
806	960
806	976
806	993
807	179
807	228
807	613
807	632
807	643
807	649
807	657
807	709
807	878
807	898
807	914
807	916
807	967
807	975
808	330
808	368
808	374
808	435
808	540
808	584
808	680
808	765
808	840
808	867
808	909
808	946
808	950
808	984
809	233
809	401
809	438
809	494
809	602
809	642
809	694
809	716
809	750
809	860
809	869
809	906
809	978
809	979
810	325
810	701
810	816
810	831
810	865
810	915
810	928
810	953
810	970
810	972
810	974
810	987
810	988
810	998
811	401
811	526
811	755
811	765
811	826
811	828
811	868
811	915
811	933
811	935
811	980
811	985
811	999
811	1000
812	18
812	245
812	250
812	323
812	390
812	441
812	469
812	607
812	664
812	685
812	793
812	822
812	874
812	975
813	299
813	446
813	454
813	534
813	541
813	622
813	676
813	723
813	749
813	773
813	794
813	947
813	957
813	982
814	314
814	416
814	690
814	692
814	698
814	699
814	737
814	825
814	867
814	880
814	903
814	943
814	983
814	989
815	193
815	272
815	289
815	303
815	331
815	419
815	570
815	741
815	784
815	792
815	804
815	827
815	830
815	882
816	689
816	758
816	802
816	810
816	831
816	865
816	928
816	953
816	970
816	972
816	974
816	987
816	988
816	998
817	288
817	313
817	439
817	838
817	845
817	851
817	866
817	889
817	923
817	927
817	956
817	960
817	976
817	993
818	31
818	431
818	446
818	452
818	586
818	646
818	682
818	723
818	770
818	777
818	928
818	957
818	958
818	982
819	121
819	191
819	453
819	562
819	588
819	611
819	684
819	823
819	832
819	908
819	937
819	961
819	965
819	987
820	68
820	114
820	139
820	555
820	637
820	663
820	666
820	747
820	755
820	759
820	767
820	894
820	918
820	924
821	188
821	230
821	496
821	679
821	714
821	766
821	771
821	795
821	843
821	883
821	885
821	893
821	907
821	920
822	405
822	511
822	563
822	575
822	607
822	641
822	642
822	664
822	685
822	707
822	793
822	812
822	874
822	954
823	237
823	443
823	489
823	562
823	630
823	684
823	819
823	832
823	864
823	908
823	937
823	939
823	961
823	965
824	66
824	98
824	276
824	344
824	353
824	473
824	474
824	484
824	654
824	853
824	859
824	873
824	879
824	906
824	912
825	421
825	466
825	672
825	677
825	692
825	699
825	715
825	814
825	837
825	880
825	903
825	926
825	943
825	983
825	989
826	306
826	366
826	526
826	755
826	811
826	833
826	868
826	915
826	933
826	935
826	955
826	980
826	985
826	999
826	1000
827	73
827	303
827	326
827	375
827	570
827	593
827	701
827	784
827	792
827	804
827	805
827	815
827	830
827	882
827	948
828	506
828	627
828	636
828	652
828	668
828	755
828	791
828	811
828	915
828	933
828	935
828	980
828	985
828	999
828	1000
829	300
829	872
829	876
829	888
829	904
829	924
829	929
829	941
829	945
829	949
829	951
829	954
829	971
829	986
829	997
830	272
830	375
830	410
830	570
830	593
830	726
830	741
830	784
830	792
830	804
830	805
830	815
830	827
830	882
830	977
831	2
831	236
831	670
831	758
831	810
831	816
831	865
831	877
831	953
831	970
831	972
831	974
831	987
831	988
831	998
832	40
832	460
832	503
832	567
832	588
832	611
832	819
832	823
832	908
832	919
832	937
832	939
832	956
832	961
832	965
833	584
833	629
833	731
833	734
833	755
833	787
833	826
833	868
833	915
833	933
833	980
833	985
833	992
833	999
833	1000
834	181
834	211
834	327
834	455
834	501
834	520
834	568
834	592
834	623
834	721
834	775
834	778
834	890
834	903
834	979
835	471
835	610
835	674
835	746
835	845
835	866
835	885
835	889
835	923
835	927
835	956
835	960
835	976
835	991
835	993
836	219
836	403
836	417
836	455
836	501
836	520
836	527
836	568
836	602
836	704
836	721
836	725
836	775
836	778
836	890
837	9
837	89
837	123
837	143
837	216
837	311
837	505
837	510
837	572
837	659
837	688
837	720
837	743
837	825
837	858
838	305
838	559
838	746
838	762
838	780
838	817
838	866
838	889
838	923
838	927
838	931
838	956
838	960
838	976
838	993
839	5
839	27
839	33
839	47
839	310
839	411
839	430
839	467
839	608
839	660
839	753
839	762
839	855
839	891
839	901
839	986
840	177
840	330
840	332
840	468
840	497
840	504
840	540
840	612
840	680
840	768
840	808
840	867
840	909
840	946
840	950
840	984
841	316
841	380
841	494
841	587
841	601
841	602
841	638
841	642
841	662
841	716
841	750
841	860
841	906
841	978
841	979
841	983
842	315
842	478
842	700
842	756
842	776
842	899
842	932
842	940
842	955
842	964
842	966
842	969
842	977
842	991
843	345
843	547
843	565
843	645
843	671
843	696
843	714
843	717
843	766
843	771
843	795
843	821
843	846
843	883
843	920
843	949
844	183
844	320
844	488
844	553
844	619
844	665
844	728
844	735
844	905
844	911
844	922
844	936
844	938
844	944
844	962
844	968
845	115
845	559
845	604
845	703
845	817
845	835
845	866
845	885
845	889
845	923
845	931
845	956
845	960
845	976
845	985
845	993
846	230
846	334
846	411
846	426
846	477
846	573
846	679
846	714
846	766
846	771
846	795
846	843
846	883
846	893
846	907
846	920
847	30
847	174
847	194
847	266
847	307
847	365
847	369
847	448
847	533
847	535
847	545
847	724
847	760
847	863
847	925
847	946
848	131
848	294
848	433
848	492
848	574
848	708
848	850
848	857
848	864
848	913
848	917
848	923
848	925
848	952
848	959
848	981
849	93
849	291
849	346
849	522
849	596
849	711
849	730
849	763
849	854
849	862
849	871
849	884
849	919
849	921
849	945
849	991
850	185
850	355
850	492
850	636
850	757
850	848
850	857
850	864
850	896
850	913
850	917
850	925
850	944
850	952
850	959
850	981
851	261
851	442
851	599
851	634
851	703
851	746
851	778
851	817
851	866
851	885
851	889
851	923
851	931
851	960
851	976
851	993
852	1
852	8
852	67
852	114
852	350
852	543
852	555
852	556
852	637
852	759
852	767
852	797
852	894
852	918
852	924
852	935
853	11
853	85
853	98
853	262
853	265
853	344
853	388
853	474
853	542
853	654
853	733
853	785
853	824
853	859
853	873
853	879
853	997
854	93
854	338
854	346
854	364
854	377
854	487
854	596
854	687
854	711
854	730
854	763
854	849
854	862
854	871
854	884
854	919
854	921
855	6
855	16
855	27
855	33
855	47
855	154
855	167
855	391
855	411
855	430
855	467
855	558
855	660
855	762
855	839
855	891
855	901
856	162
856	165
856	319
856	343
856	354
856	482
856	525
856	631
856	673
856	675
856	693
856	779
856	801
856	916
856	948
856	973
856	990
857	60
857	273
857	475
857	578
857	757
857	848
857	850
857	864
857	895
857	896
857	913
857	917
857	925
857	952
857	959
857	981
857	988
858	15
858	57
858	89
858	143
858	216
858	361
858	486
858	505
858	572
858	591
858	597
858	659
858	688
858	720
858	743
858	768
858	837
859	17
859	54
859	92
859	98
859	114
859	473
859	495
859	542
859	654
859	733
859	785
859	824
859	853
859	873
859	879
859	912
859	934
860	233
860	245
860	246
860	263
860	401
860	438
860	601
860	662
860	686
860	716
860	750
860	809
860	841
860	870
860	906
860	978
860	979
861	35
861	128
861	164
861	305
861	348
861	402
861	427
861	573
861	581
861	626
861	631
861	639
861	693
861	771
861	779
861	948
861	951
861	973
862	20
862	112
862	160
862	275
862	338
862	522
862	596
862	687
862	699
862	711
862	730
862	849
862	854
862	871
862	884
862	913
862	919
862	921
863	21
863	24
863	162
863	266
863	307
863	347
863	365
863	448
863	493
863	533
863	535
863	545
863	554
863	574
863	705
863	713
863	724
863	847
864	273
864	492
864	578
864	624
864	708
864	757
864	804
864	823
864	848
864	850
864	857
864	895
864	913
864	917
864	925
864	952
864	959
864	981
865	29
865	256
865	455
865	615
865	689
865	781
865	810
865	816
865	831
865	877
865	928
865	953
865	970
865	972
865	974
865	987
865	988
865	998
866	221
866	313
866	610
866	780
866	817
866	835
866	838
866	845
866	851
866	885
866	889
866	927
866	931
866	956
866	960
866	976
866	984
866	993
867	14
867	278
867	332
867	395
867	404
867	551
867	680
867	692
867	765
867	768
867	790
867	808
867	814
867	840
867	909
867	946
867	950
867	984
868	79
868	478
868	506
868	755
868	787
868	791
868	811
868	826
868	833
868	904
868	906
868	915
868	933
868	935
868	980
868	985
868	999
868	1000
869	167
869	251
869	337
869	517
869	620
869	742
869	782
869	786
869	809
869	886
869	910
869	934
869	963
869	990
869	992
869	994
869	995
869	996
870	260
870	438
870	459
870	494
870	587
870	601
870	614
870	618
870	638
870	662
870	686
870	694
870	750
870	860
870	906
870	976
870	978
870	979
871	78
871	147
871	160
871	280
871	292
871	346
871	369
871	522
871	687
871	711
871	730
871	763
871	849
871	854
871	862
871	884
871	919
871	921
872	740
872	754
872	800
872	829
872	876
872	888
872	899
872	904
872	929
872	941
872	945
872	949
872	951
872	954
872	959
872	971
872	986
872	997
873	97
873	156
873	171
873	276
873	335
873	344
873	353
873	387
873	473
873	542
873	563
873	654
873	785
873	824
873	853
873	859
873	879
873	912
874	66
874	197
874	245
874	323
874	371
874	390
874	441
874	449
874	469
874	511
874	563
874	607
874	641
874	685
874	707
874	793
874	812
874	822
874	972
875	125
875	144
875	171
875	224
875	269
875	286
875	457
875	519
875	564
875	566
875	585
875	595
875	606
875	764
875	789
875	876
875	881
875	930
875	947
876	530
876	647
876	731
876	738
876	754
876	829
876	872
876	875
876	904
876	929
876	941
876	945
876	949
876	951
876	954
876	964
876	971
876	986
876	997
877	106
877	292
877	640
877	670
877	689
877	727
877	781
877	831
877	865
877	910
877	928
877	953
877	970
877	972
877	974
877	980
877	987
877	988
877	998
878	179
878	206
878	356
878	485
878	560
878	613
878	632
878	643
878	649
878	657
878	709
878	722
878	783
878	807
878	898
878	914
878	938
878	975
878	998
879	13
879	46
879	97
879	156
879	187
879	265
879	335
879	388
879	509
879	524
879	542
879	579
879	671
879	733
879	824
879	853
879	859
879	873
879	912
880	265
880	309
880	359
880	408
880	462
880	579
880	677
880	698
880	699
880	715
880	719
880	737
880	814
880	825
880	903
880	923
880	943
880	983
880	989
881	3
881	65
881	69
881	144
881	286
881	420
881	519
881	566
881	585
881	595
881	606
881	678
881	733
881	764
881	769
881	875
881	930
881	946
881	947
882	193
882	267
882	289
882	331
882	341
882	375
882	410
882	570
882	593
882	701
882	741
882	784
882	792
882	804
882	805
882	815
882	827
882	830
882	943
883	201
883	426
883	477
883	565
883	645
883	671
883	679
883	689
883	714
883	766
883	771
883	795
883	821
883	843
883	846
883	893
883	907
883	920
883	967
884	112
884	275
884	280
884	291
884	338
884	522
884	596
884	687
884	711
884	730
884	763
884	849
884	854
884	862
884	871
884	919
884	921
884	966
884	998
885	238
885	439
885	442
885	599
885	634
885	746
885	806
885	821
885	835
885	845
885	851
885	866
885	889
885	923
885	927
885	931
885	956
885	960
885	976
885	993
886	52
886	434
886	704
886	732
886	742
886	786
886	798
886	803
886	869
886	897
886	910
886	920
886	934
886	942
886	963
886	990
886	992
886	994
886	995
886	996
887	19
887	22
887	32
887	105
887	212
887	308
887	394
887	428
887	464
887	488
887	499
887	508
887	548
887	617
887	663
887	718
887	739
887	767
887	892
887	902
888	507
888	633
888	712
888	738
888	740
888	754
888	800
888	829
888	872
888	904
888	929
888	941
888	945
888	949
888	951
888	954
888	969
888	971
888	986
888	997
889	215
889	604
889	610
889	651
889	703
889	806
889	817
889	835
889	838
889	845
889	851
889	866
889	885
889	927
889	931
889	956
889	960
889	976
889	983
889	993
890	181
890	211
890	219
890	270
890	327
890	403
890	417
890	501
890	527
890	568
890	592
890	623
890	721
890	725
890	775
890	778
890	834
890	836
890	954
890	961
891	6
891	25
891	27
891	33
891	47
891	117
891	154
891	243
891	373
891	391
891	411
891	467
891	529
891	608
891	660
891	753
891	762
891	839
891	855
891	901
892	22
892	104
892	105
892	212
892	308
892	394
892	428
892	464
892	488
892	499
892	508
892	538
892	548
892	617
892	718
892	739
892	887
892	902
892	912
892	984
893	154
893	209
893	293
893	296
893	345
893	389
893	477
893	547
893	565
893	645
893	671
893	679
893	717
893	766
893	821
893	846
893	883
893	907
893	920
893	936
894	68
894	139
894	248
894	281
894	543
894	555
894	556
894	600
894	637
894	663
894	666
894	747
894	759
894	767
894	797
894	820
894	852
894	918
894	920
894	924
895	168
895	355
895	423
895	447
895	475
895	578
895	589
895	605
895	624
895	636
895	857
895	864
895	896
895	913
895	917
895	925
895	947
895	952
895	959
895	981
895	991
896	131
896	159
896	252
896	294
896	476
896	605
896	624
896	636
896	708
896	757
896	850
896	857
896	895
896	913
896	917
896	925
896	952
896	959
896	981
896	989
896	999
897	258
897	282
897	298
897	302
897	399
897	539
897	594
897	598
897	651
897	667
897	725
897	782
897	803
897	886
897	934
897	949
897	963
897	990
897	992
897	994
897	996
898	74
898	218
898	312
898	324
898	497
898	523
898	560
898	616
898	633
898	643
898	649
898	709
898	722
898	783
898	807
898	878
898	914
898	967
898	975
898	977
898	995
899	88
899	122
899	465
899	546
899	625
899	653
899	674
899	683
899	700
899	756
899	776
899	842
899	872
899	932
899	940
899	955
899	964
899	966
899	969
899	977
899	991
900	81
900	82
900	129
900	138
900	192
900	196
900	329
900	367
900	415
900	450
900	463
900	480
900	514
900	544
900	577
900	597
900	751
900	761
900	763
900	796
900	993
901	5
901	6
901	33
901	47
901	117
901	167
901	310
901	373
901	391
901	420
901	430
901	529
901	608
901	660
901	753
901	762
901	839
901	855
901	891
901	936
901	981
902	19
902	22
902	32
902	104
902	105
902	212
902	308
902	394
902	428
902	464
902	488
902	499
902	508
902	538
902	548
902	552
902	617
902	739
902	805
902	887
902	892
903	132
903	349
903	421
903	518
903	595
903	625
903	644
903	690
903	692
903	698
903	699
903	719
903	752
903	814
903	825
903	834
903	880
903	926
903	943
903	983
903	989
904	184
904	647
904	710
904	712
904	740
904	754
904	800
904	829
904	868
904	872
904	876
904	888
904	929
904	941
904	945
904	949
904	951
904	954
904	955
904	971
904	986
904	997
905	199
905	249
905	320
905	351
905	445
905	480
905	553
905	588
905	726
905	728
905	735
905	744
905	745
905	798
905	844
905	911
905	922
905	936
905	938
905	944
905	962
905	968
906	36
906	90
906	95
906	362
906	380
906	601
906	602
906	614
906	642
906	686
906	694
906	716
906	750
906	809
906	824
906	841
906	860
906	868
906	870
906	978
906	979
906	999
907	134
907	155
907	230
907	293
907	334
907	345
907	389
907	477
907	537
907	547
907	565
907	671
907	679
907	696
907	766
907	795
907	821
907	846
907	883
907	893
907	920
907	985
908	104
908	121
908	378
908	397
908	400
908	460
908	489
908	503
908	512
908	562
908	567
908	588
908	611
908	630
908	819
908	823
908	832
908	937
908	939
908	940
908	961
908	965
909	10
909	14
909	51
909	64
909	103
909	118
909	155
909	190
909	332
909	333
909	551
909	612
909	765
909	790
909	808
909	840
909	867
909	946
909	950
909	956
909	969
909	984
910	44
910	146
910	249
910	251
910	301
910	648
910	651
910	667
910	695
910	782
910	786
910	869
910	877
910	886
910	934
910	942
910	963
910	990
910	992
910	994
910	995
910	996
911	321
911	418
911	445
911	490
911	536
911	619
911	628
911	644
911	665
911	726
911	728
911	744
911	745
911	798
911	844
911	905
911	922
911	936
911	944
911	962
911	968
911	987
912	11
912	13
912	17
912	54
912	97
912	156
912	187
912	344
912	353
912	387
912	429
912	474
912	495
912	524
912	542
912	627
912	785
912	824
912	859
912	873
912	879
912	892
913	159
913	225
913	355
913	363
913	447
913	476
913	578
913	605
913	708
913	713
913	848
913	850
913	857
913	862
913	864
913	895
913	896
913	917
913	925
913	952
913	959
913	981
914	89
914	153
914	202
914	356
914	440
914	485
914	497
914	523
914	560
914	613
914	616
914	632
914	633
914	643
914	649
914	657
914	709
914	722
914	783
914	807
914	878
914	898
914	967
915	55
915	243
915	406
915	437
915	461
915	472
915	522
915	584
915	668
915	734
915	787
915	810
915	811
915	826
915	828
915	833
915	868
915	933
915	935
915	980
915	985
915	999
915	1000
916	128
916	305
916	319
916	343
916	395
916	425
916	427
916	432
916	482
916	525
916	626
916	631
916	673
916	675
916	736
916	774
916	779
916	801
916	807
916	856
916	935
916	948
916	973
917	168
917	196
917	252
917	423
917	433
917	475
917	574
917	578
917	589
917	624
917	708
917	848
917	850
917	857
917	864
917	895
917	896
917	913
917	925
917	952
917	959
917	981
917	998
918	1
918	8
918	41
918	68
918	139
918	186
918	281
918	350
918	555
918	556
918	637
918	663
918	666
918	734
918	747
918	759
918	767
918	797
918	820
918	852
918	894
918	924
918	942
919	20
919	93
919	112
919	147
919	160
919	207
919	275
919	280
919	291
919	294
919	338
919	364
919	522
919	596
919	687
919	711
919	730
919	832
919	849
919	854
919	862
919	871
919	884
919	921
920	188
920	293
920	296
920	348
920	389
920	426
920	477
920	537
920	645
920	671
920	696
920	714
920	717
920	766
920	771
920	795
920	821
920	843
920	846
920	883
920	886
920	893
920	894
920	907
921	78
921	93
921	147
921	207
921	275
921	280
921	291
921	346
921	364
921	522
921	596
921	643
921	687
921	711
921	730
921	763
921	849
921	854
921	862
921	871
921	884
921	919
921	940
921	982
922	229
922	237
922	249
922	321
922	339
922	418
922	456
922	536
922	619
922	628
922	665
922	726
922	735
922	742
922	744
922	745
922	844
922	905
922	911
922	938
922	944
922	962
922	968
922	993
923	76
923	261
923	372
923	442
923	592
923	604
923	610
923	703
923	780
923	806
923	817
923	835
923	838
923	845
923	848
923	851
923	880
923	885
923	927
923	931
923	956
923	960
923	976
923	993
924	1
924	8
924	67
924	68
924	101
924	186
924	248
924	281
924	285
924	350
924	543
924	556
924	637
924	663
924	666
924	747
924	759
924	767
924	797
924	820
924	829
924	852
924	894
924	918
924	941
925	61
925	83
925	102
925	252
925	423
925	433
925	475
925	476
925	574
925	589
925	624
925	757
925	847
925	848
925	850
925	857
925	864
925	895
925	896
925	913
925	917
925	948
925	952
925	959
925	981
926	132
926	149
926	226
926	257
926	352
926	378
926	470
926	479
926	518
926	532
926	579
926	644
926	677
926	690
926	692
926	698
926	715
926	719
926	737
926	752
926	825
926	903
926	943
926	983
926	989
927	178
927	200
927	288
927	295
927	471
927	599
927	634
927	662
927	703
927	746
927	780
927	806
927	817
927	835
927	838
927	866
927	885
927	889
927	923
927	931
927	947
927	956
927	960
927	976
927	993
928	271
928	292
928	376
928	502
928	528
928	603
928	615
928	706
928	727
928	752
928	758
928	781
928	810
928	816
928	818
928	865
928	877
928	933
928	953
928	970
928	972
928	974
928	987
928	988
928	998
929	52
929	124
929	236
929	268
929	284
929	466
929	697
929	712
929	738
929	754
929	785
929	800
929	829
929	872
929	876
929	888
929	904
929	941
929	945
929	949
929	951
929	954
929	962
929	971
929	986
929	997
930	3
930	16
930	37
930	69
930	120
930	144
930	224
930	238
930	269
930	286
930	420
930	457
930	519
930	564
930	566
930	585
930	595
930	678
930	702
930	722
930	764
930	769
930	789
930	875
930	881
930	947
931	279
931	295
931	393
931	442
931	501
931	599
931	610
931	634
931	703
931	746
931	780
931	806
931	838
931	845
931	851
931	866
931	885
931	889
931	923
931	927
931	956
931	960
931	976
931	987
931	993
931	997
932	24
932	78
932	363
932	409
932	465
932	491
932	571
932	580
932	600
932	621
932	650
932	653
932	683
932	700
932	756
932	766
932	776
932	842
932	899
932	940
932	955
932	964
932	966
932	969
932	977
932	991
933	55
933	110
933	381
933	461
933	506
933	584
933	629
933	652
933	668
933	669
933	787
933	791
933	811
933	826
933	828
933	833
933	868
933	915
933	928
933	935
933	956
933	958
933	980
933	985
933	999
933	1000
934	52
934	125
934	152
934	217
934	251
934	259
934	337
934	370
934	399
934	517
934	583
934	594
934	648
934	786
934	859
934	869
934	886
934	897
934	910
934	942
934	963
934	981
934	990
934	992
934	994
934	995
934	996
935	99
935	366
935	381
935	412
935	419
935	437
935	506
935	526
935	668
935	669
935	734
935	755
935	787
935	791
935	811
935	826
935	828
935	852
935	868
935	915
935	916
935	933
935	960
935	980
935	985
935	999
935	1000
936	43
936	140
936	285
936	321
936	418
936	456
936	458
936	490
936	521
936	536
936	553
936	619
936	726
936	735
936	744
936	745
936	798
936	844
936	893
936	901
936	905
936	911
936	938
936	944
936	962
936	968
936	980
937	40
937	53
937	107
937	173
937	214
937	222
937	397
937	400
937	443
937	453
937	460
937	489
937	503
937	512
937	567
937	588
937	604
937	684
937	819
937	823
937	832
937	908
937	939
937	949
937	961
937	965
937	966
938	77
938	140
938	172
938	199
938	220
938	285
938	351
938	418
938	445
938	458
938	490
938	536
938	553
938	619
938	728
938	735
938	744
938	745
938	798
938	844
938	878
938	905
938	922
938	936
938	944
938	962
938	968
939	53
939	87
939	107
939	119
939	191
939	214
939	397
939	400
939	422
939	443
939	453
939	489
939	503
939	512
939	562
939	567
939	588
939	611
939	630
939	684
939	823
939	832
939	908
939	937
939	958
939	961
939	965
939	999
940	235
940	409
940	465
940	491
940	546
940	549
940	571
940	580
940	600
940	621
940	650
940	653
940	674
940	683
940	700
940	756
940	776
940	842
940	899
940	908
940	921
940	932
940	955
940	964
940	966
940	969
940	977
940	991
941	56
941	184
941	236
941	254
941	284
941	329
941	407
941	507
941	557
941	727
941	731
941	738
941	754
941	800
941	829
941	872
941	876
941	888
941	904
941	924
941	929
941	945
941	949
941	951
941	954
941	971
941	986
941	997
942	28
942	80
942	161
942	239
942	258
942	301
942	434
942	481
942	583
942	598
942	635
942	667
942	704
942	710
942	732
942	742
942	786
942	803
942	886
942	910
942	918
942	934
942	963
942	970
942	990
942	992
942	994
942	995
942	996
943	25
943	257
943	314
943	317
943	349
943	352
943	359
943	421
943	462
943	470
943	479
943	625
943	654
943	672
943	690
943	692
943	698
943	715
943	719
943	737
943	752
943	814
943	825
943	880
943	882
943	903
943	926
943	983
943	989
944	2
944	75
944	96
944	199
944	220
944	237
944	285
944	320
944	339
944	351
944	445
944	553
944	656
944	665
944	726
944	728
944	735
944	744
944	745
944	806
944	844
944	850
944	905
944	911
944	922
944	936
944	938
944	962
944	968
945	58
945	197
945	287
945	407
945	451
945	530
945	557
945	569
945	626
945	647
945	697
945	712
945	731
945	738
945	800
945	829
945	849
945	872
945	876
945	888
945	904
945	929
945	941
945	949
945	951
945	954
945	971
945	986
945	997
946	51
946	116
946	118
946	126
946	137
946	190
946	278
946	330
946	332
946	368
946	374
946	395
946	407
946	468
946	516
946	540
946	551
946	612
946	680
946	765
946	768
946	790
946	808
946	840
946	847
946	867
946	881
946	909
946	950
946	984
947	3
947	16
947	29
947	37
947	65
947	69
947	120
947	125
947	171
947	224
947	238
947	269
947	286
947	322
947	420
947	457
947	519
947	566
947	585
947	595
947	678
947	764
947	769
947	789
947	813
947	875
947	881
947	895
947	927
947	930
948	4
948	35
948	111
948	165
948	210
948	242
948	302
948	305
948	348
948	354
948	402
948	425
948	427
948	432
948	525
948	573
948	626
948	639
948	673
948	675
948	736
948	774
948	779
948	801
948	827
948	856
948	861
948	916
948	925
948	973
949	56
949	182
949	268
949	357
949	382
949	507
949	557
949	569
949	647
949	697
949	731
949	738
949	740
949	800
949	829
949	843
949	872
949	876
949	888
949	897
949	904
949	929
949	937
949	941
949	945
949	951
949	954
949	971
949	986
949	997
950	9
950	10
950	14
950	48
950	64
950	116
950	126
950	137
950	177
950	202
950	278
950	360
950	374
950	404
950	468
950	516
950	540
950	551
950	612
950	749
950	751
950	765
950	768
950	790
950	808
950	840
950	867
950	909
950	946
950	984
951	58
951	182
951	183
951	197
951	451
951	466
951	507
951	569
951	697
951	712
951	731
951	740
951	754
951	800
951	829
951	861
951	872
951	876
951	888
951	904
951	929
951	941
951	945
951	949
951	954
951	965
951	971
951	973
951	986
951	997
952	60
952	61
952	273
952	298
952	355
952	433
952	447
952	475
952	476
952	492
952	493
952	545
952	574
952	578
952	589
952	605
952	624
952	636
952	708
952	757
952	848
952	850
952	857
952	864
952	895
952	896
952	913
952	917
952	925
952	959
952	981
953	142
953	203
953	227
953	255
953	341
953	487
953	502
953	504
953	528
953	603
953	613
953	615
953	640
953	670
953	706
953	727
953	758
953	781
953	810
953	816
953	831
953	865
953	877
953	928
953	961
953	970
953	972
953	974
953	987
953	988
953	998
954	198
954	254
954	284
954	357
954	451
954	530
954	557
954	569
954	647
954	697
954	712
954	731
954	740
954	754
954	800
954	822
954	829
954	872
954	876
954	888
954	890
954	904
954	929
954	941
954	945
954	949
954	951
954	971
954	981
954	986
954	997
955	88
955	315
955	398
955	402
955	416
955	465
955	491
955	546
955	549
955	552
955	561
955	571
955	580
955	650
955	653
955	674
955	683
955	700
955	756
955	776
955	826
955	842
955	899
955	904
955	932
955	940
955	964
955	966
955	969
955	977
955	991
956	34
956	45
956	195
956	213
956	313
956	372
956	393
956	439
956	442
956	604
956	634
956	703
956	746
956	780
956	806
956	817
956	832
956	835
956	838
956	845
956	866
956	885
956	889
956	909
956	923
956	927
956	931
956	933
956	960
956	976
956	993
957	31
957	163
957	244
957	267
957	290
957	297
957	318
957	336
957	384
957	424
957	452
957	518
957	534
957	541
957	586
957	622
957	682
957	702
957	723
957	748
957	749
957	770
957	773
957	777
957	794
957	795
957	813
957	818
957	958
957	982
957	997
958	31
958	59
958	244
958	290
958	297
958	318
958	424
958	431
958	435
958	446
958	452
958	454
958	483
958	534
958	556
958	586
958	622
958	646
958	676
958	702
958	723
958	748
958	749
958	770
958	773
958	777
958	794
958	818
958	933
958	939
958	957
958	982
959	61
959	159
959	168
959	185
959	225
959	252
959	294
959	363
959	423
959	433
959	476
959	492
959	574
959	578
959	589
959	605
959	636
959	708
959	757
959	803
959	848
959	850
959	857
959	864
959	872
959	895
959	896
959	913
959	917
959	925
959	952
959	981
959	999
960	45
960	115
960	200
960	261
960	288
960	295
960	317
960	372
960	393
960	439
960	559
960	599
960	604
960	610
960	634
960	746
960	780
960	806
960	817
960	835
960	838
960	845
960	851
960	866
960	885
960	889
960	923
960	927
960	931
960	935
960	956
960	965
960	976
960	993
961	40
961	53
961	107
961	119
961	121
961	139
961	173
961	191
961	214
961	222
961	378
961	397
961	400
961	443
961	460
961	489
961	503
961	512
961	562
961	567
961	588
961	611
961	630
961	640
961	684
961	819
961	823
961	832
961	890
961	908
961	937
961	939
961	953
961	965
962	43
962	75
962	96
962	116
962	140
962	172
962	220
962	229
962	249
962	285
962	351
962	418
962	456
962	458
962	490
962	521
962	569
962	628
962	665
962	726
962	728
962	735
962	745
962	798
962	803
962	844
962	905
962	911
962	922
962	929
962	936
962	938
962	944
962	968
963	52
963	234
963	259
963	264
963	302
963	424
963	434
963	450
963	517
963	550
963	558
963	583
963	594
963	598
963	635
963	661
963	667
963	695
963	703
963	704
963	710
963	782
963	786
963	803
963	869
963	886
963	897
963	910
963	934
963	942
963	990
963	992
963	994
963	995
963	996
964	122
964	136
964	141
964	235
964	240
964	241
964	277
964	386
964	409
964	416
964	539
964	546
964	549
964	552
964	561
964	571
964	580
964	600
964	621
964	650
964	653
964	674
964	683
964	756
964	776
964	842
964	876
964	899
964	932
964	940
964	955
964	966
964	969
964	977
964	991
965	40
965	53
965	87
965	107
965	119
965	121
965	173
965	191
965	214
965	222
965	378
965	397
965	400
965	443
965	453
965	460
965	489
965	503
965	512
965	562
965	567
965	588
965	611
965	630
965	684
965	819
965	823
965	832
965	908
965	937
965	939
965	951
965	960
965	961
965	985
965	991
966	24
966	136
966	169
966	189
966	241
966	277
966	315
966	386
966	398
966	409
966	426
966	491
966	552
966	561
966	580
966	600
966	621
966	650
966	653
966	674
966	683
966	700
966	737
966	756
966	776
966	842
966	884
966	899
966	932
966	937
966	940
966	955
966	964
966	969
966	977
966	991
967	72
967	74
967	91
967	153
967	158
967	176
967	179
967	206
967	218
967	228
967	274
967	312
967	324
967	342
967	356
967	440
967	485
967	497
967	523
967	560
967	613
967	616
967	632
967	633
967	638
967	643
967	657
967	709
967	722
967	783
967	807
967	883
967	898
967	914
967	975
967	988
968	2
968	43
968	75
968	94
968	96
968	140
968	172
968	220
968	229
968	249
968	320
968	339
968	351
968	445
968	456
968	458
968	490
968	521
968	619
968	628
968	726
968	728
968	744
968	745
968	783
968	798
968	844
968	905
968	911
968	922
968	936
968	938
968	944
968	962
968	970
968	971
969	42
969	122
969	169
969	187
969	189
969	386
969	398
969	409
969	416
969	491
969	546
969	549
969	552
969	561
969	571
969	580
969	600
969	621
969	650
969	653
969	674
969	683
969	700
969	756
969	776
969	842
969	888
969	899
969	909
969	932
969	940
969	955
969	964
969	966
969	977
969	991
970	38
970	42
970	71
970	102
970	106
970	130
970	204
970	231
970	256
970	292
970	502
970	504
970	528
970	603
970	607
970	640
970	670
970	689
970	706
970	727
970	758
970	781
970	810
970	816
970	831
970	865
970	877
970	928
970	942
970	953
970	968
970	972
970	974
970	977
970	987
970	988
970	998
971	166
971	184
971	198
971	254
971	284
971	287
971	311
971	382
971	407
971	451
971	466
971	507
971	530
971	569
971	647
971	697
971	712
971	731
971	736
971	738
971	740
971	754
971	800
971	829
971	872
971	876
971	888
971	904
971	929
971	941
971	945
971	949
971	951
971	954
971	968
971	986
971	997
972	23
972	71
972	130
972	151
972	175
972	203
972	227
972	231
972	255
972	256
972	271
972	487
972	502
972	504
972	603
972	615
972	640
972	670
972	682
972	706
972	727
972	758
972	781
972	787
972	810
972	816
972	831
972	865
972	874
972	877
972	928
972	953
972	970
972	974
972	978
972	987
972	988
972	998
973	4
973	111
973	128
973	164
973	165
973	210
973	242
973	256
973	263
973	305
973	319
973	343
973	348
973	354
973	402
973	425
973	427
973	432
973	482
973	517
973	525
973	573
973	581
973	631
973	639
973	673
973	675
973	693
973	736
973	774
973	779
973	796
973	801
973	856
973	861
973	916
973	948
973	951
974	12
974	38
974	39
974	71
974	106
974	151
974	227
974	255
974	301
974	325
974	326
974	340
974	502
974	528
974	603
974	615
974	640
974	670
974	689
974	698
974	706
974	727
974	758
974	773
974	781
974	810
974	816
974	831
974	865
974	877
974	928
974	953
974	970
974	972
974	987
974	988
974	989
974	998
975	72
975	74
975	91
975	153
975	158
975	176
975	179
975	206
975	218
975	228
975	274
975	312
975	324
975	342
975	356
975	440
975	485
975	497
975	512
975	523
975	560
975	613
975	616
975	620
975	632
975	633
975	643
975	649
975	657
975	709
975	722
975	783
975	788
975	807
975	812
975	878
975	898
975	967
976	34
976	45
976	76
976	115
976	195
976	213
976	261
976	279
976	288
976	295
976	313
976	439
976	440
976	471
976	554
976	559
976	599
976	604
976	634
976	703
976	746
976	758
976	780
976	806
976	817
976	835
976	838
976	845
976	851
976	866
976	870
976	885
976	889
976	923
976	927
976	931
976	956
976	960
976	993
977	88
977	136
977	169
977	189
977	235
977	241
977	386
977	398
977	416
977	465
977	491
977	515
977	546
977	549
977	552
977	561
977	571
977	580
977	600
977	621
977	650
977	653
977	674
977	683
977	700
977	756
977	776
977	830
977	842
977	898
977	899
977	932
977	940
977	955
977	964
977	966
977	969
977	970
977	991
978	36
978	50
978	90
978	95
978	157
978	208
978	233
978	246
978	260
978	304
978	316
978	362
978	379
978	380
978	385
978	401
978	438
978	444
978	494
978	587
978	601
978	602
978	614
978	618
978	638
978	642
978	662
978	664
978	686
978	694
978	716
978	750
978	809
978	841
978	860
978	870
978	906
978	972
978	979
978	996
979	36
979	50
979	90
979	95
979	157
979	208
979	233
979	246
979	260
979	270
979	304
979	316
979	362
979	379
979	380
979	385
979	401
979	438
979	494
979	585
979	587
979	601
979	602
979	614
979	618
979	638
979	642
979	662
979	686
979	694
979	716
979	750
979	809
979	834
979	841
979	860
979	870
979	906
979	978
979	980
980	63
980	79
980	110
980	150
980	170
980	180
980	240
980	264
980	300
980	381
980	412
980	419
980	437
980	461
980	472
980	478
980	526
980	584
980	627
980	629
980	652
980	668
980	669
980	734
980	755
980	787
980	791
980	811
980	826
980	828
980	833
980	868
980	877
980	915
980	933
980	935
980	936
980	979
980	985
980	999
980	1000
981	60
981	61
981	83
981	131
981	159
981	168
981	185
981	225
981	252
981	273
981	294
981	355
981	363
981	423
981	433
981	447
981	475
981	476
981	492
981	574
981	578
981	589
981	605
981	624
981	636
981	708
981	757
981	761
981	848
981	850
981	857
981	864
981	895
981	896
981	901
981	913
981	917
981	925
981	934
981	952
981	954
981	959
982	31
982	59
982	145
982	163
982	244
982	267
982	290
982	297
982	299
982	318
982	336
982	384
982	391
982	424
982	431
982	435
982	446
982	447
982	452
982	454
982	483
982	534
982	541
982	586
982	622
982	646
982	676
982	682
982	702
982	723
982	748
982	749
982	770
982	773
982	777
982	794
982	813
982	818
982	921
982	957
982	958
982	999
983	25
983	77
983	109
983	132
983	149
983	226
983	257
983	309
983	314
983	317
983	349
983	359
983	361
983	408
983	421
983	462
983	470
983	479
983	518
983	579
983	625
983	644
983	648
983	672
983	677
983	690
983	692
983	698
983	699
983	715
983	719
983	737
983	752
983	814
983	825
983	841
983	880
983	889
983	903
983	926
983	943
983	989
984	10
984	14
984	48
984	51
984	64
984	103
984	116
984	118
984	126
984	137
984	155
984	177
984	190
984	202
984	277
984	278
984	330
984	332
984	333
984	360
984	368
984	374
984	395
984	404
984	468
984	516
984	540
984	551
984	612
984	680
984	765
984	768
984	790
984	808
984	840
984	866
984	867
984	892
984	909
984	946
984	950
984	996
985	55
985	63
985	99
985	150
985	152
985	170
985	221
985	306
985	366
985	406
985	412
985	419
985	437
985	461
985	472
985	478
985	506
985	526
985	584
985	621
985	627
985	629
985	652
985	668
985	669
985	734
985	755
985	787
985	791
985	811
985	826
985	828
985	833
985	845
985	868
985	907
985	915
985	933
985	935
985	965
985	980
985	999
985	1000
986	56
986	58
986	124
986	166
986	182
986	183
986	184
986	197
986	198
986	254
986	268
986	287
986	349
986	357
986	382
986	385
986	407
986	466
986	530
986	557
986	569
986	647
986	696
986	697
986	712
986	731
986	738
986	740
986	754
986	800
986	829
986	839
986	872
986	876
986	888
986	904
986	929
986	941
986	945
986	949
986	951
986	954
986	971
986	997
987	12
987	23
987	38
987	39
987	102
987	130
987	142
987	151
987	175
987	203
987	204
987	256
987	271
987	292
987	325
987	340
987	376
987	487
987	504
987	603
987	615
987	670
987	689
987	694
987	706
987	727
987	758
987	779
987	781
987	810
987	816
987	819
987	831
987	865
987	877
987	911
987	928
987	931
987	953
987	970
987	972
987	974
987	988
987	998
988	12
988	38
988	39
988	42
988	71
988	142
988	175
988	204
988	231
988	255
988	271
988	325
988	326
988	340
988	376
988	483
988	487
988	494
988	502
988	504
988	528
988	603
988	615
988	640
988	670
988	689
988	706
988	727
988	758
988	781
988	810
988	816
988	831
988	857
988	865
988	877
988	928
988	953
988	967
988	970
988	972
988	974
988	987
988	998
989	25
989	77
989	109
989	132
989	149
989	226
989	257
989	309
989	314
989	317
989	349
989	352
989	359
989	396
989	408
989	421
989	462
989	470
989	479
989	518
989	579
989	625
989	644
989	672
989	677
989	690
989	692
989	698
989	699
989	715
989	719
989	730
989	737
989	752
989	814
989	825
989	880
989	896
989	903
989	926
989	943
989	974
989	983
989	990
990	34
990	44
990	80
990	100
990	146
990	205
990	239
990	264
990	282
990	302
990	337
990	370
990	377
990	422
990	517
990	550
990	558
990	583
990	594
990	598
990	620
990	648
990	651
990	661
990	667
990	695
990	704
990	710
990	742
990	780
990	786
990	803
990	856
990	869
990	886
990	897
990	910
990	934
990	942
990	963
990	989
990	994
990	995
990	996
991	24
991	88
991	122
991	136
991	169
991	189
991	235
991	241
991	277
991	315
991	339
991	386
991	398
991	409
991	416
991	465
991	491
991	546
991	549
991	552
991	561
991	571
991	580
991	600
991	621
991	650
991	653
991	674
991	683
991	700
991	756
991	776
991	835
991	842
991	849
991	895
991	899
991	932
991	940
991	955
991	964
991	965
991	966
991	969
991	977
992	7
992	28
992	85
992	141
992	146
992	152
992	217
992	225
992	234
992	251
992	258
992	259
992	282
992	337
992	370
992	422
992	434
992	517
992	537
992	550
992	583
992	598
992	620
992	635
992	648
992	651
992	652
992	661
992	667
992	695
992	704
992	742
992	782
992	803
992	833
992	869
992	886
992	897
992	910
992	934
992	942
992	963
992	994
992	995
992	996
993	34
993	45
993	76
993	115
993	195
993	200
993	213
993	215
993	261
993	277
993	279
993	288
993	295
993	313
993	372
993	393
993	439
993	442
993	471
993	559
993	599
993	604
993	610
993	634
993	703
993	746
993	780
993	806
993	817
993	835
993	838
993	845
993	851
993	866
993	885
993	889
993	900
993	922
993	923
993	927
993	931
993	956
993	960
993	976
993	994
994	26
994	28
994	44
994	67
994	80
994	152
994	234
994	239
994	259
994	264
994	282
994	298
994	301
994	337
994	399
994	422
994	550
994	583
994	594
994	620
994	635
994	648
994	651
994	657
994	661
994	669
994	704
994	710
994	732
994	774
994	782
994	786
994	803
994	869
994	886
994	897
994	910
994	934
994	942
994	963
994	990
994	992
994	993
994	995
994	996
995	85
995	100
995	141
995	146
995	205
995	217
995	222
995	234
995	258
995	264
995	302
995	370
995	377
995	422
995	434
995	535
995	539
995	550
995	558
995	589
995	594
995	598
995	620
995	635
995	651
995	661
995	667
995	695
995	704
995	710
995	732
995	742
995	746
995	782
995	786
995	803
995	869
995	886
995	898
995	910
995	934
995	942
995	963
995	990
995	992
995	994
995	996
996	7
996	28
996	44
996	80
996	85
996	161
996	205
996	239
996	282
996	298
996	301
996	377
996	422
996	434
996	539
996	550
996	583
996	598
996	620
996	635
996	648
996	651
996	661
996	667
996	695
996	704
996	710
996	712
996	732
996	742
996	782
996	786
996	800
996	803
996	869
996	886
996	897
996	910
996	934
996	942
996	963
996	978
996	984
996	990
996	992
996	994
996	995
997	22
997	56
997	58
997	124
997	166
997	182
997	183
997	198
997	236
997	254
997	268
997	284
997	287
997	357
997	382
997	407
997	451
997	466
997	507
997	530
997	557
997	569
997	647
997	672
997	697
997	712
997	731
997	738
997	740
997	754
997	800
997	829
997	853
997	872
997	876
997	888
997	904
997	929
997	931
997	941
997	945
997	949
997	951
997	954
997	957
997	971
997	986
998	12
998	23
998	39
998	42
998	43
998	102
998	106
998	130
998	142
998	151
998	175
998	203
998	204
998	227
998	231
998	326
998	340
998	376
998	453
998	487
998	502
998	504
998	528
998	603
998	615
998	640
998	670
998	689
998	706
998	727
998	758
998	781
998	810
998	816
998	831
998	865
998	877
998	878
998	884
998	917
998	928
998	953
998	970
998	972
998	974
998	987
998	988
999	55
999	63
999	99
999	150
999	170
999	180
999	221
999	240
999	243
999	300
999	306
999	366
999	381
999	406
999	412
999	419
999	437
999	461
999	472
999	478
999	506
999	526
999	584
999	627
999	629
999	652
999	668
999	669
999	734
999	755
999	787
999	791
999	811
999	826
999	828
999	833
999	868
999	896
999	906
999	915
999	933
999	935
999	939
999	959
999	980
999	982
999	985
999	1000
1000	26
1000	63
1000	73
1000	79
1000	99
1000	110
1000	150
1000	162
1000	170
1000	180
1000	221
1000	240
1000	243
1000	300
1000	306
1000	366
1000	381
1000	406
1000	412
1000	419
1000	437
1000	461
1000	472
1000	478
1000	506
1000	526
1000	584
1000	627
1000	629
1000	652
1000	668
1000	669
1000	734
1000	755
1000	782
1000	787
1000	791
1000	811
1000	826
1000	828
1000	833
1000	868
1000	915
1000	933
1000	935
1000	980
1000	985
1000	999
