0 218
0 696
0 796
0 918
218 269
218 473
218 990
696 17
696 137
696 715
696 773
696 828
696 849
696 938
696 949
696 971
796 125
796 142
796 224
796 362
796 611
796 634
796 743
796 818
796 866
796 933
796 938
796 995
918 35
918 197
918 216
918 548
918 570
918 681
918 709
918 719
918 724
918 780
918 783
918 846
918 861
918 881
918 897
918 907
918 921
918 937
918 939
918 960
918 996
918 999
269 990
269 651
269 884
269 637
473 986
473 977
473 934
473 966
473 892
990 978
990 3
990 913
990 72
990 119
990 136
990 158
990 173
990 205
990 211
990 214
990 276
990 307
990 312
990 320
990 364
990 405
990 431
990 478
990 525
990 539
990 547
990 590
990 629
990 643
990 651
990 670
990 684
990 709
990 712
990 719
990 734
990 741
990 742
990 766
990 853
990 863
990 895
990 903
990 904
990 905
990 907
990 928
990 929
990 952
990 999
17 325
17 716
17 955
137 953
137 989
137 899
715 910
715 988
715 953
715 714
715 658
715 937
715 556
715 975
715 823
715 705
773 865
773 911
773 897
773 889
773 882
773 609
773 802
773 688
773 861
773 871
773 517
828 808
828 951
828 967
828 934
828 794
828 974
828 842
828 833
828 187
828 690
828 705
828 805
828 815
828 924
849 912
849 571
849 970
849 930
849 595
849 728
849 847
849 513
849 932
849 229
849 310
849 649
849 836
849 850
849 895
849 898
938 976
938 736
938 917
938 934
938 672
938 233
938 971
938 264
938 984
938 988
938 989
938 658
938 985
938 925
938 181
938 643
938 492
938 272
938 342
938 475
938 499
938 634
938 662
938 862
938 975
949 716
949 948
949 960
949 583
949 911
949 49
949 213
949 397
949 459
949 464
949 469
949 484
949 508
949 569
949 637
949 714
949 739
949 760
949 766
949 802
949 868
949 875
949 899
949 915
949 921
949 936
949 972
949 974
949 985
971 572
971 818
971 716
971 910
971 917
971 31
971 93
971 139
971 194
971 226
971 242
971 272
971 358
971 444
971 491
971 492
971 518
971 523
971 537
971 573
971 588
971 646
971 693
971 703
971 743
971 765
971 837
971 840
971 879
971 924
971 925
971 930
971 975
971 988
971 989
125 507
125 994
125 925
142 972
142 979
142 159
224 724
224 694
224 294
362 966
362 555
362 753
362 876
611 961
611 605
611 920
611 838
611 985
611 453
611 501
634 391
634 988
634 857
634 915
634 975
634 959
634 814
743 961
743 977
743 953
743 899
743 154
743 170
743 228
743 464
743 875
818 12
818 46
818 355
818 494
818 537
818 614
818 774
818 792
818 857
818 925
818 940
818 975
866 991
866 955
866 692
866 896
866 761
866 989
866 351
866 123
866 928
866 175
866 302
866 456
866 518
866 538
866 624
866 744
866 862
933 576
933 9
933 75
933 202
933 256
933 350
933 472
933 516
933 542
933 588
933 602
933 613
933 703
933 752
933 825
933 841
933 883
933 886
933 891
933 898
933 910
933 911
933 976
933 982
933 994
995 575
995 770
995 900
995 966
995 927
995 53
995 972
995 60
995 66
995 106
995 131
995 148
995 151
995 167
995 232
995 239
995 247
995 278
995 283
995 297
995 333
995 354
995 369
995 407
995 450
995 479
995 484
995 499
995 505
995 529
995 539
995 549
995 552
995 600
995 620
995 656
995 691
995 713
995 723
995 787
995 838
995 878
995 890
995 928
995 930
995 931
995 962
995 979
35 752
35 799
35 996
197 867
197 390
197 757
216 976
216 989
216 837
548 981
548 969
548 957
548 184
548 317
548 791
570 984
570 970
570 879
570 921
570 932
570 195
681 961
681 977
681 939
681 996
681 722
681 291
681 378
681 446
681 472
709 960
709 939
709 993
709 970
709 874
709 550
709 921
709 589
709 833
719 960
719 651
719 996
719 863
719 445
719 596
719 921
719 964
719 220
724 785
724 13
724 225
724 763
724 774
724 820
724 834
724 905
724 999
780 992
780 48
780 585
780 636
780 665
780 687
780 837
780 859
780 885
780 888
780 893
780 974
783 978
783 977
783 683
783 987
783 920
783 905
783 737
783 872
783 217
783 475
783 530
783 806
846 845
846 720
846 966
846 944
846 874
846 669
846 777
846 155
846 213
846 292
846 451
846 545
846 567
846 569
846 732
846 881
861 599
861 976
861 698
861 946
861 926
861 886
861 967
861 788
861 266
861 994
861 768
861 907
861 959
861 517
861 707
861 850
881 976
881 869
881 912
881 960
881 939
881 996
881 471
881 764
881 970
881 810
881 777
881 932
881 413
881 608
881 405
881 577
881 619
897 864
897 996
897 44
897 666
897 50
897 240
897 242
897 374
897 422
897 443
897 610
897 638
897 768
897 862
897 889
897 893
897 937
897 940
897 985
907 991
907 967
907 865
907 605
907 984
907 987
907 830
907 943
907 870
907 937
907 208
907 909
907 985
907 902
907 248
907 441
907 517
907 568
907 850
921 124
921 935
921 960
921 901
921 939
921 996
921 863
921 927
921 983
921 140
921 413
921 446
921 461
921 479
921 624
921 626
921 725
921 759
921 837
937 831
937 864
937 943
937 835
937 829
937 258
937 958
937 104
937 117
937 119
937 202
937 244
937 443
937 496
937 582
937 597
937 638
937 667
937 819
937 856
937 859
937 932
937 945
939 973
939 935
939 845
939 948
939 912
939 31
939 203
939 257
939 319
939 320
939 346
939 553
939 756
939 777
939 821
939 836
939 863
939 903
939 947
939 956
939 970
939 996
960 654
960 919
960 986
960 896
960 25
960 912
960 94
960 117
960 250
960 256
960 268
960 380
960 430
960 435
960 449
960 526
960 553
960 579
960 593
960 618
960 760
960 777
960 781
960 865
960 888
960 963
960 970
960 996
996 654
996 973
996 919
996 976
996 542
996 912
996 74
996 67
996 70
996 73
996 166
996 180
996 193
996 257
996 369
996 405
996 413
996 435
996 455
996 501
996 577
996 579
996 607
996 614
996 679
996 697
996 791
996 806
996 830
996 837
996 842
996 863
996 870
996 875
996 895
996 898
996 902
996 906
996 953
996 970
996 980
999 790
999 816
999 325
999 632
999 911
999 215
999 989
999 997
999 889
999 532
999 57
999 68
999 150
999 170
999 171
999 217
999 220
999 256
999 297
999 304
999 330
999 381
999 407
999 432
999 461
999 463
999 514
999 543
999 598
999 640
999 648
999 682
999 702
999 711
999 742
999 749
999 750
999 755
999 771
999 776
999 792
999 822
999 875
999 878
999 899
999 956
999 983
1 111
1 575
1 785
1 790
111 708
111 790
111 978
575 595
575 653
575 951
575 962
575 972
575 979
785 541
785 798
785 848
785 852
785 872
785 925
785 952
785 954
785 968
785 980
785 991
790 14
790 22
790 277
790 679
790 736
790 788
790 798
790 837
790 976
790 977
708 946
708 495
708 955
708 896
708 977
708 37
708 175
708 201
708 764
708 862
978 2
978 38
978 65
978 173
978 194
978 210
978 217
978 231
978 239
978 289
978 311
978 355
978 417
978 419
978 420
978 470
978 487
978 530
978 602
978 668
978 680
978 684
978 739
978 779
978 787
978 806
978 808
978 820
978 822
978 858
978 872
978 887
978 889
978 892
978 901
978 976
978 987
978 988
595 982
595 243
595 159
595 528
595 565
595 814
653 808
653 991
653 675
653 603
653 631
653 623
653 774
653 332
951 5
951 129
951 190
951 280
951 334
951 340
951 477
951 515
951 576
951 664
951 684
951 689
951 695
951 705
951 791
951 803
951 815
951 825
951 826
951 843
951 859
951 885
951 887
951 888
951 945
951 954
951 974
951 976
951 983
962 913
962 831
962 910
962 888
962 972
962 979
962 882
962 878
962 930
962 744
962 975
962 959
962 723
962 726
962 774
962 600
962 273
962 859
962 278
962 378
962 718
962 787
962 795
962 853
972 961
972 941
972 991
972 522
972 911
972 988
972 53
972 60
972 148
972 232
972 247
972 297
972 308
972 369
972 463
972 480
972 529
972 552
972 597
972 600
972 616
972 723
972 757
972 856
972 871
972 878
972 903
972 930
972 958
972 970
972 979
972 983
979 912
979 934
979 901
979 987
979 989
979 66
979 85
979 106
979 119
979 131
979 136
979 151
979 167
979 278
979 283
979 297
979 328
979 333
979 369
979 392
979 416
979 459
979 525
979 529
979 545
979 552
979 597
979 600
979 649
979 652
979 723
979 779
979 853
979 860
979 878
979 930
979 959
541 991
541 952
541 757
541 729
541 711
541 558
798 770
798 935
798 987
798 781
798 965
798 922
798 884
798 942
798 434
798 421
798 792
848 986
848 650
848 947
848 952
848 754
848 954
848 945
848 964
848 534
848 710
848 544
848 968
848 637
848 386
848 454
848 791
852 654
852 769
852 998
852 929
852 633
852 486
852 958
852 893
852 762
852 908
852 940
852 229
852 638
852 713
852 782
852 792
872 998
872 683
872 901
872 987
872 989
872 130
872 858
872 956
872 132
872 231
872 271
872 326
872 581
872 779
872 806
872 822
925 763
925 730
925 839
925 988
925 947
925 858
925 857
925 174
925 309
925 491
925 518
925 537
925 579
925 640
925 755
925 795
925 942
925 964
925 975
952 941
952 807
952 991
952 910
952 627
952 923
952 65
952 136
952 212
952 286
952 288
952 435
952 456
952 490
952 501
952 504
952 534
952 556
952 643
952 754
952 782
952 890
952 908
952 930
952 950
952 954
952 968
954 982
954 807
954 948
954 650
954 929
954 627
954 633
954 887
954 858
954 83
954 174
954 265
954 283
954 393
954 439
954 482
954 504
954 545
954 558
954 601
954 647
954 673
954 691
954 748
954 774
954 860
954 994
968 992
968 981
968 769
968 991
968 650
968 929
968 627
968 993
968 997
968 411
968 887
968 754
968 963
968 950
968 474
968 733
968 964
968 710
968 908
968 940
968 229
968 384
968 386
968 427
968 528
968 587
968 622
968 693
968 758
968 782
968 805
968 851
968 895
980 894
980 935
980 692
980 751
980 998
980 264
980 133
980 259
980 965
980 552
980 102
980 515
980 240
980 244
980 276
980 317
980 352
980 367
980 404
980 405
980 451
980 474
980 476
980 544
980 567
980 629
980 641
980 647
980 673
980 678
980 717
980 725
980 727
980 784
980 876
980 890
980 902
980 903
980 906
980 936
991 807
991 16
991 769
991 30
991 93
991 134
991 140
991 192
991 229
991 263
991 265
991 286
991 375
991 384
991 429
991 448
991 504
991 545
991 562
991 652
991 691
991 718
991 731
991 762
991 788
991 792
991 813
991 820
991 834
991 851
991 865
991 887
991 908
991 929
991 957
991 967
991 975
991 983
991 984
991 988
14 420
14 807
14 831
22 516
22 751
22 917
277 695
277 670
277 150
277 826
679 138
679 186
679 310
679 557
679 689
679 704
679 728
679 895
736 961
736 992
736 15
736 204
736 305
736 639
736 695
736 909
736 922
788 941
788 967
788 47
788 335
788 452
788 686
788 718
788 803
788 870
788 902
837 973
837 912
837 863
837 970
837 892
837 291
837 350
837 725
837 776
837 787
976 9
976 32
976 59
976 67
976 92
976 191
976 202
976 238
976 303
976 313
976 363
976 439
976 472
976 542
976 561
976 613
976 616
976 628
976 652
976 733
976 752
976 758
976 802
976 817
976 825
976 886
976 900
976 964
976 982
976 994
977 961
977 808
977 981
977 841
977 23
977 910
977 845
977 80
977 100
977 196
977 272
977 315
977 323
977 434
977 511
977 519
977 549
977 607
977 635
977 665
977 682
977 707
977 747
977 766
977 855
977 883
977 923
977 931
977 942
977 945
977 974
977 975
977 989
977 998
2 816
2 873
2 961
816 115
816 149
816 536
816 583
816 765
816 832
816 867
816 875
816 879
816 893
816 944
816 959
873 62
873 307
873 354
873 373
873 492
873 559
873 580
873 608
873 714
873 718
873 794
873 823
873 893
873 906
873 916
873 920
873 961
873 988
961 28
961 55
961 62
961 85
961 183
961 193
961 307
961 375
961 391
961 456
961 471
961 483
961 501
961 559
961 605
961 608
961 618
961 641
961 645
961 667
961 915
961 916
961 920
961 946
961 953
961 981
115 923
115 777
115 903
149 982
149 574
149 893
536 992
536 986
536 747
536 135
536 915
536 489
583 29
583 329
583 567
583 936
583 985
583 997
765 654
765 896
765 917
765 730
765 984
765 988
765 747
765 594
765 975
765 446
832 981
832 157
832 869
832 998
832 920
832 993
832 141
832 817
832 87
832 187
832 213
832 299
832 387
832 903
832 945
867 15
867 27
867 40
867 228
867 265
867 275
867 429
867 607
867 647
867 722
867 768
867 799
867 810
867 813
867 844
867 883
875 989
875 997
875 956
875 963
875 985
875 711
875 353
875 755
875 379
875 427
875 461
875 525
875 771
875 776
879 737
879 747
879 944
879 943
879 92
879 211
879 326
879 591
879 626
879 642
879 707
879 744
879 826
879 893
879 903
879 945
893 692
893 986
893 966
893 889
893 747
893 944
893 817
893 903
893 626
893 722
893 438
893 563
893 812
944 981
944 955
944 869
944 793
944 51
944 52
944 87
944 300
944 404
944 526
944 563
944 573
944 591
944 626
944 641
944 644
944 678
944 682
944 742
944 805
944 826
944 835
944 842
944 871
944 903
959 808
959 775
959 941
959 630
959 698
959 967
959 912
959 984
959 471
959 236
959 880
959 994
959 909
959 985
959 945
959 931
959 526
959 902
959 379
959 422
959 452
959 462
959 488
959 500
959 660
959 661
959 707
959 738
62 998
62 731
307 6
307 919
354 983
354 965
354 922
373 916
373 920
373 166
373 749
492 165
492 234
492 529
492 975
559 645
559 920
559 943
559 892
559 772
580 770
580 966
580 983
580 965
580 922
580 509
580 792
608 391
608 920
608 997
608 342
608 619
714 59
714 273
714 450
714 809
714 936
714 958
714 970
714 985
718 941
718 981
718 445
718 498
718 834
718 924
718 327
794 917
794 43
794 210
794 833
794 860
794 870
794 904
794 906
794 922
794 963
794 993
823 521
823 917
823 998
823 911
823 905
823 855
823 874
823 290
823 410
823 931
823 640
823 741
823 853
906 761
906 993
906 889
906 648
906 963
906 860
906 885
906 904
906 931
906 560
906 207
906 221
906 250
906 349
906 506
906 795
906 805
906 815
916 7
916 52
916 153
916 183
916 292
916 325
916 339
916 375
916 390
916 435
916 483
916 605
916 645
916 671
916 805
916 838
916 885
916 912
916 920
916 985
920 395
920 720
920 605
920 39
920 52
920 63
920 153
920 179
920 285
920 427
920 483
920 706
920 908
920 928
920 930
988 982
988 926
988 894
988 935
988 910
988 917
988 672
988 730
988 929
988 987
988 41
988 92
988 267
988 342
988 346
988 363
988 383
988 390
988 464
988 475
988 480
988 494
988 540
988 594
988 606
988 613
988 620
988 658
988 662
988 786
988 795
988 874
988 880
988 953
988 969
988 975
988 994
28 677
28 864
28 901
55 571
55 764
55 947
85 253
85 721
183 974
183 626
193 970
193 192
375 254
375 820
391 8
391 253
391 943
456 946
456 955
456 591
471 37
471 899
471 985
483 888
483 589
483 942
483 327
501 955
501 986
501 645
605 36
605 117
605 329
618 676
618 839
618 318
618 550
618 603
618 853
641 894
641 767
641 567
641 801
641 368
641 476
645 39
645 710
645 853
645 904
645 997
667 910
667 989
667 943
667 496
667 856
667 932
667 792
915 811
915 633
915 911
915 877
915 802
915 658
915 104
915 207
915 232
915 328
915 487
915 593
915 686
915 809
915 850
915 885
915 899
915 903
915 985
946 770
946 11
946 97
946 105
946 188
946 222
946 237
946 324
946 377
946 457
946 478
946 495
946 596
946 610
946 612
946 744
946 763
946 766
946 767
946 778
946 793
946 797
946 900
946 928
946 955
953 973
953 914
953 910
953 948
953 917
953 720
953 46
953 139
953 143
953 444
953 475
953 491
953 539
953 606
953 638
953 688
953 689
953 703
953 739
953 795
953 820
953 857
953 871
953 887
953 975
981 992
981 775
981 7
981 10
981 41
981 144
981 154
981 287
981 411
981 427
981 466
981 468
981 519
981 526
981 616
981 617
981 628
981 650
981 677
981 693
981 713
981 729
981 822
981 839
981 853
981 877
981 883
981 905
981 923
981 930
981 931
981 934
981 942
981 955
981 998
38 554
38 745
38 987
65 775
65 887
173 651
173 822
194 910
194 997
210 676
210 820
217 631
231 706
231 721
231 840
239 987
239 858
239 591
289 974
289 261
289 591
289 438
311 740
311 987
311 947
311 890
355 982
355 994
355 680
417 683
417 987
417 99
417 795
417 876
419 987
419 127
419 292
419 614
419 779
420 200
420 560
420 820
420 987
470 599
470 827
470 457
470 631
470 429
487 941
487 986
487 934
487 564
487 945
530 683
530 987
530 970
530 467
530 529
602 955
602 900
602 862
602 812
602 414
602 465
668 984
668 987
668 822
668 820
668 235
668 298
668 624
668 741
680 973
680 982
680 911
680 987
680 957
680 994
680 628
680 825
684 913
684 941
684 956
684 884
684 431
684 734
684 547
739 992
739 985
739 847
739 840
739 732
739 508
739 485
739 686
779 914
779 987
779 989
779 947
779 396
779 822
779 628
779 898
779 455
787 992
787 763
787 877
787 609
787 983
787 945
787 327
787 335
787 340
806 987
806 858
806 860
806 820
806 940
806 389
806 895
806 335
806 598
806 652
808 3
808 128
808 154
808 155
808 705
808 888
808 926
808 983
808 992
820 894
820 264
820 987
820 822
820 468
822 516
822 900
822 987
822 371
822 704
822 931
858 948
858 761
858 987
858 79
858 878
858 235
858 273
858 371
858 389
858 561
858 622
858 884
887 399
887 807
887 929
887 187
887 379
887 558
887 612
887 691
887 746
887 754
887 843
887 851
887 909
889 864
889 865
889 50
889 225
889 274
889 284
889 535
889 578
889 619
889 638
889 688
889 791
889 871
889 975
892 914
892 986
892 934
892 923
892 804
892 969
892 870
892 957
892 94
892 144
892 182
892 346
892 469
892 699
892 727
892 774
901 917
901 258
901 324
901 337
901 353
901 597
901 735
901 797
901 819
901 829
901 835
901 854
901 856
901 900
901 932
901 940
901 943
987 919
987 841
987 926
987 986
987 683
987 929
987 112
987 130
987 152
987 220
987 235
987 319
987 369
987 371
987 389
987 455
987 489
987 510
987 525
987 561
987 592
987 604
987 738
987 813
987 821
987 851
3 654
3 913
654 435
654 577
654 725
654 934
913 54
913 77
913 260
913 304
913 312
913 320
913 351
913 525
913 561
913 656
913 666
913 670
913 712
913 733
913 734
913 793
913 811
913 886
435 950
577 914
577 942
577 891
577 405
577 503
725 912
725 863
725 532
725 970
725 909
725 555
725 975
934 914
934 986
934 26
934 144
934 340
934 500
934 524
934 533
934 706
934 731
934 791
934 804
934 805
934 851
934 855
934 876
934 957
934 969
128 874
128 453
128 626
154 945
155 966
155 746
705 992
705 877
705 983
705 301
705 485
705 673
888 992
888 399
888 576
888 926
888 948
888 917
888 49
888 132
888 237
888 370
888 515
888 585
888 658
888 945
926 992
926 770
926 12
926 158
926 227
926 426
926 477
926 529
926 601
926 636
926 702
926 751
926 859
926 885
926 924
926 945
926 974
926 975
926 983
983 992
983 941
983 576
983 967
983 844
983 997
983 974
983 843
983 957
983 817
983 82
983 412
983 252
983 261
983 321
983 334
983 364
983 392
983 438
983 579
983 585
983 664
983 701
983 744
983 786
983 795
983 826
983 859
983 885
983 904
983 924
983 945
992 973
992 5
992 52
992 132
992 331
992 340
992 341
992 347
992 357
992 358
992 398
992 399
992 467
992 476
992 517
992 529
992 531
992 578
992 585
992 597
992 642
992 661
992 664
992 675
992 690
992 752
992 786
992 814
992 843
992 885
992 909
992 924
992 927
992 945
992 957
992 969
992 974
54 351
54 400
54 800
77 800
77 212
77 674
260 963
260 697
260 891
260 895
304 956
304 636
304 871
312 572
312 571
312 594
320 651
320 969
351 643
351 660
525 364
525 809
561 940
561 585
561 455
656 973
656 254
656 967
656 236
656 460
656 657
656 834
666 44
666 252
666 274
666 655
666 688
666 862
666 963
670 896
670 997
670 119
670 205
670 534
670 643
670 662
712 72
712 206
712 214
712 364
712 447
712 564
712 587
712 817
712 854
733 864
733 943
733 855
733 493
733 153
733 303
733 819
733 932
734 986
734 830
734 800
734 498
734 431
734 136
734 211
734 826
793 919
793 584
793 39
793 141
793 299
793 737
793 802
793 817
793 826
793 903
811 5
811 88
811 123
811 499
811 686
811 732
811 755
811 766
811 807
811 911
811 950
811 958
886 841
886 982
886 13
886 359
886 621
886 651
886 652
886 729
886 746
886 752
886 824
886 825
886 904
886 966
886 994
72 141
72 648
158 306
158 643
205 914
205 126
211 969
214 706
214 490
276 845
276 131
276 544
364 547
405 723
431 131
431 159
431 569
478 955
478 516
478 778
478 975
478 537
539 863
539 658
539 480
539 795
547 894
547 896
547 882
547 815
590 935
590 751
590 510
590 687
590 840
590 647
590 629
629 894
629 829
629 909
629 729
629 404
643 989
643 565
643 871
651 910
651 26
651 207
741 632
741 998
741 883
741 868
741 710
741 942
741 853
741 682
742 761
742 984
742 927
742 243
742 402
742 586
742 209
742 268
766 911
766 877
766 958
766 994
766 964
766 543
766 207
853 998
853 923
853 905
853 997
853 931
853 729
853 441
853 546
853 370
863 395
863 442
863 42
863 504
863 760
863 777
863 898
863 936
863 956
863 970
895 865
895 883
895 348
895 993
895 965
895 603
895 847
895 862
895 891
895 528
895 646
895 704
895 898
903 692
903 650
903 864
903 817
903 842
903 222
903 557
903 591
903 688
903 876
903 940
904 694
904 993
904 764
904 226
904 409
904 963
904 860
904 172
904 319
904 339
904 513
904 518
904 585
904 619
904 622
904 660
905 162
905 998
905 883
905 923
905 41
905 100
905 165
905 266
905 386
905 398
905 620
905 663
905 771
905 928
905 942
905 993
928 831
928 896
928 865
928 923
928 974
928 146
928 423
928 212
928 721
928 122
928 302
928 439
928 485
928 557
928 624
928 701
928 767
928 902
928 950
929 941
929 955
929 869
929 30
929 102
929 192
929 262
929 270
929 288
929 353
929 448
929 688
929 762
929 855
929 908
929 911
929 997
4 61
4 572
4 599
4 973
61 107
61 129
61 551
572 505
572 594
572 673
572 854
572 973
599 248
599 267
599 489
599 675
599 967
973 79
973 123
973 147
973 246
973 282
973 309
973 372
973 442
973 505
973 533
973 563
973 566
973 576
973 581
973 606
973 614
973 620
973 624
973 689
973 699
973 723
973 803
973 838
973 842
973 854
973 890
973 945
973 958
107 927
107 450
107 695
129 592
129 856
551 238
551 384
551 439
551 514
551 876
551 942
505 993
505 943
505 566
505 890
594 910
594 998
594 66
594 606
673 894
673 935
673 352
673 582
673 647
673 451
854 760
854 838
854 90
854 376
854 382
854 491
854 566
854 581
854 614
854 689
854 815
854 890
854 942
248 509
248 488
248 732
267 69
267 498
267 813
489 157
489 453
489 367
489 434
675 294
675 83
675 279
675 482
675 540
675 556
675 827
967 24
967 25
967 97
967 116
967 168
967 284
967 316
967 383
967 422
967 449
967 482
967 574
967 644
967 671
967 738
967 745
967 824
967 830
967 834
967 850
967 868
967 870
967 902
967 909
967 923
967 947
967 974
79 45
79 838
123 89
147 955
147 989
147 997
246 993
246 57
246 963
246 985
282 60
282 774
282 803
282 890
309 993
309 838
309 386
372 941
372 803
372 876
372 387
442 831
442 33
442 181
442 201
533 254
533 91
533 581
533 803
533 890
563 842
563 826
563 819
563 223
566 919
566 706
566 942
566 281
576 7
576 168
576 187
581 970
581 838
581 755
581 797
606 841
606 984
606 804
606 795
614 890
614 301
614 689
620 698
620 90
620 803
620 890
624 721
624 744
624 506
689 948
689 745
689 838
689 890
699 955
699 522
699 731
699 648
699 721
699 302
699 458
699 659
723 930
723 238
723 326
723 332
723 593
803 910
803 997
803 970
803 838
803 824
803 433
803 890
838 175
838 341
838 726
838 778
838 890
838 950
842 869
842 740
842 912
842 974
842 92
842 300
842 591
842 826
842 891
842 945
890 845
890 730
890 856
890 757
890 940
890 598
945 974
945 843
945 727
945 118
945 172
945 286
945 392
945 438
945 477
945 512
945 601
945 690
945 924
958 941
958 162
958 841
958 807
958 495
958 955
958 845
958 948
958 917
958 900
958 745
958 804
958 103
958 868
958 114
958 213
958 329
958 360
958 671
958 732
958 809
958 821
958 840
958 899
958 936
958 985
5 521
521 233
521 332
521 914
521 924
521 998
233 998
233 29
233 942
332 874
332 717
914 982
914 11
914 56
914 96
914 109
914 361
914 552
914 751
914 757
914 791
914 804
914 891
914 902
914 957
914 969
914 986
924 966
924 974
924 843
924 956
924 857
924 305
924 994
924 786
924 885
924 932
924 940
924 859
924 334
924 341
924 465
924 836
998 841
998 23
998 917
998 130
998 163
998 178
998 266
998 285
998 349
998 427
998 440
998 468
998 519
998 526
998 549
998 557
998 601
998 607
998 682
998 713
998 717
998 726
998 729
998 784
998 814
998 829
998 855
998 859
998 860
998 882
998 883
998 923
998 931
998 942
998 963
998 975
88 775
88 730
88 802
499 440
499 638
499 871
499 459
686 855
686 985
686 626
686 936
686 778
686 663
732 395
732 957
732 658
732 868
732 936
732 511
755 989
755 997
755 737
755 747
755 956
755 338
755 771
807 630
807 448
807 458
807 495
807 562
807 754
807 956
911 37
911 329
911 344
911 722
911 802
911 809
911 839
911 868
911 877
911 936
911 947
950 919
950 716
950 869
950 948
950 295
950 947
950 781
950 970
950 687
950 564
950 857
950 135
950 874
950 550
950 985
950 176
950 184
950 377
950 414
950 421
950 535
950 545
950 685
950 756
190 993
190 172
190 275
280 974
280 963
280 413
280 601
334 986
334 957
340 965
477 436
477 636
477 758
477 791
515 751
515 102
515 106
515 678
664 993
664 781
664 411
664 609
664 90
664 744
695 831
695 700
695 655
695 63
695 313
695 902
791 986
791 957
791 963
791 757
791 908
815 948
815 993
815 648
815 963
815 860
815 662
815 506
815 660
815 809
825 347
825 965
825 994
825 936
825 702
825 407
825 565
825 652
825 660
825 784
826 883
826 737
826 936
826 185
826 283
826 772
843 522
843 989
843 67
843 82
843 341
843 550
843 578
843 786
843 856
843 899
859 974
859 802
859 884
859 722
859 574
859 273
859 335
859 398
859 437
859 646
885 986
885 984
885 974
885 821
885 161
885 297
885 337
885 357
885 392
885 528
974 927
974 57
974 273
974 327
974 357
974 358
974 376
974 475
974 476
974 609
974 636
974 707
974 748
974 784
974 786
974 829
974 835
974 882
974 942
132 410
331 923
331 984
331 940
331 567
341 985
347 8
347 177
347 768
357 444
357 814
358 498
358 744
398 627
398 636
398 377
399 6
399 601
399 919
467 800
467 76
467 262
467 876
476 935
476 985
476 902
517 936
517 345
517 850
531 984
531 927
531 868
531 208
531 750
531 940
578 900
578 639
578 847
578 862
578 657
585 368
585 635
597 829
597 592
597 762
642 883
642 761
642 984
642 749
642 871
642 814
642 836
661 922
661 880
661 884
661 480
661 797
661 523
661 792
690 997
690 450
690 833
690 261
690 767
690 335
690 384
752 982
752 625
752 986
752 613
752 697
752 850
752 994
786 864
786 993
786 113
786 609
786 817
786 251
786 555
814 984
814 927
814 957
814 874
814 940
814 512
814 750
814 836
909 584
909 445
909 965
909 457
909 112
909 383
909 462
909 588
909 644
909 707
909 746
909 771
909 801
909 834
927 986
927 249
927 481
927 48
927 84
927 94
927 268
927 512
927 546
927 603
927 749
927 750
927 836
927 940
927 964
927 994
957 497
957 910
957 986
957 804
957 800
957 969
957 75
957 145
957 200
957 247
957 330
957 394
957 403
957 443
957 558
957 726
957 727
957 757
957 776
957 964
969 986
969 912
969 984
969 316
969 56
969 90
969 96
969 121
969 145
969 168
969 179
969 189
969 298
969 330
969 361
969 409
969 413
969 428
969 441
969 500
969 691
969 731
969 772
969 899
969 908
969 932
969 985
6 775
6 941
775 308
775 452
775 850
775 876
775 882
775 923
775 941
941 45
941 70
941 410
941 445
941 498
941 574
941 698
941 738
941 771
941 830
941 839
941 850
941 902
941 931
941 986
919 9
919 76
919 78
919 206
919 249
919 323
919 382
919 385
919 550
919 587
919 839
919 857
919 922
919 948
919 984
919 985
601 584
601 965
308 728
308 753
308 568
452 986
452 922
452 333
850 986
850 799
850 870
850 963
850 856
850 902
850 717
850 644
876 677
876 412
876 486
876 746
876 753
876 772
876 284
876 503
876 523
876 691
882 763
882 69
882 156
882 178
882 450
882 465
882 558
882 619
882 637
882 746
882 824
882 862
882 936
923 841
923 34
923 153
923 414
923 511
923 596
923 665
923 693
923 710
923 713
923 782
923 942
45 316
45 520
70 665
70 970
410 989
410 997
410 956
445 520
445 58
498 584
498 118
574 542
574 830
574 221
574 644
698 11
698 76
698 520
698 633
698 830
698 834
738 249
738 830
738 767
738 942
738 324
738 460
738 834
771 770
771 989
771 997
771 956
771 623
771 678
830 650
830 51
830 235
830 258
830 870
830 878
830 902
839 502
839 39
839 99
839 287
839 367
839 378
839 587
839 759
839 772
839 874
902 804
902 870
902 185
902 345
902 488
902 540
902 558
902 707
902 758
931 466
931 677
931 883
931 665
931 397
931 534
931 177
931 223
931 285
931 321
931 365
931 407
931 455
931 693
931 942
986 982
986 497
986 20
986 108
986 121
986 168
986 169
986 225
986 237
986 241
986 298
986 318
986 361
986 389
986 394
986 441
986 500
986 726
986 727
986 731
986 756
986 757
986 784
986 804
7 162
162 802
802 877
802 459
802 812
802 833
802 985
292 535
292 569
325 189
325 778
339 993
339 943
339 674
390 745
390 177
390 421
671 716
671 676
671 295
671 970
671 179
671 323
671 782
805 947
805 833
805 964
805 310
805 370
805 418
805 430
805 527
912 25
912 97
912 180
912 446
912 757
912 767
912 777
912 932
912 940
912 970
985 395
985 894
985 935
985 896
985 740
985 554
985 984
985 877
985 868
985 550
985 114
985 161
985 219
985 328
985 371
985 459
985 469
985 479
985 508
985 593
985 750
985 821
985 840
985 936
10 630
10 841
10 982
41 253
144 922
287 982
287 948
287 685
411 59
411 365
411 549
427 841
466 26
466 434
466 527
466 754
468 864
468 855
468 922
519 481
519 994
519 230
519 404
526 182
526 713
616 982
616 984
616 423
616 994
616 621
617 845
617 694
617 556
617 697
617 573
617 587
617 776
628 295
628 994
628 899
628 567
650 25
650 782
650 908
677 406
677 588
677 871
677 883
677 942
677 965
693 900
693 855
693 899
693 345
693 511
713 751
713 880
713 942
713 288
713 374
729 841
729 768
729 702
729 223
729 593
877 935
877 799
877 50
877 122
877 360
877 479
877 564
877 586
877 593
877 809
877 821
883 896
883 33
883 306
883 750
883 855
883 942
883 997
930 799
930 947
930 878
930 827
930 965
930 108
930 592
930 898
942 522
942 917
942 870
942 970
942 855
942 596
942 688
942 682
955 20
955 122
955 201
955 230
955 257
955 290
955 324
955 400
955 522
955 610
955 687
955 754
955 778
955 824
955 896
955 932
955 956
8 124
8 770
124 484
124 855
770 203
770 527
770 792
770 963
770 965
484 720
484 965
484 884
484 762
855 751
855 655
855 73
855 406
855 878
177 966
768 745
768 703
768 148
768 306
768 336
768 784
768 813
253 184
253 600
943 789
943 58
943 68
943 104
943 109
943 117
943 293
943 374
943 430
943 493
943 685
943 824
943 829
943 835
943 836
943 856
943 868
943 932
203 922
203 767
527 993
527 947
527 964
527 784
792 965
792 922
792 880
792 868
963 584
963 845
963 993
963 648
963 333
963 102
963 139
963 306
963 319
963 338
963 376
963 401
963 428
963 432
963 465
963 560
963 622
963 660
963 860
963 891
965 769
965 507
965 156
965 83
965 95
965 370
965 376
965 388
965 403
965 490
965 524
965 565
965 704
965 759
965 774
965 776
965 797
965 810
965 874
965 880
965 884
965 922
9 157
157 448
448 646
448 778
76 564
78 864
78 706
78 835
206 685
206 812
249 24
249 279
323 948
323 459
382 716
382 898
382 464
385 740
385 989
385 874
385 112
550 110
587 683
587 756
587 378
857 910
857 502
857 494
857 82
857 84
857 172
857 646
857 782
857 795
857 975
922 982
922 789
922 497
922 817
922 93
922 421
922 757
922 759
922 797
922 884
922 899
948 716
948 676
948 21
948 127
948 264
948 279
948 318
948 414
948 422
948 502
948 510
948 571
948 665
948 756
948 781
948 874
948 884
984 769
984 894
984 36
984 761
984 68
984 84
984 152
984 227
984 268
984 270
984 313
984 393
984 402
984 481
984 512
984 546
984 586
984 737
984 749
984 750
984 836
984 840
984 940
984 947
984 970
75 409
75 609
202 908
256 997
256 835
350 896
350 994
350 767
472 896
472 994
472 612
516 831
516 110
516 589
542 982
542 23
542 994
588 982
588 263
588 994
588 936
613 982
613 762
613 726
613 649
703 745
703 810
703 138
703 251
703 682
703 722
841 209
841 230
841 315
841 344
841 490
891 844
891 989
891 829
891 936
891 603
891 847
891 908
891 356
891 528
891 565
891 649
891 758
891 898
898 348
898 868
898 425
898 821
898 603
898 728
898 847
898 513
898 697
898 310
898 315
898 758
910 20
910 454
910 537
910 672
910 809
910 917
910 975
982 13
982 32
982 259
982 303
982 313
982 317
982 345
982 365
982 380
982 424
982 439
982 444
982 503
982 520
982 621
982 631
982 652
982 692
982 702
982 769
982 776
982 810
982 829
982 994
994 584
994 716
994 869
994 627
994 520
994 532
994 146
994 436
994 956
994 263
994 110
994 191
994 198
994 296
994 303
994 313
994 359
994 380
994 397
994 433
994 439
994 443
994 455
994 652
994 662
994 702
32 74
32 502
59 266
67 259
191 917
191 720
238 900
238 274
303 353
363 778
363 975
363 480
652 856
758 878
758 847
758 748
758 704
758 356
758 657
817 869
817 80
817 737
817 747
817 851
900 676
900 29
900 865
900 195
900 270
900 397
900 612
900 663
900 746
900 860
900 871
964 869
964 989
964 400
964 764
964 947
964 970
964 494
964 827
964 425
964 833
964 343
964 160
964 169
964 342
964 356
964 370
964 418
964 433
964 449
964 454
964 465
964 485
964 623
964 635
964 784
630 383
630 460
630 462
630 759
630 870
630 940
383 874
460 821
460 396
460 819
462 662
462 241
462 381
759 163
759 880
759 343
759 199
759 288
759 524
759 851
870 502
870 60
870 143
870 329
870 403
870 707
870 834
870 880
940 935
940 761
940 481
940 402
940 227
940 393
940 749
940 750
940 776
940 836
209 730
209 662
230 731
230 778
315 947
315 697
344 42
344 556
344 966
490 243
490 810
490 880
13 763
259 760
259 827
317 894
317 678
345 201
365 993
365 359
380 702
380 469
424 486
424 95
424 711
424 753
424 772
444 917
444 740
503 917
503 800
503 543
503 437
520 621
520 880
621 764
621 232
621 234
621 682
631 730
631 251
631 540
631 701
631 774
692 894
692 19
692 299
692 678
692 737
702 947
702 219
702 296
769 16
769 416
769 425
769 756
769 762
769 851
776 632
776 989
776 997
776 956
810 844
810 96
810 301
810 426
810 447
810 722
810 727
810 813
829 91
829 189
829 223
829 819
829 856
829 932
11 789
789 86
789 377
789 408
789 458
789 514
789 569
789 701
789 711
789 721
789 767
633 36
633 286
633 691
633 710
633 760
834 701
834 299
834 379
834 388
834 528
834 610
834 801
86 844
86 47
86 486
377 610
408 21
408 423
408 797
408 836
408 864
458 896
458 932
458 908
514 865
514 612
514 418
514 607
569 845
569 659
701 767
701 237
701 356
701 508
701 538
711 831
711 989
711 997
711 257
711 956
711 640
721 298
721 349
721 560
721 777
721 778
767 290
767 744
56 130
56 532
96 236
109 496
109 727
361 761
361 665
552 993
552 101
751 935
751 296
751 404
751 678
757 241
757 298
804 497
804 864
804 43
804 687
804 727
804 840
97 522
105 290
105 352
105 596
188 426
188 415
188 513
222 869
222 720
237 557
324 932
457 106
457 251
457 535
495 16
495 557
495 947
596 989
596 434
596 682
610 896
610 862
610 801
612 143
612 415
612 824
744 896
744 609
744 212
763 24
763 98
763 436
763 535
763 615
763 993
778 777
778 219
778 302
797 648
797 880
797 884
797 749
797 403
797 524
12 254
12 584
254 422
584 143
422 241
46 47
46 655
494 674
494 81
494 975
537 831
537 813
774 827
774 252
774 717
975 917
975 672
975 865
975 730
975 997
975 318
975 884
975 685
975 228
975 271
975 328
975 418
975 538
975 545
975 546
975 646
227 316
426 101
426 657
426 824
636 300
636 538
636 678
225 740
24 740
98 436
98 258
98 300
436 865
436 71
535 966
535 717
615 737
615 812
615 229
615 245
615 607
615 824
615 871
993 761
993 43
993 48
993 69
993 221
993 226
993 243
993 263
993 296
993 306
993 319
993 338
993 376
993 401
993 428
993 446
993 506
993 560
993 586
993 622
993 648
993 649
993 660
993 772
993 860
993 908
993 932
993 956
359 936
359 546
746 865
746 884
746 415
746 637
746 812
824 440
824 242
824 314
824 511
824 512
824 657
966 845
966 554
966 720
966 42
966 169
966 245
966 296
966 314
966 321
966 326
966 366
966 429
966 509
966 573
966 589
966 669
966 694
966 735
966 795
966 801
966 868
966 874
966 880
966 997
831 15
831 53
831 245
831 589
831 639
831 809
831 868
200 753
200 772
560 672
560 199
562 87
562 171
562 182
562 288
562 782
754 865
754 81
754 508
754 777
754 908
956 632
956 730
956 989
956 997
956 409
956 674
956 81
956 163
956 381
956 463
956 513
956 598
956 640
956 688
956 704
15 625
53 844
245 589
245 441
589 126
589 432
639 700
639 63
639 262
639 586
639 748
639 970
809 395
809 554
809 970
809 735
809 936
868 103
868 127
868 171
868 381
868 840
868 936
625 116
625 284
625 549
625 555
625 655
625 672
116 198
116 555
284 262
549 543
549 908
555 674
555 717
655 281
655 461
655 753
655 800
672 27
672 150
672 518
672 598
204 844
204 727
204 813
305 89
305 232
305 932
27 683
27 844
40 632
40 844
40 865
228 274
265 348
265 104
275 844
275 932
275 255
429 573
429 659
607 894
607 443
647 935
647 856
647 819
647 247
722 745
722 138
722 285
722 416
799 169
799 343
799 438
799 764
799 784
799 833
799 851
799 947
813 745
813 760
813 293
813 336
813 255
813 600
844 84
844 301
844 447
844 568
844 753
844 840
16 23
557 400
947 400
947 764
947 134
947 146
947 281
947 343
947 430
947 433
947 454
947 623
947 635
947 784
416 507
416 388
416 524
425 400
425 114
425 433
756 502
756 781
756 290
756 176
756 314
756 836
762 161
762 179
762 278
762 415
762 545
851 402
851 534
851 908
851 270
851 469
851 482
851 619
851 635
30 507
30 730
93 163
134 178
134 833
140 731
140 474
192 582
263 100
286 271
384 644
504 997
504 760
504 908
691 781
691 474
691 518
731 108
731 244
731 726
865 29
865 178
865 387
865 862
908 936
908 710
908 782
908 801
908 819
716 454
716 706
716 884
189 932
454 623
706 687
706 396
706 874
884 507
884 156
884 101
884 199
884 936
20 522
122 402
257 74
687 571
687 781
687 71
687 874
896 21
896 510
896 538
896 669
896 880
932 935
932 864
932 423
932 835
932 582
932 819
18 395
18 632
18 894
18 935
632 518
632 989
632 997
894 133
894 294
894 367
894 497
894 544
894 795
894 935
935 240
935 244
935 336
935 352
935 544
935 678
935 728
935 801
935 812
935 989
989 745
989 215
989 49
989 164
989 170
989 171
989 174
989 198
989 407
989 432
989 493
989 506
989 532
989 538
989 543
989 598
989 640
989 747
989 840
989 997
997 676
997 845
997 761
997 49
997 57
997 81
997 164
997 181
997 220
997 327
997 381
997 407
997 415
997 461
997 463
997 508
997 532
997 543
997 598
997 640
997 750
997 764
997 878
133 50
133 151
294 71
294 600
367 749
497 19
497 26
544 186
544 389
795 728
240 847
240 567
244 833
336 745
336 170
352 800
678 750
728 878
728 604
728 735
728 180
728 748
801 845
801 720
801 694
801 735
801 314
801 659
812 683
812 761
812 397
812 862
812 619
812 657
812 840
19 676
19 869
676 34
676 91
676 349
869 164
869 185
869 300
869 394
869 453
869 747
869 819
869 880
34 264
34 627
91 135
349 428
299 726
737 295
737 51
164 346
185 428
394 496
394 936
394 182
453 247
453 663
747 51
747 283
747 609
819 864
819 835
819 208
819 360
880 101
880 388
880 403
880 717
880 726
917 114
917 475
917 491
917 646
917 662
108 493
121 64
121 735
241 726
318 71
389 250
441 726
500 727
500 255
500 697
727 507
784 782
784 485
784 635
21 845
845 234
845 326
845 451
845 735
423 510
423 73
836 720
836 749
836 393
836 657
836 750
864 353
864 582
864 735
864 835
864 856
234 556
234 735
451 509
451 488
735 669
735 659
510 64
510 180
538 474
669 120
669 665
669 103
669 321
669 432
127 821
279 396
279 553
414 781
414 461
502 491
571 113
571 387
571 874
665 196
781 58
781 113
781 568
781 600
874 564
874 99
110 700
404 640
475 821
491 532
646 396
646 753
662 322
80 33
80 406
100 274
196 683
196 862
272 862
272 511
434 291
511 753
635 764
635 827
635 833
682 415
707 406
707 899
266 970
285 694
440 710
440 195
440 437
717 740
717 251
717 748
860 674
860 486
860 135
860 338
860 622
860 623
860 660
740 165
740 337
740 482
165 252
337 835
337 827
482 827
482 710
316 782
449 833
449 623
449 540
644 261
644 488
644 748
745 236
782 627
782 553
446 409
777 970
777 540
970 481
970 94
970 126
970 152
970 250
970 291
970 406
970 579
970 847
250 553
268 835
430 748
430 485
553 278
553 579
579 592
579 657
593 899
593 753
760 73
760 87
760 126
760 346
524 638
524 488
683 659
150 181
598 862
659 878
659 479
659 523
301 749
447 401
447 255
447 366
568 772
568 379
568 704
753 392
753 663
840 821
840 899
840 936
840 322
406 432
871 450
871 401
871 862
871 443
871 512
871 622
871 657
582 493
582 438
582 464
835 176
835 493
835 592
835 637
856 496
856 592
856 160
856 479
258 847
936 138
936 160
936 469
387 374
862 496
862 374
195 674
270 506
397 118
663 412
663 772
663 262
663 523
507 421
730 403
421 833
688 118
688 637
31 554
31 720
554 366
554 368
720 366
366 640
368 847
368 573
821 176
821 328
821 899
139 236
226 64
242 314
242 638
523 674
523 772
573 800
573 710
74 878
878 485
33 700
700 89
700 388
700 428
700 437
700 534
700 685
89 658
388 649
437 412
437 772
534 161
685 694
685 800
685 271
685 378
750 603
627 546
546 586
710 174
697 847
697 704
697 748
343 145
764 480
764 833
833 199
833 418
166 184
166 396
413 827
36 761
68 58
152 586
393 463
393 418
402 145
481 44
481 660
512 749
586 281
749 827
37 120
120 556
120 592
899 160
899 219
899 322
899 360
899 591
175 371
112 208
235 623
604 658
604 103
604 293
604 565
604 622
604 847
141 293
99 463
63 156
386 508
342 255
464 480
540 827
42 348
348 704
704 330
321 694
509 694
509 148
509 558
694 43
48 69
221 496
243 95
338 637
401 167
401 506
648 392
649 513
649 748
649 565
44 295
252 827
638 619
47 215
215 847
281 674
800 151
800 486
800 674
486 360
847 186
847 291
847 322
603 159
637 465
198 543
493 827
479 322
564 271
626 433
66 113
167 261
333 95
146 64
330 409
748 293
748 356
827 83
82 412
513 528
412 186
474 310
302 488
