0 279
0 911
0 943
0 988
279 717
279 794
279 912
279 997
911 172
911 230
911 321
911 458
911 599
911 621
911 759
911 775
911 802
911 805
911 809
911 827
911 865
911 872
911 894
911 901
911 909
911 946
911 989
911 994
911 997
943 88
943 97
943 183
943 230
943 244
943 328
943 416
943 446
943 456
943 486
943 521
943 537
943 540
943 576
943 581
943 585
943 695
943 755
943 776
943 790
943 852
943 908
943 946
943 980
943 981
943 987
943 988
988 10
988 26
988 72
988 166
988 208
988 216
988 218
988 230
988 234
988 237
988 248
988 262
988 336
988 377
988 391
988 392
988 396
988 402
988 456
988 467
988 478
988 480
988 501
988 502
988 521
988 533
988 540
988 581
988 637
988 677
988 686
988 755
988 776
988 817
988 851
988 853
988 879
988 894
988 934
988 985
988 989
717 806
717 453
717 999
717 973
717 92
717 424
717 513
717 814
717 830
794 949
794 977
794 921
794 831
794 307
794 909
794 817
794 389
794 613
794 707
794 766
912 871
912 926
912 970
912 993
912 961
912 921
912 429
912 995
912 704
912 699
912 937
912 862
912 851
912 978
912 942
912 908
912 650
912 929
912 220
912 596
912 842
997 346
997 985
997 594
997 949
997 839
997 961
997 899
997 959
997 992
997 898
997 939
997 973
997 954
997 699
997 479
997 989
997 58
997 756
997 66
997 109
997 138
997 161
997 214
997 246
997 274
997 290
997 322
997 345
997 353
997 393
997 444
997 477
997 542
997 585
997 598
997 669
997 707
997 771
997 795
997 804
997 875
997 904
997 918
997 929
997 957
997 969
172 242
172 748
172 873
230 645
321 989
321 740
321 777
321 976
458 991
458 992
458 528
458 860
458 958
599 936
599 946
599 759
599 533
599 364
599 464
599 665
621 282
621 975
621 870
621 499
621 593
621 664
621 792
759 833
759 922
759 59
759 149
759 414
759 432
759 873
759 894
759 914
775 936
775 983
775 813
775 699
775 976
775 178
775 430
775 828
775 830
775 874
775 979
802 934
802 998
802 887
802 995
802 860
802 866
802 804
802 176
802 233
802 622
802 637
802 891
805 372
805 861
805 936
805 725
805 857
805 689
805 865
805 875
805 894
805 155
805 390
805 979
809 971
809 564
809 88
809 139
809 270
809 281
809 567
809 752
809 828
809 872
809 894
809 979
827 993
827 975
827 960
827 676
827 366
827 407
827 562
827 663
827 593
827 904
827 378
827 387
827 555
865 949
865 993
865 725
865 498
865 761
865 862
865 886
865 648
865 106
865 285
865 697
865 729
865 743
865 819
865 903
872 346
872 991
872 800
872 936
872 954
872 870
872 496
872 944
872 857
872 889
872 853
872 873
872 614
872 979
872 452
894 694
894 971
894 936
894 826
894 931
894 860
894 880
894 857
894 927
894 143
894 167
894 250
894 556
894 719
894 979
901 869
901 936
901 959
901 998
901 870
901 132
901 885
901 880
901 437
901 857
901 88
901 200
901 239
901 312
901 423
901 577
901 748
901 846
901 938
901 979
909 833
909 923
909 964
909 967
909 968
909 998
909 984
909 823
909 739
909 883
909 437
909 92
909 198
909 234
909 447
909 644
909 650
909 687
909 703
909 715
946 951
946 928
946 932
946 990
946 924
946 998
946 47
946 84
946 275
946 359
946 387
946 398
946 534
946 554
946 612
946 781
946 782
946 793
946 795
946 803
946 816
946 847
946 884
946 933
946 941
946 996
989 833
989 112
989 869
989 971
989 594
989 604
989 967
989 959
989 963
989 56
989 479
989 83
989 118
989 185
989 263
989 290
989 328
989 353
989 361
989 363
989 403
989 478
989 485
989 534
989 542
989 547
989 578
989 601
989 630
989 727
989 776
989 804
989 868
989 914
989 918
989 929
989 938
989 958
989 976
989 996
994 964
994 985
994 12
994 977
994 61
994 71
994 104
994 146
994 209
994 221
994 232
994 258
994 341
994 383
994 394
994 431
994 440
994 517
994 580
994 609
994 683
994 690
994 698
994 742
994 744
994 750
994 755
994 825
994 834
994 835
994 843
994 849
994 877
994 907
994 915
994 924
994 941
994 959
994 960
994 965
994 967
994 968
994 987
994 996
994 998
88 185
97 983
97 998
97 822
183 68
183 776
183 896
244 835
244 940
244 259
328 826
328 301
328 422
416 985
416 826
416 333
416 960
416 938
446 611
446 860
446 996
446 317
446 103
456 570
456 849
456 859
456 750
486 833
486 465
486 976
486 930
486 374
521 990
521 473
521 810
521 452
537 907
537 993
537 20
537 814
537 929
537 965
540 974
540 132
540 530
540 755
540 845
576 798
576 811
576 855
576 982
576 889
576 319
581 971
581 968
581 66
581 419
581 903
585 977
585 841
585 933
585 903
585 424
695 907
695 910
695 981
695 984
695 892
695 952
695 900
695 762
755 986
755 990
755 626
755 915
755 548
755 749
755 776
776 861
776 494
776 826
776 104
776 246
776 379
776 588
790 955
790 972
790 27
790 202
790 267
790 469
790 645
790 824
790 922
790 948
790 996
852 928
852 995
852 947
852 944
852 966
852 927
852 158
852 155
852 410
852 449
852 601
852 874
852 897
852 948
908 858
908 926
908 993
908 667
908 990
908 780
908 995
908 962
908 788
908 184
908 240
908 293
908 411
908 462
908 511
908 533
908 650
908 682
908 765
908 820
980 858
980 618
980 985
980 928
980 919
980 936
980 878
980 924
980 652
980 409
980 888
980 916
980 817
980 957
980 892
980 927
980 791
980 751
980 925
980 738
980 718
980 147
980 160
980 182
980 207
980 407
980 518
980 553
980 590
980 596
980 624
980 669
980 670
980 685
980 708
980 741
980 747
980 753
980 765
980 840
981 815
981 899
981 856
981 826
981 934
981 931
981 990
981 921
981 35
981 64
981 83
981 95
981 117
981 151
981 221
981 336
981 373
981 420
981 508
981 567
981 610
981 724
981 727
981 754
981 766
981 771
981 772
981 778
981 799
981 837
981 841
981 880
981 888
981 891
981 892
981 963
981 982
981 984
981 998
987 986
987 972
987 907
987 204
987 992
987 999
987 998
987 960
987 860
987 870
987 713
987 915
987 554
987 902
987 969
987 748
987 353
987 803
987 252
987 267
987 276
987 336
987 376
987 464
987 489
987 505
987 547
987 569
987 600
987 602
987 610
987 638
987 679
987 691
987 703
987 727
987 729
987 766
987 848
987 917
987 929
10 985
10 594
10 815
26 509
26 931
26 975
72 928
72 826
72 832
166 999
166 795
166 896
208 970
208 826
208 711
216 924
216 884
216 499
218 826
218 116
218 929
234 407
234 700
237 885
237 847
237 950
248 797
248 578
248 965
262 855
262 846
262 484
262 600
336 986
336 642
377 833
377 986
377 990
377 960
391 15
391 87
391 669
391 961
392 949
392 516
392 533
392 381
396 977
396 41
396 938
396 957
402 955
402 983
402 941
402 440
467 944
467 324
467 757
467 819
467 904
478 77
478 222
478 535
478 795
480 770
480 922
480 341
480 941
480 838
501 780
501 874
501 212
501 533
501 698
502 983
502 834
502 123
502 777
502 845
533 531
533 235
637 616
637 926
637 648
637 795
637 365
637 903
677 923
677 986
677 931
677 58
677 94
677 753
677 848
677 917
686 861
686 811
686 676
686 864
686 127
686 263
686 369
686 846
817 971
817 815
817 992
817 888
817 937
817 101
817 311
817 385
817 499
817 889
851 983
851 888
851 739
851 885
851 937
851 889
851 463
851 120
851 269
851 350
851 398
851 789
851 792
853 955
853 972
853 811
853 910
853 968
853 867
853 953
853 120
853 146
853 179
853 875
853 876
853 900
853 965
879 935
879 701
879 111
879 968
879 409
879 893
879 557
879 659
879 493
879 271
879 378
879 433
879 654
879 683
879 742
879 904
879 950
934 372
934 923
934 25
934 85
934 303
934 417
934 418
934 483
934 550
934 615
934 622
934 640
934 643
934 710
934 743
934 762
934 950
934 963
934 965
934 974
934 976
934 982
985 5
985 618
985 80
985 188
985 192
985 211
985 235
985 352
985 414
985 421
985 568
985 616
985 671
985 672
985 708
985 750
985 774
985 835
985 839
985 840
985 871
985 874
985 877
985 878
985 885
985 892
985 902
985 904
985 919
985 938
985 942
985 962
985 966
985 967
985 974
985 992
1 372
1 723
1 858
1 890
372 942
372 999
723 450
723 669
723 741
723 757
723 822
723 862
723 899
723 992
723 996
858 232
858 242
858 294
858 362
858 406
858 459
858 566
858 660
858 756
858 935
858 940
858 967
858 993
890 27
890 625
890 654
890 740
890 778
890 787
890 850
890 870
890 895
890 899
890 918
890 939
890 947
890 948
890 950
890 970
890 978
890 990
942 871
942 616
942 972
942 786
942 877
942 919
942 990
942 780
942 973
942 135
942 409
942 953
942 966
942 796
942 296
942 343
942 388
942 451
942 510
942 595
942 741
942 820
942 837
942 905
942 930
999 806
999 971
999 907
999 453
999 922
999 31
999 586
999 53
999 86
999 137
999 177
999 187
999 240
999 245
999 265
999 323
999 324
999 326
999 401
999 471
999 493
999 524
999 527
999 560
999 578
999 609
999 623
999 663
999 670
999 681
999 710
999 757
999 789
999 814
999 830
999 860
999 874
999 897
999 918
999 930
999 944
999 952
999 976
999 978
450 935
450 983
450 823
450 232
450 782
669 916
669 892
669 609
669 969
669 929
741 694
741 991
741 967
741 892
741 978
741 551
741 746
741 536
757 972
757 770
757 968
757 866
757 434
757 566
757 589
757 590
822 961
822 877
822 878
822 998
822 684
822 299
822 813
822 841
822 866
822 147
822 614
822 840
862 977
862 993
862 835
862 330
862 995
862 881
862 348
862 849
862 564
862 87
862 489
862 900
862 958
899 986
899 977
899 970
899 17
899 529
899 65
899 397
899 448
899 527
899 745
899 762
899 791
899 837
899 856
899 905
899 925
899 936
992 346
992 871
992 558
992 972
992 993
992 611
992 975
992 29
992 118
992 125
992 161
992 179
992 255
992 263
992 274
992 302
992 314
992 325
992 373
992 466
992 504
992 519
992 567
992 574
992 638
992 642
992 660
992 702
992 739
992 780
992 792
992 803
992 876
992 882
992 885
992 888
992 897
992 914
992 937
992 998
996 972
996 907
996 690
996 928
996 895
996 835
996 960
996 995
996 725
996 915
996 63
996 113
996 114
996 171
996 265
996 288
996 297
996 298
996 382
996 417
996 439
996 440
996 459
996 491
996 517
996 580
996 597
996 710
996 730
996 733
996 742
996 744
996 750
996 762
996 847
996 859
996 929
996 937
996 940
996 957
996 965
232 913
242 972
242 963
294 931
294 950
294 382
294 390
362 945
362 952
362 793
362 904
406 922
406 882
406 413
406 896
459 886
459 940
459 706
459 403
566 770
566 959
566 736
566 687
566 495
660 922
660 968
660 320
660 508
660 868
660 793
660 438
756 954
756 813
756 58
756 190
756 281
756 543
756 769
756 889
756 956
935 9
935 63
935 89
935 102
935 186
935 330
935 405
935 510
935 526
935 573
935 582
935 589
935 607
935 646
935 711
935 793
935 796
935 819
935 902
935 906
935 931
935 972
935 973
940 907
940 991
940 272
940 915
940 866
940 544
940 982
940 659
940 126
940 357
940 445
940 470
940 517
940 596
940 597
940 622
940 633
940 683
940 698
940 718
940 837
940 859
940 965
967 951
967 923
967 964
967 17
967 19
967 54
967 77
967 124
967 136
967 144
967 263
967 386
967 389
967 395
967 477
967 532
967 663
967 683
967 728
967 733
967 738
967 801
967 818
967 821
967 857
967 898
967 938
967 958
967 959
967 968
993 926
993 13
993 70
993 162
993 341
993 367
993 489
993 515
993 516
993 520
993 559
993 565
993 644
993 648
993 679
993 682
993 720
993 729
993 735
993 749
993 751
993 754
993 767
993 786
993 810
993 828
993 870
993 881
993 884
993 893
993 917
993 919
993 948
993 954
993 961
993 966
993 982
993 995
27 797
27 922
625 856
625 947
625 944
625 551
625 840
625 716
625 705
654 841
654 557
654 653
654 678
654 746
654 730
740 936
740 920
740 931
740 57
740 348
740 363
740 736
740 873
740 979
778 970
778 800
778 797
778 586
778 668
778 978
778 840
778 361
778 582
778 705
787 843
787 299
787 476
787 653
787 978
787 808
787 278
787 301
787 734
787 762
787 814
850 694
850 895
850 849
850 836
850 982
850 978
850 171
850 192
850 229
850 247
850 698
850 737
850 810
850 837
870 936
870 47
870 155
870 186
870 326
870 568
870 673
870 742
870 854
870 857
870 979
895 970
895 961
895 800
895 25
895 863
895 123
895 175
895 302
895 378
895 382
895 538
895 724
895 782
895 825
895 963
895 968
895 978
918 587
918 684
918 995
918 636
918 962
918 885
918 941
918 982
918 393
918 543
918 969
918 804
918 810
918 363
918 771
918 950
918 933
918 547
918 403
939 75
939 970
939 961
939 494
939 32
939 39
939 82
939 92
939 110
939 168
939 412
939 415
939 418
939 506
939 508
939 597
939 636
939 651
939 673
939 769
939 825
939 840
939 897
939 953
939 973
947 986
947 829
947 932
947 975
947 831
947 924
947 45
947 52
947 228
947 249
947 253
947 264
947 269
947 271
947 312
947 507
947 551
947 601
947 634
947 771
947 796
947 864
947 874
947 891
947 927
947 944
947 962
948 955
948 869
948 910
948 204
948 843
948 898
948 984
948 867
948 915
948 966
948 659
948 952
948 876
948 905
948 965
948 651
948 900
948 422
948 613
948 649
948 665
948 688
948 753
948 765
948 766
948 773
950 986
950 570
950 955
950 970
950 932
950 920
950 704
950 342
950 896
950 751
950 978
950 395
950 647
950 854
950 532
950 290
950 408
950 454
950 657
950 734
950 746
950 769
950 814
950 837
970 923
970 694
970 315
970 926
970 13
970 22
970 110
970 151
970 162
970 278
970 388
970 427
970 586
970 610
970 666
970 720
970 734
970 743
970 814
970 819
970 837
970 887
970 896
970 945
970 957
970 978
970 979
970 984
970 991
978 964
978 570
978 971
978 861
978 907
978 394
978 800
978 920
978 579
978 963
978 662
978 956
978 170
978 720
978 836
978 342
978 134
978 150
978 257
978 302
978 382
978 404
978 408
978 485
978 510
978 602
978 666
978 804
978 820
978 868
990 955
990 869
990 811
990 991
990 932
990 770
990 29
990 52
990 61
990 194
990 213
990 317
990 387
990 399
990 580
990 589
990 623
990 672
990 689
990 712
990 719
990 725
990 764
990 783
990 816
990 842
990 849
990 881
990 891
990 913
990 921
990 930
990 953
990 956
990 982
990 998
2 282
2 346
2 833
2 951
282 268
282 419
282 706
346 971
833 78
833 176
833 205
833 255
833 305
833 411
833 764
833 974
951 12
951 39
951 121
951 136
951 144
951 246
951 266
951 273
951 303
951 304
951 316
951 327
951 348
951 395
951 484
951 592
951 636
951 678
951 830
951 854
951 883
951 898
951 938
951 945
951 955
951 964
951 973
268 604
268 354
268 847
268 277
419 709
419 873
419 488
419 792
706 986
706 714
706 453
706 883
706 944
706 631
706 381
706 765
971 871
971 869
971 9
971 50
971 105
971 113
971 118
971 130
971 295
971 332
971 425
971 426
971 464
971 503
971 515
971 522
971 531
971 557
971 638
971 664
971 803
971 810
971 811
971 857
971 882
971 889
971 900
971 937
971 979
78 888
78 477
78 761
176 898
176 439
205 74
205 645
205 937
255 888
255 159
255 722
305 923
305 932
305 944
305 128
411 892
411 471
411 682
411 903
764 986
764 991
764 920
764 962
764 50
764 443
764 569
764 868
764 958
974 714
974 800
974 920
974 975
974 35
974 143
974 191
974 209
974 369
974 371
974 438
974 448
974 472
974 512
974 518
974 548
974 642
974 658
974 659
974 668
974 735
974 736
974 743
974 760
974 761
974 777
974 788
974 819
974 834
974 848
974 875
974 880
974 930
974 937
974 954
974 979
12 617
12 977
39 964
39 960
121 973
121 944
121 631
136 831
136 656
144 915
144 905
246 674
266 968
266 956
266 969
266 976
273 986
273 63
273 171
273 892
303 801
303 442
303 737
304 991
304 854
304 773
304 447
316 983
316 885
316 952
316 593
327 882
327 883
327 390
327 830
348 76
348 448
395 938
395 198
484 964
484 883
484 913
484 675
592 963
592 956
592 866
592 834
592 710
592 511
636 46
636 245
636 627
636 941
636 979
678 995
678 508
678 174
678 271
678 539
678 562
678 904
830 780
830 954
830 493
830 578
830 897
830 681
830 633
830 710
830 440
854 991
854 968
854 704
854 620
854 945
854 956
854 958
854 213
854 643
854 276
854 283
854 560
883 964
883 920
883 898
883 968
883 962
883 956
883 65
883 100
883 383
883 420
883 538
883 733
883 876
883 937
898 964
898 30
898 34
898 98
898 131
898 146
898 263
898 408
898 477
898 520
898 549
898 560
898 821
898 960
898 968
938 812
938 936
938 878
938 983
938 995
938 761
938 256
938 892
938 609
938 747
938 179
938 182
938 363
938 542
938 553
938 708
938 734
938 979
945 964
945 991
945 661
945 863
945 797
945 973
945 823
945 725
945 53
945 152
945 199
945 319
945 337
945 435
945 600
945 631
945 679
945 693
945 713
945 816
945 897
945 914
945 956
945 958
945 969
955 618
955 6
955 30
955 54
955 56
955 66
955 100
955 368
955 373
955 399
955 415
955 616
955 619
955 624
955 647
955 753
955 843
955 847
955 900
955 903
955 952
955 963
955 977
955 983
964 3
964 923
964 24
964 264
964 344
964 413
964 452
964 483
964 485
964 593
964 595
964 687
964 716
964 733
964 808
964 842
964 904
964 941
964 949
964 952
964 963
964 968
964 979
964 983
973 844
973 815
973 926
973 494
973 37
973 887
973 38
973 159
973 167
973 168
973 225
973 385
973 436
973 457
973 516
973 561
973 588
973 591
973 651
973 673
973 696
973 718
973 721
973 734
973 769
973 825
973 884
973 927
973 953
973 958
973 982
3 75
3 923
3 986
75 34
75 953
923 47
923 174
923 188
923 269
923 353
923 389
923 399
923 428
923 431
923 492
923 644
923 733
923 884
923 941
923 956
923 968
986 108
986 126
986 185
986 261
986 276
986 278
986 309
986 324
986 329
986 397
986 425
986 536
986 544
986 610
986 630
986 679
986 703
986 705
986 711
986 713
986 749
986 767
986 816
986 838
986 845
986 917
986 919
986 932
986 960
986 979
986 984
34 831
34 968
953 617
953 991
953 975
953 878
953 887
953 954
953 893
953 962
953 906
953 881
953 251
953 313
953 375
953 410
953 512
953 516
953 519
953 696
953 721
953 735
953 769
953 825
953 848
953 859
47 725
174 991
174 823
188 684
188 687
269 968
269 944
353 175
389 620
389 499
399 984
399 816
428 954
428 116
428 231
428 504
428 612
431 815
431 954
431 140
431 442
492 968
492 580
492 354
492 383
492 904
644 958
644 447
644 789
644 577
644 705
733 968
733 739
733 966
733 325
733 414
733 716
884 315
884 115
884 926
884 932
884 356
884 701
884 924
884 941
884 184
884 206
884 261
884 314
884 552
884 782
941 829
941 928
941 924
941 954
941 882
941 73
941 100
941 325
941 332
941 387
941 398
941 413
941 600
941 623
941 697
941 715
941 782
941 875
941 916
956 907
956 991
956 829
956 936
956 998
956 652
956 409
956 606
956 60
956 73
956 131
956 224
956 233
956 400
956 482
956 607
956 712
956 732
956 753
956 886
956 913
956 944
956 982
968 931
968 105
968 117
968 122
968 145
968 148
968 465
968 470
968 498
968 738
968 825
968 840
968 891
968 904
968 914
968 962
968 976
24 344
24 453
24 826
264 998
264 630
264 541
344 907
344 445
344 886
413 760
413 98
413 738
452 998
452 979
452 301
483 915
483 69
483 190
483 795
485 545
485 962
485 966
593 498
593 643
593 697
595 813
595 807
595 821
595 976
595 929
595 818
687 770
687 479
687 631
687 314
687 598
716 991
716 982
716 700
716 708
716 443
716 917
716 685
808 570
808 844
808 786
808 919
808 954
808 914
808 965
808 231
808 444
808 744
808 746
842 922
842 921
842 995
842 962
842 880
842 692
842 751
842 724
842 296
842 575
842 682
842 765
904 356
904 469
904 860
904 916
904 982
904 929
904 820
904 930
904 710
904 371
904 378
949 639
949 869
949 11
949 65
949 87
949 128
949 196
949 364
949 460
949 488
949 514
949 543
949 603
949 703
949 728
949 754
949 813
949 814
949 831
949 845
949 855
949 873
949 917
949 965
949 984
952 907
952 910
952 928
952 855
952 843
952 983
952 984
952 881
952 944
952 120
952 146
952 181
952 209
952 422
952 504
952 612
952 649
952 681
952 737
952 747
952 900
952 903
952 925
963 977
963 961
963 726
963 863
963 626
963 36
963 95
963 118
963 140
963 197
963 247
963 253
963 256
963 330
963 355
963 424
963 487
963 565
963 567
963 692
963 696
963 765
963 916
963 933
963 957
979 558
979 972
979 919
979 494
979 509
979 960
979 662
979 549
979 838
979 857
979 256
979 957
979 627
979 788
979 441
979 309
979 709
979 873
979 423
979 249
979 848
979 340
979 415
979 762
979 933
983 991
983 910
983 843
983 31
983 586
983 91
983 150
983 200
983 252
983 292
983 338
983 415
983 424
983 481
983 522
983 525
983 624
983 647
983 659
983 665
983 680
983 698
983 753
983 793
983 801
983 836
983 867
983 876
983 902
983 921
983 984
108 32
108 493
108 732
126 653
126 751
185 774
261 798
261 732
261 569
276 961
276 708
278 558
278 874
309 896
309 543
309 151
324 839
324 893
329 882
329 745
329 803
329 897
397 959
397 960
397 656
425 800
425 888
425 373
425 505
536 961
536 944
536 857
536 495
536 591
544 922
544 99
544 434
544 635
544 840
610 770
610 960
610 656
610 454
630 287
630 998
630 905
630 173
630 252
679 831
679 966
679 557
679 749
679 737
703 920
703 960
703 788
703 824
703 917
703 746
705 913
705 803
705 532
705 868
705 547
705 666
711 965
711 455
711 173
711 671
711 697
711 782
711 792
713 960
713 57
713 258
713 664
713 718
713 729
713 816
749 99
749 441
749 721
749 875
749 902
749 917
749 927
767 628
767 926
767 19
767 82
767 226
767 427
767 720
767 769
767 903
767 954
816 548
816 886
816 958
816 933
816 752
816 552
816 685
838 628
838 922
838 306
838 429
838 813
838 880
838 81
838 337
838 412
838 655
838 824
838 930
845 869
845 509
845 466
845 831
845 995
845 608
845 460
845 873
845 547
845 752
845 727
917 972
917 815
917 977
917 960
917 367
917 849
917 937
917 902
917 905
917 965
917 900
917 848
917 691
917 449
917 590
919 977
919 18
919 38
919 58
919 105
919 207
919 442
919 443
919 503
919 614
919 659
919 672
919 689
919 708
919 832
919 976
932 977
932 16
932 928
932 180
932 318
932 325
932 349
932 635
932 653
932 681
932 768
932 773
932 783
932 791
932 801
932 924
932 975
932 998
960 587
960 959
960 128
960 170
960 326
960 414
960 500
960 505
960 553
960 615
960 691
960 693
960 768
960 803
960 834
960 848
960 902
960 929
984 617
984 961
984 287
984 843
984 921
984 831
984 380
984 41
984 60
984 107
984 149
984 370
984 388
984 404
984 415
984 481
984 518
984 563
984 567
984 624
984 635
984 647
984 658
984 659
984 665
984 728
984 784
984 834
984 841
984 867
984 876
984 933
4 42
4 546
4 570
4 628
42 272
42 545
42 704
546 6
546 649
546 754
546 780
546 902
546 925
570 702
570 896
628 631
628 635
628 671
628 796
628 906
272 936
272 793
272 965
545 959
545 320
545 310
545 848
545 875
704 871
704 926
704 878
704 995
704 283
704 296
6 714
6 871
649 991
649 998
649 893
649 876
649 350
754 907
754 667
754 998
754 906
754 79
754 297
754 737
780 33
780 664
780 680
780 874
780 913
780 937
902 115
902 594
902 786
902 342
902 117
902 123
902 153
902 376
902 505
902 663
902 737
902 803
902 848
925 798
925 907
925 882
925 867
925 885
925 779
925 506
925 982
925 969
925 131
925 133
925 161
925 274
925 432
925 590
925 763
925 766
925 769
925 781
925 821
702 961
702 579
702 74
702 280
702 670
702 762
702 958
702 966
896 726
896 783
896 125
896 274
896 366
896 530
896 574
896 584
896 666
896 712
896 777
896 814
896 846
631 927
631 451
631 597
635 972
635 885
635 792
635 673
671 797
671 893
671 781
671 840
671 260
671 510
796 972
796 991
796 887
796 784
796 123
796 369
796 535
796 762
906 877
906 959
906 998
906 51
906 59
906 214
906 511
906 553
906 634
906 640
906 707
906 745
906 785
906 841
906 888
906 914
906 965
5 618
5 694
5 806
618 407
618 442
618 542
618 571
694 260
694 751
694 766
694 982
806 103
806 142
806 201
806 310
806 527
806 561
806 567
806 578
806 605
806 897
407 368
442 991
442 721
542 998
542 601
542 444
571 844
571 394
571 954
571 605
571 310
571 539
260 626
260 420
260 868
751 469
751 886
751 197
751 217
751 903
766 882
766 885
766 966
766 937
766 281
982 991
982 823
982 725
982 784
982 783
982 849
982 966
982 807
982 886
982 104
982 114
982 151
982 171
982 239
982 286
982 337
982 400
982 449
982 624
982 693
982 719
982 785
982 840
982 847
982 868
982 913
982 930
103 156
103 460
142 878
142 825
142 295
201 976
201 748
201 873
310 957
310 292
527 586
527 881
527 789
527 673
561 910
561 888
561 864
561 334
561 439
567 529
578 141
578 551
605 910
605 920
605 165
605 192
605 613
605 847
897 798
897 991
897 453
897 975
897 323
897 966
897 177
897 280
897 326
897 663
897 710
897 781
80 779
80 836
80 966
192 614
211 972
211 761
211 969
235 972
235 840
352 916
352 976
352 168
352 186
414 784
414 958
421 243
421 836
421 239
421 731
421 799
568 969
568 153
568 215
568 641
568 868
616 8
616 488
616 510
616 684
672 835
672 887
672 772
672 892
672 958
672 840
708 995
708 801
708 462
708 697
750 800
750 835
750 998
750 718
750 965
750 504
750 487
774 977
774 961
774 667
774 333
774 921
774 496
774 67
774 900
774 903
774 969
835 877
835 32
835 79
835 608
835 846
835 924
835 965
839 15
839 690
839 439
839 441
839 464
839 641
839 664
839 864
839 875
839 885
839 921
839 969
840 844
840 867
840 590
871 283
871 295
871 337
871 434
871 482
871 629
871 699
871 889
871 891
871 995
874 714
874 306
874 944
874 927
874 535
874 785
874 693
874 193
874 638
874 771
877 18
877 110
877 354
877 388
877 518
877 590
877 614
877 645
877 737
877 788
877 821
877 969
878 29
878 220
878 224
878 656
878 747
878 789
878 860
878 873
878 892
878 913
878 929
885 739
885 67
885 153
885 217
885 664
885 670
885 889
885 969
892 104
892 127
892 196
892 465
892 525
892 722
892 747
892 900
892 913
962 786
962 975
962 49
962 620
962 221
962 252
962 345
962 410
962 423
962 461
962 514
962 525
962 588
962 675
962 681
962 700
962 707
962 765
962 832
962 836
962 930
962 933
962 958
962 966
966 786
966 920
966 573
966 832
966 836
966 376
966 461
966 495
966 530
966 543
966 603
966 638
966 641
966 663
966 700
966 707
966 731
966 732
966 758
966 773
966 900
966 929
714 62
714 436
714 494
714 829
714 927
714 944
62 910
62 355
62 359
436 927
436 846
436 721
436 512
494 21
829 972
829 811
829 15
829 317
829 393
829 429
829 463
829 662
829 789
829 820
927 107
927 155
927 178
927 293
927 360
927 365
927 371
927 551
927 601
927 693
927 710
927 743
927 771
927 837
944 639
944 928
944 856
944 380
944 65
944 357
944 381
944 408
944 697
944 722
944 732
944 785
944 958
283 629
283 412
295 339
295 517
337 921
434 972
434 889
434 526
482 299
482 609
482 164
482 454
629 887
629 888
629 163
629 189
629 332
629 958
699 936
699 667
699 998
699 53
699 280
699 777
889 115
889 907
889 910
889 586
889 888
889 937
889 473
889 689
889 499
889 743
891 863
891 998
891 475
891 490
891 905
891 718
891 821
891 207
891 223
891 241
891 302
891 381
891 417
995 926
995 812
995 227
995 770
995 998
995 41
995 96
995 206
995 245
995 312
995 339
995 341
995 437
995 470
995 472
995 511
995 515
995 519
995 526
995 559
995 697
995 729
995 739
995 763
995 777
995 793
995 828
995 881
995 886
995 900
995 933
995 954
30 368
30 466
54 52
54 367
56 861
56 479
66 604
100 95
368 604
368 795
373 977
415 461
619 797
619 523
619 573
619 627
619 386
619 657
619 602
624 811
624 522
624 358
647 701
647 584
647 198
647 743
753 639
753 836
753 614
753 900
753 691
843 869
843 28
843 165
843 471
843 520
843 522
843 675
843 913
847 926
847 920
847 736
847 976
847 238
847 285
847 300
847 511
900 529
900 880
900 914
900 876
900 426
900 195
900 366
900 518
903 977
903 812
903 881
903 857
903 969
903 650
903 645
903 722
903 828
903 378
903 765
977 36
977 156
977 212
977 228
977 247
977 275
977 290
977 335
977 487
977 565
977 577
977 607
977 692
977 715
977 746
977 793
977 807
977 825
977 863
977 868
977 910
977 914
977 933
977 957
977 976
7 112
7 315
7 639
7 869
112 522
112 844
315 866
315 998
639 748
639 866
639 920
639 937
869 11
869 92
869 147
869 219
869 340
869 799
869 832
869 886
522 379
844 8
844 114
844 195
844 339
844 451
844 471
844 591
844 658
844 737
844 801
866 915
866 772
866 89
866 559
866 562
866 572
866 575
866 799
866 876
866 913
998 936
998 856
998 920
998 35
998 210
998 222
998 254
998 420
998 444
998 548
998 615
998 685
998 727
998 731
998 739
998 742
998 760
998 836
998 841
998 860
998 893
998 905
998 965
748 798
748 856
748 386
748 364
748 613
748 675
920 910
920 23
920 856
920 408
920 734
920 779
920 818
920 821
920 921
920 931
920 976
937 936
937 959
937 855
937 882
937 888
937 503
937 85
937 427
937 520
937 560
937 646
937 820
11 861
11 926
147 331
219 786
219 313
219 715
340 696
340 873
340 715
799 548
799 916
799 913
799 976
799 565
799 562
799 457
799 729
832 972
832 786
832 931
832 55
832 359
832 449
832 681
832 836
832 929
886 991
886 849
886 89
886 133
886 236
886 300
886 445
886 572
886 752
886 913
8 558
8 798
558 280
558 301
558 684
798 258
798 297
798 474
798 712
798 914
798 954
280 975
301 604
684 36
684 179
684 299
684 914
488 496
488 807
488 633
510 807
258 914
258 206
297 742
297 663
474 815
474 823
474 70
474 164
474 347
712 856
712 634
712 689
712 791
712 958
712 412
914 972
914 815
914 856
914 954
914 608
914 114
914 119
914 203
914 598
914 965
954 815
954 611
954 43
954 119
954 381
954 385
954 447
954 451
954 582
954 598
954 641
954 746
954 868
954 873
954 976
195 936
195 841
339 251
339 868
451 611
451 648
471 401
471 167
591 928
591 797
591 579
591 555
658 975
658 797
658 642
658 55
658 90
658 875
737 856
737 718
737 762
801 928
801 924
801 73
801 141
801 715
801 792
801 958
9 115
9 972
972 298
972 455
972 524
972 584
972 655
972 673
972 736
972 744
972 781
972 793
972 797
972 823
972 824
972 834
972 863
972 915
972 922
972 933
972 959
63 881
89 841
102 28
102 491
102 849
186 550
330 41
330 178
405 607
405 758
405 700
405 530
526 921
526 864
526 969
526 563
573 320
573 53
573 495
573 731
582 933
582 824
582 734
582 730
589 882
589 692
589 550
589 824
607 921
607 957
607 138
607 400
646 959
646 736
646 130
646 371
646 448
646 681
793 634
793 550
793 781
819 975
819 888
819 772
819 760
819 768
819 930
819 782
819 743
931 617
931 667
931 55
931 137
931 189
931 292
931 382
931 445
931 507
931 532
931 541
931 602
931 736
931 760
931 821
50 529
50 243
105 109
113 882
113 516
130 922
130 331
332 351
332 721
426 202
426 825
426 149
426 673
464 921
464 969
503 739
503 68
503 736
515 777
515 286
515 350
531 861
531 915
531 864
531 106
531 810
557 564
557 520
557 91
638 611
638 620
638 700
664 926
664 804
664 707
803 812
803 779
803 175
803 601
803 848
810 961
810 959
810 797
810 709
810 181
810 461
810 670
811 13
811 285
811 552
811 752
811 772
811 846
857 594
857 812
857 867
857 81
857 719
857 758
882 991
882 961
882 48
882 83
882 432
882 444
882 530
882 824
298 760
298 675
298 449
455 528
455 393
455 158
455 164
524 910
524 876
524 143
524 338
524 497
584 656
584 162
584 223
584 556
655 922
655 905
655 747
655 275
655 673
655 814
673 443
736 76
736 187
736 519
744 924
744 915
744 720
744 313
744 777
744 721
744 350
781 528
781 772
781 202
781 825
781 559
781 603
797 28
797 250
823 43
823 154
823 210
823 490
823 720
823 735
823 849
824 351
824 291
824 674
824 357
824 385
824 454
824 730
834 606
834 668
834 498
834 98
834 259
834 550
834 930
863 991
863 25
863 275
863 481
863 590
863 622
863 674
863 807
863 933
863 957
915 831
915 61
915 291
915 491
915 538
915 555
915 627
915 698
915 739
915 795
915 929
922 617
922 975
922 289
922 460
922 463
922 620
922 719
922 739
922 888
922 921
922 957
933 910
933 928
933 626
933 807
933 676
933 696
933 957
933 692
933 791
933 254
933 420
933 765
959 991
959 961
959 22
959 68
959 93
959 135
959 169
959 181
959 259
959 320
959 523
959 535
959 563
959 606
959 614
959 700
959 875
959 975
594 319
594 804
815 746
815 763
815 800
815 965
319 855
319 622
804 913
804 152
804 161
804 286
804 534
804 562
746 791
746 598
746 369
763 145
763 236
763 277
763 559
763 601
763 614
763 828
763 976
800 18
800 311
800 506
800 538
965 907
965 831
965 924
965 148
965 165
965 265
965 308
965 322
965 343
965 383
965 440
965 665
965 685
965 700
965 859
965 929
861 152
861 182
861 271
861 284
861 292
861 615
861 632
861 738
861 812
926 91
926 238
926 358
926 435
926 556
926 596
926 701
926 789
926 795
926 828
926 961
152 351
182 398
271 659
284 812
284 728
284 437
284 137
292 438
615 893
615 905
615 976
615 773
632 936
632 855
632 606
632 648
632 134
632 220
632 289
738 913
738 141
738 207
738 512
738 633
738 724
812 14
812 106
812 507
812 887
812 936
812 961
91 473
238 370
238 432
358 910
358 855
358 779
435 380
435 864
435 969
435 403
556 928
556 924
556 554
556 448
596 668
596 881
596 643
596 828
701 23
701 194
701 318
701 574
701 657
701 859
789 893
789 821
789 688
789 379
789 513
795 554
795 109
795 846
828 893
828 880
828 497
828 349
828 511
828 640
961 16
961 22
961 40
961 51
961 68
961 74
961 169
961 507
961 523
961 602
961 648
961 670
961 680
961 732
961 745
87 520
128 609
196 468
196 563
364 528
364 807
460 813
460 267
514 786
514 916
514 157
514 160
543 129
543 500
603 813
603 916
603 709
603 976
603 691
728 910
728 71
728 398
728 433
728 445
728 916
813 690
813 49
813 307
813 512
813 976
814 779
814 864
814 837
814 555
831 311
831 481
831 633
831 709
855 23
855 149
855 525
855 552
855 553
855 657
855 825
855 958
873 841
873 613
873 693
873 734
873 868
617 360
617 643
617 680
360 463
360 693
360 500
643 469
643 213
643 820
680 356
680 606
680 233
680 250
680 384
36 380
156 287
156 709
212 674
212 376
228 779
228 231
247 519
275 214
290 652
335 37
335 203
335 676
335 875
487 429
487 957
487 848
565 957
565 240
565 552
577 991
577 807
577 957
577 724
692 957
692 109
692 410
692 569
715 936
715 224
715 241
715 782
807 83
807 758
807 769
807 957
825 887
825 82
825 609
868 849
868 366
868 454
868 470
868 837
910 16
910 331
910 347
910 539
910 916
910 958
910 976
957 726
957 307
957 720
957 676
957 634
957 101
957 376
957 472
957 500
957 758
957 820
957 913
957 930
957 958
976 604
976 667
976 661
976 826
976 606
976 784
976 916
976 821
976 159
976 165
976 418
976 497
976 598
976 600
976 645
976 670
976 719
976 818
61 496
71 893
71 202
209 523
221 308
341 51
383 782
394 14
394 141
440 936
517 791
517 785
580 69
580 539
580 958
609 641
683 924
683 158
683 719
683 859
683 929
690 991
690 15
690 270
690 633
690 674
698 696
698 864
698 929
698 666
742 907
742 291
742 181
742 403
742 729
849 93
849 77
849 462
849 685
907 13
907 203
907 412
907 777
907 859
907 929
924 928
924 667
924 35
924 241
924 400
924 541
924 653
924 747
924 768
924 846
285 991
285 470
552 752
552 461
752 370
752 791
752 525
752 430
752 422
772 67
772 281
772 334
772 622
772 773
772 958
846 662
846 318
846 905
846 154
846 641
846 657
203 724
412 770
777 975
777 916
777 139
859 856
859 888
859 170
859 206
859 223
859 500
859 682
859 818
929 491
929 475
929 563
929 534
929 569
22 287
110 313
162 758
388 913
427 880
427 167
427 314
586 31
666 786
666 333
666 783
666 665
720 70
720 197
720 569
734 876
734 788
734 345
743 975
743 875
743 583
837 905
837 430
837 420
837 640
887 37
887 367
887 433
887 516
887 588
887 622
887 651
887 685
887 721
887 867
991 14
991 119
991 163
991 194
991 445
991 462
991 468
991 560
991 564
991 652
991 674
991 682
991 685
991 689
991 724
991 765
991 913
991 958
70 370
367 975
489 473
489 424
489 697
559 783
559 169
648 529
648 99
682 437
682 709
682 338
729 881
729 732
729 707
735 975
735 191
735 880
735 876
735 656
735 875
735 145
786 18
786 707
881 579
881 306
881 96
881 387
881 417
881 657
881 958
893 936
893 429
893 45
893 94
893 323
893 379
893 463
893 505
893 513
14 604
604 312
312 587
106 476
507 137
507 513
936 19
936 564
936 627
936 848
119 463
163 768
163 785
194 512
462 229
462 532
468 453
468 921
468 969
468 432
560 958
560 547
564 86
564 602
652 44
652 513
652 732
652 860
674 608
674 190
674 930
685 867
689 725
689 101
689 190
724 656
724 718
724 663
765 472
913 111
913 784
913 233
913 623
958 784
958 572
958 410
958 199
958 670
958 719
270 841
270 633
270 782
633 769
317 95
317 347
393 116
429 40
662 46
662 178
662 379
662 439
662 730
820 254
820 311
820 371
820 513
820 722
439 761
441 921
441 864
441 143
641 969
641 613
864 227
864 921
864 779
864 101
864 650
864 969
875 975
875 313
875 788
875 139
875 314
921 33
921 193
921 597
921 697
921 969
969 661
969 466
969 333
969 725
969 867
969 496
969 779
969 129
969 160
969 465
969 541
969 597
969 657
969 730
969 731
969 905
16 928
928 160
928 180
928 356
928 384
928 423
928 534
928 645
928 653
928 826
331 788
331 930
347 688
347 602
539 745
539 916
539 779
916 111
916 760
916 77
916 249
916 349
916 390
916 600
916 769
916 779
180 696
180 257
356 20
384 243
384 351
384 251
423 187
423 782
534 758
534 500
645 541
653 975
653 424
826 667
826 438
826 681
318 134
318 495
325 710
349 880
349 779
681 252
768 587
768 86
768 139
768 184
768 239
768 277
768 612
773 876
773 650
773 214
773 225
773 443
773 727
783 784
783 52
783 457
783 623
783 731
783 848
791 476
791 125
791 127
791 236
975 79
975 84
975 107
975 286
975 289
975 355
975 433
975 475
975 549
975 642
975 731
975 732
975 745
975 760
975 788
975 818
975 860
975 880
975 930
40 320
40 528
51 45
74 608
169 551
523 38
523 583
602 661
670 259
732 572
732 693
745 661
745 57
745 60
745 457
745 727
17 529
17 611
529 541
611 90
611 226
541 726
90 355
90 506
226 251
226 265
448 173
762 548
762 651
856 23
856 25
856 85
856 288
856 876
905 528
905 676
905 841
905 222
905 277
905 293
905 308
905 390
19 227
124 867
124 676
124 473
386 157
386 601
477 417
477 475
532 579
532 229
663 710
818 761
818 623
818 223
818 253
818 300
818 418
818 583
821 148
821 876
821 433
821 730
707 709
707 675
311 860
506 432
506 493
538 359
538 150
538 374
354 131
354 199
518 553
788 138
788 600
788 930
38 135
443 300
659 107
227 357
357 563
82 256
769 355
769 375
627 132
627 210
627 454
848 249
848 361
20 667
20 770
770 422
770 612
770 730
422 876
612 836
612 177
612 553
730 642
730 785
730 497
21 587
21 661
21 726
587 490
587 535
661 122
661 572
661 722
726 43
726 98
726 719
726 722
726 930
490 307
490 125
490 281
535 138
535 598
122 69
122 81
572 94
572 343
722 761
722 597
722 574
43 481
719 210
930 668
930 479
930 880
930 342
930 259
930 289
930 583
287 608
608 449
608 785
93 46
93 342
135 158
563 351
606 46
606 784
700 836
700 457
574 365
574 747
574 430
657 430
657 302
525 168
525 236
85 676
288 784
288 361
288 547
876 127
876 447
438 761
438 600
481 771
622 579
175 597
782 650
417 225
418 668
418 792
550 509
550 727
640 549
640 656
640 747
640 613
509 129
509 549
129 867
549 725
549 64
55 888
189 841
189 634
760 76
760 727
760 880
79 880
84 359
84 401
286 322
289 691
433 792
475 117
475 350
642 409
642 48
731 308
731 499
731 250
731 530
860 44
860 555
860 688
860 691
880 668
880 575
880 583
267 296
267 691
469 29
469 688
28 204
250 758
620 49
620 530
620 688
739 64
888 504
888 651
204 334
491 94
491 198
334 761
334 133
675 785
675 215
675 461
688 709
688 224
688 555
220 709
656 457
747 177
747 495
213 345
623 191
623 476
274 253
466 140
466 792
504 555
519 792
792 758
140 465
31 333
150 322
200 867
200 401
338 508
338 215
665 528
665 721
665 472
836 784
836 199
867 49
867 153
867 370
867 404
86 59
187 650
240 277
245 225
265 651
323 67
323 472
326 626
401 551
493 575
32 111
508 44
651 154
33 579
33 626
626 361
626 696
696 96
193 363
193 410
145 718
148 120
465 505
470 588
498 59
498 473
241 430
400 583
191 57
369 497
548 73
668 48
668 374
761 758
64 307
727 375
771 785
771 229
771 249
771 293
771 575
841 257
841 293
222 366
254 154
254 562
444 554
380 575
575 257
299 44
197 479
253 296
256 343
37 306
306 257
676 758
588 243
588 385
721 157
159 404
718 691
583 375
170 69
693 173
60 132
404 496
784 48
96 554
437 81
447 785
598 231
45 409
634 99
634 785
554 569
374 345
374 343
322 497
291 164
291 215
217 133
217 251
375 76
184 308
562 613
300 476
476 365
365 157
116 134
