0 596
0 657
0 705
0 873
596 103
596 398
596 557
596 937
596 940
596 980
596 989
657 89
657 191
657 257
657 315
657 584
657 792
657 914
657 970
705 12
705 724
705 768
705 873
705 912
705 940
705 946
705 973
705 981
873 55
873 121
873 191
873 227
873 261
873 364
873 523
873 532
873 832
873 861
873 875
873 910
873 950
873 973
873 979
873 985
873 999
103 971
103 860
103 96
398 942
398 980
398 920
398 865
557 824
557 814
557 993
557 918
557 855
557 128
937 971
937 914
937 481
937 837
937 507
937 857
937 790
937 960
937 861
937 959
937 359
937 855
937 681
937 144
937 226
937 279
937 301
937 397
937 464
937 479
937 664
937 777
937 858
937 891
937 924
940 817
940 776
940 851
940 980
940 807
940 728
940 916
940 967
940 159
940 884
940 66
940 94
940 213
940 266
940 308
940 395
940 415
940 496
940 536
940 655
940 685
940 698
940 727
940 739
940 984
980 864
980 821
980 814
980 41
980 25
980 267
980 36
980 94
980 151
980 159
980 213
980 233
980 308
980 367
980 404
980 471
980 511
980 516
980 526
980 593
980 626
980 635
980 637
980 654
980 727
980 730
980 739
980 778
980 906
980 909
980 920
980 927
980 932
980 941
980 971
989 997
989 969
989 897
989 814
989 974
989 964
989 673
989 993
989 970
989 776
989 981
989 961
989 684
989 807
989 619
989 866
989 888
989 50
989 188
989 227
989 292
989 417
989 478
989 561
989 568
989 590
989 610
989 626
989 650
989 654
989 700
989 723
989 734
989 736
989 737
989 757
989 779
989 827
989 865
989 931
989 947
989 972
989 982
89 487
89 656
89 926
191 488
191 805
257 964
257 851
257 965
257 672
315 702
315 558
315 412
315 856
584 900
584 990
584 785
584 104
584 944
584 299
792 949
792 527
792 840
792 848
792 982
792 828
792 613
792 707
792 550
792 370
792 515
792 626
914 673
914 744
914 894
914 28
914 66
914 119
914 553
914 567
914 580
914 622
914 690
914 712
914 738
914 750
914 840
914 868
914 880
914 920
914 934
914 977
914 986
970 997
970 992
970 993
970 20
970 34
970 194
970 320
970 345
970 362
970 411
970 445
970 466
970 551
970 616
970 645
970 650
970 682
970 708
970 721
970 723
970 734
970 827
970 857
970 860
970 888
970 896
970 945
970 947
970 963
970 972
970 981
970 996
12 673
12 952
12 993
724 939
724 975
724 822
724 611
724 912
724 590
724 448
724 880
724 885
724 376
768 802
768 864
768 993
768 894
768 895
768 953
768 960
768 100
768 200
768 438
768 537
912 998
912 817
912 769
912 834
912 734
912 699
912 965
912 794
912 861
912 171
912 772
912 898
912 324
912 371
912 415
912 676
912 712
912 731
912 740
912 819
912 831
946 732
946 938
946 229
946 951
946 432
946 735
946 954
946 780
946 53
946 100
946 209
946 240
946 307
946 352
946 457
946 467
946 473
946 551
946 558
946 591
946 832
946 843
946 863
946 874
946 909
946 918
946 930
973 998
973 975
973 950
973 919
973 916
973 790
973 61
973 104
973 418
973 447
973 483
973 547
973 572
973 653
973 672
973 680
973 714
973 726
973 727
973 741
973 787
973 844
973 847
973 848
973 854
973 868
973 882
973 921
973 927
973 931
973 943
973 944
973 965
981 997
981 673
981 993
981 804
981 21
981 54
981 107
981 236
981 278
981 293
981 295
981 311
981 321
981 344
981 426
981 427
981 458
981 491
981 541
981 563
981 586
981 589
981 609
981 639
981 682
981 731
981 734
981 742
981 806
981 827
981 888
981 909
981 945
981 957
981 972
981 988
981 999
55 923
55 834
55 469
121 198
121 983
121 868
227 611
227 870
261 61
261 736
261 759
261 956
364 793
364 986
364 666
364 729
523 7
523 796
523 911
523 941
523 959
523 974
532 996
532 801
532 67
532 134
532 861
532 909
832 444
832 951
832 498
832 947
832 863
832 847
832 549
832 300
832 310
832 405
832 457
832 551
832 643
861 774
861 957
861 516
861 834
861 949
861 174
861 778
861 100
861 190
861 551
861 590
861 620
861 697
861 825
875 1
875 156
875 312
875 486
875 683
875 748
875 784
875 821
875 841
875 879
875 909
875 938
875 966
875 974
875 975
875 985
875 995
875 997
910 964
910 987
910 807
910 530
910 916
910 936
910 224
910 855
910 862
910 825
910 665
910 195
910 334
910 377
910 415
910 435
910 443
910 553
910 633
910 692
910 700
910 885
950 812
950 638
950 974
950 16
950 83
950 148
950 334
950 497
950 508
950 598
950 636
950 655
950 664
950 706
950 794
950 830
950 836
950 840
950 853
950 855
950 902
950 907
950 924
950 929
950 933
950 934
950 960
950 995
979 998
979 897
979 829
979 503
979 966
979 18
979 313
979 321
979 361
979 402
979 429
979 464
979 512
979 519
979 554
979 570
979 582
979 632
979 715
979 735
979 758
979 767
979 781
979 789
979 790
979 795
979 844
979 851
979 858
979 892
979 899
979 924
979 926
979 934
979 941
979 957
979 961
985 824
985 821
985 939
985 952
985 791
985 16
985 938
985 102
985 141
985 181
985 241
985 327
985 353
985 361
985 390
985 414
985 422
985 445
985 489
985 508
985 561
985 618
985 641
985 677
985 687
985 694
985 748
985 775
985 816
985 826
985 856
985 868
985 879
985 896
985 906
985 919
985 962
985 982
985 984
999 817
999 859
999 889
999 32
999 54
999 70
999 74
999 78
999 102
999 193
999 195
999 259
999 279
999 284
999 298
999 307
999 388
999 395
999 440
999 462
999 496
999 522
999 574
999 591
999 628
999 629
999 645
999 652
999 713
999 758
999 787
999 813
999 823
999 831
999 839
999 850
999 857
999 876
999 883
999 896
999 916
999 921
999 926
999 928
999 932
999 967
999 995
1 221
1 317
1 824
221 111
221 860
221 968
317 504
317 708
317 863
317 889
824 126
824 156
824 229
824 461
824 677
824 746
824 808
824 842
824 879
824 888
824 938
824 988
111 967
111 627
111 702
860 983
860 913
860 540
860 75
860 90
860 452
860 543
860 644
860 765
860 784
860 786
860 882
860 887
860 918
860 936
968 997
968 998
968 987
968 26
968 109
968 129
968 197
968 205
968 217
968 255
968 306
968 309
968 333
968 420
968 428
968 621
968 646
968 735
968 741
968 769
968 782
968 850
968 866
968 870
968 898
968 915
968 936
968 948
968 951
968 953
968 956
968 960
968 972
504 889
504 953
504 780
504 909
504 618
708 966
708 994
708 967
708 781
708 761
708 597
708 598
708 901
863 964
863 935
863 917
863 967
863 78
863 441
863 477
863 562
863 565
863 627
863 760
863 775
863 799
863 881
863 909
889 25
889 32
889 299
889 662
889 713
889 783
889 784
889 785
889 790
889 811
889 823
889 838
889 879
889 883
889 896
889 916
889 928
126 938
126 419
126 565
156 328
156 467
229 30
229 767
461 996
461 871
461 144
461 609
461 922
677 938
677 581
677 994
677 996
677 338
677 943
677 745
746 951
746 954
746 869
746 775
746 748
746 826
746 986
746 779
746 856
746 766
808 966
808 971
808 906
808 56
808 266
808 514
808 634
808 681
808 696
808 731
808 828
808 958
808 978
842 998
842 893
842 780
842 844
842 862
842 825
842 982
842 645
842 754
842 796
842 839
842 348
842 437
842 502
842 901
879 821
879 964
879 987
879 841
879 983
879 668
879 608
879 513
879 945
879 958
879 806
879 826
879 438
879 455
879 714
879 712
888 997
888 804
888 47
888 74
888 105
888 383
888 501
888 683
888 688
888 818
888 827
888 927
888 945
888 965
888 972
888 984
938 802
938 964
938 935
938 791
938 16
938 173
938 233
938 298
938 365
938 402
938 455
938 484
938 613
938 621
938 648
938 656
938 810
938 826
938 931
938 945
938 990
988 269
988 821
988 917
988 993
988 966
988 599
988 900
988 660
988 961
988 691
988 366
988 53
988 141
988 166
988 199
988 280
988 306
988 371
988 383
988 422
988 458
988 490
988 496
988 589
988 633
988 711
988 716
988 718
988 721
988 749
988 826
988 835
988 849
988 882
988 922
988 945
988 949
988 960
988 976
988 978
988 982
312 10
312 368
312 776
312 957
486 969
486 733
486 971
486 891
486 870
683 916
683 947
683 949
683 610
683 849
683 641
683 567
748 899
748 896
748 959
748 143
748 874
748 139
748 455
748 583
784 906
784 965
784 167
784 213
784 235
784 271
784 303
784 615
784 901
784 941
821 864
821 4
821 528
821 604
821 624
821 625
821 647
821 704
821 893
821 993
841 14
841 97
841 242
841 338
841 365
841 474
841 520
841 535
841 782
841 835
841 851
841 856
841 911
841 978
909 993
909 951
909 80
909 185
909 262
909 449
909 477
909 551
909 591
909 615
909 616
909 755
909 799
909 904
909 908
909 944
966 992
966 817
966 952
966 15
966 179
966 199
966 243
966 297
966 383
966 571
966 589
966 599
966 688
966 718
966 721
966 801
966 835
966 849
966 876
966 887
966 905
966 915
966 931
966 959
966 961
966 963
966 978
966 996
974 955
974 812
974 7
974 49
974 186
974 202
974 289
974 341
974 389
974 405
974 414
974 430
974 435
974 489
974 697
974 735
974 759
974 779
974 820
974 836
974 845
974 846
974 853
974 867
974 886
974 907
974 929
974 934
974 936
974 947
974 984
975 9
975 13
975 15
975 61
975 265
975 318
975 359
975 416
975 477
975 483
975 635
975 636
975 653
975 716
975 718
975 752
975 769
975 791
975 795
975 798
975 836
975 844
975 848
975 891
975 892
975 902
975 919
975 933
975 936
975 944
975 957
975 959
975 978
995 606
995 804
995 951
995 540
995 893
995 963
995 108
995 976
995 934
995 920
995 62
995 930
995 76
995 93
995 94
995 105
995 129
995 154
995 249
995 254
995 288
995 328
995 358
995 378
995 388
995 395
995 403
995 411
995 433
995 495
995 497
995 546
995 583
995 594
995 642
995 646
995 652
995 692
995 698
995 756
995 773
995 848
995 931
995 932
995 958
997 2
997 224
997 285
997 320
997 335
997 356
997 485
997 494
997 512
997 537
997 541
997 563
997 586
997 619
997 641
997 650
997 656
997 682
997 706
997 720
997 723
997 734
997 765
997 766
997 779
997 795
997 815
997 818
997 827
997 835
997 839
997 890
997 898
997 902
997 933
997 945
997 947
997 963
997 972
997 983
997 986
997 990
2 269
2 770
2 955
269 203
269 853
269 965
770 25
770 282
770 519
770 644
770 663
770 759
770 773
770 787
770 898
770 942
770 965
955 97
955 110
955 192
955 272
955 283
955 492
955 497
955 554
955 588
955 600
955 631
955 661
955 710
955 712
955 737
955 757
955 786
955 884
955 899
955 926
955 936
955 939
955 942
955 943
955 957
955 959
955 960
955 987
955 993
203 962
203 843
203 978
853 983
853 37
853 188
853 266
853 559
853 625
853 706
853 730
853 830
853 836
853 868
853 907
853 929
853 996
965 814
965 964
965 774
965 900
965 660
965 899
965 603
965 71
965 76
965 251
965 264
965 382
965 443
965 535
965 546
965 555
965 570
965 719
965 740
965 782
965 795
965 811
965 827
965 843
965 956
25 267
282 983
282 57
282 286
282 558
519 962
519 847
519 854
519 238
519 572
644 893
644 837
644 878
644 926
644 941
644 272
663 994
663 743
663 891
663 718
663 986
663 887
663 642
663 579
759 886
759 903
759 994
759 850
759 915
759 181
759 870
759 941
759 956
773 804
773 744
773 432
773 954
773 893
773 931
773 798
773 454
773 378
773 633
787 668
787 617
787 513
787 948
787 915
787 972
787 662
787 887
787 320
787 358
898 814
898 837
898 850
898 513
898 869
898 948
898 933
898 915
898 720
898 166
898 405
898 441
898 510
898 588
898 612
898 782
898 956
942 939
942 917
942 14
942 56
942 180
942 192
942 196
942 370
942 427
942 499
942 502
942 506
942 560
942 574
942 592
942 837
942 878
942 883
942 911
942 922
942 941
942 959
942 960
942 977
97 977
97 381
110 917
110 918
110 844
192 869
192 514
272 987
272 925
272 455
283 987
283 345
283 703
283 429
492 987
492 994
492 456
492 828
492 738
497 987
497 953
497 915
554 917
554 987
554 62
554 452
554 956
588 987
588 776
588 340
588 241
588 580
600 987
600 684
600 932
600 931
600 141
600 472
600 560
631 732
631 969
631 78
631 441
631 731
631 835
631 926
661 935
661 58
661 405
661 569
661 598
661 713
661 716
661 926
710 834
710 498
710 354
710 582
710 693
710 311
710 881
710 307
710 579
712 987
712 954
712 943
712 926
712 702
712 373
737 360
737 935
737 918
737 747
737 825
737 828
737 731
737 533
737 546
757 957
757 244
757 936
757 96
757 406
757 689
757 854
757 870
757 958
757 959
786 987
786 791
786 990
786 943
786 908
786 472
786 593
786 268
786 484
786 550
786 643
884 732
884 864
884 939
884 919
884 59
884 204
884 305
884 340
884 426
884 493
884 500
884 601
884 624
884 716
884 730
884 818
884 819
884 949
899 923
899 919
899 40
899 728
899 101
899 262
899 278
899 318
899 368
899 372
899 387
899 460
899 502
899 722
899 852
899 887
899 924
926 814
926 987
926 744
926 961
926 890
926 780
926 943
926 205
926 332
926 396
926 564
926 625
926 664
926 738
926 781
926 840
936 538
936 957
936 751
936 587
936 91
936 281
936 352
936 377
936 406
936 506
936 509
936 524
936 531
936 573
936 634
936 666
936 692
936 818
936 958
939 992
939 7
939 376
939 389
939 438
939 458
939 473
939 499
939 512
939 684
939 685
939 741
939 760
939 891
939 894
939 903
939 922
939 959
939 960
939 971
939 978
939 984
943 987
943 905
943 212
943 994
943 934
943 71
943 128
943 291
943 332
943 380
943 403
943 550
943 585
943 593
943 643
943 649
943 771
943 833
943 921
943 928
943 960
957 28
957 810
957 37
957 145
957 352
957 355
957 399
957 416
957 531
957 573
957 666
957 689
957 741
957 778
957 822
957 826
957 844
957 856
957 902
957 907
957 948
957 951
957 958
959 993
959 903
959 769
959 967
959 857
959 930
959 933
959 960
959 823
959 694
959 958
959 106
959 200
959 279
959 316
959 611
959 741
959 779
959 855
959 891
959 907
959 925
960 360
960 964
960 971
960 954
960 837
960 780
960 621
960 878
960 85
960 180
960 211
960 266
960 353
960 458
960 464
960 467
960 658
960 846
960 921
960 941
960 956
987 732
987 992
987 993
987 13
987 78
987 84
987 122
987 172
987 217
987 230
987 378
987 412
987 443
987 448
987 493
987 545
987 563
987 625
987 738
987 749
987 750
987 758
987 854
987 878
987 932
987 956
987 961
987 982
993 802
993 864
993 19
993 99
993 206
993 239
993 243
993 259
993 280
993 331
993 407
993 409
993 432
993 442
993 469
993 552
993 585
993 634
993 648
993 685
993 709
993 719
993 755
993 783
993 849
993 883
993 890
993 900
993 933
993 934
993 945
993 953
993 956
993 972
993 994
224 917
224 115
285 947
285 921
285 805
285 564
320 542
320 872
335 978
335 730
335 849
335 796
356 27
356 232
356 450
356 664
485 923
485 71
485 246
485 330
485 494
494 595
494 903
494 947
494 972
512 858
512 880
512 687
512 521
537 992
537 900
537 846
537 173
537 303
541 222
541 972
541 94
541 778
541 854
563 894
563 972
563 113
563 462
586 961
586 890
586 945
586 296
586 872
619 41
619 877
619 681
619 700
619 933
619 945
641 994
641 891
641 986
641 290
641 689
650 952
650 823
650 908
650 826
650 928
656 992
656 906
656 215
656 679
656 838
656 854
682 947
682 976
682 868
682 876
682 984
682 440
706 905
706 929
706 947
706 534
706 123
706 225
706 435
720 900
720 668
720 954
720 124
720 218
720 309
720 551
720 956
723 556
723 911
723 972
723 793
723 609
723 693
723 887
723 546
734 917
734 57
734 544
734 654
734 800
734 972
765 969
765 992
765 810
765 919
765 911
765 722
765 855
765 874
765 665
765 902
766 608
766 647
766 862
766 726
766 693
766 881
766 885
766 325
766 482
766 648
779 917
779 701
779 785
779 610
779 374
779 902
779 274
779 505
795 540
795 73
795 264
795 459
795 726
795 749
795 794
795 811
795 843
815 992
815 481
815 906
815 767
815 743
815 122
815 565
815 585
815 697
815 882
815 891
815 925
815 984
818 967
818 991
818 611
818 717
818 754
818 881
818 777
818 302
818 417
818 598
827 913
827 857
827 958
827 781
827 125
827 437
827 568
827 602
827 813
835 963
835 834
835 967
835 930
835 343
835 711
835 669
835 215
835 428
835 852
839 998
839 638
839 347
839 691
839 487
839 620
839 982
839 843
839 418
839 758
839 293
839 592
839 649
890 674
890 923
890 27
890 32
890 34
890 92
890 189
890 271
890 324
890 459
890 517
890 646
890 695
890 838
890 927
890 941
902 992
902 893
902 906
902 743
902 874
902 907
902 232
902 196
902 258
902 278
902 370
902 373
902 521
902 697
902 819
902 856
933 992
933 198
933 971
933 949
933 79
933 88
933 136
933 354
933 370
933 499
933 534
933 549
933 615
933 628
933 833
933 880
933 941
933 986
945 732
945 606
945 599
945 866
945 996
945 947
945 948
945 81
945 377
945 478
945 561
945 639
945 679
945 711
945 803
945 907
945 956
945 972
947 954
947 892
947 963
947 54
947 507
947 153
947 420
947 440
947 525
947 561
947 709
947 714
947 722
947 878
947 904
947 941
947 972
947 976
963 744
963 923
963 961
963 516
963 44
963 215
963 234
963 248
963 391
963 422
963 460
963 698
963 711
963 721
963 726
963 727
963 749
963 764
963 777
963 809
963 849
963 924
963 958
963 972
963 976
963 994
972 436
972 673
972 971
972 951
972 893
972 728
972 801
972 88
972 215
972 311
972 696
972 721
972 752
972 793
972 800
972 811
972 836
972 922
972 982
983 864
983 17
983 50
983 69
983 108
983 245
983 293
983 389
983 422
983 435
983 479
983 491
983 495
983 528
983 546
983 579
983 581
983 593
983 609
983 679
983 685
983 702
983 747
983 777
983 790
983 807
983 822
983 870
983 905
983 906
983 908
983 920
983 929
983 984
986 992
986 817
986 859
986 744
986 962
986 990
986 851
986 667
986 994
986 587
986 630
986 976
986 756
986 822
986 944
986 474
986 702
986 781
986 761
986 408
986 755
986 253
986 725
986 805
986 251
986 268
986 413
986 423
986 434
986 688
986 788
986 809
986 820
986 901
990 969
990 886
990 952
990 867
990 23
990 962
990 131
990 150
990 177
990 204
990 207
990 228
990 265
990 323
990 368
990 386
990 392
990 407
990 456
990 527
990 535
990 542
990 545
990 553
990 582
990 592
990 605
990 614
990 690
990 736
990 782
990 790
990 819
990 836
990 872
990 874
990 877
990 878
990 881
990 954
3 732
3 802
3 864
3 969
732 93
732 396
732 550
732 625
732 711
802 4
802 428
802 583
802 703
802 743
802 785
802 864
802 872
802 976
864 31
864 63
864 405
864 409
864 753
864 777
864 831
864 865
864 894
864 953
969 113
969 151
969 168
969 222
969 258
969 328
969 352
969 387
969 395
969 531
969 585
969 602
969 612
969 636
969 697
969 715
969 740
969 781
969 810
969 877
969 896
969 901
969 906
969 907
969 915
969 925
969 931
969 992
93 930
93 625
396 807
396 854
396 978
550 992
550 917
550 274
625 701
625 906
711 998
711 893
711 686
711 96
711 141
4 77
4 998
428 347
428 978
428 856
583 886
583 952
583 664
583 286
703 871
703 874
703 797
703 922
703 273
703 714
703 731
703 803
743 638
743 763
743 100
743 472
743 803
743 849
743 904
785 33
785 431
785 469
785 593
785 675
785 709
785 762
785 846
785 976
872 886
872 952
872 962
872 895
872 954
872 222
872 866
872 287
872 456
872 944
872 874
872 132
872 521
872 797
872 901
976 917
976 952
976 829
976 776
976 267
976 895
976 951
976 911
976 996
976 896
976 58
976 72
976 99
976 183
976 330
976 407
976 451
976 453
976 547
976 635
976 655
976 716
976 806
976 809
976 840
976 880
976 918
976 932
31 913
31 432
31 668
63 410
63 528
63 801
405 934
409 922
409 783
409 729
409 520
753 892
753 850
753 948
753 767
753 194
753 306
753 552
753 601
753 721
753 729
753 789
777 617
777 967
777 871
777 991
777 559
777 284
777 646
831 916
831 896
831 699
831 823
831 778
831 524
831 717
831 825
831 574
831 852
831 291
831 928
865 859
865 894
865 896
865 513
865 920
865 991
865 709
865 778
865 984
865 772
865 424
865 614
865 881
865 334
865 716
894 998
894 817
894 23
894 393
894 424
894 515
894 626
894 672
894 685
894 742
894 771
894 840
894 878
894 880
953 606
953 829
953 900
953 867
953 971
953 45
953 893
953 892
953 427
953 133
953 137
953 244
953 260
953 329
953 346
953 449
953 465
953 702
953 755
953 846
953 852
953 870
953 883
953 916
953 984
113 877
113 452
151 837
151 772
168 929
168 637
168 344
222 43
258 977
258 905
258 789
328 935
328 931
352 838
387 935
387 809
387 470
395 652
531 674
531 958
531 158
531 882
585 907
585 882
585 303
602 793
602 715
602 880
602 639
602 478
602 544
612 992
612 994
612 930
612 806
612 669
612 698
636 58
636 142
636 467
636 572
636 921
697 992
697 814
697 962
697 891
697 941
715 810
715 906
715 199
715 382
715 881
715 885
715 925
740 198
740 686
740 892
740 834
740 948
740 904
740 372
740 388
781 994
781 112
781 144
781 450
781 725
781 901
781 978
810 28
810 249
810 358
810 378
810 524
810 632
810 639
810 844
810 958
877 886
877 952
877 962
877 971
877 30
877 132
877 392
877 592
877 615
877 686
877 849
877 922
877 949
877 954
877 996
896 897
896 916
896 51
896 322
896 333
896 758
896 799
896 813
896 823
896 840
896 883
896 928
901 638
901 667
901 977
901 735
901 994
901 801
901 932
901 982
901 978
901 805
901 788
901 515
901 591
901 820
906 992
906 952
906 39
906 235
906 373
906 571
906 626
906 652
906 813
906 928
906 949
907 812
907 917
907 903
907 735
907 623
907 934
907 421
907 794
907 836
907 163
907 462
907 522
907 891
915 964
915 668
915 948
915 845
915 83
915 102
915 157
915 288
915 375
915 480
915 539
915 566
915 721
915 797
915 956
915 984
925 935
925 599
925 744
925 822
925 833
925 846
925 874
925 876
925 669
925 245
925 248
925 291
925 394
925 466
925 493
925 517
925 543
925 628
925 885
931 804
931 893
931 678
931 603
931 930
931 756
931 91
931 178
931 205
931 358
931 401
931 403
931 433
931 628
931 883
931 956
992 5
992 897
992 23
992 90
992 281
992 286
992 346
992 393
992 466
992 490
992 505
992 530
992 549
992 567
992 615
992 648
992 652
992 669
992 719
992 783
992 800
992 813
992 828
992 833
992 874
992 880
992 904
992 978
992 994
77 384
77 518
77 671
998 15
998 67
998 68
998 130
998 166
998 216
998 267
998 298
998 350
998 376
998 404
998 437
998 482
998 502
998 518
998 539
998 544
998 571
998 573
998 579
998 613
998 620
998 637
998 642
998 649
998 691
998 692
998 719
998 755
998 758
998 796
998 843
998 862
998 870
998 878
998 919
998 935
998 961
998 982
384 859
384 895
384 866
384 883
518 674
518 923
518 837
518 949
518 478
671 886
671 850
671 183
671 277
671 301
671 318
671 624
671 764
528 851
528 134
528 137
528 147
604 964
604 869
604 123
604 208
604 672
604 687
604 856
624 436
624 629
624 882
624 830
624 288
647 66
647 127
647 256
647 560
647 803
647 984
704 804
704 807
704 977
704 892
704 476
704 92
704 640
704 681
704 729
893 804
893 37
893 288
893 294
893 442
893 726
893 756
893 783
893 806
893 930
15 503
67 949
67 991
68 80
68 621
68 869
130 948
130 453
130 133
166 574
216 867
216 751
216 152
267 982
298 658
298 675
350 964
350 769
350 844
350 982
376 982
376 372
404 878
404 941
404 754
404 365
437 892
437 920
437 982
482 453
482 862
482 982
482 887
502 918
502 982
539 948
539 767
539 982
539 420
539 830
544 691
544 747
544 613
544 887
571 360
571 855
571 880
571 299
573 921
573 844
573 411
573 491
579 399
579 629
579 597
613 419
613 982
613 170
613 819
620 513
620 131
620 406
620 796
620 982
637 347
637 57
637 446
637 862
637 982
642 804
642 361
642 922
642 555
642 517
649 929
649 862
649 798
649 982
649 483
691 24
691 32
691 175
691 451
691 982
691 994
692 833
692 500
692 874
692 594
692 885
692 558
719 686
719 929
719 726
719 881
719 276
719 402
755 961
755 762
755 164
755 170
755 255
755 634
755 695
758 916
758 254
758 883
758 922
758 665
758 652
796 900
796 996
796 862
796 982
796 828
796 245
796 294
796 455
843 964
843 961
843 919
843 603
843 152
843 247
843 268
843 341
843 447
843 782
862 837
862 587
862 948
862 125
862 379
862 386
862 675
862 956
862 978
862 982
870 733
870 866
870 834
870 722
870 908
870 825
870 984
870 982
870 325
870 479
870 742
878 814
878 903
878 962
878 971
878 977
878 728
878 73
878 371
878 823
878 982
919 917
919 34
919 467
919 481
919 511
919 605
919 635
919 640
919 645
919 739
919 854
919 892
919 904
919 921
919 927
919 934
935 9
935 13
935 181
935 401
935 484
935 577
935 578
935 601
935 648
935 658
935 771
935 776
935 829
935 833
935 856
935 903
935 911
935 978
961 22
961 44
961 59
961 132
961 139
961 179
961 184
961 187
961 297
961 475
961 559
961 601
961 639
961 749
961 819
961 847
961 849
961 908
961 958
961 962
961 978
982 895
982 994
982 148
982 162
982 202
982 207
982 220
982 382
982 510
982 669
982 689
982 771
982 881
982 891
5 444
5 812
5 897
444 230
444 679
444 803
444 984
812 19
812 421
812 633
812 825
812 836
812 880
812 883
812 892
812 948
812 952
897 147
897 318
897 339
897 402
897 498
897 587
897 739
897 744
897 789
897 794
897 799
897 809
897 851
897 876
897 924
897 941
230 952
230 379
679 616
679 339
679 505
679 509
679 745
803 962
803 920
803 932
803 702
803 480
803 717
803 495
803 688
984 581
984 816
984 905
984 954
984 857
984 790
984 920
984 871
984 869
984 822
984 918
984 958
984 760
984 908
984 565
984 139
984 413
984 526
984 572
984 614
984 651
984 680
984 713
984 745
984 772
984 820
984 924
19 595
19 913
421 932
421 75
421 319
421 799
633 391
633 929
633 934
633 431
825 977
825 855
825 136
825 793
825 357
825 558
825 652
825 885
836 977
836 699
836 270
836 160
836 306
836 322
836 830
880 916
880 833
880 438
880 662
880 260
880 275
880 348
880 543
880 628
880 924
883 360
883 971
883 916
883 823
883 106
883 182
883 310
883 688
883 813
883 928
892 728
892 43
892 179
892 256
892 442
892 520
892 840
892 858
892 876
892 887
948 952
948 850
948 513
948 74
948 949
948 149
948 165
948 194
948 223
948 300
948 397
948 423
948 525
948 654
948 761
948 797
948 956
952 774
952 886
952 114
952 127
952 153
952 314
952 411
952 547
952 608
952 736
952 794
952 845
952 847
952 849
952 867
952 954
952 962
952 991
147 540
147 101
318 921
339 927
339 730
339 687
402 577
498 52
498 510
498 761
587 608
587 52
587 165
739 923
739 977
739 934
739 655
739 321
739 471
739 727
744 20
744 171
744 601
744 951
789 996
789 508
789 699
789 767
789 876
789 761
789 543
789 643
789 749
794 962
794 735
794 911
794 934
794 99
794 511
794 830
799 595
799 701
799 367
799 944
799 693
799 341
799 470
799 591
809 911
809 949
809 927
809 918
809 944
809 419
809 354
809 271
809 383
851 900
851 24
851 332
851 333
851 459
851 460
851 515
851 767
851 885
851 887
876 954
876 767
876 534
876 501
876 135
876 194
876 208
876 543
876 552
876 713
876 749
876 887
924 886
924 556
924 807
924 617
924 728
924 366
924 996
924 850
924 469
924 632
924 762
924 823
924 838
924 858
924 306
924 465
941 212
941 481
941 694
941 855
941 874
941 611
941 772
941 904
941 665
941 514
941 429
941 464
941 738
23 962
90 916
90 694
281 869
281 844
281 134
286 782
286 342
346 668
346 87
346 299
393 701
393 833
393 379
466 763
466 623
466 669
490 594
490 978
490 736
490 749
505 917
505 900
505 401
530 35
530 200
530 424
530 659
530 728
549 951
549 187
549 417
549 881
567 996
567 672
567 771
567 742
615 667
615 726
615 276
648 996
648 881
648 597
652 930
652 522
669 905
669 367
669 149
783 507
783 762
783 949
783 846
783 319
783 868
783 904
783 852
800 916
800 929
800 871
800 527
800 868
800 270
800 316
800 622
800 237
800 463
813 791
813 916
813 630
813 920
813 761
813 664
813 342
813 928
828 886
828 871
828 869
828 932
828 161
828 424
828 533
828 714
828 922
833 930
833 88
833 448
833 534
833 597
833 844
833 858
874 548
874 120
874 343
874 177
874 275
874 278
874 349
874 978
904 886
904 807
904 977
904 659
904 548
904 869
904 605
904 170
904 202
904 607
904 662
904 729
904 788
904 882
978 964
978 903
978 962
978 977
978 410
978 627
978 545
978 152
978 422
978 561
978 592
978 601
978 618
978 680
978 718
978 741
978 819
978 849
978 928
994 913
994 667
994 971
994 678
994 44
994 46
994 153
994 176
994 253
994 290
994 305
994 308
994 362
994 407
994 423
994 533
994 616
994 630
994 645
994 702
994 717
994 718
994 725
994 805
994 806
994 820
994 848
994 852
994 921
994 928
994 932
994 991
6 198
6 360
6 674
6 814
674 27
674 246
674 614
674 653
674 923
814 41
814 326
814 493
814 655
814 727
27 807
246 920
246 944
614 857
614 717
614 247
614 515
653 678
653 72
653 284
653 511
653 593
653 798
923 21
923 238
923 349
923 351
923 363
923 418
923 463
923 517
923 626
923 752
923 788
923 838
923 871
923 916
923 922
923 996
41 11
326 964
326 778
326 958
326 605
493 845
493 643
655 172
655 408
655 233
655 276
727 934
727 752
727 341
727 552
727 654
7 638
638 702
638 807
638 954
911 829
911 859
911 895
911 807
911 977
911 40
911 189
911 292
911 380
911 435
911 559
911 598
911 690
911 763
702 639
807 774
807 366
807 977
954 964
954 886
954 962
954 36
954 127
954 220
954 248
954 309
954 329
954 362
954 456
954 533
954 542
954 553
954 680
954 854
954 930
389 922
389 431
438 599
438 181
458 535
458 358
473 951
473 574
473 341
473 506
499 951
499 590
499 365
684 903
684 24
684 463
684 525
684 548
684 592
685 840
685 690
685 470
685 745
741 347
741 756
741 694
741 445
741 646
760 859
760 338
760 857
760 822
760 107
760 525
760 616
760 651
760 764
891 977
891 617
891 991
891 343
891 775
891 855
891 695
891 185
891 353
903 38
903 20
903 39
903 157
903 185
903 211
903 231
903 263
903 556
903 632
903 701
903 922
903 971
922 996
922 871
922 991
922 487
922 761
922 163
922 302
922 447
922 491
922 618
971 26
971 73
971 160
971 196
971 343
971 357
971 514
971 561
971 611
971 628
971 676
971 690
971 738
971 848
971 869
971 920
971 951
971 956
971 977
49 603
49 780
49 929
186 177
186 717
186 645
202 424
289 319
289 178
289 597
289 830
414 967
414 871
414 882
414 446
430 790
430 846
430 738
430 536
430 654
435 556
489 774
489 929
489 934
489 729
735 34
735 459
735 881
735 934
820 816
820 962
820 932
820 855
820 805
820 707
820 664
820 560
820 788
820 572
845 774
845 977
845 951
845 934
845 80
845 869
845 201
845 524
845 576
845 607
845 761
845 788
846 756
846 527
846 101
846 116
846 429
846 449
846 543
846 634
867 886
867 22
867 45
867 105
867 114
867 116
867 162
867 736
867 882
867 885
867 927
867 951
867 962
886 11
886 233
886 449
886 526
886 553
886 695
886 962
929 763
929 82
929 142
929 231
929 242
929 253
929 578
929 670
929 731
929 830
929 847
929 850
929 934
934 763
934 508
934 60
934 86
934 142
934 465
934 536
934 605
8 38
8 385
8 529
8 964
38 617
38 678
385 432
385 469
385 564
385 847
529 138
529 206
529 342
529 616
529 729
529 991
964 65
964 104
964 119
964 259
964 314
964 382
964 540
964 603
964 670
964 698
964 717
964 751
964 782
964 811
964 918
964 956
617 115
617 666
617 678
678 556
678 659
678 887
678 918
432 578
469 160
564 977
564 869
564 562
564 375
847 951
847 86
847 92
847 137
847 234
847 605
847 688
847 856
847 944
138 977
138 991
138 453
206 967
206 116
342 725
342 218
616 920
616 337
729 977
729 932
729 576
729 826
991 436
991 829
991 913
991 538
991 751
991 905
991 361
991 866
991 996
991 967
991 287
991 949
991 82
991 182
991 223
991 262
991 284
991 340
991 400
991 412
991 426
991 433
991 457
991 500
991 634
991 687
991 695
991 713
991 717
991 730
991 754
991 819
991 852
991 855
991 956
65 801
65 104
65 871
119 951
119 500
259 791
259 782
314 996
314 313
314 731
382 460
540 35
540 738
603 164
603 811
603 908
670 869
670 918
670 958
670 167
670 263
670 546
670 811
698 660
698 895
698 675
698 470
698 440
717 630
717 131
751 29
751 240
751 336
751 475
751 522
751 762
751 801
751 967
782 967
782 569
782 167
782 811
811 762
811 921
811 693
811 251
811 383
811 928
918 829
918 538
918 556
918 927
918 83
918 441
918 589
918 609
918 640
918 764
918 806
918 826
956 913
956 996
956 850
956 857
956 454
956 439
956 197
956 477
956 510
956 525
956 553
956 646
956 928
9 606
9 817
606 480
606 562
606 848
606 932
817 304
817 590
817 626
817 690
817 742
817 829
817 868
480 481
480 927
480 116
562 98
562 763
562 869
562 643
848 701
848 927
848 944
848 840
848 117
848 330
848 433
848 707
848 749
932 581
932 667
932 69
932 214
932 560
932 577
932 688
932 716
932 725
932 805
932 885
304 623
304 632
304 750
304 714
590 172
590 311
626 749
690 916
690 369
690 742
742 977
742 944
742 629
742 558
742 771
829 13
829 79
829 188
829 310
829 332
829 763
829 913
868 210
868 816
868 627
868 143
868 218
868 292
868 316
868 515
868 622
868 745
401 920
401 908
484 895
484 840
484 408
577 565
577 607
577 394
577 591
578 660
578 263
578 440
578 464
601 804
601 887
658 996
658 296
658 747
658 127
658 260
658 798
771 816
771 927
771 295
771 881
771 470
771 598
776 21
776 646
776 763
776 806
776 857
776 895
856 927
856 921
856 775
856 416
856 445
856 572
856 591
61 920
265 944
265 152
265 248
359 837
359 575
359 117
416 160
416 251
416 291
477 951
477 392
483 921
483 439
483 176
635 930
635 81
635 234
635 536
716 754
716 441
716 640
718 921
718 645
718 197
718 313
752 363
752 92
752 99
752 252
752 288
752 459
752 488
752 885
769 47
769 72
769 164
769 374
769 854
769 927
769 944
791 14
791 123
791 325
791 327
791 362
791 442
791 798
798 854
798 576
798 145
798 280
798 290
798 536
798 672
844 913
844 962
844 778
844 958
844 344
944 804
944 927
944 86
944 184
944 251
944 351
944 369
944 445
944 471
944 475
944 651
944 672
944 676
10 118
10 436
10 917
118 143
118 146
118 855
436 509
436 566
917 33
917 180
917 184
917 214
917 608
917 676
917 788
917 801
917 962
143 694
146 900
146 295
146 374
855 667
855 967
855 506
855 885
368 801
368 927
509 977
509 958
509 882
509 689
566 967
566 569
566 379
566 274
566 598
33 42
33 701
180 448
184 244
214 686
214 801
608 35
608 913
608 881
676 296
676 209
676 280
676 443
676 885
788 660
788 369
788 455
788 442
788 465
788 654
801 348
801 569
801 696
962 212
962 240
962 310
962 323
962 407
962 510
962 542
962 592
962 738
962 834
962 838
11 210
11 774
210 271
210 958
774 189
774 558
774 594
774 793
774 885
271 501
958 98
958 250
958 399
958 778
958 114
958 201
958 329
958 524
958 662
958 666
958 687
958 730
958 764
189 838
594 699
594 145
594 153
594 454
793 673
793 503
793 837
793 834
793 996
793 136
793 161
885 834
885 726
885 882
885 700
885 852
885 275
449 900
449 905
526 816
526 908
526 418
526 560
553 581
695 905
695 857
695 920
695 908
695 170
673 29
673 520
673 696
29 98
29 905
520 858
520 429
520 434
696 996
696 468
696 148
696 488
696 666
696 714
114 595
411 996
411 150
547 837
547 70
547 279
547 927
736 905
736 951
736 277
736 468
736 386
849 895
849 568
849 175
849 274
849 353
239 667
239 709
239 589
243 18
243 30
280 390
331 967
331 632
331 174
331 852
407 756
442 659
552 728
552 439
552 838
634 869
634 662
709 900
709 75
709 415
709 420
709 858
900 18
900 133
900 275
900 309
900 390
900 496
900 570
900 797
79 456
79 927
188 725
310 234
332 112
763 905
763 42
763 163
763 858
913 204
913 238
913 252
913 270
913 322
913 399
913 419
913 521
913 754
913 806
913 822
913 949
913 967
84 277
84 399
84 559
122 159
122 270
172 64
217 149
217 422
378 476
412 826
412 445
412 687
443 287
443 264
448 699
448 253
545 124
545 294
545 439
545 618
738 668
738 349
749 391
750 859
750 927
750 527
750 840
750 379
750 302
750 372
750 580
854 977
854 927
854 921
854 102
854 386
854 654
14 347
123 951
325 905
325 582
327 866
327 762
327 561
362 775
242 139
242 826
338 53
338 930
365 852
474 977
474 98
474 580
474 662
535 858
535 268
535 546
56 51
56 632
196 921
370 470
427 45
427 207
427 780
506 797
506 680
560 293
574 908
574 665
592 611
837 42
837 301
837 680
837 850
977 28
977 140
977 397
977 400
977 419
977 425
977 465
977 478
977 548
977 623
977 640
977 693
977 908
503 324
503 627
503 858
324 226
324 264
627 951
627 237
627 373
858 534
858 193
858 431
858 607
858 687
858 881
179 609
199 707
297 622
297 228
297 348
589 659
589 169
599 17
599 294
599 517
688 951
688 471
721 733
721 394
721 639
887 516
887 262
887 333
887 451
887 511
887 640
887 687
905 733
905 391
905 575
905 629
905 675
905 745
905 830
905 908
996 895
996 47
996 112
996 150
996 197
996 208
996 252
996 302
996 380
996 413
996 447
996 462
996 487
996 491
996 501
996 570
996 575
996 651
996 689
996 714
996 725
996 747
996 823
996 871
996 930
16 804
804 262
804 276
276 881
173 439
173 622
621 548
621 75
621 381
621 610
826 149
826 275
826 478
826 928
83 296
148 408
334 284
334 431
508 48
508 797
598 640
664 201
664 465
830 921
830 693
830 240
830 429
830 570
830 764
840 101
840 390
840 463
840 618
241 155
241 255
353 479
361 43
390 822
618 680
618 451
694 471
694 565
694 576
694 610
775 109
775 124
775 274
775 607
775 689
775 772
816 21
816 73
816 161
816 193
816 475
816 622
816 689
816 822
17 35
17 859
859 85
859 95
859 154
859 323
859 403
859 450
859 479
859 575
859 908
859 949
294 299
517 488
517 522
85 410
85 244
95 60
95 778
95 823
154 930
154 174
323 927
323 417
403 699
450 866
450 630
450 745
479 290
575 456
575 277
575 115
908 920
908 112
908 256
908 349
908 496
908 714
908 805
949 581
949 668
949 623
949 507
949 336
949 155
949 406
949 408
949 419
949 521
949 707
949 730
949 882
50 548
50 967
69 340
69 756
108 48
108 930
245 780
293 413
491 928
495 930
495 235
495 290
581 20
593 336
593 218
609 722
609 772
747 951
747 967
747 107
747 447
747 510
747 651
790 733
790 59
790 468
790 693
790 920
822 701
822 920
822 82
822 413
822 823
920 733
920 895
920 106
920 756
920 928
18 733
733 91
733 568
733 745
733 951
30 951
91 174
568 967
568 158
568 377
745 834
745 838
745 754
951 595
951 249
951 457
951 780
133 336
309 852
496 329
570 871
570 468
797 668
797 157
797 220
797 307
797 333
797 525
313 236
313 321
321 301
464 607
582 930
582 165
582 597
632 460
767 930
767 87
767 675
767 731
595 264
595 780
595 930
780 80
780 278
780 451
930 62
930 457
930 555
930 756
930 927
204 871
238 838
252 629
252 273
270 967
322 381
322 819
521 921
521 819
754 866
754 916
754 330
754 226
754 417
806 109
806 247
806 292
806 441
806 805
967 58
967 182
967 273
967 302
967 408
967 426
967 543
967 643
967 707
967 805
967 819
967 882
171 140
171 680
39 516
39 686
157 296
185 472
211 178
211 187
231 659
231 700
263 371
263 423
556 24
701 295
701 916
345 857
345 228
345 397
551 928
645 761
857 57
857 431
857 476
857 772
857 819
646 525
895 26
895 164
895 277
895 279
895 426
895 440
895 728
895 764
161 772
193 425
475 761
475 639
622 237
622 249
689 866
349 291
351 559
351 87
351 316
363 42
363 120
363 434
418 176
418 400
463 392
463 580
838 500
838 187
838 260
838 446
871 410
871 366
871 250
871 208
871 425
871 533
916 48
916 70
916 195
916 928
54 507
107 605
236 81
236 629
295 355
311 237
344 778
344 348
426 169
731 928
731 462
22 538
22 660
538 452
538 501
538 524
660 394
660 452
660 725
452 109
501 125
524 129
394 928
725 834
725 534
725 761
45 37
105 756
162 576
162 369
882 866
882 507
882 921
882 730
882 225
882 640
927 672
927 730
927 921
44 866
59 336
132 150
559 250
819 881
819 533
424 850
515 548
672 219
212 36
510 255
542 66
542 190
542 337
834 47
834 572
834 805
131 106
177 96
207 425
228 662
386 195
392 805
527 88
527 643
605 145
881 726
881 273
881 597
175 232
175 629
451 453
459 446
460 722
662 623
713 850
713 823
713 371
713 928
823 86
823 764
928 565
928 307
928 388
928 580
36 481
159 51
213 292
308 764
308 357
367 48
367 190
471 675
511 921
511 654
516 329
516 536
730 155
778 205
778 666
26 667
667 555
555 722
555 209
555 433
728 40
728 447
764 681
764 260
764 675
129 611
255 467
420 850
420 167
850 51
850 630
866 52
866 64
866 140
866 300
866 707
343 81
357 686
357 454
514 699
514 235
514 707
628 580
628 533
869 623
869 425
869 476
869 921
232 190
366 46
355 500
355 439
355 400
666 700
666 522
140 576
397 852
400 707
425 423
623 43
693 686
693 223
522 415
762 60
762 117
762 476
762 680
762 852
391 46
675 301
686 303
457 388
70 722
74 60
462 381
921 87
921 413
200 722
659 46
659 423
659 454
220 707
266 681
726 128
726 219
756 219
115 569
536 446
303 305
373 434
40 410
410 158
158 454
372 377
722 772
852 254
852 319
852 300
852 375
380 72
380 137
681 406
681 337
681 142
700 699
700 340
700 226
700 305
120 71
120 534
434 468
434 805
163 354
256 134
256 223
52 630
64 287
64 699
300 225
176 253
305 472
630 610
805 487
374 183
374 472
487 651
651 576
651 165
651 183
714 417
82 453
182 665
273 488
610 287
610 124
761 144
53 513
209 219
446 488
476 76
772 433
772 597
569 375
569 607
330 125
468 128
117 319
62 250
76 254
254 375
337 136
337 665
415 665
155 178
406 135
381 268
354 225
201 169
607 369
316 135
247 665
135 169
