0 7
0 23
0 34
0 41
0 45
0 59
0 73
0 77
0 80
0 94
0 97
0 98
0 99
0 100
0 102
0 103
0 107
0 130
0 131
0 153
0 158
0 167
0 170
7 34
7 45
7 59
7 88
7 94
7 97
7 98
7 99
7 100
7 109
7 117
7 120
7 130
7 131
7 135
7 141
7 153
7 167
7 170
7 173
23 14
23 15
23 19
23 34
23 41
23 42
23 45
23 47
23 59
23 73
23 77
23 79
23 80
23 90
23 98
23 99
23 102
23 103
23 104
23 106
23 107
23 131
23 135
23 153
23 167
23 170
23 173
23 181
34 31
34 32
34 39
34 43
34 45
34 57
34 59
34 61
34 62
34 63
34 64
34 65
34 67
34 73
34 77
34 94
34 97
34 98
34 99
34 100
34 102
34 103
34 104
34 105
34 106
34 107
34 108
34 109
34 121
34 122
34 130
34 131
34 134
34 153
34 165
34 167
34 169
34 170
34 178
34 186
41 45
41 49
41 80
41 103
41 105
41 122
41 135
41 158
41 181
41 182
45 49
45 59
45 80
45 94
45 97
45 98
45 99
45 100
45 103
45 105
45 122
45 130
45 131
45 153
45 158
45 167
45 170
45 182
59 6
59 9
59 11
59 13
59 17
59 18
59 19
59 22
59 30
59 31
59 32
59 35
59 39
59 43
59 48
59 49
59 51
59 52
59 53
59 54
59 55
59 56
59 57
59 60
59 61
59 62
59 63
59 64
59 65
59 67
59 68
59 69
59 71
59 77
59 79
59 80
59 82
59 87
59 88
59 90
59 92
59 93
59 94
59 97
59 98
59 99
59 100
59 104
59 105
59 106
59 107
59 108
59 109
59 110
59 111
59 113
59 117
59 120
59 121
59 122
59 124
59 126
59 128
59 129
59 130
59 131
59 134
59 135
59 140
59 141
59 145
59 149
59 150
59 153
59 157
59 160
59 163
59 165
59 167
59 170
59 173
59 178
59 182
59 186
59 189
59 191
59 192
59 193
59 194
59 195
59 196
73 6
73 9
73 70
73 71
73 77
73 86
73 102
73 103
73 107
73 111
73 113
73 149
73 153
73 160
73 163
73 167
73 170
77 15
77 19
77 42
77 79
77 90
77 94
77 98
77 99
77 102
77 103
77 107
77 135
77 136
77 153
77 157
77 167
77 170
77 173
77 178
77 181
77 187
80 6
80 14
80 15
80 21
80 35
80 42
80 47
80 49
80 52
80 54
80 55
80 66
80 82
80 97
80 98
80 99
80 100
80 103
80 104
80 105
80 107
80 122
80 130
80 131
80 135
80 149
80 157
80 163
80 169
80 173
80 177
80 181
80 182
80 193
80 194
80 195
80 196
94 6
94 68
94 69
94 79
94 88
94 90
94 92
94 93
94 97
94 98
94 99
94 100
94 107
94 109
94 110
94 121
94 124
94 126
94 130
94 131
94 134
94 135
94 140
94 141
94 145
94 153
94 157
94 167
94 170
94 173
94 178
94 189
94 191
94 192
97 21
97 31
97 32
97 39
97 42
97 43
97 57
97 61
97 62
97 63
97 64
97 65
97 82
97 98
97 99
97 100
97 104
97 105
97 106
97 107
97 108
97 109
97 121
97 122
97 130
97 131
97 134
97 135
97 153
97 163
97 167
97 169
97 170
97 173
97 177
97 178
97 181
97 193
97 196
98 21
98 31
98 32
98 39
98 42
98 43
98 57
98 58
98 61
98 62
98 63
98 64
98 65
98 67
98 68
98 69
98 72
98 81
98 82
98 87
98 99
98 100
98 104
98 105
98 106
98 107
98 108
98 109
98 117
98 120
98 121
98 122
98 130
98 131
98 134
98 135
98 142
98 153
98 163
98 165
98 167
98 169
98 170
98 173
98 177
98 178
98 181
98 186
98 193
98 196
99 21
99 31
99 32
99 39
99 42
99 43
99 57
99 58
99 61
99 62
99 63
99 64
99 65
99 82
99 100
99 104
99 105
99 106
99 107
99 108
99 109
99 121
99 122
99 130
99 131
99 134
99 135
99 153
99 163
99 167
99 169
99 170
99 173
99 177
99 178
99 181
99 193
99 196
100 21
100 31
100 32
100 39
100 42
100 43
100 57
100 61
100 62
100 63
100 64
100 65
100 67
100 82
100 104
100 105
100 106
100 107
100 108
100 109
100 121
100 122
100 130
100 131
100 134
100 135
100 153
100 163
100 165
100 167
100 169
100 170
100 173
100 177
100 178
100 181
100 186
100 193
100 196
102 6
102 9
102 66
102 70
102 71
102 82
102 86
102 103
102 107
102 111
102 113
102 149
102 153
102 160
102 163
102 167
102 170
102 177
103 14
103 15
103 47
103 90
103 104
103 106
103 107
103 153
103 158
103 167
103 170
107 6
107 21
107 31
107 32
107 39
107 42
107 43
107 57
107 61
107 62
107 63
107 64
107 65
107 68
107 69
107 82
107 92
107 93
107 104
107 105
107 106
107 108
107 109
107 110
107 121
107 122
107 124
107 130
107 131
107 134
107 135
107 145
107 153
107 163
107 167
107 169
107 170
107 173
107 177
107 178
107 181
107 189
107 191
107 192
107 193
107 196
130 17
130 21
130 31
130 32
130 39
130 42
130 43
130 49
130 52
130 55
130 57
130 61
130 62
130 63
130 64
130 65
130 82
130 87
130 104
130 105
130 106
130 108
130 109
130 113
130 121
130 122
130 131
130 134
130 135
130 138
130 153
130 157
130 163
130 167
130 169
130 170
130 173
130 177
130 178
130 181
130 182
130 193
130 195
130 196
131 6
131 17
131 21
131 31
131 32
131 39
131 42
131 43
131 49
131 52
131 55
131 57
131 61
131 62
131 63
131 64
131 65
131 67
131 68
131 69
131 82
131 87
131 88
131 92
131 93
131 104
131 105
131 106
131 108
131 109
131 110
131 113
131 117
131 120
131 121
131 122
131 124
131 134
131 135
131 140
131 141
131 145
131 153
131 157
131 163
131 165
131 167
131 169
131 170
131 173
131 177
131 178
131 181
131 182
131 186
131 189
131 191
131 192
131 193
131 195
131 196
153 31
153 32
153 39
153 43
153 57
153 61
153 62
153 63
153 64
153 65
153 67
153 104
153 105
153 106
153 108
153 109
153 121
153 122
153 134
153 165
153 167
153 169
153 170
153 178
153 186
158 66
158 82
158 83
158 133
158 134
158 194
167 6
167 8
167 19
167 22
167 31
167 32
167 39
167 43
167 49
167 53
167 57
167 61
167 62
167 63
167 64
167 65
167 67
167 68
167 69
167 70
167 79
167 82
167 90
167 92
167 93
167 104
167 105
167 106
167 108
167 109
167 110
167 115
167 116
167 117
167 120
167 121
167 122
167 124
167 134
167 135
167 136
167 141
167 145
167 152
167 157
167 165
167 169
167 170
167 178
167 186
167 189
167 191
167 192
167 193
167 194
170 6
170 43
170 67
170 68
170 69
170 88
170 92
170 93
170 109
170 110
170 121
170 124
170 126
170 134
170 135
170 140
170 141
170 145
170 157
170 165
170 173
170 186
170 189
170 191
170 192
88 56
88 135
88 148
88 195
88 82
88 126
88 140
88 157
88 117
88 120
88 141
88 173
109 72
109 135
109 68
109 69
109 121
109 169
109 31
109 32
109 39
109 43
109 49
109 57
109 61
109 62
109 63
109 64
109 65
109 87
109 104
109 105
109 106
109 108
109 122
109 134
109 138
109 142
109 173
109 178
109 181
117 152
117 78
117 135
117 193
117 48
117 68
117 69
117 70
117 82
117 92
117 93
117 110
117 121
117 124
117 128
117 145
117 169
117 176
117 189
117 191
117 192
117 8
117 42
117 58
117 81
117 83
117 115
117 116
117 120
117 136
117 141
117 142
117 173
117 174
117 182
120 152
120 56
120 135
120 195
120 48
120 68
120 69
120 70
120 82
120 92
120 93
120 110
120 121
120 124
120 145
120 157
120 176
120 189
120 191
120 192
120 8
120 42
120 58
120 81
120 115
120 116
120 136
120 141
120 142
120 173
120 174
120 182
135 149
135 166
135 171
135 4
135 76
135 137
135 146
135 18
135 28
135 50
135 56
135 72
135 74
135 75
135 78
135 85
135 89
135 95
135 96
135 125
135 127
135 6
135 16
135 17
135 19
135 21
135 40
135 42
135 44
135 48
135 58
135 64
135 65
135 66
135 68
135 69
135 81
135 82
135 83
135 87
135 92
135 93
135 104
135 113
135 121
135 124
135 126
135 128
135 129
135 136
135 139
135 140
135 141
135 142
135 143
135 145
135 148
135 150
135 157
135 160
135 161
135 162
135 163
135 169
135 173
135 174
135 176
135 177
135 181
135 182
135 183
135 184
135 187
135 189
135 190
135 191
135 192
135 193
135 195
135 196
141 149
141 56
141 78
141 95
141 148
141 195
141 48
141 68
141 69
141 82
141 113
141 124
141 126
141 140
141 157
141 160
141 163
141 184
141 192
141 142
141 173
173 53
173 146
173 50
173 72
173 74
173 75
173 78
173 125
173 143
173 148
173 193
173 196
173 35
173 48
173 66
173 68
173 69
173 82
173 126
173 140
173 157
173 163
173 169
173 177
173 191
173 21
173 42
173 58
173 87
173 104
173 142
173 181
14 15
14 47
14 90
14 104
14 106
15 47
15 90
15 104
15 106
19 18
19 69
19 86
19 157
19 79
19 136
42 193
42 196
42 82
42 121
42 157
42 163
42 169
42 177
42 161
42 104
42 21
42 58
42 81
42 142
42 181
47 90
47 104
47 106
79 188
79 10
79 8
79 22
79 31
79 37
79 38
79 90
79 134
79 138
79 161
79 178
79 180
90 31
90 37
90 115
90 134
90 138
90 178
90 32
90 39
90 43
90 62
90 104
90 106
90 118
90 133
104 193
104 196
104 82
104 121
104 163
104 169
104 177
104 31
104 37
104 134
104 178
104 21
104 32
104 39
104 43
104 57
104 61
104 62
104 63
104 64
104 65
104 105
104 106
104 108
104 122
104 181
106 121
106 31
106 134
106 161
106 178
106 32
106 39
106 43
106 57
106 61
106 62
106 63
106 64
106 65
106 105
106 108
106 122
106 186
106 187
181 193
181 196
181 82
181 163
181 169
181 177
181 182
181 21
181 65
31 188
31 10
31 60
31 110
31 121
31 8
31 22
31 30
31 32
31 37
31 39
31 43
31 57
31 61
31 62
31 63
31 64
31 65
31 105
31 108
31 122
31 134
31 138
31 161
31 178
32 121
32 37
32 115
32 134
32 178
32 61
32 105
32 122
32 39
32 43
32 57
32 62
32 63
32 64
32 65
32 108
32 118
32 133
39 121
39 37
39 115
39 134
39 178
39 61
39 105
39 122
39 43
39 57
39 62
39 63
39 64
39 65
39 108
39 118
39 133
43 121
43 37
43 134
43 138
43 178
43 61
43 49
43 105
43 122
43 57
43 62
43 63
43 64
43 65
43 67
43 108
43 165
43 186
57 121
57 134
57 161
57 178
57 61
57 105
57 122
57 62
57 63
57 64
57 65
57 108
57 186
57 187
61 121
61 134
61 178
61 16
61 62
61 63
61 64
61 65
61 105
61 108
61 122
62 121
62 37
62 134
62 178
62 105
62 122
62 63
62 64
62 65
62 108
63 121
63 169
63 134
63 138
63 178
63 49
63 105
63 122
63 64
63 65
63 108
64 121
64 169
64 134
64 138
64 178
64 49
64 105
64 122
64 65
64 108
65 121
65 169
65 134
65 138
65 178
65 49
65 105
65 122
65 108
67 134
67 49
67 182
67 165
67 186
105 60
105 110
105 121
105 134
105 178
105 30
105 49
105 182
105 108
105 122
105 186
105 187
108 68
108 82
108 121
108 169
108 176
108 134
108 178
108 122
121 152
121 6
121 68
121 69
121 70
121 92
121 93
121 110
121 8
121 58
121 81
121 115
121 116
121 122
121 124
121 134
121 136
121 142
121 145
121 178
121 189
121 191
121 192
122 60
122 110
122 134
122 161
122 178
122 30
122 49
122 182
122 186
122 187
134 188
134 10
134 66
134 82
134 194
134 8
134 22
134 37
134 115
134 83
134 118
134 133
134 138
134 161
134 165
134 178
134 186
165 49
165 182
165 186
169 53
169 149
169 52
169 193
169 195
169 196
169 6
169 35
169 54
169 55
169 66
169 69
169 82
169 110
169 128
169 157
169 163
169 11
169 21
169 30
169 83
169 174
169 177
169 182
169 191
169 194
178 188
178 10
178 8
178 22
178 37
178 115
178 116
178 138
178 161
178 49
178 118
178 133
178 182
186 161
186 187
49 52
49 195
49 55
49 110
49 113
49 157
49 138
49 17
49 87
49 182
182 52
182 193
182 195
182 55
182 68
182 69
182 92
182 93
182 113
182 124
182 128
182 145
182 157
182 176
182 189
182 191
182 192
182 116
182 17
182 87
182 83
182 174
6 13
6 149
6 18
6 52
6 56
6 193
6 195
6 196
6 9
6 10
6 35
6 48
6 54
6 55
6 60
6 66
6 68
6 69
6 70
6 71
6 82
6 86
6 92
6 93
6 110
6 111
6 112
6 113
6 124
6 126
6 128
6 129
6 140
6 145
6 150
6 157
6 160
6 163
6 176
6 177
6 184
6 189
6 191
6 192
6 194
9 13
9 52
9 56
9 195
9 10
9 48
9 60
9 68
9 69
9 70
9 86
9 111
9 112
9 113
9 126
9 129
9 140
9 150
9 157
9 160
9 163
9 191
9 194
11 53
11 18
11 52
11 56
11 72
11 193
11 195
11 196
11 48
11 54
11 55
11 60
11 70
11 82
11 113
11 128
11 194
11 17
11 30
13 1
13 53
13 60
13 68
13 69
13 86
13 95
13 111
13 113
13 126
13 129
13 140
13 149
13 150
13 157
13 160
13 163
13 184
13 185
13 191
13 193
13 194
17 53
17 166
17 171
17 76
17 146
17 18
17 28
17 52
17 56
17 72
17 85
17 89
17 95
17 127
17 139
17 148
17 190
17 193
17 195
17 196
17 54
17 55
17 60
17 113
17 128
17 157
17 194
17 30
17 87
17 183
18 53
18 4
18 30
18 48
18 52
18 54
18 55
18 56
18 60
18 69
18 128
18 129
18 184
18 191
18 193
18 194
18 195
18 196
22 188
22 10
22 110
22 8
22 37
22 138
22 161
30 53
30 52
30 56
30 193
30 195
30 196
30 54
30 55
30 60
30 110
30 128
30 194
35 53
35 149
35 52
35 193
35 195
35 196
35 48
35 54
35 55
35 66
35 69
35 71
35 82
35 86
35 128
35 157
35 160
35 163
35 177
35 191
35 194
48 53
48 149
48 52
48 56
48 78
48 89
48 148
48 193
48 195
48 10
48 51
48 66
48 68
48 69
48 70
48 82
48 111
48 112
48 113
48 124
48 126
48 129
48 142
48 157
48 160
48 161
48 163
48 177
48 184
48 191
48 194
51 52
51 195
51 82
51 87
52 53
52 149
52 4
52 10
52 54
52 55
52 56
52 60
52 66
52 70
52 82
52 87
52 110
52 111
52 112
52 113
52 128
52 148
52 157
52 160
52 163
52 177
52 193
52 194
52 195
52 196
53 1
53 4
53 54
53 55
53 56
53 60
53 66
53 68
53 69
53 82
53 86
53 92
53 93
53 95
53 110
53 124
53 128
53 129
53 145
53 148
53 149
53 157
53 160
53 163
53 176
53 177
53 185
53 189
53 191
53 192
53 193
53 194
53 195
53 196
54 149
54 56
54 193
54 195
54 196
54 55
54 60
54 66
54 82
54 128
54 157
54 163
54 177
54 194
55 149
55 56
55 193
55 195
55 196
55 60
55 66
55 82
55 87
55 110
55 113
55 128
55 157
55 163
55 177
55 194
56 4
56 10
56 60
56 69
56 70
56 82
56 110
56 111
56 112
56 113
56 128
56 129
56 157
56 160
56 163
56 184
56 191
56 193
56 194
56 195
56 196
60 193
60 195
60 196
60 68
60 69
60 110
60 111
60 113
60 126
60 128
60 129
60 140
60 150
60 157
60 176
60 191
60 194
68 149
68 72
68 85
68 89
68 95
68 193
68 69
68 86
68 87
68 92
68 93
68 110
68 111
68 113
68 124
68 126
68 129
68 140
68 142
68 145
68 150
68 157
68 160
68 163
68 174
68 176
68 185
68 189
68 191
68 192
68 194
69 149
69 166
69 72
69 85
69 95
69 193
69 66
69 33
69 82
69 86
69 87
69 92
69 93
69 110
69 111
69 113
69 124
69 126
69 129
69 140
69 142
69 145
69 150
69 157
69 160
69 163
69 174
69 176
69 177
69 184
69 185
69 189
69 191
69 192
69 194
71 149
71 70
71 160
71 163
82 149
82 89
82 148
82 193
82 195
82 196
82 66
82 70
82 21
82 33
82 83
82 86
82 110
82 113
82 126
82 133
82 136
82 140
82 157
82 163
82 177
82 184
82 191
82 194
87 166
87 171
87 76
87 146
87 28
87 72
87 85
87 89
87 95
87 96
87 127
87 139
87 148
87 190
87 195
87 113
87 157
87 40
87 44
87 142
87 183
92 93
92 110
92 113
92 124
92 126
92 129
92 145
92 174
92 176
92 189
92 191
92 192
93 110
93 113
93 124
93 129
93 145
93 174
93 176
93 189
93 191
93 192
110 152
110 193
110 195
110 70
110 8
110 115
110 116
110 124
110 136
110 145
110 189
110 191
110 192
110 194
111 149
111 195
111 10
111 70
111 86
111 112
111 113
111 126
111 129
111 140
111 150
111 157
111 160
111 163
111 191
111 194
113 195
113 10
113 70
113 86
113 112
113 124
113 126
113 129
113 140
113 145
113 150
113 157
113 160
113 163
113 189
113 191
113 192
113 194
124 89
124 95
124 129
124 145
124 150
124 174
124 176
124 189
124 191
124 192
126 149
126 66
126 129
126 140
126 150
126 157
126 163
126 177
126 184
126 191
126 194
128 193
128 195
128 196
128 83
128 174
128 194
129 149
129 95
129 193
129 86
129 140
129 145
129 150
129 157
129 160
129 163
129 176
129 184
129 185
129 189
129 191
129 192
129 194
140 150
140 157
140 191
140 194
145 150
145 174
145 176
145 189
145 191
145 192
149 1
149 66
149 70
149 86
149 95
149 148
149 150
149 157
149 160
149 163
149 177
149 184
149 185
149 191
149 193
149 194
149 195
150 157
150 176
150 184
150 189
150 191
150 192
150 194
157 95
157 193
157 195
157 10
157 66
157 70
157 86
157 112
157 58
157 83
157 136
157 160
157 163
157 177
157 185
157 187
157 191
157 194
160 95
160 193
160 195
160 10
160 70
160 86
160 112
160 163
160 185
160 191
163 95
163 193
163 195
163 196
163 10
163 66
163 70
163 86
163 112
163 21
163 177
163 185
163 191
163 194
189 176
189 174
189 191
189 192
191 175
191 95
191 127
191 193
191 66
191 86
191 176
191 177
191 184
191 33
191 174
191 185
191 192
191 194
192 176
192 174
193 4
193 95
193 148
193 21
193 66
193 83
193 86
193 174
193 177
193 185
193 194
193 195
193 196
194 148
194 195
194 196
194 66
194 70
194 86
194 177
194 83
194 133
195 4
195 10
195 66
195 70
195 112
195 177
195 196
196 4
196 21
196 177
70 152
70 10
70 8
70 112
70 115
70 116
70 136
86 95
86 66
86 185
136 152
136 8
136 115
136 116
136 187
187 161
21 177
66 148
66 83
66 133
66 177
177 25
177 137
177 148
177 154
58 161
58 81
58 142
72 166
72 171
72 4
72 12
72 25
72 76
72 84
72 146
72 155
72 188
72 27
72 28
72 85
72 89
72 95
72 127
72 139
72 142
72 148
72 154
72 183
72 190
81 142
142 78
138 188
138 10
138 8
138 37
138 161
83 133
83 174
133 37
133 115
133 118
8 152
8 188
8 10
8 37
8 115
8 116
8 161
115 152
115 37
115 38
115 116
115 118
115 180
116 152
116 24
152 2
152 114
152 3
152 4
152 12
152 24
152 25
152 26
152 27
152 28
152 36
152 38
152 50
152 75
152 85
152 89
152 91
152 95
152 123
152 125
152 127
152 139
152 143
152 146
152 147
152 148
152 162
152 166
152 171
152 180
152 197
95 166
95 171
95 4
95 25
95 76
95 137
95 146
95 168
95 172
95 175
95 26
95 27
95 28
95 50
95 74
95 75
95 78
95 85
95 89
95 40
95 44
95 96
95 123
95 125
95 127
95 139
95 143
95 148
95 162
95 183
95 185
95 190
95 197
184 164
4 166
4 171
4 3
4 12
4 20
4 25
4 26
4 27
4 28
4 50
4 74
4 75
4 76
4 78
4 84
4 85
4 89
4 96
4 101
4 123
4 125
4 127
4 137
4 139
4 143
4 146
4 148
4 154
4 155
4 162
4 168
4 172
4 175
4 188
4 190
148 166
148 171
148 12
148 25
148 76
148 84
148 137
148 146
148 155
148 168
148 172
148 175
148 188
148 26
148 27
148 28
148 50
148 74
148 75
148 78
148 85
148 89
148 96
148 125
148 127
148 139
148 143
148 24
148 38
148 154
148 159
148 162
148 180
148 183
148 190
176 174
2 114
2 166
2 171
114 147
114 151
114 156
114 166
114 171
166 3
166 12
166 25
166 26
166 27
166 28
166 46
166 50
166 74
166 76
166 78
166 84
166 85
166 89
166 96
166 101
166 125
166 127
166 132
166 137
166 139
166 144
166 146
166 154
166 155
166 162
166 168
166 171
166 172
166 175
166 183
166 188
166 190
166 197
171 3
171 12
171 25
171 26
171 27
171 28
171 50
171 74
171 75
171 76
171 78
171 85
171 89
171 96
171 101
171 125
171 127
171 137
171 139
171 143
171 146
171 155
171 162
171 168
171 172
171 175
171 183
171 188
171 190
147 12
147 24
147 91
151 5
151 156
156 5
156 179
3 12
3 25
3 76
3 84
3 101
3 137
3 146
3 155
3 168
3 172
3 175
3 188
12 24
12 25
12 27
12 84
12 85
12 91
12 101
12 127
12 139
12 146
12 154
12 155
12 168
12 172
12 175
12 188
12 190
24 91
25 27
25 28
25 76
25 84
25 85
25 89
25 101
25 123
25 127
25 137
25 139
25 146
25 154
25 155
25 168
25 172
25 175
25 183
25 188
25 190
25 197
26 146
26 28
26 50
26 75
26 125
26 127
26 143
27 76
27 84
27 101
27 137
27 146
27 155
27 172
27 175
27 188
27 28
27 85
27 89
27 123
27 127
27 139
27 154
27 183
27 190
27 197
28 76
28 137
28 146
28 168
28 175
28 50
28 75
28 85
28 89
28 96
28 123
28 125
28 127
28 139
28 143
28 183
28 190
28 197
36 89
36 154
36 132
36 179
38 50
38 180
50 146
50 74
50 75
50 78
50 125
50 127
50 143
50 180
75 146
75 74
75 78
75 125
75 127
75 143
85 76
85 84
85 101
85 137
85 146
85 155
85 168
85 172
85 175
85 188
85 74
85 78
85 40
85 44
85 89
85 96
85 123
85 127
85 139
85 154
85 162
85 183
85 190
85 197
89 76
89 137
89 146
89 168
89 172
89 175
89 96
89 123
89 127
89 132
89 139
89 183
89 190
89 197
91 162
123 76
123 137
123 175
123 96
123 127
123 139
123 183
123 197
125 146
125 74
125 78
125 127
125 143
127 76
127 84
127 101
127 137
127 146
127 155
127 168
127 172
127 175
127 188
127 74
127 78
127 96
127 139
127 143
127 154
127 183
127 190
139 76
139 84
139 101
139 146
139 155
139 168
139 172
139 175
139 188
139 154
139 183
139 190
139 197
143 146
143 74
143 78
143 197
146 76
146 84
146 101
146 137
146 74
146 78
146 96
146 155
146 168
146 172
146 175
146 183
146 188
146 190
162 172
162 74
162 78
197 175
197 74
197 183
46 154
46 179
74 78
76 40
76 44
76 84
76 96
76 101
76 137
76 168
76 172
76 183
76 190
84 101
84 154
84 155
84 168
84 188
84 190
96 137
96 168
96 40
96 44
101 137
101 155
101 168
101 172
101 175
101 188
132 155
132 154
132 179
137 144
137 154
137 168
137 172
154 155
154 188
154 179
154 190
155 168
155 172
155 175
155 188
155 190
168 172
168 175
168 188
172 175
172 183
172 188
172 190
175 183
175 188
183 190
188 10
188 37
188 161
188 190
40 44
10 37
10 112
10 161
37 118
37 161
33 29
118 119
