0 467
0 927
0 933
0 996
467 377
467 678
467 773
467 908
467 979
927 12
927 36
927 40
927 306
927 312
927 397
927 664
927 727
927 754
927 762
927 779
927 804
927 863
927 867
927 879
927 898
927 907
927 916
927 919
927 961
927 963
927 980
927 985
927 987
927 995
933 1
933 252
933 273
933 310
933 313
933 418
933 440
933 544
933 557
933 645
933 674
933 725
933 777
933 781
933 791
933 826
933 842
933 855
933 898
933 902
933 935
933 937
933 955
933 961
933 966
933 997
996 11
996 28
996 55
996 56
996 89
996 139
996 294
996 302
996 344
996 357
996 370
996 379
996 385
996 396
996 411
996 435
996 460
996 512
996 528
996 566
996 659
996 739
996 747
996 750
996 753
996 763
996 773
996 798
996 814
996 818
996 821
996 837
996 846
996 878
996 880
996 894
996 899
996 923
996 939
996 944
996 947
996 956
996 960
996 966
996 973
996 988
996 995
996 998
377 805
377 999
377 981
377 479
377 530
678 805
678 935
678 993
678 127
678 876
678 647
678 671
678 893
678 940
773 985
773 78
773 120
773 456
773 554
773 651
773 812
773 815
773 827
773 842
773 856
908 984
908 699
908 762
908 885
908 859
908 831
908 684
908 997
908 788
908 954
908 943
908 987
908 978
908 941
908 974
908 251
908 376
908 502
908 550
908 610
908 811
908 904
979 9
979 127
979 135
979 211
979 226
979 327
979 361
979 457
979 478
979 493
979 499
979 513
979 514
979 539
979 555
979 657
979 679
979 684
979 723
979 789
979 790
979 842
979 850
979 858
979 869
979 898
979 907
979 915
979 929
979 940
979 942
979 944
979 945
979 949
979 967
979 969
979 971
979 978
979 981
979 988
12 218
12 617
12 975
36 205
36 814
36 900
40 831
40 696
40 901
306 48
306 912
306 959
306 988
312 936
312 885
312 976
312 832
397 658
397 993
397 66
397 544
397 930
664 945
664 999
664 34
664 156
664 626
664 881
664 899
664 987
664 991
727 973
727 746
727 985
727 645
727 652
727 706
727 841
727 865
727 423
727 679
754 882
754 21
754 465
754 626
754 647
754 748
754 861
754 935
754 939
754 976
754 986
762 875
762 16
762 69
762 226
762 341
762 477
762 478
762 695
762 983
762 993
762 995
779 942
779 994
779 887
779 982
779 905
779 316
779 892
779 751
779 581
779 662
779 767
779 879
804 961
804 666
804 858
804 960
804 981
804 636
804 690
804 959
804 104
804 217
804 330
804 547
804 685
863 2
863 166
863 196
863 333
863 337
863 411
863 452
863 536
863 611
863 634
863 654
863 701
863 831
863 966
863 970
863 977
863 986
867 977
867 945
867 948
867 999
867 881
867 997
867 906
867 952
867 958
867 753
867 147
867 173
867 193
867 469
867 502
867 543
867 700
879 449
879 994
879 911
879 961
879 533
879 788
879 899
879 972
879 917
879 923
879 764
879 649
879 929
879 760
879 728
879 889
879 405
879 842
898 846
898 970
898 43
898 171
898 248
898 289
898 414
898 426
898 558
898 735
898 746
898 813
898 835
898 860
898 906
898 969
898 976
898 986
898 993
907 902
907 977
907 994
907 859
907 991
907 918
907 63
907 153
907 229
907 487
907 496
907 518
907 524
907 527
907 563
907 765
907 806
907 810
907 928
907 972
907 992
916 875
916 859
916 973
916 627
916 982
916 858
916 588
916 829
916 129
916 248
916 401
916 437
916 540
916 595
916 634
916 651
916 653
916 679
916 705
916 721
916 793
916 950
916 974
919 517
919 999
919 997
919 824
919 982
919 747
919 903
919 826
919 702
919 472
919 563
919 424
919 603
919 782
919 976
919 731
919 759
919 811
919 865
919 370
919 527
919 542
919 594
919 931
961 701
961 977
961 307
961 22
961 106
961 123
961 148
961 155
961 256
961 407
961 434
961 524
961 589
961 669
961 674
961 680
961 710
961 757
961 816
961 847
961 899
961 941
961 959
961 970
961 972
961 974
961 978
961 983
961 997
963 5
963 116
963 158
963 207
963 278
963 288
963 442
963 527
963 570
963 616
963 640
963 685
963 755
963 763
963 776
963 780
963 813
963 821
963 840
963 845
963 860
963 861
963 906
963 917
963 935
963 942
963 954
963 959
963 977
963 980
963 981
963 984
963 995
980 855
980 828
980 977
980 774
980 998
980 692
980 973
980 837
980 519
980 938
980 982
980 903
980 70
980 293
980 328
980 383
980 446
980 490
980 503
980 550
980 557
980 591
980 639
980 659
980 697
980 706
980 761
980 793
980 807
980 815
980 829
980 830
980 877
980 889
980 923
980 958
980 974
980 978
980 992
985 848
985 957
985 882
985 994
985 775
985 831
985 684
985 835
985 920
985 943
985 972
985 322
985 70
985 101
985 113
985 236
985 246
985 482
985 534
985 540
985 589
985 609
985 637
985 653
985 662
985 697
985 712
985 742
985 764
985 771
985 776
985 787
985 820
985 851
985 860
985 888
985 896
985 915
985 978
987 768
987 541
987 984
987 994
987 886
987 584
987 853
987 955
987 900
987 997
987 954
987 798
987 747
987 981
987 932
987 295
987 930
987 87
987 141
987 183
987 214
987 249
987 316
987 372
987 441
987 527
987 577
987 580
987 642
987 660
987 685
987 725
987 732
987 813
987 821
987 849
987 888
987 891
987 905
987 922
987 946
995 836
995 944
995 977
995 658
995 951
995 998
995 973
995 831
995 378
995 970
995 899
995 824
995 381
995 840
995 954
995 55
995 64
995 129
995 171
995 191
995 217
995 246
995 265
995 269
995 346
995 437
995 491
995 536
995 547
995 585
995 591
995 734
995 767
995 816
995 822
995 832
995 844
995 864
995 873
995 926
995 946
995 947
995 967
995 983
1 200
1 471
1 989
252 997
252 759
252 841
252 847
273 740
273 326
273 827
273 803
310 956
310 976
310 439
310 770
313 749
313 936
313 800
313 490
418 978
418 118
418 146
418 569
418 787
440 31
440 639
440 732
440 790
440 947
544 838
544 810
544 264
544 535
544 604
557 964
557 990
557 791
557 812
557 807
645 740
645 901
645 981
645 98
645 589
645 698
645 821
674 402
674 618
674 825
674 978
674 238
674 551
674 924
674 950
725 745
725 938
725 88
725 644
725 125
725 150
725 396
725 445
725 931
777 902
777 975
777 948
777 954
777 920
777 575
777 983
777 333
777 718
777 820
777 726
777 931
781 944
781 18
781 385
781 527
781 537
781 592
781 623
781 802
781 814
781 901
781 938
781 959
791 944
791 957
791 244
791 693
791 925
791 997
791 108
791 181
791 394
791 561
791 660
791 967
826 883
826 894
826 835
826 676
826 932
826 82
826 173
826 346
826 376
826 386
826 610
826 649
826 661
842 617
842 629
842 999
842 993
842 839
842 891
842 921
842 946
842 614
842 924
842 370
842 761
842 767
855 4
855 229
855 236
855 314
855 348
855 429
855 490
855 564
855 723
855 836
855 843
855 885
855 969
855 982
855 991
902 10
902 255
902 398
902 431
902 496
902 520
902 598
902 656
902 755
902 817
902 850
902 865
902 903
902 937
902 940
902 946
902 949
902 958
902 964
902 972
935 968
935 438
935 50
935 51
935 136
935 329
935 360
935 434
935 473
935 496
935 564
935 568
935 582
935 666
935 790
935 850
935 903
935 921
935 930
935 941
935 958
935 967
935 990
937 525
937 957
937 774
937 953
937 886
937 998
937 837
937 986
937 618
937 866
937 978
937 922
937 878
937 905
937 891
937 204
937 393
937 459
937 499
937 712
937 865
937 924
937 931
937 950
937 966
955 957
955 975
955 338
955 450
955 240
955 34
955 35
955 203
955 236
955 380
955 398
955 456
955 511
955 518
955 547
955 573
955 579
955 680
955 691
955 706
955 724
955 732
955 788
955 852
955 905
955 950
955 962
955 971
955 976
966 945
966 994
966 953
966 938
966 952
966 991
966 267
966 750
966 932
966 962
966 796
966 947
966 689
966 412
966 715
966 976
966 547
966 677
966 856
966 328
966 807
966 364
966 391
966 539
966 597
966 600
966 741
966 770
966 820
966 850
997 994
997 911
997 953
997 775
997 857
997 948
997 973
997 720
997 41
997 94
997 178
997 215
997 266
997 421
997 443
997 487
997 530
997 542
997 551
997 555
997 576
997 594
997 598
997 599
997 614
997 638
997 641
997 694
997 723
997 757
997 766
997 816
997 858
997 876
997 904
997 924
997 939
997 943
997 950
997 959
997 962
11 403
11 833
11 957
28 559
28 884
28 973
55 944
55 743
56 419
56 676
56 982
89 528
89 602
89 825
139 6
139 329
139 871
294 964
294 95
294 868
294 992
302 568
302 298
302 478
302 611
344 951
344 378
344 891
344 715
357 942
357 570
357 892
357 681
370 972
370 531
370 405
379 994
379 881
379 954
379 888
379 923
385 989
385 965
385 984
385 988
396 654
396 769
396 185
396 801
411 968
411 818
411 844
411 415
435 977
435 897
435 881
435 991
435 967
460 505
460 986
460 159
460 508
460 909
512 994
512 951
512 990
512 843
512 910
512 849
528 128
528 229
528 461
528 532
528 581
566 740
566 949
566 920
566 816
566 278
566 698
566 489
659 945
659 978
659 992
659 796
659 751
659 850
659 483
659 581
739 517
739 10
739 325
739 498
739 514
739 550
739 713
739 772
739 885
739 894
739 936
747 964
747 999
747 881
747 991
747 983
747 68
747 347
747 932
747 992
750 925
750 983
750 74
750 77
750 219
750 285
750 601
750 679
750 767
750 992
753 703
753 949
753 716
753 834
753 140
753 343
753 515
753 708
753 748
753 889
763 944
763 894
763 964
763 838
763 959
763 570
763 243
763 354
763 486
763 612
763 700
798 975
798 942
798 584
798 964
798 60
798 261
798 623
798 630
798 726
798 852
798 891
798 932
814 989
814 975
814 448
814 936
814 197
814 577
814 746
814 819
814 888
814 949
814 976
818 989
818 693
818 885
818 802
818 845
818 816
818 830
818 570
818 988
818 843
818 129
818 320
818 610
821 768
821 984
821 948
821 901
821 993
821 943
821 492
821 495
821 877
821 276
821 647
837 965
837 672
837 29
837 228
837 469
837 511
837 729
837 793
837 799
837 852
837 931
837 978
837 993
846 19
846 703
846 49
846 262
846 290
846 389
846 455
846 507
846 529
846 553
846 623
846 671
846 769
846 786
846 947
878 989
878 957
878 999
878 991
878 956
878 981
878 124
878 184
878 434
878 524
878 632
878 638
878 682
878 839
878 864
878 947
878 976
880 13
880 58
880 201
880 496
880 519
880 522
880 603
880 609
880 640
880 783
880 896
880 903
880 905
880 911
880 918
880 948
880 950
880 953
880 959
894 883
894 19
894 287
894 300
894 444
894 459
894 474
894 477
894 578
894 630
894 651
894 825
894 849
894 866
894 893
894 923
894 946
899 984
899 953
899 998
899 745
899 901
899 970
899 44
899 168
899 299
899 470
899 507
899 613
899 662
899 760
899 772
899 913
899 986
923 965
923 885
923 886
923 859
923 498
923 817
923 358
923 835
923 686
923 668
923 969
923 967
923 912
923 896
923 790
923 934
923 163
923 225
923 502
923 571
923 677
939 989
939 805
939 317
939 42
939 153
939 157
939 168
939 169
939 233
939 319
939 363
939 445
939 504
939 570
939 665
939 733
939 738
939 766
939 817
939 872
939 909
939 929
939 934
939 993
944 10
944 85
944 177
944 279
944 311
944 561
944 580
944 691
944 697
944 707
944 723
944 749
944 830
944 843
944 869
944 913
944 915
944 925
944 974
944 981
944 988
944 991
947 895
947 977
947 942
947 875
947 994
947 693
947 925
947 862
947 920
947 918
947 724
947 591
947 142
947 154
947 354
947 429
947 600
947 688
947 698
947 869
947 904
947 931
947 940
956 809
956 828
956 964
956 938
956 824
956 65
956 858
956 126
956 185
956 201
956 262
956 351
956 387
956 424
956 463
956 504
956 538
956 554
956 587
956 590
956 631
956 632
956 683
956 748
956 829
956 856
956 974
956 992
960 994
960 884
960 885
960 890
960 991
960 845
960 71
960 153
960 231
960 404
960 410
960 445
960 552
960 604
960 675
960 687
960 688
960 708
960 717
960 721
960 733
960 742
960 820
960 851
960 860
960 909
960 913
960 959
960 969
960 988
960 990
973 768
973 977
973 805
973 998
973 775
973 183
973 190
973 298
973 423
973 425
973 454
973 483
973 535
973 561
973 562
973 582
973 604
973 652
973 700
973 719
973 790
973 792
973 845
973 851
973 852
973 903
973 918
973 986
973 988
973 991
988 989
988 402
988 848
988 836
988 629
988 886
988 900
988 970
988 381
988 625
988 954
988 583
988 969
988 114
988 941
988 120
988 138
988 161
988 176
988 274
988 348
988 486
988 496
988 560
988 595
988 616
988 631
988 665
988 709
988 733
988 850
988 870
988 905
988 909
988 910
988 940
988 976
998 883
998 957
998 774
998 951
998 24
998 79
998 84
998 151
998 209
998 261
998 314
998 330
998 339
998 384
998 395
998 518
998 536
998 549
998 569
998 626
998 643
998 657
998 660
998 684
998 695
998 710
998 717
998 730
998 745
998 785
998 794
998 796
998 858
998 868
998 901
998 903
998 922
998 940
998 948
998 967
998 982
998 983
998 991
200 172
200 813
200 827
471 180
471 441
471 861
471 906
471 948
989 38
989 229
989 384
989 430
989 463
989 465
989 470
989 504
989 513
989 526
989 535
989 573
989 637
989 689
989 710
989 711
989 752
989 759
989 768
989 797
989 806
989 827
989 840
989 847
989 883
989 889
989 890
989 904
989 912
989 922
989 925
989 926
989 936
989 941
989 942
989 950
989 978
989 983
172 900
172 50
172 639
813 859
813 648
813 345
813 825
813 588
813 733
813 219
813 682
813 713
813 847
827 925
827 859
827 816
827 917
827 959
827 866
827 729
827 715
827 292
827 406
827 929
180 876
180 652
180 675
441 744
441 142
441 437
441 974
861 699
861 836
861 780
861 999
861 794
861 619
861 263
861 981
861 990
861 941
861 733
861 506
861 474
861 485
861 770
906 957
906 882
906 942
906 658
906 911
906 886
906 890
906 736
906 938
906 45
906 261
906 339
906 371
906 668
906 733
906 838
906 847
906 856
906 971
948 808
948 833
948 26
948 37
948 95
948 138
948 245
948 277
948 369
948 451
948 522
948 548
948 549
948 569
948 626
948 730
948 735
948 736
948 765
948 811
948 870
948 901
948 967
38 510
38 737
38 862
229 795
384 174
384 661
384 751
384 915
430 672
430 788
430 992
430 974
430 494
463 722
463 969
463 992
463 714
465 884
465 724
465 635
465 893
470 107
470 112
470 279
470 913
504 237
504 941
504 230
504 723
513 24
513 53
513 328
513 771
513 870
526 848
526 578
526 964
526 152
526 483
526 723
535 817
535 918
535 728
535 488
573 901
573 982
573 903
573 724
573 145
573 624
637 234
637 920
637 917
637 796
637 165
637 189
637 849
689 964
689 766
689 905
689 162
689 373
689 585
689 709
689 760
710 48
710 423
710 489
710 597
710 611
710 732
710 756
710 983
711 823
711 862
711 970
711 954
711 981
711 409
711 851
711 854
711 506
711 726
752 848
752 448
752 629
752 39
752 71
752 124
752 308
752 579
752 697
752 940
752 950
759 945
759 968
759 941
759 603
759 783
759 974
759 360
759 589
759 607
768 2
768 193
768 574
768 709
768 800
768 834
768 886
768 921
768 991
797 965
797 883
797 817
797 930
797 851
797 871
797 162
797 268
797 405
797 603
797 735
797 765
797 806
806 778
806 903
806 843
806 946
806 225
806 315
806 390
806 518
806 632
806 735
806 868
840 890
840 350
840 53
840 104
840 412
840 602
840 605
840 634
840 704
840 844
840 871
840 893
840 921
847 658
847 824
847 954
847 322
847 825
847 812
847 940
847 545
847 254
847 389
847 565
847 600
883 5
883 82
883 94
883 382
883 425
883 491
883 556
883 823
883 868
883 905
883 909
883 941
883 977
883 981
883 999
889 957
889 968
889 692
889 860
889 758
889 866
889 472
889 757
889 839
889 790
889 687
889 934
889 553
889 801
889 356
889 630
889 776
890 965
890 911
890 692
890 32
890 351
890 364
890 536
890 579
890 677
890 682
890 700
890 738
890 787
890 839
890 971
890 974
890 983
904 875
904 971
904 785
904 954
904 982
904 668
904 990
904 962
904 992
904 871
904 934
904 734
904 373
904 928
904 807
904 562
904 865
904 482
904 574
912 984
912 719
912 627
912 991
912 668
912 228
912 825
912 854
912 388
912 926
912 135
912 275
912 429
912 595
912 616
912 656
912 675
912 741
912 844
912 873
912 924
922 559
922 160
922 658
922 953
922 853
922 943
922 400
922 492
922 981
922 917
922 926
922 122
922 147
922 191
922 283
922 300
922 321
922 329
922 521
922 698
922 844
922 929
925 701
925 975
925 882
925 673
925 994
925 25
925 111
925 407
925 683
925 691
925 719
925 720
925 795
925 819
925 822
925 830
925 865
925 914
925 954
925 992
926 965
926 984
926 848
926 780
926 945
926 673
926 800
926 835
926 958
926 112
926 113
926 119
926 373
926 532
926 680
926 765
926 803
926 849
926 871
926 872
926 873
926 967
936 977
936 749
936 17
936 37
936 106
936 251
936 309
936 371
936 530
936 604
936 652
936 681
936 741
936 790
936 812
936 888
936 900
936 910
936 911
936 920
936 951
936 971
941 975
941 968
941 720
941 121
941 772
941 242
941 114
941 189
941 249
941 398
941 453
941 609
941 610
941 712
941 844
941 909
941 924
941 931
941 950
942 984
942 14
942 53
942 281
942 423
942 494
942 569
942 623
942 648
942 665
942 676
942 721
942 807
942 811
942 845
942 864
942 909
942 913
942 934
942 978
950 297
950 774
950 720
950 900
950 788
950 952
950 860
950 990
950 834
950 755
950 570
950 992
950 732
950 796
950 843
950 660
950 892
950 712
950 662
950 850
950 915
978 965
978 977
978 317
978 949
978 962
978 101
978 128
978 145
978 196
978 202
978 277
978 290
978 412
978 531
978 561
978 597
978 631
978 660
978 680
978 709
978 829
978 832
978 841
978 870
978 877
978 929
978 931
978 967
978 976
983 517
983 403
983 617
983 805
983 648
983 802
983 240
983 971
983 67
983 81
983 206
983 217
983 281
983 291
983 309
983 398
983 410
983 506
983 705
983 742
983 764
983 795
983 807
983 841
983 844
983 849
983 856
983 860
983 865
983 873
983 874
983 924
2 517
2 965
517 795
517 857
517 881
965 67
965 251
965 262
965 303
965 354
965 369
965 458
965 461
965 481
965 490
965 553
965 635
965 660
965 700
965 706
965 709
965 774
965 776
965 801
965 830
965 917
965 964
965 968
965 981
965 984
965 992
795 703
795 794
795 952
795 716
795 871
795 143
795 248
795 340
795 447
795 820
857 957
857 25
857 152
857 173
857 175
857 335
857 597
857 602
857 606
857 691
857 702
857 734
857 970
857 982
857 986
881 984
881 505
881 41
881 239
881 326
881 476
881 479
881 575
881 783
881 786
881 856
881 915
881 931
881 972
193 999
193 993
574 900
574 743
574 718
574 730
574 683
574 705
709 875
709 943
709 934
709 545
709 225
709 787
800 848
800 945
800 39
800 68
800 227
800 500
800 521
800 536
800 793
800 934
800 962
834 862
834 644
834 876
834 914
834 851
834 93
834 170
834 482
834 593
834 595
834 807
834 815
834 841
886 897
886 703
886 24
886 75
886 228
886 577
886 656
886 671
886 704
886 769
886 841
886 934
886 964
886 986
886 990
921 848
921 897
921 994
921 884
921 938
921 716
921 954
921 361
921 877
921 261
921 185
921 225
921 332
921 540
921 662
921 670
921 679
921 715
921 726
921 770
921 841
921 870
991 808
991 875
991 823
991 953
991 187
991 887
991 853
991 51
991 835
991 82
991 166
991 241
991 367
991 452
991 488
991 501
991 556
991 614
991 631
991 634
991 702
991 764
991 792
991 799
991 803
991 811
991 858
991 910
991 913
991 946
991 974
991 990
991 992
166 641
166 261
196 835
196 715
333 78
333 275
333 789
337 836
337 859
337 620
337 810
452 982
452 822
452 359
452 554
536 410
536 179
611 684
611 943
611 615
611 751
611 304
611 685
634 968
634 940
634 680
634 538
634 483
654 5
654 501
654 505
654 652
654 761
654 784
654 812
654 873
701 9
701 293
701 682
701 702
701 868
701 888
701 917
701 964
831 29
831 669
831 728
831 824
831 870
831 876
831 891
831 924
831 928
831 959
831 981
970 828
970 808
970 951
970 884
970 885
970 549
970 42
970 128
970 176
970 309
970 521
970 592
970 601
970 628
970 642
970 649
970 726
970 743
970 799
970 817
970 838
970 870
970 896
970 910
970 931
970 946
970 954
970 972
970 981
977 13
977 105
977 342
977 365
977 380
977 502
977 522
977 563
977 612
977 618
977 648
977 662
977 676
977 719
977 731
977 735
977 749
977 756
977 772
977 780
977 792
977 849
977 852
977 910
977 967
977 972
977 992
986 984
986 780
986 882
986 994
986 952
986 993
986 982
986 816
986 72
986 289
986 298
986 305
986 315
986 339
986 374
986 383
986 451
986 523
986 594
986 630
986 639
986 655
986 695
986 807
986 839
986 844
986 851
986 869
986 873
986 874
986 877
986 891
986 910
986 915
986 928
67 492
67 816
251 808
251 856
262 866
262 280
303 949
303 787
303 236
303 850
354 419
354 832
369 968
369 603
369 849
458 508
458 347
458 872
458 451
458 518
461 704
461 992
461 934
461 874
481 887
481 558
481 107
481 843
481 946
490 755
490 503
490 776
553 707
553 186
553 203
553 428
635 673
635 968
635 138
635 215
635 360
635 390
635 976
660 971
660 148
660 272
660 783
700 920
700 876
700 742
700 976
700 315
700 581
706 650
706 994
706 992
706 220
706 568
706 489
706 543
774 780
774 17
774 235
774 872
774 931
774 954
774 968
774 971
776 951
776 596
776 972
776 860
776 893
776 633
776 589
776 630
801 984
801 746
801 838
801 864
801 195
801 442
801 445
801 488
801 543
801 594
801 670
830 436
830 885
830 450
830 740
830 949
830 954
830 914
830 100
830 175
830 243
830 742
917 875
917 859
917 350
917 596
917 845
917 943
917 85
917 125
917 204
917 507
917 667
917 726
917 815
917 825
917 844
917 854
917 962
917 969
964 984
964 994
964 911
964 533
964 30
964 83
964 96
964 118
964 144
964 209
964 253
964 480
964 636
964 721
964 741
964 789
964 792
964 832
964 915
964 928
964 943
964 981
968 259
968 658
968 911
968 22
968 54
968 137
968 457
968 516
968 590
968 630
968 633
968 672
968 683
968 707
968 729
968 772
968 782
968 793
968 824
968 856
968 866
968 928
968 940
968 958
968 967
981 957
981 953
981 859
981 887
981 720
981 862
981 696
981 716
981 96
981 558
981 972
981 74
981 131
981 176
981 245
981 363
981 543
981 626
981 708
981 860
981 910
981 913
981 928
981 932
981 958
981 992
984 6
984 46
984 69
984 76
984 95
984 115
984 249
984 352
984 415
984 508
984 514
984 540
984 577
984 605
984 704
984 741
984 787
984 792
984 822
984 839
984 870
984 900
984 909
984 918
984 943
984 976
984 990
984 999
992 957
992 945
992 953
992 740
992 971
992 743
992 982
992 291
992 962
992 959
992 108
992 164
992 220
992 247
992 329
992 367
992 489
992 502
992 538
992 568
992 590
992 761
992 770
992 815
992 832
992 869
992 924
992 928
3 259
3 375
3 402
3 650
259 740
259 866
259 911
375 543
375 548
375 598
375 650
375 722
402 339
402 698
402 808
650 427
650 487
650 755
650 838
650 895
650 974
740 994
740 27
740 334
740 395
740 469
740 590
866 975
866 952
866 101
866 115
866 335
866 537
866 545
866 735
866 810
866 841
866 974
911 20
911 284
911 330
911 336
911 597
911 609
911 783
911 825
911 829
911 868
911 910
911 913
911 931
911 967
911 993
543 887
543 462
548 30
548 665
548 697
548 812
548 892
598 971
598 876
598 221
598 647
598 789
722 993
722 76
722 272
722 276
722 335
722 482
722 669
722 758
722 910
339 833
698 957
698 895
698 914
698 209
698 675
698 600
808 9
808 190
808 373
808 707
808 720
808 932
808 949
808 951
808 969
427 16
427 216
427 608
427 731
427 952
487 745
487 993
487 309
487 527
755 833
755 900
755 932
755 101
755 184
755 729
755 934
838 719
838 943
838 85
838 255
838 456
838 537
838 606
838 609
838 642
838 748
895 13
895 195
895 287
895 316
895 330
895 455
895 556
895 633
895 681
895 696
895 712
895 783
895 845
895 858
895 910
895 934
895 952
895 994
974 622
974 519
974 853
974 954
974 743
974 786
974 724
974 914
974 990
974 854
974 874
974 715
974 976
974 227
974 233
974 393
974 413
974 415
974 434
974 515
974 567
974 577
974 581
974 909
974 929
4 449
4 525
4 809
449 584
449 803
449 876
449 975
525 100
525 250
525 815
525 828
525 859
809 187
809 189
809 240
809 474
809 670
809 672
809 785
809 817
809 871
809 893
809 946
809 982
584 27
584 705
584 713
584 784
584 792
803 945
803 378
803 419
803 796
803 748
803 590
803 946
803 254
803 850
803 931
876 365
876 982
876 77
876 190
876 298
876 429
876 542
876 565
876 585
876 605
876 958
975 42
975 175
975 179
975 194
975 341
975 401
975 612
975 615
975 625
975 643
975 691
975 695
975 708
975 718
975 729
975 734
975 780
975 782
975 811
975 850
975 853
975 897
975 901
975 920
975 945
975 952
975 958
975 972
975 982
975 993
100 242
100 704
250 971
250 877
250 934
250 633
815 828
815 627
815 644
815 969
815 124
815 351
815 514
815 868
815 928
828 7
828 257
828 355
828 432
828 478
828 616
828 766
828 839
828 929
828 930
828 993
859 897
859 26
859 79
859 395
859 478
859 820
859 972
187 26
187 783
189 531
240 33
240 615
474 684
474 794
474 615
670 885
670 918
670 959
670 893
670 628
670 787
670 924
672 26
672 546
672 731
672 786
672 868
672 915
785 836
785 54
785 107
785 125
785 134
785 446
785 691
785 723
785 858
785 928
817 403
817 43
817 439
817 575
817 615
817 669
817 893
817 954
871 887
871 952
871 930
871 361
871 134
871 552
871 565
871 612
871 624
871 723
871 892
871 928
893 918
893 582
893 409
893 962
893 891
893 910
893 748
893 163
893 181
893 315
893 455
893 679
893 728
946 853
946 696
946 901
946 613
946 234
946 583
946 516
946 958
946 593
946 764
946 675
946 207
946 299
946 616
946 705
946 873
946 928
946 931
982 897
982 994
982 953
982 91
982 132
982 140
982 192
982 239
982 304
982 376
982 398
982 431
982 472
982 521
982 568
982 572
982 583
982 646
982 686
982 713
982 714
982 726
982 769
982 829
982 856
982 930
236 731
314 617
314 673
314 745
348 368
348 884
348 920
429 211
429 712
564 622
564 498
564 990
564 843
564 164
564 546
723 243
723 372
723 416
836 10
836 59
836 242
836 444
836 576
836 593
836 852
836 953
836 957
836 990
843 644
843 914
843 615
843 128
843 147
843 296
843 551
843 624
843 741
885 23
885 104
885 356
885 509
885 665
885 688
885 767
885 958
885 969
885 972
969 848
969 882
969 951
969 237
969 887
969 378
969 422
969 90
969 619
969 380
969 993
969 596
969 972
969 583
969 825
969 109
969 195
969 271
969 374
969 571
969 606
969 615
969 687
969 811
969 829
969 874
5 484
484 158
484 260
484 446
484 551
484 829
158 853
158 350
260 780
260 835
260 928
260 336
446 473
446 877
446 459
551 636
551 829
551 405
829 505
829 794
829 125
829 270
829 282
829 413
829 793
501 769
501 930
501 784
501 628
501 552
505 21
505 652
505 874
652 903
652 651
652 546
652 665
761 952
761 596
761 914
761 707
761 874
761 924
761 873
761 399
761 586
784 693
784 884
784 900
784 860
784 914
784 854
784 162
784 202
784 715
784 832
812 887
812 972
812 495
812 133
812 258
812 304
812 748
812 787
873 953
873 648
873 999
873 835
873 903
873 620
873 930
873 284
873 355
873 976
873 560
82 209
94 381
94 587
382 789
382 712
382 868
382 493
382 503
425 92
425 119
425 601
425 934
491 775
491 211
491 223
491 616
491 770
556 860
556 655
556 687
556 850
823 833
823 749
823 18
823 321
823 579
823 589
823 626
823 681
823 751
823 771
823 793
823 999
868 938
868 730
868 408
868 799
868 832
868 364
868 383
868 386
868 439
868 735
905 918
905 473
905 962
905 238
905 137
905 159
905 186
905 552
905 643
905 671
905 721
905 731
905 765
905 793
905 976
909 957
909 617
909 945
909 952
909 971
909 958
909 529
909 888
909 424
909 783
909 265
909 311
909 714
909 751
909 767
999 833
999 749
999 994
999 417
999 519
999 853
999 33
999 46
999 66
999 104
999 129
999 154
999 253
999 265
999 320
999 466
999 514
999 563
999 588
999 597
999 610
999 613
999 641
999 661
999 663
999 736
999 744
999 751
999 760
999 770
999 820
999 858
999 865
999 891
999 918
999 929
999 959
116 851
116 355
116 766
207 188
207 316
278 932
278 118
278 792
288 748
288 603
288 649
288 499
442 825
442 657
442 810
442 624
527 628
570 102
570 565
616 786
616 940
616 454
640 541
640 668
640 409
640 117
640 308
640 493
640 929
685 392
685 930
685 962
685 940
685 713
685 327
780 14
780 178
780 235
780 623
780 642
845 52
845 289
845 316
845 386
845 586
845 688
845 742
845 757
845 913
845 928
860 80
860 299
860 496
860 524
860 792
860 811
860 852
954 900
954 54
954 60
954 130
954 295
954 296
954 532
954 563
954 590
954 632
954 734
954 760
954 962
954 967
959 875
959 951
959 99
959 938
959 676
959 400
959 644
959 583
959 990
959 602
959 851
959 223
959 323
959 401
959 482
959 595
959 688
959 896
959 934
6 86
6 541
86 206
86 758
86 971
541 421
541 770
541 913
541 962
206 649
206 976
758 802
758 720
758 737
758 918
758 179
758 593
758 669
758 851
758 852
971 549
971 862
971 696
971 619
971 952
971 48
971 72
971 149
971 161
971 248
971 359
971 391
971 414
971 428
971 445
971 534
971 601
971 621
971 704
971 742
971 756
971 819
971 928
329 865
421 224
421 928
421 662
421 712
770 696
770 910
770 628
770 756
770 389
913 957
913 794
913 345
913 127
913 686
913 111
913 331
913 342
913 371
913 561
913 677
913 708
913 731
913 751
962 596
962 930
962 98
962 133
962 143
962 287
962 366
962 420
962 457
962 539
962 610
962 642
962 669
962 712
962 730
962 811
962 888
962 924
962 928
962 967
46 365
46 952
69 322
69 620
76 448
76 334
95 126
115 833
115 165
249 456
249 680
352 136
352 918
352 742
352 929
415 280
415 300
415 915
508 519
508 943
508 167
508 924
514 642
514 555
540 864
540 349
540 705
577 976
577 844
577 705
605 928
605 789
605 760
605 305
605 353
704 994
704 453
704 494
704 697
704 767
741 994
741 958
741 651
741 293
741 289
741 479
787 736
787 232
787 235
787 292
787 705
792 464
792 810
792 687
792 347
792 892
792 466
822 875
822 378
822 993
822 534
822 609
822 253
822 407
822 546
822 247
822 341
822 667
839 884
839 972
839 990
839 131
839 300
839 569
839 663
839 731
839 767
870 990
870 580
870 940
870 276
870 363
870 457
870 485
870 488
870 667
870 708
870 726
900 699
900 951
900 853
900 150
900 283
900 285
900 292
900 661
900 690
900 796
900 864
900 914
918 448
918 887
918 802
918 58
918 156
918 271
918 282
918 398
918 400
918 495
918 534
918 924
918 943
943 833
943 749
943 897
943 951
943 59
943 170
943 393
943 413
943 503
943 530
943 558
943 562
943 586
943 609
943 729
943 972
976 957
976 422
976 788
976 655
976 495
976 301
976 362
976 733
976 810
976 220
976 268
976 202
976 351
976 406
976 509
976 518
976 560
976 567
976 682
976 915
990 848
990 578
990 438
990 381
990 993
990 558
990 686
990 462
990 932
990 83
990 103
990 123
990 212
990 277
990 292
990 300
990 325
990 480
990 567
990 730
990 733
990 744
990 789
990 844
990 854
990 874
990 888
990 891
990 896
7 436
7 699
7 848
436 511
436 692
436 807
436 851
699 8
699 466
699 579
699 661
699 850
699 903
699 914
848 121
848 356
848 591
848 693
848 778
848 897
848 931
511 498
511 854
511 201
511 623
692 897
692 27
692 539
692 715
692 932
692 949
807 769
807 729
807 643
807 245
807 679
851 492
851 92
851 742
851 852
851 888
851 896
8 224
8 297
8 559
466 958
466 486
466 391
579 74
579 515
579 657
661 897
661 853
661 891
661 872
661 608
850 993
850 419
850 932
850 523
850 940
903 853
903 68
903 149
903 214
903 269
903 614
903 667
903 782
903 799
903 825
903 958
914 951
914 205
914 81
914 265
914 364
914 437
914 647
914 721
914 729
914 744
914 765
914 796
914 924
914 930
257 945
257 994
257 106
257 844
355 697
355 721
432 884
432 778
432 972
432 133
432 469
478 802
766 994
766 619
766 350
766 625
766 181
766 239
766 572
766 594
929 559
929 957
929 953
929 794
929 993
929 816
929 896
929 731
929 247
929 327
929 374
929 497
929 705
929 712
929 765
930 622
930 994
930 686
930 636
930 84
930 118
930 233
930 258
930 496
930 531
930 608
930 680
930 738
930 849
993 953
993 450
993 696
993 50
993 73
993 184
993 198
993 231
993 324
993 364
993 372
993 426
993 457
993 585
993 597
993 656
993 694
993 714
993 731
993 757
993 769
993 869
993 874
993 877
993 888
993 967
121 72
121 631
356 924
356 713
591 862
591 79
591 122
591 515
693 21
693 277
693 576
693 580
693 682
693 934
778 920
778 63
778 322
778 323
778 447
778 473
778 507
778 656
778 668
778 721
897 882
897 18
897 77
897 144
897 210
897 286
897 476
897 530
897 641
897 655
897 705
897 811
931 884
931 949
931 819
931 729
931 694
931 924
931 633
931 656
931 849
931 443
931 662
224 500
224 749
224 994
297 324
297 555
297 683
559 35
559 383
559 539
559 735
500 599
500 493
500 497
500 646
500 849
749 16
749 155
749 745
749 928
994 18
994 59
994 105
994 194
994 221
994 247
994 274
994 498
994 575
994 620
994 633
994 646
994 703
994 744
994 751
994 756
994 757
994 775
994 820
994 892
994 949
324 438
324 627
324 865
555 887
555 696
555 386
683 967
683 764
683 194
683 387
683 537
35 549
35 794
383 713
383 647
539 884
539 967
735 952
735 675
735 892
735 713
9 622
622 227
622 323
622 489
622 565
622 576
227 934
227 328
323 746
323 638
489 222
489 604
565 666
565 877
565 967
576 875
576 492
576 73
576 406
293 244
293 638
682 794
682 743
682 523
682 554
702 365
702 103
702 105
702 296
702 444
702 832
702 872
888 788
888 690
888 362
888 132
888 157
888 192
888 198
888 359
888 406
888 604
190 862
373 208
373 621
707 887
707 934
707 176
707 340
707 349
707 738
720 33
720 91
720 301
720 869
932 833
932 882
932 703
932 920
932 78
932 130
932 150
932 272
932 321
932 580
932 665
932 677
932 940
932 958
949 417
949 48
949 124
949 198
949 266
949 388
949 408
949 414
949 479
949 649
949 697
949 714
949 716
949 734
949 772
949 835
949 864
949 940
951 875
951 22
951 268
951 371
951 410
951 454
951 562
951 585
951 607
951 646
951 736
951 835
951 865
951 896
951 901
951 940
951 972
127 62
135 208
135 733
211 203
226 824
226 891
226 201
327 934
327 681
361 99
361 213
457 874
493 475
493 507
493 844
499 794
499 782
499 290
499 342
657 655
657 967
657 132
657 626
657 799
657 934
679 877
679 841
679 849
684 32
684 694
684 743
684 874
789 719
789 641
789 854
789 254
789 272
789 363
789 662
790 802
790 938
790 744
790 149
790 567
790 756
790 799
858 65
858 644
858 217
858 290
858 332
858 841
858 877
869 833
869 218
869 901
869 291
869 199
869 531
869 195
869 270
869 283
869 393
869 537
869 751
915 658
915 887
915 862
915 345
915 742
915 934
915 799
915 639
915 562
915 561
915 607
915 626
915 767
940 468
940 477
940 165
940 852
940 167
940 399
940 420
940 638
940 714
940 841
945 15
945 96
945 256
945 309
945 391
945 393
945 451
945 509
945 578
945 636
945 671
945 713
945 748
945 793
945 849
945 953
967 957
967 160
967 510
967 644
967 602
967 126
967 877
967 219
967 341
967 585
967 653
967 708
967 726
967 765
967 783
325 90
325 811
325 877
498 33
498 235
550 957
550 952
550 653
550 286
713 281
713 793
772 99
772 952
772 625
772 188
772 668
772 424
772 646
59 716
242 618
242 545
444 884
444 920
444 241
593 875
593 666
593 852
593 168
852 153
852 399
852 572
852 614
852 663
852 864
953 23
953 110
953 165
953 221
953 284
953 289
953 400
953 506
953 676
953 695
953 820
953 825
953 841
953 872
953 920
953 952
957 102
957 245
957 360
957 395
957 521
957 532
957 542
957 641
957 764
957 799
957 805
255 154
255 651
255 665
431 745
431 336
431 359
431 443
520 519
520 41
520 51
520 507
520 625
520 716
656 736
656 864
656 856
656 269
865 629
865 938
865 558
865 497
865 600
865 488
865 515
958 88
958 746
958 972
958 636
958 106
958 286
958 374
958 443
958 529
958 554
958 569
958 730
958 732
958 764
958 819
958 896
972 673
972 952
972 345
972 66
972 156
972 215
972 340
972 342
972 374
972 538
972 547
972 583
972 646
972 810
972 854
972 856
85 409
177 61
177 426
177 733
279 305
279 296
279 476
311 901
311 891
311 589
561 743
561 671
580 744
580 146
580 387
691 788
691 736
691 786
691 742
697 213
697 653
697 726
403 182
403 366
403 506
833 42
833 70
833 108
833 335
833 862
833 884
182 887
182 134
182 782
366 824
366 632
366 728
506 644
506 258
70 291
108 388
335 884
862 578
862 144
862 155
862 315
862 439
862 587
862 631
862 896
884 23
884 351
884 456
884 522
884 613
884 952
102 696
102 655
245 896
360 318
395 744
395 134
521 746
521 675
532 910
532 320
532 607
542 920
542 757
542 767
641 73
641 399
641 606
764 737
764 769
764 171
764 626
764 844
799 617
799 516
799 167
799 174
799 667
805 14
805 283
805 426
805 445
805 459
805 676
805 782
805 896
218 241
218 575
617 164
617 192
617 874
241 80
241 653
575 920
575 61
575 567
164 786
192 877
874 392
874 510
874 301
874 178
874 585
874 771
874 782
175 724
179 464
194 420
341 686
401 358
401 729
401 173
612 448
612 606
612 476
612 560
612 391
615 97
615 374
625 52
625 225
625 494
625 667
643 183
643 264
643 482
643 771
643 928
695 318
695 619
695 380
695 92
695 483
695 671
708 677
708 751
708 820
708 767
718 901
718 558
718 98
718 152
718 595
718 614
718 669
718 811
729 143
729 420
734 745
734 596
734 271
734 408
734 191
734 509
782 629
782 788
782 295
782 280
782 649
811 319
811 604
853 31
853 234
853 630
853 631
853 877
853 892
901 281
901 408
901 483
901 571
901 601
901 633
901 783
901 920
901 952
920 392
920 57
920 58
920 87
920 246
920 270
920 454
920 477
920 786
952 938
952 131
952 148
952 186
952 212
952 376
952 530
952 581
952 604
952 686
13 160
160 230
230 334
230 810
230 628
58 737
519 31
522 802
522 719
522 149
603 475
603 174
609 130
783 450
783 744
783 503
896 882
896 365
896 136
896 666
896 819
896 347
896 390
896 646
896 910
287 872
287 340
330 938
455 887
455 599
455 892
633 346
633 892
681 816
681 724
681 856
681 771
681 653
696 545
696 613
712 286
910 736
910 824
910 819
910 151
910 552
910 560
910 638
910 663
910 728
934 854
934 407
934 159
934 299
934 586
934 599
934 688
105 730
342 416
380 619
380 47
502 687
502 928
563 882
563 666
563 109
618 79
618 353
618 728
618 832
618 856
648 31
648 198
648 646
648 724
662 404
676 131
676 690
676 732
719 737
719 41
719 590
719 924
731 882
731 420
756 736
756 234
756 473
756 264
756 404
756 665
849 599
849 386
849 726
849 767
14 882
882 63
882 269
882 529
882 572
882 680
882 690
882 794
882 824
178 412
235 394
623 210
623 447
623 844
642 819
642 146
642 687
283 938
426 267
426 621
459 788
459 928
63 400
269 751
529 123
529 376
529 717
572 358
572 582
572 280
572 523
680 856
680 771
690 621
690 93
690 197
690 469
690 587
794 371
794 737
794 746
824 47
824 103
824 304
824 567
824 820
53 136
281 760
423 694
423 393
494 810
494 606
494 272
569 274
569 239
665 256
721 381
721 891
721 614
864 188
864 655
864 891
864 170
864 219
864 454
864 607
864 717
864 892
15 392
15 448
15 875
392 443
392 673
875 98
875 112
875 322
875 578
875 601
875 810
443 891
673 17
673 199
673 686
673 744
112 588
578 22
578 389
601 169
601 433
810 140
810 485
810 586
96 61
256 400
256 477
391 733
451 748
451 270
509 422
509 694
509 667
636 81
636 91
636 233
671 877
671 141
671 585
748 156
748 586
793 872
793 647
793 714
793 738
16 244
244 80
244 757
80 295
757 938
757 743
757 126
757 524
216 132
216 282
216 856
608 417
608 464
608 743
608 786
608 346
155 169
745 25
745 503
745 765
745 771
928 703
928 331
928 213
928 321
477 110
17 658
658 77
658 485
485 588
485 844
485 372
199 113
199 715
686 368
686 62
744 307
744 88
872 788
872 619
872 938
872 263
872 602
872 854
872 388
872 599
872 841
872 594
37 97
37 318
371 486
530 714
537 468
537 732
592 317
592 621
592 475
592 571
592 428
592 554
802 32
802 61
802 223
802 363
802 737
802 892
938 318
938 44
938 72
938 93
938 163
938 295
938 404
938 523
938 560
938 621
938 688
321 600
589 422
771 533
771 221
771 688
771 738
771 892
144 507
210 290
210 547
286 410
476 416
476 717
655 81
655 663
655 738
705 786
247 844
274 730
274 186
620 488
620 649
620 728
620 767
620 832
646 629
703 19
703 562
703 571
703 631
775 25
775 52
775 87
775 147
775 292
775 628
775 728
775 737
820 649
820 760
820 299
820 667
892 668
892 877
892 628
892 632
892 246
892 404
892 760
19 368
368 78
368 653
653 796
653 715
562 307
562 472
571 183
571 714
571 832
631 629
49 234
49 381
49 716
389 408
389 600
769 64
769 602
769 663
769 668
769 796
786 60
786 387
786 538
630 715
630 390
651 168
651 639
651 765
825 516
825 497
825 738
20 307
20 417
20 629
307 669
417 34
417 282
629 317
669 205
669 228
34 422
282 560
317 39
284 111
284 675
336 627
336 732
597 728
21 464
464 447
464 743
447 627
447 586
743 151
277 924
647 583
647 479
268 162
268 760
410 145
454 468
607 716
607 854
607 480
736 44
736 439
736 663
835 51
835 301
835 353
835 394
835 732
123 742
148 523
407 582
407 142
434 716
434 599
524 533
524 222
816 197
816 264
816 387
816 516
816 819
54 88
137 588
137 253
516 97
516 84
590 174
856 308
856 394
23 338
338 145
338 285
338 832
285 638
285 717
832 214
832 254
832 428
456 157
613 45
613 73
613 332
613 581
688 602
688 390
110 732
110 796
841 666
841 462
841 258
841 728
24 450
450 43
43 788
328 587
75 583
75 621
75 724
228 68
84 291
151 331
518 480
549 416
549 587
717 737
717 420
717 760
717 480
717 581
730 117
730 308
730 412
796 266
796 150
796 332
503 619
765 546
765 497
765 552
52 596
87 91
628 891
728 298
737 203
737 275
737 738
152 220
606 231
606 687
111 271
819 205
819 238
819 120
819 387
819 546
819 738
546 171
138 280
27 237
237 362
237 533
362 462
362 107
533 29
533 666
334 399
334 453
469 428
582 64
582 340
582 694
29 887
887 83
887 154
887 264
887 331
887 422
887 567
666 64
666 405
891 141
891 353
891 367
891 924
924 414
924 545
924 694
924 243
924 428
924 486
83 433
331 433
567 479
30 378
30 438
438 343
438 416
343 495
343 140
343 163
416 353
253 270
480 694
639 492
639 212
639 276
732 122
724 746
724 232
877 113
877 213
32 99
694 232
694 390
223 545
677 510
677 214
677 413
677 760
738 453
738 610
301 103
66 462
265 538
320 318
320 266
588 359
588 486
610 497
610 515
663 462
663 231
663 349
547 232
788 733
587 233
587 275
746 57
746 130
746 714
197 424
97 473
510 47
510 117
510 161
47 208
117 319
161 495
275 305
439 714
39 90
90 495
71 169
71 433
308 854
408 119
716 143
239 614
326 267
326 142
326 453
215 414
266 109
594 388
594 414
599 212
614 419
638 388
638 191
157 687
319 376
319 475
248 568
558 62
44 619
93 346
404 552
523 232
560 595
621 181
621 854
45 358
45 627
358 405
627 258
627 413
332 372
413 304
668 65
208 568
568 367
534 119
534 120
534 159
50 350
184 204
231 146
372 271
394 596
394 412
367 624
488 406
667 437
667 554
386 453
586 632
60 188
296 531
632 263
632 238
246 347
437 600
419 114
114 238
472 109
472 170
57 263
57 345
263 204
538 515
62 267
267 406
65 644
185 687
424 167
854 92
854 486
854 595
492 475
475 122
433 349
433 624
349 624
624 305
624 276
675 243
675 531
399 468
74 468
468 222
222 409
409 202
141 133
497 254
