0 184
0 953
0 960
0 986
184 118
184 186
184 559
953 118
953 220
953 280
953 447
953 472
953 474
953 508
953 513
953 543
953 549
953 590
953 680
953 713
953 720
953 820
953 828
953 838
953 846
953 853
953 870
953 924
953 931
953 946
953 949
953 951
953 969
953 971
953 976
953 980
953 995
953 997
960 172
960 264
960 345
960 348
960 373
960 428
960 512
960 610
960 614
960 643
960 683
960 711
960 790
960 812
960 859
960 881
960 899
960 913
960 928
960 956
960 958
960 961
960 968
960 972
960 974
960 977
960 979
960 984
960 985
960 987
960 997
960 999
986 50
986 86
986 180
986 232
986 239
986 268
986 273
986 291
986 321
986 326
986 335
986 356
986 403
986 422
986 429
986 504
986 505
986 516
986 586
986 622
986 639
986 720
986 730
986 741
986 793
986 800
986 801
986 818
986 839
986 882
986 890
986 924
986 925
986 926
986 933
986 959
986 961
986 962
986 966
986 974
986 996
118 863
118 153
186 919
186 190
186 515
559 985
559 947
559 94
559 557
559 709
559 979
220 966
220 911
220 259
280 939
280 572
280 353
280 630
447 761
447 887
447 728
447 901
447 857
472 302
472 923
472 839
472 889
472 819
474 944
474 984
474 200
474 924
474 970
508 975
508 171
508 987
508 319
508 604
508 775
513 956
513 850
513 916
513 912
513 988
513 606
543 836
543 648
543 931
543 251
543 498
543 767
549 980
549 963
549 989
549 940
549 600
549 317
590 63
590 18
590 148
590 621
590 799
590 839
590 984
680 17
680 159
680 784
680 821
680 849
680 860
680 959
680 971
713 948
713 868
713 756
713 712
713 629
713 997
713 276
713 439
713 453
720 995
720 429
720 980
720 862
720 687
720 978
720 876
720 615
720 909
820 789
820 7
820 14
820 201
820 290
820 432
820 496
820 613
820 688
820 749
820 799
820 967
820 968
820 979
828 996
828 947
828 995
828 862
828 951
828 77
828 260
828 417
828 430
828 577
828 709
828 743
828 760
828 844
828 964
838 499
838 12
838 136
838 151
838 156
838 268
838 404
838 567
838 797
838 857
838 867
838 893
838 913
838 919
838 964
838 983
846 925
846 802
846 534
846 982
846 25
846 85
846 340
846 438
846 442
846 530
846 604
846 640
846 693
846 784
846 788
846 971
853 885
853 306
853 913
853 883
853 977
853 907
853 752
853 827
853 714
853 385
853 880
853 199
853 363
853 376
853 411
853 710
853 764
853 920
870 770
870 973
870 959
870 873
870 921
870 648
870 626
870 963
870 981
870 532
870 977
870 942
870 965
870 567
870 630
870 806
870 408
870 662
870 702
924 985
924 789
924 998
924 934
924 308
924 963
924 923
924 825
924 931
924 860
924 844
924 677
924 103
924 358
924 469
924 578
924 635
924 700
924 726
924 766
924 855
924 874
924 898
931 900
931 446
931 941
931 944
931 974
931 836
931 621
931 984
931 832
931 961
931 807
931 923
931 69
931 91
931 105
931 378
931 481
931 661
931 669
931 745
931 813
931 907
931 945
931 970
946 925
946 983
946 32
946 100
946 211
946 240
946 242
946 255
946 328
946 340
946 399
946 444
946 554
946 607
946 616
946 656
946 702
946 722
946 730
946 792
946 798
946 810
946 858
946 865
946 892
946 910
946 939
946 980
946 987
949 650
949 864
949 959
949 955
949 28
949 69
949 117
949 119
949 170
949 245
949 403
949 478
949 501
949 541
949 601
949 625
949 643
949 657
949 753
949 824
949 883
949 897
949 915
949 917
949 938
949 942
949 948
949 969
949 989
949 993
951 999
951 797
951 974
951 947
951 976
951 980
951 952
951 937
951 765
951 988
951 67
951 105
951 162
951 407
951 498
951 516
951 552
951 591
951 647
951 686
951 689
951 766
951 779
951 844
951 861
951 892
951 928
951 936
951 964
969 659
969 983
969 995
969 934
969 976
969 990
969 954
969 963
969 937
969 891
969 605
969 818
969 932
969 815
969 751
969 813
969 125
969 219
969 253
969 277
969 315
969 322
969 344
969 377
969 407
969 631
969 635
969 743
969 798
969 882
969 890
969 898
969 938
969 965
971 903
971 521
971 973
971 995
971 858
971 990
971 774
971 899
971 862
971 926
971 943
971 851
971 860
971 98
971 115
971 163
971 293
971 418
971 471
971 504
971 672
971 707
971 722
971 748
971 767
971 795
971 841
971 848
971 871
971 904
971 915
971 928
971 942
976 681
976 895
976 927
976 793
976 671
976 32
976 121
976 138
976 254
976 309
976 390
976 462
976 469
976 514
976 562
976 576
976 598
976 695
976 702
976 703
976 725
976 749
976 764
976 782
976 811
976 840
976 842
976 872
976 879
976 884
976 901
976 963
976 972
976 989
976 994
976 997
980 967
980 966
980 941
980 63
980 996
980 33
980 858
980 138
980 154
980 194
980 210
980 262
980 265
980 284
980 351
980 388
980 428
980 545
980 633
980 675
980 772
980 815
980 849
980 861
980 882
980 887
980 901
980 909
980 914
980 926
980 950
980 962
980 963
980 989
980 991
980 993
995 783
995 864
995 959
995 287
995 25
995 27
995 131
995 152
995 211
995 279
995 379
995 448
995 564
995 615
995 640
995 652
995 670
995 675
995 698
995 727
995 739
995 751
995 763
995 798
995 821
995 826
995 837
995 847
995 851
995 861
995 865
995 868
995 899
995 901
995 904
995 911
995 928
995 933
995 942
995 952
995 981
995 987
995 991
995 994
997 956
997 464
997 895
997 959
997 921
997 325
997 611
997 912
997 858
997 994
997 984
997 592
997 856
997 879
997 889
997 804
997 868
997 834
997 594
997 851
997 860
997 950
997 799
997 798
997 935
997 137
997 141
997 145
997 250
997 296
997 397
997 431
997 460
997 511
997 595
997 664
997 722
997 725
997 727
997 764
997 782
997 788
997 824
997 840
997 882
997 897
172 138
172 664
172 669
264 715
264 352
264 574
264 882
345 682
345 617
345 785
345 577
348 902
348 879
348 607
348 964
373 985
373 482
373 973
373 947
428 948
428 50
428 584
428 866
512 957
512 741
512 551
512 964
512 604
512 740
610 878
610 711
610 182
610 203
610 384
610 569
610 690
614 731
614 916
614 854
614 981
614 819
614 704
614 469
643 966
643 829
643 879
643 979
643 972
643 893
643 743
683 895
683 617
683 913
683 64
683 369
683 445
683 935
683 945
683 968
711 854
711 994
711 605
711 981
711 125
711 674
711 719
711 933
790 659
790 967
790 982
790 939
790 988
790 987
790 936
790 859
790 729
790 155
790 413
790 568
790 874
812 999
812 29
812 354
812 395
812 570
812 688
812 748
812 799
812 869
812 881
812 890
812 910
812 930
812 940
859 850
859 974
859 885
859 854
859 958
859 988
859 742
859 282
859 991
859 914
859 111
859 139
859 437
859 729
859 938
859 940
859 968
881 886
881 482
881 286
881 836
881 867
881 765
881 889
881 742
881 883
881 919
881 910
881 445
881 193
881 320
881 364
881 582
881 604
881 823
881 876
899 682
899 446
899 527
899 974
899 955
899 45
899 199
899 574
899 629
899 645
899 675
899 780
899 795
899 844
899 898
899 920
899 972
899 979
899 988
913 966
913 941
913 955
913 603
913 53
913 76
913 231
913 401
913 486
913 495
913 515
913 667
913 723
913 765
913 777
913 918
913 964
913 972
913 977
928 929
928 585
928 847
928 914
928 979
928 117
928 263
928 365
928 441
928 450
928 455
928 550
928 579
928 628
928 631
928 740
928 824
928 871
928 872
928 880
928 938
928 970
956 3
956 985
956 275
956 343
956 357
956 446
956 453
956 461
956 467
956 496
956 573
956 700
956 710
956 719
956 731
956 796
956 805
956 809
956 818
956 827
956 900
956 930
956 948
956 952
956 955
956 958
956 962
956 981
956 992
958 925
958 803
958 864
958 696
958 637
958 996
958 817
958 807
958 856
958 236
958 491
958 60
958 266
958 318
958 322
958 365
958 394
958 430
958 454
958 656
958 678
958 768
958 792
958 830
958 862
958 896
958 898
958 977
958 987
958 988
961 929
961 927
961 921
961 596
961 990
961 952
961 994
961 38
961 165
961 256
961 293
961 306
961 401
961 413
961 486
961 492
961 556
961 583
961 638
961 665
961 687
961 758
961 794
961 809
961 880
961 882
961 884
961 896
961 968
961 977
968 999
968 803
968 966
968 982
968 800
968 990
968 114
968 856
968 987
968 132
968 851
968 866
968 221
968 397
968 426
968 457
968 602
968 636
968 702
968 722
968 776
968 780
968 785
968 871
968 876
968 882
968 884
968 911
968 920
968 945
968 978
972 380
972 307
972 966
972 916
972 973
972 671
972 774
972 200
972 811
972 372
972 923
972 655
972 451
972 988
972 977
972 991
972 914
972 935
972 565
972 897
972 978
972 260
972 343
972 360
972 405
972 432
972 452
972 580
972 623
972 641
972 709
972 805
972 964
974 999
974 975
974 998
974 982
974 944
974 921
974 23
974 37
974 43
974 140
974 245
974 377
974 388
974 541
974 649
974 661
974 672
974 780
974 801
974 847
974 867
974 882
974 892
974 898
974 905
974 932
974 933
974 939
974 954
974 965
974 984
974 992
974 994
977 681
977 886
977 864
977 998
977 996
977 885
977 994
977 963
977 923
977 878
977 988
977 76
977 163
977 179
977 233
977 403
977 473
977 502
977 523
977 599
977 612
977 613
977 647
977 653
977 670
977 747
977 776
977 813
977 814
977 819
977 855
977 933
977 943
979 929
979 967
979 927
979 611
979 990
979 372
979 548
979 451
979 891
979 755
979 147
979 808
979 752
979 910
979 914
979 936
979 105
979 111
979 159
979 198
979 207
979 612
979 693
979 712
979 733
979 744
979 767
979 806
979 816
979 874
979 875
979 893
979 970
979 992
984 770
984 985
984 736
984 983
984 895
984 982
984 479
984 922
984 867
984 37
984 95
984 141
984 227
984 252
984 261
984 278
984 346
984 370
984 387
984 492
984 636
984 690
984 762
984 816
984 856
984 857
984 862
984 866
984 877
984 909
984 919
984 937
984 940
984 965
984 988
984 991
985 2
985 6
985 80
985 107
985 292
985 295
985 341
985 459
985 581
985 587
985 634
985 642
985 694
985 705
985 709
985 722
985 727
985 734
985 774
985 791
985 821
985 827
985 830
985 850
985 892
985 900
985 908
985 910
985 914
985 917
985 923
985 938
985 940
985 948
985 965
985 992
987 967
987 975
987 973
987 959
987 996
987 800
987 990
987 592
987 494
987 66
987 77
987 103
987 112
987 142
987 252
987 339
987 455
987 490
987 524
987 577
987 579
987 631
987 642
987 653
987 664
987 669
987 687
987 735
987 768
987 842
987 882
987 906
987 914
987 915
987 962
987 970
999 2
999 47
999 52
999 216
999 225
999 290
999 341
999 438
999 443
999 475
999 487
999 489
999 497
999 511
999 526
999 605
999 621
999 638
999 649
999 678
999 679
999 700
999 726
999 735
999 742
999 759
999 769
999 792
999 819
999 826
999 831
999 840
999 841
999 845
999 876
999 882
999 885
999 922
999 935
999 936
999 938
999 940
999 964
999 975
999 982
50 331
50 902
86 952
86 678
86 869
180 873
180 943
180 551
232 831
232 535
232 823
239 832
239 622
239 690
268 922
268 43
268 349
273 291
273 963
273 754
273 902
291 46
291 311
291 992
321 23
321 41
321 677
321 678
326 975
326 811
326 697
326 283
335 28
335 249
335 408
335 964
356 499
356 46
356 612
356 857
403 994
403 292
403 504
422 982
422 44
422 420
422 533
422 871
429 26
429 370
429 622
429 923
504 867
504 755
504 600
505 15
505 142
505 304
505 935
505 992
516 802
516 886
516 592
516 271
516 223
586 921
586 299
586 869
586 841
586 849
586 481
586 775
622 697
622 834
622 898
622 228
622 733
639 983
639 626
639 887
639 597
639 940
639 875
639 346
639 509
730 302
730 682
730 648
730 598
730 942
730 950
730 915
730 263
730 374
741 783
741 967
741 134
741 869
741 91
741 581
741 630
741 641
741 964
793 22
793 241
793 316
793 409
793 498
793 594
793 640
793 642
793 708
793 943
793 981
793 994
800 770
800 746
800 973
800 947
800 30
800 33
800 336
800 715
800 822
800 920
800 965
801 650
801 982
801 990
801 796
801 878
801 907
801 910
801 930
801 151
801 557
801 569
801 945
818 917
818 69
818 379
818 400
818 511
818 721
818 724
818 775
818 777
818 897
818 962
818 993
839 803
839 54
839 948
839 211
839 214
839 500
839 553
839 743
839 760
839 772
839 841
839 962
839 965
839 992
882 994
882 948
882 414
882 697
882 822
882 989
882 892
882 936
882 759
882 893
882 876
890 671
890 854
890 774
890 963
890 548
890 804
890 932
890 815
890 866
890 785
890 714
890 993
890 880
890 192
890 281
890 595
890 857
890 920
925 1
925 115
925 262
925 423
925 440
925 497
925 498
925 527
925 535
925 538
925 542
925 555
925 631
925 670
925 701
925 703
925 763
925 876
925 895
925 935
925 978
925 988
926 682
926 886
926 588
926 803
926 774
926 994
926 634
926 62
926 267
926 333
926 417
926 465
926 473
926 563
926 685
926 715
926 721
926 784
926 786
926 827
926 904
926 911
926 942
933 957
933 903
933 967
933 983
933 982
933 990
933 774
933 660
933 834
933 852
933 128
933 144
933 432
933 567
933 661
933 664
933 685
933 688
933 806
933 814
933 840
933 904
959 803
959 975
959 443
959 17
959 26
959 77
959 141
959 198
959 324
959 363
959 398
959 547
959 552
959 553
959 710
959 767
959 782
959 851
959 867
959 875
959 877
959 888
959 918
959 922
959 937
959 981
962 302
962 307
962 966
962 922
962 617
962 917
962 988
962 525
962 79
962 80
962 281
962 359
962 391
962 401
962 563
962 587
962 677
962 686
962 747
962 762
962 824
962 835
962 844
962 852
962 877
962 897
962 904
962 978
966 789
966 11
966 107
966 193
966 241
966 247
966 323
966 336
966 483
966 539
966 582
966 619
966 675
966 698
966 740
966 747
966 817
966 822
966 831
966 835
966 893
966 905
966 908
966 914
966 917
966 942
966 954
966 964
996 746
996 789
996 773
996 903
996 286
996 973
996 21
996 125
996 238
996 290
996 333
996 349
996 415
996 484
996 492
996 501
996 510
996 579
996 634
996 638
996 649
996 699
996 715
996 723
996 725
996 732
996 735
996 769
996 777
996 784
996 804
996 829
996 836
996 851
996 858
996 862
996 874
996 893
996 906
996 910
996 940
996 981
996 994
1 3
1 302
1 681
3 187
3 736
302 792
681 413
681 574
681 825
681 836
681 857
681 920
187 770
187 588
187 983
736 285
736 528
736 533
736 686
736 706
736 725
736 844
736 892
736 978
792 621
792 923
792 891
792 69
792 503
792 636
792 748
792 756
792 841
792 866
413 796
413 875
413 663
574 864
574 894
574 932
574 901
574 632
825 706
825 955
825 506
825 754
825 62
825 149
825 484
825 615
825 701
825 723
825 752
825 806
825 813
825 898
836 27
836 75
836 110
836 111
836 115
836 224
836 312
836 607
836 664
836 717
836 872
836 918
857 957
857 921
857 905
857 981
857 918
857 833
857 970
857 872
857 814
857 218
857 466
857 732
857 875
920 789
920 499
920 895
920 973
920 927
920 796
920 937
920 868
920 869
920 830
920 978
920 278
920 371
920 392
920 649
920 744
920 786
920 904
115 845
262 864
262 515
262 274
423 761
423 994
423 902
423 751
423 635
440 829
440 883
440 876
440 371
440 412
497 773
497 650
497 978
497 266
498 672
498 317
527 19
527 718
527 841
527 858
527 988
535 797
535 907
535 989
535 160
535 657
538 829
538 652
538 442
538 515
538 485
538 374
542 950
542 798
542 842
542 609
542 710
542 665
555 900
555 994
555 906
555 106
555 705
555 785
631 954
631 860
631 493
631 529
670 547
670 714
670 205
670 533
670 640
670 764
701 954
701 832
701 937
701 692
701 785
701 993
701 288
701 570
703 952
703 923
703 879
703 894
703 90
703 386
703 760
703 772
763 817
763 791
763 856
763 989
763 819
763 935
763 833
763 915
763 775
763 732
876 308
876 994
876 948
876 902
876 525
876 778
876 584
876 935
876 978
876 723
876 686
876 388
876 657
895 731
895 16
895 39
895 146
895 424
895 541
895 545
895 570
895 587
895 689
895 824
895 858
895 898
895 944
895 990
895 993
935 802
935 948
935 494
935 655
935 883
935 943
935 310
935 827
935 130
935 376
935 382
935 415
935 558
935 582
935 674
935 707
935 716
935 823
935 855
935 978
978 998
978 817
978 885
978 990
978 954
978 197
978 750
978 532
978 528
978 910
978 712
978 518
978 970
978 938
978 195
978 254
978 329
978 343
978 417
978 439
978 579
978 581
978 591
978 657
978 705
978 767
978 823
978 849
978 874
978 964
988 682
988 637
988 479
988 954
988 114
988 488
988 807
988 289
988 856
988 520
988 140
988 937
988 64
988 99
988 104
988 127
988 283
988 425
988 487
988 594
988 629
988 633
988 638
988 657
988 658
988 709
988 749
988 759
988 806
988 831
988 898
988 906
988 942
2 682
2 770
682 471
682 591
682 850
682 944
770 103
770 154
770 361
770 437
770 708
770 883
770 886
770 992
471 990
471 750
471 642
471 909
591 863
591 973
591 945
591 893
591 653
850 9
850 94
850 214
850 370
850 460
850 483
850 526
850 537
850 747
850 856
850 923
850 981
850 989
850 990
944 998
944 17
944 74
944 132
944 183
944 330
944 416
944 449
944 480
944 640
944 641
944 757
944 758
944 762
944 797
944 814
944 847
944 856
944 889
944 905
944 909
944 947
944 965
944 981
944 991
103 998
154 967
154 210
361 994
361 272
361 551
361 457
437 983
437 955
437 754
437 883
708 994
708 58
708 649
708 699
708 734
708 745
708 938
708 989
883 626
883 948
883 728
883 73
883 82
883 168
883 391
883 459
883 593
883 779
883 837
883 884
883 919
883 992
886 4
886 202
886 387
886 515
886 551
886 636
886 706
886 744
886 804
886 816
886 854
886 873
886 904
886 912
886 919
886 932
992 802
992 929
992 803
992 975
992 922
992 954
992 520
992 810
992 451
992 837
992 910
992 370
992 692
992 109
992 135
992 260
992 381
992 399
992 449
992 452
992 466
992 615
992 633
992 647
992 651
992 662
992 679
992 737
992 738
992 777
992 788
992 794
992 805
992 874
992 880
992 898
992 911
6 380
6 659
6 783
80 523
80 599
107 810
107 416
292 891
292 861
292 177
295 983
295 37
295 738
295 950
341 724
341 888
341 908
459 993
459 813
459 721
459 628
581 963
581 678
581 936
581 389
581 875
587 981
587 919
587 734
587 279
587 583
634 470
634 947
634 39
634 52
634 601
634 991
642 863
642 901
642 445
642 256
642 733
694 476
694 923
694 919
694 910
694 120
694 667
694 710
694 897
694 945
705 585
705 923
705 887
705 495
705 477
705 455
705 465
709 915
709 259
709 874
709 463
709 964
722 783
722 990
722 937
722 906
722 872
722 738
727 967
727 927
727 901
727 624
727 283
727 359
727 395
727 762
734 932
734 851
734 866
734 777
734 314
734 261
734 417
734 794
774 536
774 34
774 304
774 616
774 811
774 816
774 902
791 864
791 975
791 40
791 404
791 454
791 582
791 627
791 632
791 669
791 726
791 768
791 938
821 617
821 817
821 867
821 963
821 834
821 366
821 896
821 260
821 238
821 319
821 330
821 904
827 967
827 975
827 810
827 489
827 393
827 116
827 169
827 554
827 564
827 909
827 993
830 912
830 660
830 236
830 937
830 351
830 99
830 322
830 337
830 408
830 421
830 842
830 940
830 993
892 863
892 506
892 331
892 887
892 862
892 891
892 989
892 92
892 240
892 665
892 723
892 738
892 760
892 840
892 945
900 5
900 119
900 126
900 387
900 424
900 468
900 560
900 740
900 755
900 855
900 878
900 880
900 884
900 891
900 912
900 914
900 955
900 991
908 863
908 929
908 998
908 922
908 854
908 952
908 994
908 948
908 878
908 778
908 691
908 652
908 833
908 747
908 205
908 235
908 333
908 362
908 395
908 945
910 982
910 257
910 745
910 724
910 96
910 178
910 224
910 507
910 644
910 747
910 843
910 849
910 865
914 659
914 983
914 536
914 576
914 332
914 822
914 104
914 205
914 662
914 687
914 732
914 759
914 911
914 938
917 903
917 829
917 52
917 148
917 330
917 448
917 503
917 589
917 624
917 632
917 693
917 769
917 794
917 822
917 865
917 896
917 915
917 918
917 945
923 921
923 51
923 300
923 327
923 342
923 409
923 572
923 602
923 688
923 732
923 766
923 879
923 991
938 434
938 982
938 167
938 520
938 655
938 989
938 416
938 950
938 565
938 242
938 340
938 395
938 524
938 556
938 795
938 809
938 875
938 880
940 434
940 873
940 548
940 906
940 724
940 161
940 283
940 360
940 378
940 387
940 460
940 619
940 628
940 675
940 707
940 716
940 732
940 760
940 795
940 875
948 482
948 863
948 797
948 947
948 37
948 469
948 523
948 575
948 602
948 608
948 618
948 666
948 690
948 698
948 861
948 868
948 887
948 896
948 911
948 939
965 802
965 941
965 975
965 476
965 811
965 963
965 906
965 991
965 919
965 822
965 692
965 918
965 813
965 145
965 258
965 259
965 293
965 296
965 355
965 410
965 557
965 580
965 618
965 805
965 877
965 893
965 964
965 970
47 626
47 197
47 807
52 608
216 930
216 714
216 888
225 576
225 449
225 874
290 973
290 848
438 282
438 652
438 861
438 768
443 14
443 523
443 747
443 869
475 834
475 305
475 970
475 579
475 647
487 676
487 781
487 536
487 989
489 804
489 72
489 656
489 991
511 514
511 852
511 911
511 654
526 878
526 942
526 477
526 768
526 545
605 787
605 67
605 323
605 478
605 930
621 29
621 669
621 837
621 945
638 761
638 878
638 862
638 353
638 656
649 885
649 867
649 991
649 915
678 916
678 299
678 893
678 970
679 941
679 982
679 937
679 981
679 748
679 893
679 425
700 456
700 496
700 750
700 742
700 630
700 823
700 609
726 947
726 858
726 528
726 866
726 865
726 874
726 688
726 733
735 929
735 891
735 981
735 416
735 221
735 657
735 740
735 842
742 67
742 198
742 250
742 327
742 357
742 402
742 545
759 998
759 982
759 113
759 276
759 337
759 367
759 441
759 911
769 863
769 536
769 167
769 894
769 804
769 852
769 865
769 702
769 849
819 746
819 941
819 102
819 778
819 320
819 468
819 652
819 945
819 950
819 993
826 990
826 994
826 88
826 426
826 481
826 554
826 566
826 600
826 601
826 664
826 762
826 860
826 950
826 989
831 829
831 862
831 943
831 695
831 808
831 94
831 97
831 106
831 579
831 667
831 842
831 880
840 982
840 811
840 906
840 860
840 989
840 993
840 848
840 669
840 874
840 805
840 635
840 964
841 802
841 955
841 993
841 128
841 160
841 400
841 764
841 786
841 814
841 872
841 909
845 746
845 873
845 858
845 952
845 532
845 852
845 942
845 278
845 425
845 426
845 509
845 533
845 582
845 714
845 898
885 941
885 982
885 30
885 671
885 158
885 301
885 384
885 571
885 652
885 748
885 877
885 888
885 893
885 989
885 993
922 521
922 20
922 178
922 251
922 384
922 407
922 435
922 457
922 613
922 686
922 714
922 733
922 805
922 834
922 936
922 963
922 990
922 993
936 957
936 534
936 650
936 975
936 982
936 889
936 532
936 930
936 104
936 106
936 463
936 556
936 566
936 691
936 740
936 766
936 779
936 806
936 824
936 950
936 964
964 731
964 671
964 939
964 889
964 981
964 991
964 620
964 852
964 871
964 729
964 777
964 865
964 668
964 784
964 524
964 333
964 710
964 374
964 410
964 661
975 929
975 967
975 941
975 13
975 54
975 81
975 89
975 116
975 270
975 314
975 419
975 519
975 537
975 548
975 618
975 635
975 645
975 729
975 733
975 768
975 806
975 834
975 843
975 865
975 878
975 879
975 947
975 973
982 998
982 16
982 45
982 55
982 97
982 113
982 156
982 265
982 269
982 342
982 467
982 469
982 507
982 571
982 623
982 692
982 719
982 748
982 771
982 815
982 873
982 878
982 945
982 989
982 994
588 5
588 272
588 372
588 385
588 627
588 684
983 14
983 71
983 72
983 299
983 304
983 328
983 394
983 460
983 465
983 602
983 654
983 660
983 721
983 743
983 752
983 757
983 764
983 808
983 829
983 848
983 860
983 871
983 878
983 884
983 894
983 897
983 912
983 939
983 942
983 945
983 989
285 648
285 887
285 100
285 848
528 79
528 398
528 408
528 930
533 867
533 832
533 932
686 482
686 927
686 915
686 312
686 279
706 26
706 473
706 492
706 632
706 646
706 672
706 943
725 963
725 833
725 823
725 541
725 368
725 795
725 909
844 957
844 807
844 937
844 594
844 93
844 127
844 243
844 515
844 562
844 665
844 904
275 676
275 915
275 748
275 875
343 772
343 865
357 994
357 894
357 842
446 7
446 222
446 558
453 585
453 834
453 897
453 945
461 289
461 868
461 717
461 884
461 760
467 822
467 930
467 303
467 425
496 30
496 704
496 765
573 941
573 325
573 912
573 658
573 263
573 388
573 661
710 916
710 866
710 333
710 663
719 598
719 981
719 799
719 993
719 848
719 166
719 253
719 809
731 11
731 620
731 738
731 756
731 856
731 868
731 930
796 967
796 548
796 51
796 157
796 334
796 578
796 665
796 718
796 728
796 861
805 998
805 963
805 739
805 837
805 880
805 254
805 707
805 766
809 937
809 943
809 835
809 872
809 207
809 267
809 312
809 359
809 721
809 849
809 893
930 998
930 517
930 921
930 954
930 952
930 514
930 868
930 991
930 847
930 96
930 188
930 237
930 278
930 364
930 405
930 529
930 613
930 738
952 998
952 536
952 829
952 35
952 58
952 59
952 139
952 175
952 227
952 247
952 360
952 392
952 616
952 738
952 780
952 782
952 798
952 835
952 889
952 893
952 907
952 981
955 941
955 26
955 257
955 297
955 392
955 396
955 529
955 556
955 561
955 580
955 675
955 695
955 699
955 724
955 740
955 749
955 779
955 835
955 851
955 871
955 909
955 912
955 990
955 993
981 783
981 929
981 967
981 916
981 947
981 934
981 171
981 811
981 889
981 71
981 185
981 231
981 427
981 458
981 490
981 523
981 579
981 656
981 658
981 661
981 747
981 784
981 907
981 943
4 746
4 789
4 802
746 36
746 177
746 261
746 502
746 765
746 833
746 849
789 89
789 421
789 557
789 606
789 695
789 767
789 873
802 237
802 363
802 547
802 779
802 814
802 967
802 973
36 916
36 476
36 867
177 338
177 137
261 835
261 813
502 862
502 837
502 717
502 672
765 973
765 59
765 274
765 379
765 739
765 758
765 779
833 947
833 994
833 879
833 932
833 991
833 989
833 151
833 157
833 775
833 880
833 904
849 954
849 856
849 808
849 822
849 989
849 510
849 824
849 381
849 266
849 490
89 597
89 989
421 494
421 618
421 317
421 628
557 967
557 808
557 570
606 934
606 891
606 868
606 277
606 298
606 501
695 517
695 79
695 219
695 457
695 646
695 785
767 854
767 691
767 629
767 277
767 363
767 540
873 916
873 973
873 19
873 155
873 364
873 383
873 466
873 519
873 539
873 677
873 918
873 937
873 993
237 531
237 884
363 989
547 810
547 889
547 991
547 82
779 854
779 506
779 692
779 950
779 855
779 192
779 313
814 676
814 989
814 835
814 918
814 777
814 208
814 454
814 583
814 748
967 10
967 55
967 71
967 189
967 215
967 217
967 243
967 245
967 276
967 427
967 644
967 718
967 766
967 891
967 909
967 918
967 934
967 950
967 963
967 973
967 998
973 16
973 70
973 108
973 150
973 171
973 238
973 240
973 241
973 305
973 318
973 366
973 391
973 485
973 486
973 553
973 691
973 842
973 843
973 852
973 880
973 905
973 927
973 943
202 954
202 902
202 495
387 298
515 915
551 585
551 993
551 575
636 611
636 858
636 553
636 129
636 354
744 947
744 934
744 572
744 539
744 915
744 279
744 415
744 509
804 456
804 63
804 114
804 878
804 194
804 389
804 578
804 795
816 957
816 941
816 937
816 894
816 905
816 918
816 433
816 823
816 842
816 684
816 613
854 863
854 31
854 281
854 396
854 441
854 518
854 738
854 888
854 901
854 902
854 911
904 887
904 894
904 750
904 778
904 950
904 798
904 911
904 328
904 450
904 322
904 408
904 721
912 28
912 40
912 41
912 110
912 188
912 426
912 500
912 506
912 628
912 717
912 728
912 815
912 822
912 902
912 909
919 773
919 902
919 937
919 905
919 84
919 91
919 209
919 381
919 385
919 406
919 439
919 662
919 673
919 771
919 786
932 659
932 773
932 929
932 671
932 954
932 546
932 939
932 70
932 179
932 234
932 344
932 382
932 565
932 599
932 673
932 715
932 766
932 822
932 950
5 482
5 499
482 633
499 278
499 753
633 860
633 950
633 877
633 269
633 392
753 903
753 75
753 124
753 130
753 540
753 794
753 823
753 835
753 847
753 875
272 906
272 149
272 627
372 44
372 252
385 903
385 127
627 991
627 808
627 391
627 263
627 666
684 832
684 603
684 907
684 835
684 775
684 346
684 613
684 662
119 165
119 174
126 927
126 185
126 584
424 929
424 521
424 780
424 716
468 989
468 174
468 192
468 806
560 937
560 620
560 123
560 143
560 562
560 712
740 696
740 571
740 782
740 619
755 608
755 68
755 135
755 522
755 578
755 584
755 813
755 869
755 915
855 858
855 954
855 756
855 739
855 785
855 174
855 418
855 253
855 519
855 540
855 624
855 702
855 758
855 874
878 660
878 56
878 173
878 176
878 294
878 613
878 632
878 646
878 685
880 696
880 998
880 717
880 179
880 593
880 229
880 602
880 662
880 743
880 766
884 867
884 939
884 871
884 550
884 896
884 176
884 258
884 362
884 454
884 685
884 716
884 782
884 786
891 61
891 66
891 124
891 317
891 462
891 645
891 674
891 733
891 843
891 872
891 911
891 945
991 787
991 864
991 998
991 921
991 934
991 963
991 530
991 887
991 494
991 598
991 905
991 79
991 144
991 175
991 203
991 305
991 406
991 436
991 439
991 582
991 604
991 692
991 784
991 861
991 875
991 893
991 907
991 942
991 989
380 218
380 567
380 609
659 693
659 733
659 869
659 942
783 31
783 170
783 647
783 752
783 787
783 811
783 993
783 998
218 937
218 593
567 181
567 402
567 757
609 286
609 592
609 414
609 918
609 390
693 871
693 888
693 875
693 607
693 402
693 702
733 934
733 608
733 898
869 939
869 752
869 313
869 342
869 462
869 544
869 565
869 658
869 669
869 691
869 842
869 993
942 456
942 903
942 941
942 287
942 990
942 943
942 109
942 221
942 309
942 478
942 493
942 563
942 757
942 861
942 875
942 915
31 308
31 829
170 963
170 598
647 717
647 778
647 898
647 329
752 626
752 85
752 578
752 613
752 723
752 970
787 8
787 22
787 125
787 347
787 366
787 412
787 531
787 537
787 817
787 934
811 954
811 40
811 271
811 646
811 697
811 824
811 852
993 957
993 941
993 325
993 856
993 879
993 889
993 122
993 851
993 137
993 143
993 182
993 192
993 375
993 377
993 384
993 410
993 412
993 478
993 483
993 537
993 550
993 562
993 602
993 615
993 619
993 668
998 15
998 97
998 191
998 196
998 219
998 230
998 269
998 270
998 315
998 355
998 367
998 375
998 400
998 410
998 433
998 478
998 568
998 651
998 677
998 739
998 764
998 776
998 777
998 829
998 860
998 877
998 887
998 902
998 905
998 909
998 934
998 970
998 989
998 990
7 863
7 957
863 58
863 81
863 136
863 397
863 645
863 650
863 754
863 897
863 906
863 921
863 954
957 83
957 94
957 97
957 256
957 323
957 338
957 575
957 597
957 619
957 625
957 641
957 690
957 751
957 837
957 843
957 851
957 864
957 871
957 877
957 887
957 888
957 905
957 916
957 943
957 954
222 994
222 835
222 396
558 941
558 934
558 672
558 411
558 619
14 864
201 858
201 514
201 212
432 751
432 575
432 450
688 906
688 758
688 313
688 663
688 766
749 797
749 585
749 754
749 331
749 950
749 911
749 411
749 367
799 916
799 994
799 603
799 310
799 113
799 418
799 776
799 795
799 843
58 491
81 902
81 808
136 773
136 565
397 990
397 561
645 851
645 149
645 771
645 507
645 524
650 12
650 517
650 691
650 858
754 903
754 48
754 386
754 602
754 623
754 875
754 888
897 867
897 807
897 852
897 143
897 175
897 371
897 375
897 500
897 544
897 583
897 668
897 911
897 915
906 517
906 68
906 109
906 173
906 267
906 296
906 481
906 653
906 699
906 772
906 852
921 916
921 20
921 84
921 127
921 160
921 195
921 288
921 396
921 400
921 450
921 674
921 718
921 781
921 813
954 797
954 34
954 168
954 196
954 297
954 457
954 463
954 673
954 674
954 689
954 728
954 751
954 843
954 868
954 887
954 945
83 773
83 351
83 907
256 761
256 378
323 134
323 918
338 90
338 569
338 950
575 843
575 212
575 580
575 667
597 817
597 894
597 164
597 545
597 657
619 718
619 427
625 773
625 903
625 902
625 518
625 689
625 568
641 862
641 756
641 835
641 379
641 909
690 934
690 990
690 332
690 937
690 907
751 929
751 534
751 797
751 90
751 569
751 716
837 894
837 989
837 91
837 214
837 417
837 486
837 583
837 848
837 896
837 911
843 434
843 287
843 990
843 963
843 332
843 868
843 135
843 748
843 945
851 916
851 191
851 82
851 748
851 772
851 822
851 888
864 773
864 13
864 88
864 217
864 236
864 271
864 430
864 637
864 699
864 732
871 246
871 530
871 122
871 860
871 989
871 399
871 582
871 607
871 848
871 865
877 803
877 927
877 947
877 867
877 810
877 943
877 350
877 199
877 266
877 568
877 758
877 909
887 53
887 66
887 215
887 294
887 500
887 707
887 778
887 794
887 847
888 941
888 939
888 852
888 145
888 249
888 425
888 646
888 661
888 738
888 762
888 794
888 824
905 934
905 807
905 67
905 98
905 135
905 155
905 156
905 523
905 541
905 616
905 865
905 950
916 13
916 17
916 158
916 209
916 561
916 570
916 595
916 675
916 745
916 784
916 798
943 947
943 444
943 894
943 78
943 190
943 258
943 329
943 420
943 427
943 457
943 490
943 554
943 672
943 718
943 729
943 798
8 456
8 464
8 773
456 780
456 813
464 306
464 399
464 732
464 815
773 144
773 368
773 911
773 937
780 444
780 120
780 130
780 204
780 211
780 229
780 898
813 620
813 124
813 495
813 689
813 775
306 53
306 235
399 860
732 803
732 963
732 365
815 934
815 858
815 990
815 82
815 350
815 644
815 764
815 778
815 989
144 142
368 929
368 303
368 309
911 934
911 990
911 902
911 185
911 150
911 234
911 775
937 331
937 57
937 72
937 99
937 324
937 426
937 431
937 601
937 615
22 325
22 797
347 488
347 594
347 593
347 865
366 139
366 529
412 648
412 782
412 480
531 626
531 74
531 161
531 743
531 945
537 927
537 994
537 577
817 27
817 140
817 737
817 757
817 760
817 847
817 896
817 902
934 29
934 44
934 196
934 303
934 346
934 365
934 406
934 564
934 672
934 768
934 832
934 842
934 989
9 434
9 903
9 929
434 852
434 990
903 20
903 65
903 73
903 303
903 481
903 644
903 658
903 687
903 758
903 939
903 950
903 989
929 169
929 329
929 337
929 398
929 427
929 433
929 522
929 715
929 745
929 776
929 785
929 896
929 898
929 907
852 286
852 576
852 571
852 901
852 102
852 131
852 258
990 206
990 927
990 829
990 33
990 53
990 377
990 518
990 519
990 654
990 657
990 665
990 718
990 721
990 745
990 747
990 786
990 806
990 860
990 862
990 865
990 874
990 907
214 994
370 101
460 699
460 212
483 664
483 898
483 436
747 834
747 510
747 190
856 947
856 596
856 48
856 677
856 750
856 794
856 894
856 896
989 963
989 514
989 100
989 120
989 270
989 477
989 540
989 604
989 632
989 654
989 707
989 729
989 771
989 918
989 950
989 970
20 246
65 21
65 728
65 750
73 889
73 571
303 250
481 349
644 963
644 199
644 340
644 365
644 795
658 807
658 652
658 189
658 311
687 834
687 183
687 354
687 595
687 795
758 927
758 915
758 207
758 435
758 507
939 517
939 927
939 197
939 48
939 153
939 228
939 298
939 314
939 415
939 507
939 685
939 762
939 788
939 810
939 889
939 945
950 907
950 739
950 458
950 112
950 148
950 243
950 320
950 612
950 651
950 698
950 760
950 875
169 724
169 691
329 901
337 419
337 252
398 485
398 392
427 823
433 927
433 861
433 163
522 476
522 868
522 112
522 175
522 861
715 696
715 193
715 415
715 452
745 947
745 74
745 552
745 563
745 777
776 671
776 599
776 584
776 618
776 316
776 230
776 478
776 757
785 761
785 862
785 116
785 896
785 970
896 534
896 994
896 902
896 697
896 704
896 156
896 204
896 224
896 484
896 689
896 768
898 227
898 677
898 294
898 628
898 794
898 893
907 941
907 761
907 87
907 265
907 486
907 582
907 665
907 667
907 699
907 794
10 307
10 521
10 534
307 95
307 116
521 540
521 556
521 666
534 596
534 772
95 470
95 553
540 750
540 872
556 565
556 909
666 927
666 810
666 834
666 860
666 317
666 501
596 29
596 158
596 301
596 386
596 601
772 810
772 620
772 146
772 233
772 339
772 718
55 858
55 994
71 76
189 704
189 915
215 866
215 748
217 167
217 970
243 327
245 376
276 692
276 568
718 517
718 618
718 168
766 762
766 653
766 400
909 546
909 448
909 945
909 406
909 716
909 640
909 570
909 480
918 963
918 525
918 717
918 112
918 137
918 255
918 545
918 562
918 564
918 662
918 771
963 941
963 246
963 46
963 109
963 194
963 310
963 332
963 485
963 491
963 707
963 724
963 889
11 286
11 803
803 190
803 697
803 757
803 866
803 970
620 927
620 807
620 90
738 970
738 589
756 994
756 879
756 85
756 208
756 632
756 707
756 865
868 66
868 288
868 441
868 450
868 454
868 674
868 764
868 847
697 626
697 60
697 328
697 698
757 353
757 503
757 823
757 569
757 455
866 409
866 458
866 108
866 319
866 544
866 607
866 651
866 737
866 782
866 848
970 696
970 927
970 797
970 576
970 248
970 879
970 728
970 834
970 717
970 518
970 164
970 270
970 394
970 431
970 480
970 569
970 668
970 760
970 872
193 737
241 27
247 339
247 893
336 862
336 842
336 570
539 93
539 174
539 288
539 322
675 788
675 795
698 514
698 691
698 327
698 561
698 657
822 879
822 87
822 484
822 788
835 902
835 889
835 93
835 493
835 566
835 577
893 671
893 248
893 728
893 860
893 723
12 181
12 941
181 476
181 781
941 42
941 96
941 382
941 388
941 493
941 552
941 604
941 782
941 806
941 865
941 872
476 470
781 23
781 319
781 404
781 501
781 509
781 692
781 712
781 810
781 832
781 945
517 19
691 108
691 552
858 637
858 33
858 349
858 669
151 442
404 673
404 874
404 580
797 342
797 667
797 824
797 879
867 46
867 131
867 284
867 297
867 409
867 673
867 894
42 114
42 299
42 546
96 350
382 630
382 874
493 255
493 436
552 945
552 760
604 503
782 530
782 847
782 316
782 509
806 448
806 258
806 685
806 786
865 520
865 655
865 164
865 439
865 788
872 488
872 810
872 894
872 861
872 204
872 484
872 607
872 795
872 875
13 63
88 149
88 860
236 57
271 183
271 842
430 810
430 874
430 589
637 16
637 191
637 353
637 426
637 786
699 947
699 714
699 195
158 305
209 320
209 630
561 529
561 579
561 674
595 894
595 226
595 324
595 784
784 848
784 253
784 381
784 319
798 808
798 847
798 129
798 324
798 723
54 25
54 140
270 389
314 894
314 229
419 161
419 296
419 668
419 786
519 994
519 442
519 524
548 49
548 704
618 712
618 166
635 807
635 778
635 315
635 358
729 847
729 133
729 544
729 640
729 702
768 655
768 728
768 716
768 463
834 72
834 213
834 316
834 777
879 56
879 121
879 435
879 571
879 663
879 762
879 794
879 901
947 470
947 24
947 70
947 147
947 188
947 226
947 304
947 359
947 553
947 663
947 794
947 842
523 340
299 104
304 824
328 152
394 451
394 656
465 832
465 902
465 848
602 318
654 673
654 213
654 230
654 379
654 661
660 39
660 75
660 110
660 207
660 603
721 994
721 445
721 777
721 344
743 585
743 807
743 266
743 562
764 807
764 405
764 795
808 648
808 894
808 142
808 425
808 583
808 623
829 617
829 352
829 367
829 369
829 414
848 491
848 300
848 132
848 244
848 583
848 612
848 646
860 206
860 832
860 712
894 308
894 59
894 123
894 350
894 352
894 824
945 750
945 778
945 386
945 223
945 566
945 623
945 674
945 775
15 676
15 696
676 24
676 284
676 407
676 696
676 994
696 60
696 376
696 737
24 536
24 611
284 771
284 283
407 197
407 311
994 206
994 35
994 41
994 106
994 111
994 117
994 293
994 384
994 402
994 445
994 510
994 544
994 656
994 786
994 889
60 514
376 778
737 927
737 901
737 297
737 562
737 653
737 842
191 78
196 739
219 208
230 598
269 771
269 367
315 927
315 246
355 463
355 500
355 762
375 554
375 330
410 716
410 358
568 405
568 589
651 571
651 369
651 420
651 545
651 656
677 98
677 312
739 648
739 257
739 87
739 441
777 146
777 762
902 648
902 346
902 632
902 673
353 162
786 901
786 301
786 564
39 444
146 861
541 282
541 524
689 862
689 223
689 665
689 874
824 861
824 152
824 374
824 507
70 147
108 310
150 532
150 771
171 40
238 242
240 208
305 354
318 121
318 624
391 176
485 235
485 509
486 159
553 436
842 889
842 550
927 19
927 61
927 360
927 371
927 577
927 788
927 915
45 257
45 506
113 369
265 466
265 640
342 578
469 723
623 875
623 313
623 601
692 717
692 101
748 563
771 148
771 164
771 203
771 334
771 775
159 166
74 532
132 77
183 253
330 529
416 274
416 788
449 554
449 188
449 389
480 901
480 411
640 506
762 794
847 585
847 92
847 228
847 509
847 667
889 62
889 396
889 563
889 662
889 724
141 231
198 260
324 435
875 451
875 334
875 788
18 206
18 470
18 479
470 274
479 41
479 589
479 592
274 761
589 536
589 488
589 823
592 546
592 44
592 235
155 138
364 257
364 795
383 655
383 210
383 389
383 874
466 301
466 685
61 451
61 862
360 210
371 667
577 259
577 294
788 418
788 704
788 339
915 165
915 673
915 231
915 477
915 674
84 134
84 350
160 448
195 503
288 524
450 263
178 414
178 204
251 293
251 344
251 716
435 525
435 415
714 121
714 436
714 566
21 287
21 617
287 32
617 101
617 608
728 629
728 874
750 611
750 62
750 668
750 704
32 167
101 458
608 359
608 572
608 624
349 418
484 358
492 664
492 182
501 667
510 105
510 564
510 593
723 242
723 615
862 761
862 176
862 707
874 488
874 598
325 185
316 223
409 78
409 653
594 546
594 75
594 102
23 49
49 520
49 530
520 420
520 441
530 157
530 861
712 123
712 580
712 629
810 56
810 569
810 685
832 38
832 213
832 281
832 296
832 378
832 452
832 665
43 488
43 603
377 724
661 395
672 130
611 221
611 599
611 629
599 212
599 310
599 663
629 134
147 255
226 200
226 630
663 704
663 417
663 707
794 327
25 585
85 616
442 578
442 823
131 576
152 554
279 431
448 564
615 344
652 117
652 309
861 616
861 124
861 249
861 390
901 162
901 93
901 110
901 194
901 259
901 455
901 495
901 685
473 444
473 168
473 229
632 166
646 161
646 503
646 823
297 717
529 494
580 234
580 254
724 87
724 778
760 462
760 311
224 163
312 252
607 313
664 775
717 92
28 761
761 157
761 490
761 655
249 655
408 807
490 462
655 57
500 616
628 704
628 624
601 584
601 593
301 452
386 129
669 685
354 234
406 228
406 352
30 671
704 133
308 362
362 716
362 653
352 612
369 612
414 51
414 339
281 630
518 143
518 431
100 179
255 566
444 702
616 401
656 775
702 653
254 624
309 458
390 277
390 454
462 153
576 34
576 35
598 59
351 405
351 431
34 648
35 626
463 566
673 139
227 38
402 420
445 98
544 525
544 668
38 200
213 381
378 578
452 203
165 600
401 250
583 584
603 120
603 128
603 133
546 550
546 662
550 129
550 439
128 418
133 289
420 153
795 374
311 563
612 277
332 51
491 584
491 668
807 823
823 294
48 289
289 572
572 64
572 411
298 600
298 624
331 300
300 68
300 267
334 393
334 600
778 458
778 102
76 173
495 248
56 248
173 233
57 494
99 393
668 182
123 393
267 244
64 122
122 532
411 244
455 593
162 92
68 282
282 233
775 320
565 600
593 145
78 525
525 405
436 358
600 477
477 393
205 244
