0	1	2
2	3	3
0	4	7
3	5	6
4	5	1
2	6	6
6	7	1
7	8	7
0	9	7
4	9	8
8	9	3
5	10	7
3	11	2
5	11	5
10	11	2
2	13	6
12	13	1
2	14	2
12	14	5
2	15	7
13	15	7
14	15	2
0	16	7
4	16	7
9	16	7
12	17	1
16	17	1
12	18	4
18	19	2
17	20	6
7	21	7
8	21	7
20	21	1
7	22	7
8	22	8
9	22	4
21	22	7
0	23	8
4	23	7
9	23	8
16	23	7
22	23	3
11	24	5
1	25	8
24	25	1
3	26	1
12	26	6
14	26	5
1	27	1
17	27	5
26	27	1
4	28	2
11	28	5
24	28	5
19	29	7
19	30	8
29	30	8
18	31	6
6	32	6
13	32	6
15	32	6
21	32	1
31	32	1
0	33	2
1	33	9
19	33	1
25	33	8
12	34	3
18	34	8
26	34	4
31	34	6
0	35	1
19	35	8
29	35	7
30	35	8
34	35	2
12	36	3
18	36	3
19	36	2
20	36	1
1	37	8
25	37	8
33	37	8
36	37	1
12	38	6
14	38	7
16	38	1
18	38	4
26	38	5
28	38	1
6	39	6
13	39	6
15	39	7
32	39	7
38	39	2
3	40	6
7	40	1
0	41	7
4	41	7
8	41	2
9	41	8
16	41	8
23	41	7
40	41	1
18	42	2
26	42	3
29	42	1
34	42	3
12	43	6
14	43	5
26	43	7
31	43	4
36	43	2
38	43	5
42	43	2
19	44	3
30	44	3
35	44	3
1	45	8
13	45	1
25	45	8
33	45	8
37	45	8
44	45	1
21	46	2
2	47	6
6	47	7
15	47	6
22	47	1
32	47	6
39	47	6
46	47	1
44	48	6
32	49	1
46	49	8
48	49	2
11	50	5
24	50	5
28	50	6
30	50	1
8	51	7
21	51	7
22	51	7
40	51	1
50	51	3
3	52	7
5	52	5
40	52	6
25	53	1
46	53	8
48	53	3
49	53	9
52	53	1
14	54	4
18	54	7
31	54	7
34	54	6
38	54	5
39	54	2
6	55	1
19	55	7
29	55	7
30	55	7
31	55	3
35	55	7
54	55	2
27	56	7
1	57	1
42	57	1
44	57	6
48	57	6
56	57	1
3	58	1
6	58	1
17	58	1
36	58	2
36	59	2
58	59	4
2	60	7
6	60	6
10	60	1
13	60	6
15	60	6
39	60	6
47	60	6
59	60	1
18	61	6
26	61	3
31	61	7
34	61	7
43	61	3
47	61	1
54	61	6
17	62	5
20	62	5
27	62	6
45	62	2
56	62	6
61	62	1
27	63	2
42	63	1
58	63	3
59	63	3
2	64	7
6	64	7
9	64	1
13	64	6
32	64	6
47	64	6
60	64	6
63	64	1
0	65	1
17	65	6
20	65	6
27	65	6
56	65	5
63	65	2
24	66	1
44	66	6
48	66	6
59	66	2
65	66	1
16	67	3
41	67	3
46	67	8
49	67	8
53	67	8
7	68	7
8	68	7
15	68	1
21	68	7
22	68	7
50	68	3
51	68	8
67	68	1
4	69	2
11	69	5
24	69	5
28	69	6
50	69	5
20	70	5
27	70	6
43	70	1
56	70	6
62	70	6
65	70	5
69	70	2
14	71	4
18	71	7
31	71	6
34	71	6
38	71	4
54	71	8
60	71	1
61	71	6
2	72	3
3	72	7
10	72	5
40	72	7
52	72	5
71	72	1
7	73	2
46	73	8
49	73	8
53	73	8
67	73	8
2	74	3
3	74	8
5	74	5
10	74	5
40	74	5
52	74	7
72	74	7
73	74	1
20	75	2
44	75	6
48	75	6
57	75	6
66	75	7
20	76	6
27	76	6
56	76	6
59	76	3
62	76	6
66	76	3
70	76	7
75	76	3
7	77	9
8	77	7
21	77	7
22	77	7
51	77	7
73	77	2
7	78	7
8	78	7
22	78	8
23	78	3
28	78	2
50	78	4
51	78	8
68	78	8
77	78	7
19	79	7
29	79	8
30	79	8
31	79	3
35	79	7
43	79	2
55	79	8
29	80	5
37	80	2
79	80	3
3	81	5
5	81	6
10	81	6
16	81	1
40	81	5
72	81	5
7	82	2
29	82	4
30	82	3
39	82	2
74	82	1
77	82	2
80	82	4
81	82	1
46	83	8
49	83	9
53	83	8
67	83	8
69	83	2
73	83	8
81	83	2
3	84	5
5	84	8
10	84	6
24	84	1
49	84	2
52	84	5
74	84	5
81	84	7
83	84	3
6	85	1
12	85	5
14	85	6
26	85	5
31	85	3
38	85	5
43	85	6
80	85	1
44	86	6
48	86	8
53	86	2
57	86	6
66	86	6
75	86	6
80	86	2
17	87	7
20	87	6
24	87	1
56	87	5
62	87	5
65	87	6
86	87	1
46	88	8
49	88	8
53	88	8
58	88	2
67	88	8
69	88	2
73	88	8
83	88	9
1	89	8
25	89	8
33	89	8
37	89	8
45	89	8
55	89	1
88	89	1
0	90	2
5	90	2
8	90	1
11	90	6
23	90	2
24	90	5
28	90	5
50	90	5
69	90	5
29	91	2
44	91	6
48	91	6
57	91	6
66	91	6
69	91	1
80	91	4
86	91	7
15	92	2
35	92	1
48	92	6
57	92	6
61	92	1
66	92	6
75	92	6
86	92	6
91	92	6
0	93	7
4	93	7
9	93	7
16	93	7
23	93	7
41	93	7
80	93	3
82	93	2
91	93	2
19	94	7
29	94	9
30	94	8
34	94	2
35	94	8
55	94	7
79	94	8
80	94	4
82	94	4
17	95	5
27	95	6
37	95	1
56	95	6
62	95	7
69	95	2
70	95	7
76	95	6
87	95	5
17	96	6
20	96	6
27	96	5
48	96	1
56	96	5
65	96	7
76	96	5
87	96	6
5	97	3
11	97	2
58	97	3
59	97	3
63	97	4
86	97	1
5	98	7
10	98	6
40	98	5
48	98	1
52	98	5
77	98	1
81	98	6
84	98	6
97	98	2
14	99	4
18	99	6
31	99	7
34	99	6
54	99	7
61	99	6
71	99	7
85	99	3
89	99	1
2	100	6
6	100	6
13	100	6
15	100	6
32	100	7
39	100	7
47	100	7
64	100	6
82	100	2
99	100	1
1	101	1
19	101	7
29	101	7
30	101	7
35	101	7
51	101	1
55	101	7
58	101	1
79	101	7
94	101	7
3	102	5
10	102	5
40	102	7
52	102	6
72	102	7
74	102	6
98	102	5
100	102	1
1	103	8
25	103	8
33	103	8
37	103	8
45	103	8
70	103	1
89	103	8
102	103	1
0	104	7
4	104	7
9	104	7
11	104	1
16	104	8
23	104	7
41	104	8
67	104	4
72	104	1
87	104	1
93	104	7
1	105	8
25	105	8
33	105	8
37	105	9
45	105	9
62	105	2
80	105	2
89	105	8
103	105	8
2	106	6
6	106	6
13	106	7
15	106	7
25	106	1
32	106	6
39	106	6
56	106	1
60	106	7
64	106	6
92	106	2
5	107	5
10	107	7
40	107	5
72	107	5
75	107	1
81	107	7
84	107	5
88	107	1
98	107	7
102	107	5
4	108	2
7	108	7
9	108	3
21	108	7
22	108	8
51	108	7
68	108	7
77	108	7
78	108	7
1	109	8
25	109	8
30	109	2
33	109	8
37	109	8
45	109	8
63	109	1
79	109	2
89	109	8
103	109	8
105	109	8
13	110	1
24	110	1
46	110	8
49	110	8
53	110	8
67	110	8
73	110	8
80	110	1
83	110	8
88	110	8
7	111	7
8	111	7
21	111	8
23	111	2
46	111	2
51	111	7
64	111	1
68	111	7
77	111	7
78	111	8
108	111	7
44	112	5
52	112	1
57	112	5
63	112	2
66	112	5
75	112	5
91	112	5
92	112	5
96	112	1
97	112	2
17	113	6
20	113	7
28	113	1
59	113	2
65	113	6
70	113	5
76	113	6
87	113	6
95	113	5
96	113	6
15	114	1
46	114	8
49	114	8
53	114	8
58	114	2
67	114	9
73	114	8
83	114	8
88	114	9
104	114	2
110	114	8
